104 308234.69 113.8464849622 34.0878657745 3777130.9317 762745.4928709002 57.3718763962 -0.1480536279 0.7438053292 357.2545597837 -0.3577913472 8.4700756261 0.0616835836
105 308234.81 113.8464844655 34.0878749426 3777131.9478730015 762745.4186576002 57.3731897017 -0.3813660245 0.7649155942 356.9292380967 -0.4062255049 8.4987962269 -0.0333841411
106 308234.84 113.8464843311 34.0878772395 3777132.202428 762745.3991396 57.3712799689 -0.4123928785 0.7907503743 356.8484467196 -0.4181520859 8.5065874527 -0.064444991
107 308234.96 113.8464837558 34.0878864431 3777133.222337 762745.3175569 57.3595931306 -0.3509360142 0.7644523942 356.5598674792 -0.4632091839 8.5246869219 -0.0742686857
108 308235.08 113.8464831079 34.0878956799 3777134.245737 762745.229175 57.3498953916 -0.3138518783 0.7136170213 356.281101262 -0.5178431046 8.5555935507 -0.0506952183
109 308235.2 113.846482407 34.0879049543 3777135.2731800014 762745.1357749002 57.3409466995 -0.2917472001 0.7720390743 355.9869099622 -0.5493151716 8.5818181715 -0.0616529415
110 308235.32 113.8464816523 34.0879142524 3777136.30312 762745.0373287 57.3331863238 -0.123258564 0.7267117261 355.6922449291 -0.6072159142 8.6055231928 -0.0745683759
111 308235.44 113.8464808242 34.0879235751 3777137.335589 762744.932037 57.3251909697 0.1477899731 0.7070634624 355.4145464883 -0.6530107296 8.6253684232 -0.0496568619
112 308235.56 113.8464799461 34.0879329213 3777138.370549 762744.8220576 57.319107228 0.2138107949 0.7139950385 355.131658884 -0.6873639376 8.641462797 0.0071762
113 308235.58 113.8464797953 34.0879344812 3777138.543276 762744.8033048002 57.3192901676 0.2104863506 0.688971308 355.0885106135 -0.6942893379 8.6531992291 0.0316250713
114 308235.7 113.8464788437 34.0879438437 3777139.579844998 762744.6864902 57.3259717794 -0.1095919403 0.65839417 354.8922334376 -0.7517308076 8.658486089 0.0717052252
115 308235.82 113.8464778542 34.0879532316 3777140.619147 762744.5660916 57.3241745122 -0.0784219591 0.5805416409 354.7001270675 -0.7625165435 8.6889445841 -0.0443456377
116 308235.94 113.8464768193 34.0879626446 3777141.661107 762744.4414283001 57.3148957342 0.1669211124 0.4790822767 354.5061725267 -0.8202187948 8.7065004262 -0.0566604868
117 308236.06 113.8464757552 34.0879720735 3777142.704761 762744.3140127 57.3128802842 0.1060831818 0.629092487 354.3172424514 -0.8060421101 8.7227092403 0.0456973552
118 308236.18 113.8464746511 34.0879815114 3777143.74931 762744.1828784002 57.318994442 -0.1744478992 0.6256620305 354.1193503312 -0.8789616327 8.733428438 0.0212490639
119 308236.3 113.8464734859 34.0879909712 3777144.796132 762744.0460382 57.3142666742 0.0285683588 0.579409735 353.9238025433 -0.8899344133 8.7597142809 -0.0745288007
120 308236.42 113.8464722892 34.0880004525 3777145.845264 762743.9062162 57.3045950038 0.3483394584 0.5706501412 353.7017705027 -0.9347390383 8.7674023465 -0.0310677352
121 308236.54 113.846471045 34.0880099447 3777146.895477 762743.7619862 57.3060386283 0.2631502592 0.5701890173 353.5298082972 -0.9593862322 8.7841013118 0.0751455301
122 308236.66 113.8464697555 34.0880194521 3777147.947257 762743.613518 57.3138194513 -0.0808346248 0.5342374218 353.3554008728 -0.9973627044 8.8068566277 0.0422042112
123 308236.78 113.8464684411 34.0880289878 3777149.002121 762743.4626597 57.3128823526 -0.2947726161 0.6145280829 353.207608148 -1.0058844328 8.8371310724 -0.0291651527
124 308236.9 113.8464671008 34.0880385523 3777150.060119 762743.309328 57.3063952569 -0.3427196374 0.68076951 353.0659946123 -1.0430258892 8.8618009544 -0.0503439024
125 308237.02 113.8464657277 34.0880481397 3777151.120564 762743.1528906 57.2949887766 -0.0077262613 0.7578165306 352.9308602778 -1.0586293424 8.8727714524 -0.0907330131
126 308237.14 113.8464643192 34.0880577682 3777152.185478 762742.9930635998 57.2837886075 0.4072351903 0.7548706938 352.7962585954 -1.0979439238 8.9073724765 -0.0326685996
127 308237.26 113.8464628703 34.088067414 3777153.252223 762742.8294496 57.2873616507 0.234522482 0.7758828922 352.6742237127 -1.1159937614 8.9163720201 0.1125686301
128 308237.33 113.8464620127 34.0880730513 3777153.875623 762742.7328311 57.2943291515 -0.0678256335 0.7605919682 352.5884437072 -1.1300160049 8.9333025884 0.1047939945
129 308237.45 113.8464605128 34.0880827382 3777154.946783 762742.5643851998 57.296032805 -0.2259150736 0.7775513046 352.4468079492 -1.1612242489 8.9626031212 -0.0558192955
130 308237.57 113.8464589824 34.0880924567 3777156.02138 762742.3930175998 57.282141827 0.2036279109 0.7313521125 352.2983071219 -1.1840692019 8.9910079042 -0.1148391069
131 308237.68 113.8464575416 34.0881013861 3777157.008629 762742.2323723 57.2731731888 0.491067756 0.6896493288 352.1693669457 -1.2175515023 9.0031105673 0.0112611805
132 308237.79 113.8464560745 34.0881103244 3777157.996804 762742.0692706 57.2819485534 0.180461328 0.6712814804 352.0327241811 -1.2319794838 9.017264579 0.1335941925
133 308237.9 113.8464545788 34.088119281 3777158.986935 762741.9034674 57.2920249226 -0.1907795132 0.6524531565 351.8813230506 -1.2653799751 9.0374431489 0.048361056
134 308238.01 113.8464530491 34.088128266 3777159.980129 762741.7344336 57.2868266981 -0.0858645362 0.6668688071 351.7294702649 -1.2853931371 9.0706848427 -0.089491189
135 308238.12 113.8464514899 34.0881372774 3777160.976171 762741.5626007 57.273792618 0.2533996195 0.6569482454 351.5641669915 -1.318436441 9.0894083142 -0.0861575335
136 308238.23 113.8464498908 34.0881463035 3777161.97375 762741.3870319 57.2707554549 0.2842371938 0.6980661808 351.4139769239 -1.3540492803 9.1026659791 0.0395646978
137 308238.34 113.8464482632 34.0881553425 3777162.97268 762741.2087995998 57.2779686581 0.1039254837 0.6780976896 351.2507279719 -1.3754095957 9.1196225161 0.0691247878
138 308238.45 113.8464465926 34.0881644029 3777163.973875 762741.0265281 57.2788151642 0.0399159069 0.6577492881 351.1006934499 -1.4133118957 9.1429021093 -0.00751008
139 308238.56 113.8464448911 34.088173485 3777164.977407 762740.8413339001 57.2750384547 -0.0517177771 0.6393621264 350.9537174162 -1.4319764622 9.1631539268 -0.0148198499
140 308238.67 113.846443159 34.0881825859 3777165.982937 762740.6532625 57.2739041923 -0.2141457789 0.6651995739 350.8137261032 -1.4585979833 9.1883812339 -0.0110638524
141 308238.78 113.8464413965 34.088191711 3777166.991081 762740.4623039 57.2680066507 -0.0800983704 0.6793424924 350.676108445 -1.4800994111 9.2100122591 -0.07484387
142 308238.89 113.8464395993 34.0882008592 3777168.001697 762740.2680672 57.2573589338 0.1915359989 0.6909522512 350.5349764141 -1.5176900385 9.2256919605 -0.0739847578
143 308239.0 113.846437777 34.0882100192 3777169.013564 762740.0714816998 57.2547180913 0.1134591191 0.7760960493 350.3894467167 -1.525844271 9.2375596412 0.0480978086
144 308239.11 113.8464359376 34.0882191874 3777170.026283999 762739.8732918 57.2604584098 -0.1278154194 0.7859290943 350.230163507 -1.5599256734 9.2465125114 0.0289883518
145 308239.12 113.8464357682 34.0882200211 3777170.11837 762739.8550721 57.2608189257 -0.1380160114 0.7898320406 350.2171603825 -1.5651836313 9.2460696025 0.0352476957
146 308239.23 113.8464338818 34.0882292055 3777171.13278 762739.652491 57.2550168848 0.0845709762 0.8288270653 350.079042546 -1.5911681881 9.2739659565 -0.1056211476
147 308239.34 113.8464319673 34.0882384042 3777172.148696 762739.4472667 57.2443611464 0.5307164763 0.7991046581 349.9229164034 -1.6243337755 9.2772556427 -0.0490006774
148 308239.45 113.8464300138 34.0882476027 3777173.164497 762739.2384451 57.2488942202 0.409472685 0.8188249296 349.7746297264 -1.648665887 9.2761942069 0.1162145437
149 308239.56 113.8464280394 34.0882568068 3777174.180862 762739.0276834002 57.2619747259 -0.0566893149 0.8373893856 349.5761220601 -1.6720595842 9.2862004939 0.1037653373
150 308239.67 113.8464260245 34.0882660228 3777175.198433 762738.8131321998 57.2641668534 -0.1995940552 0.8856317137 349.3857881234 -1.7067946173 9.3051230542 -0.0324233296
151 308239.78 113.8464239663 34.0882752524 3777176.217421 762738.5945523 57.254502736 0.0757297069 0.8433308412 349.2031582327 -1.7526210817 9.3151706122 -0.1086792469
152 308239.89 113.8464218617 34.0882844886 3777177.237004 762738.3716686999 57.2461955622 0.2476819112 0.858144909 349.0329911949 -1.7778847297 9.3119931585 -0.0002184544
153 308240.0 113.846419731 34.0882937259 3777178.256655 762738.1463579 57.2523186021 -0.0110458444 0.8087537306 348.850961199 -1.8043645804 9.3142230927 0.1125145283
154 308240.11 113.8464175516 34.0883029741 3777179.277382 762737.9165276 57.2564542927 -0.1844845685 0.8051957104 348.6882640112 -1.8431342255 9.3311669377 -0.0257614158
155 308240.22 113.8464153437 34.0883122387 3777180.299867 762737.6840149 57.2481806381 0.0690150693 0.7785541237 348.5096943391 -1.8656317853 9.3442335303 -0.0941739287
156 308240.33 113.84641309 34.0883215084 3777181.32279 762737.4472569 57.2412040029 0.2612084199 0.7670650832 348.3479969405 -1.9058897602 9.3432611582 -0.0076586536
157 308240.44 113.8464108008 34.0883307786 3777182.3456769986 762737.2072233001 57.2441963898 0.1569485366 0.727346697 348.1780989143 -1.9305075844 9.3458927358 0.0545292059
158 308240.55 113.8464084791 34.0883400547 3777183.369142 762736.9641629001 57.2498806864 -0.0995378484 0.6849507889 347.9989925041 -1.9674234829 9.3505235595 0.0321692418
159 308240.66 113.8464061164 34.088349338 3777184.393298001 762736.7172986 57.2498588636 -0.2743959415 0.6697561159 347.8252415953 -1.9925440178 9.3601497645 -0.0191308939
160 308240.75 113.8464041595 34.0883569408 3777185.23199 762736.5130977 57.2457944071 -0.3143567511 0.6701340083 347.680268798 -2.0171669368 9.3678013407 -0.0597190002
161 308240.86 113.8464017311 34.0883662418 3777186.2579480014 762736.2601104998 57.2359314365 -0.1245235569 0.6296484102 347.5306866546 -2.0548984436 9.3762051701 -0.0824914922
162 308240.97 113.8463992663 34.0883755516 3777187.284776 762736.003743 57.2275854945 -0.0026189976 0.5554731832 347.3932812561 -2.0813409963 9.3863012626 -0.0537057026
163 308241.08 113.8463967704 34.0883848676 3777188.312214 762735.7444783002 57.2255072091 -0.0861799951 0.5575498624 347.2673904528 -2.101204141 9.3950785079 0.0247966793
164 308241.19 113.8463942532 34.0883941956 3777189.340932 762735.4832048 57.2259577 -0.3523218348 0.588887856 347.123915396 -2.1179374029 9.4099959863 -0.0092295026
165 308241.3 113.8463916999 34.0884035354 3777190.3708690014 762735.2185701998 57.218841143 -0.2957384791 0.6161671406 346.9924337652 -2.158919267 9.4212044862 -0.0935299055
166 308241.41 113.8463891175 34.0884128869 3777191.402031 762734.9512105 57.2058800589 0.1015605609 0.5579570915 346.855012413 -2.1786709958 9.4238695147 -0.1076946549
167 308241.52 113.8463864945 34.0884222396 3777192.433218 762734.6800915 57.1984885279 0.3903401756 0.5200708449 346.7364013665 -2.2102359066 9.421122196 -0.0039914174
168 308241.63 113.8463838522 34.088431592 3777193.46431 762734.4072005 57.20429812 0.1361104386 0.5326849958 346.5967081038 -2.2158755559 9.4252089747 0.1049924673
169 308241.74 113.8463811845 34.0884409495 3777194.495919 762734.1319438 57.2117220862 -0.3379572895 0.6464651073 346.4525951449 -2.246562286 9.4347086346 0.0310974327
170 308241.85 113.8463784935 34.0884503172 3777195.528602 762733.8545046998 57.2077036658 -0.4211920482 0.7669731754 346.2966824169 -2.2640774307 9.4499116028 -0.0897014126
171 308241.9 113.8463772602 34.08845458 3777195.998499 762733.7274455 57.2012579674 -0.2411126464 0.787176569 346.2293096953 -2.280853119 9.4554454044 -0.1492719679
172 308242.01 113.846374514 34.088463963 3777197.032734 762733.4448645002 57.1836979203 0.3778972379 0.7972532725 346.0962999283 -2.3171985367 9.464239757 -0.1291485233
173 308242.12 113.8463717371 34.0884733438 3777198.066636 762733.1594531002 57.1815995788 0.5716429698 0.7251448581 345.9543255602 -2.3439215703 9.4511567085 0.1014877953
174 308242.23 113.8463689262 34.0884827161 3777199.099517 762732.8709283002 57.1969369194 0.1326473997 0.705472499 345.8135988154 -2.3745161834 9.4538673746 0.142845569
175 308242.34 113.8463660904 34.0884920919 3777200.132717 762732.5800956 57.2046756931 -0.1298772145 0.6302753919 345.6613694554 -2.3937341953 9.4548469975 0.0049391326
176 308242.45 113.8463632188 34.0885014671 3777201.1657589986 762732.2859609 57.1986282766 -0.0004358361 0.5568095256 345.5234419082 -2.4268770316 9.4467729526 -0.0913710188
177 308242.56 113.8463603267 34.0885108334 3777202.197759 762731.9899609 57.1903874623 0.1829598603 0.5403662292 345.3755934089 -2.4343325185 9.4326582815 -0.0366408152
178 308242.67 113.8463574075 34.0885201809 3777203.227614 762731.6915171 57.193091196 0.2002866229 0.5297345979 345.2357091989 -2.4673576009 9.4145348316 0.0614931986
179 308242.78 113.8463544616 34.0885295176 3777204.256197 762731.3906382 57.1975345705 0.0346106021 0.5207234071 345.0817331428 -2.4816037684 9.4052480598 0.0389268885
180 308242.89 113.8463514937 34.088538841 3777205.283236 762731.087766 57.1999345664 -0.2377795813 0.5769340201 344.9228069458 -2.5012784644 9.3885199439 0.0278914564
181 308242.95 113.8463498648 34.0885439211 3777205.842824 762730.9216579002 57.1994480807 -0.3145244062 0.565147845 344.839443664 -2.513477574 9.3829382514 -0.0156011065
182 308243.06 113.8463468492 34.08855323 3777206.868135 762730.6144332 57.1915465398 -0.1383290438 0.6067512235 344.70677591 -2.5425500594 9.3807895407 -0.1220121863
183 308243.17 113.8463438075 34.0885625379 3777207.893281 762730.3047924 57.1800762583 0.217455754 0.6325677098 344.5585323766 -2.5571713084 9.3608133128 -0.062199985
184 308243.28 113.8463407458 34.0885718244 3777208.915986 762729.9933806 57.1823508562 0.1520876406 0.6469388594 344.4023606778 -2.5798827951 9.3458699601 0.0908106144
185 308243.39 113.8463376491 34.088581088 3777209.936062 762729.6788016 57.1891350681 -0.0876512619 0.6788786176 344.2557960063 -2.6082891008 9.3260199277 0.0397172687
186 308243.5 113.8463345287 34.0885903409 3777210.954901 762729.3620746 57.1873022476 -0.051983857 0.6392082448 344.0964586501 -2.6304837624 9.3128145039 -0.04385313
187 308243.61 113.846331375 34.0885995762 3777211.971689 762729.0423282 57.1827106606 0.1464836387 0.6096918086 343.9589389241 -2.6574891569 9.2926941956 -0.0202852084
188 308243.72 113.8463281954 34.0886087977 3777212.986888 762728.7202265002 57.1798994904 0.2120654023 0.5540576103 343.805991298 -2.6761165028 9.2793933764 8.2172e-05
189 308243.83 113.8463249884 34.0886180036 3777214.000282 762728.3956466998 57.1824298939 0.0456556573 0.5599801504 343.657030815 -2.6980703662 9.2633324759 0.0474352697
190 308243.94 113.8463217584 34.0886271994 3777215.012487 762728.0689744998 57.1865814971 -0.2039862172 0.4942903125 343.495514711 -2.7254694823 9.2549427449 0.0110200073
191 308243.97 113.8463208702 34.0886297066 3777215.288449 762727.9792077 57.1865283046 -0.2327426817 0.4792884178 343.4576343006 -2.7341521568 9.2579902949 -0.0101589131
192 308244.08 113.8463175922 34.0886388962 3777216.299844 762727.6481215998 57.1802808894 -0.2910270748 0.4785322667 343.3085233434 -2.7536552038 9.2627028684 -0.0778440258
193 308244.19 113.8463142945 34.0886480801 3777217.310569002 762727.3152379 57.1725017345 -0.3296613566 0.4898233199 343.1498981688 -2.7791921058 9.2517923055 -0.0460195998
194 308244.3 113.8463109648 34.0886572573 3777218.320459 762726.979408 57.1654126858 -0.1441000604 0.489407664 343.0139642097 -2.8061136833 9.2481063076 -0.0823071261
195 308244.41 113.846307605 34.0886664319 3777219.329979 762726.6408229 57.155070995 0.2691683028 0.4579246833 342.8839315195 -2.8287455241 9.2403069508 -0.0754549119
196 308244.52 113.8463042207 34.0886756007 3777220.338797 762726.2999818 57.1535238204 0.324848959 0.4810866674 342.7801959719 -2.8455356144 9.2333956326 0.0536534021
197 308244.63 113.8463008176 34.0886847614 3777221.346671 762725.9574361 57.1628884189 0.0141090709 0.4395270939 342.6785058138 -2.8677757329 9.2277794083 0.0771216397
198 308244.74 113.8462973896 34.0886939278 3777222.355115 762725.6125684 57.1645650798 -0.1593651439 0.4621110469 342.5776429563 -2.8816260527 9.2396944041 -0.0469403779
199 308244.85 113.8462939458 34.088703103 3777223.364487 762725.2662226999 57.1569041535 -0.0843820128 0.5099975786 342.4727442392 -2.8947742454 9.247455335 -0.0768338145
200 308244.96 113.8462904751 34.0887122767 3777224.3736269986 762724.9173953 57.1509502092 0.0782759789 0.4893751227 342.3785442312 -2.9232630511 9.2417520045 -0.030030647
201 308245.07 113.846286983 34.0887214512 3777225.382802 762724.5665838 57.1478043571 0.3109836774 0.4908895064 342.2787905317 -2.9380755529 9.2504965038 -0.0246099599
202 308245.1 113.8462860301 34.0887239524 3777225.6579269986 762724.4708716999 57.1477599237 0.3727515825 0.4723559658 342.2472378832 -2.9367055651 9.2428771352 0.005384291
203 308245.21 113.8462825194 34.0887331226 3777226.6665839986 762724.1183581 57.1512685195 0.3276615424 0.4947145265 342.1465203865 -2.9602138075 9.2429105053 0.0525692671
204 308245.32 113.8462789906 34.0887422916 3777227.675043 762723.7641801998 57.159779218 -0.0480634717 0.5112858828 342.0342508271 -2.9732559114 9.243805556 0.066230205
205 308245.43 113.8462754372 34.0887514653 3777228.683975 762723.4077174 57.1627365602 -0.3005304897 0.5634289274 341.9218671535 -2.9986583628 9.2503290486 -0.0394073879
206 308245.54 113.8462718584 34.0887606485 3777229.693893 762723.0488718002 57.1548246071 -0.1578453307 0.5523398499 341.8041386706 -3.0198714345 9.2593260766 -0.1065996161
207 308245.65 113.8462682455 34.0887698349 3777230.704077 762722.6868813002 57.1450363081 0.1320326741 0.5508729265 341.6851359418 -3.0471517249 9.2624476237 -0.0645546442
208 308245.76 113.8462646083 34.0887790202 3777231.714075 762722.3226386999 57.1445830166 0.1650396093 0.547471327 341.5413117805 -3.0681181475 9.2604848797 0.041514942
209 308245.87 113.846260937 34.0887882046 3777232.723883 762721.9552586 57.1495656352 -0.0958318962 0.5612782572 341.3913020105 -3.0986613201 9.2569961792 0.0367643895
210 308245.98 113.84625724 34.0887973918 3777233.73394 762721.5854922 57.1514552766 -0.3140834261 0.6257586741 341.2312387885 -3.1195274487 9.262247064 -0.022059253
211 308246.09 113.8462535055 34.0888065926 3777234.745415 762721.212225 57.1429919936 -0.1036833528 0.6075776682 341.0767964164 -3.1574230013 9.2757948002 -0.1186313747
212 308246.17 113.8462507644 34.088813291 3777235.481733 762720.9384135 57.1337768249 0.1655589837 0.6077294798 340.9678942371 -3.1737730449 9.2785797422 -0.0930129003
213 308246.28 113.8462469706 34.0888224991 3777236.493861 762720.5596471998 57.1308809323 0.2804610567 0.5856183118 340.809515374 -3.2037113378 9.2680306364 0.0630655388
214 308246.39 113.8462431444 34.0888316992 3777237.505009 762720.177912 57.1399708223 -0.0481189474 0.5969162252 340.644275597 -3.2248486825 9.2616299006 0.0786360642
215 308246.5 113.8462392832 34.0888409 3777238.516154 762719.7929435001 57.1433928665 -0.1371909666 0.5945620272 340.4744643695 -3.2580584765 9.2621397748 -0.0111816029
216 308246.61 113.8462353847 34.0888501028 3777239.5274269986 762719.4045284 57.1366505949 0.1107125224 0.5892318535 340.3038535108 -3.2881850415 9.2681557251 -0.0876705691
217 308246.72 113.8462314469 34.0888593052 3777240.538553 762719.0124821 57.1297506187 0.3674523359 0.5826764137 340.1408323436 -3.3255609481 9.2656597741 -0.0096519066
218 308246.83 113.8462274773 34.0888684997 3777241.5487129986 762718.6175242 57.1348962309 0.1194575801 0.5985496107 339.9657427702 -3.3484690998 9.2585267421 0.0983187598
219 308246.94 113.8462234766 34.0888776933 3777242.558698 762718.2197016998 57.1424151519 -0.2057760615 0.683877113 339.7590415271 -3.3772384937 9.2598766829 0.0254175519
220 308247.05 113.846219436 34.0888868896 3777243.568889 762717.818184 57.1393435048 -0.2382457048 0.7863406405 339.5488479589 -3.4131475865 9.2658998202 -0.0911478432
221 308247.15 113.8462157236 34.088895246 3777244.486708 762717.4495664 57.1291503254 -0.0577079249 0.8142034088 339.3575818252 -3.4477467235 9.2579836752 -0.1138814128
222 308247.26 113.8462115894 34.0889044301 3777245.495292 762717.0394421 57.1233257139 0.0762820273 0.7812972404 339.1603083854 -3.4932695404 9.2509321462 -0.0138744427
223 308247.37 113.8462074066 34.0889136084 3777246.503113 762716.6248521998 57.1244137669 -0.0040916964 0.7621448545 338.9508561838 -3.5291940204 9.2484625779 0.0120998461
224 308247.48 113.846203188 34.0889227865 3777247.510811 762716.2069521 57.1256220583 -0.2252244051 0.7915967899 338.7377770363 -3.5621528686 9.250744469 -0.0005843769
225 308247.59 113.8461989189 34.0889319605 3777248.517937 762715.7844121 57.1225101799 -0.2061582 0.7199804798 338.5554067564 -3.6065351675 9.2436440509 -0.0795057514
226 308247.7 113.8461946033 34.0889411339 3777249.524866998 762715.357567 57.1128666168 0.2189867128 0.713245976 338.3903463945 -3.6358140653 9.2455523138 -0.106629695
227 308247.81 113.8461902614 34.0889503086 3777250.531878 762714.928301 57.1077857697 0.4921325514 0.6827852534 338.2141692328 -3.6610106777 9.2448615096 0.0254544871
228 308247.92 113.8461858876 34.0889594698 3777251.537311 762714.4961239 57.1181009393 0.117960958 0.725740753 338.041865129 -3.6859731345 9.2289132419 0.1272068959
229 308248.03 113.8461814832 34.0889686272 3777252.5422410006 762714.0611391 57.1279808041 -0.2592369102 0.7607986772 337.8676614786 -3.7151231487 9.2294150179 0.0246549865
230 308248.05 113.8461806777 34.0889702927 3777252.724995 762713.9816163002 57.1281925216 -0.2694861803 0.7479567749 337.8380732149 -3.7220249064 9.2360262704 -0.0067716659
231 308248.16 113.8461762157 34.0889794501 3777253.729782 762713.5413061 57.1203911267 -0.086762887 0.6685773977 337.7153127111 -3.7641643614 9.2353058286 -0.1227179402
232 308248.27 113.8461717166 34.088988608 3777254.7345199985 762713.0975774 57.110172268 0.1043728544 0.6197630032 337.6215790591 -3.7825657929 9.2353012915 -0.0459079609
233 308248.38 113.846167205 34.0889977653 3777255.739166 762712.6526963002 57.1136089219 -0.0624589483 0.5960858885 337.5169995565 -3.7937343122 9.2340263538 0.063438035
234 308248.49 113.8461626687 34.0890069268 3777256.744215 762712.2055122 57.1165850162 -0.1473138275 0.6151537785 337.4036693423 -3.8157825709 9.240237779 -0.0231909627
235 308248.59 113.8461585276 34.0890152612 3777257.65848 762711.7973833 57.1122322762 -0.0749746415 0.6372980716 337.3010546392 -3.8303917749 9.2415515357 -0.067096201
236 308248.69 113.8461543631 34.0890235944 3777258.572562 762711.3870931999 57.1081910217 0.045577921 0.6348335602 337.2100907589 -3.851351856 9.2400612012 -0.0187989239
237 308248.79 113.8461501733 34.089031926 3777259.4864 762710.9744756 57.1064466238 0.1434662699 0.6095393169 337.12707242 -3.8742802527 9.2429612452 -0.015594765
238 308248.89 113.8461459688 34.0890402565 3777260.400079 762710.5605051 57.1072881119 0.1334703751 0.5768456274 337.039533563 -3.8902942876 9.2400669107 0.0167029222
239 308248.99 113.8461417435 34.0890485845 3777261.313422 762710.1446201 57.1110360883 -0.0089631392 0.5634998866 336.9653733583 -3.9088830184 9.2346152334 0.0343880986
240 308249.09 113.8461375017 34.0890569127 3777262.226745 762709.7272053 57.1130172796 -0.1526032568 0.5524043961 336.891193256 -3.9200839257 9.2402152578 -0.000893375
241 308249.14 113.846135375 34.0890610773 3777262.68345 762709.5179635 57.1128239436 -0.1756990334 0.5577873739 336.8528128174 -3.9261411909 9.2471449095 0.0032739334
242 308249.24 113.8461311089 34.0890694089 3777263.597097 762709.0983066 57.1100933254 -0.1070033014 0.555928476 336.7750164451 -3.9436760756 9.2512134354 -0.0459697175
243 308249.34 113.8461268237 34.0890777453 3777264.51122 762708.6768651998 57.1047193827 0.0606958674 0.5303658193 336.6956677988 -3.9690921408 9.2550523724 -0.0626444939
244 308249.44 113.8461225182 34.0890860818 3777265.425299 762708.2535448001 57.1014808919 0.1138285005 0.5905074614 336.6179497246 -3.9724434246 9.2538654484 -0.0122383308
245 308249.54 113.8461182041 34.0890944192 3777266.339459 762707.8294319998 57.1038912935 -0.0322640706 0.6316094369 336.5165575946 -3.986757348 9.2541020239 0.0377776043
246 308249.64 113.8461138698 34.0891027534 3777267.253221 762707.4034646 57.1066627772 -0.0643732408 0.6611648186 336.4024596911 -4.0101756634 9.2479319191 -0.0135916043
247 308249.74 113.8461095138 34.0891110834 3777268.166454 762706.9755038 57.102460661 0.2524383056 0.640236066 336.2794671582 -4.0321126828 9.2402038174 -0.0693763342
248 308249.84 113.8461051277 34.0891194021 3777269.078346 762706.5448059 57.0987836914 0.5836712082 0.560969496 336.1708515103 -4.0550108631 9.2261712254 0.0055486483
249 308249.94 113.8461007226 34.0891277036 3777269.988299 762706.1124039 57.1064768899 0.4343699607 0.5332915437 336.0542951058 -4.0679311077 9.2080081554 0.1372466535
250 308250.04 113.8460963048 34.0891359928 3777270.89684 762705.6788635 57.1211113697 -0.0783149275 0.5188012465 335.9134811834 -4.0835561924 9.1927277799 0.1129530499
251 308250.14 113.8460918716 34.0891442779 3777271.804885 762705.2439112 57.1276233736 -0.3810097535 0.5571081968 335.7591538287 -4.1003977566 9.1926075335 -0.0101511033
252 308250.24 113.8460874181 34.0891525608 3777272.712645 762704.8070956 57.1205915967 -0.2346285507 0.5949999486 335.6018497487 -4.1284381542 9.18849521 -0.1237359507
253 308250.26 113.8460865234 34.0891542171 3777272.894157 762704.7193721 57.1180883003 -0.1637697565 0.5689647613 335.5702322211 -4.1338973 9.1875377977 -0.1348640641
254 308250.36 113.8460820252 34.0891624859 3777273.800224 762704.2784707 57.1064633066 0.2213887417 0.5419143308 335.4230757592 -4.1658579107 9.1669748825 -0.0757405983
255 308250.46 113.8460775045 34.0891707378 3777274.704365 762703.8355468998 57.1073527001 0.2116842001 0.498236923 335.2487642366 -4.1859715561 9.1444445143 0.085209643
256 308250.56 113.8460729527 34.08917897 3777275.60624 762703.3898097 57.1178297605 -0.0959264656 0.4587421408 335.0775767032 -4.2169095981 9.1310593145 0.0883267518
257 308250.66 113.8460683741 34.0891871938 3777276.507116 762702.9416325 57.1213252135 -0.1850420185 0.4411316134 334.9000291479 -4.2427357914 9.1264881981 -0.0219187237
258 308250.76 113.8460637682 34.0891954104 3777277.407121 762702.4909468001 57.116094972 -0.0562707628 0.4825579366 334.7190863953 -4.2647347771 9.1113773145 -0.0744063297
259 308250.86 113.846059139 34.0892036163 3777278.305882 762702.0381515998 57.110449424 0.0742522314 0.5391253949 334.5358210229 -4.2885524094 9.0971112531 -0.0358219676
260 308250.96 113.8460544794 34.0892118051 3777279.202662002 762701.5825936998 57.1111492272 0.1034059611 0.6050331679 334.3726808284 -4.3168274329 9.078177565 0.0267233175
261 308251.06 113.8460497903 34.0892199778 3777280.097583 762701.1243699002 57.1142453281 0.0794035707 0.6303149899 334.2165992156 -4.3441347802 9.0580699808 0.0133941254
262 308251.16 113.8460450733 34.0892281352 3777280.990729 762700.6636078 57.1156570986 0.0087788173 0.669907263 334.0576373865 -4.3621559297 9.0474785896 0.0138743102
263 308251.18 113.8460441269 34.0892297653 3777281.169194 762700.5711846 57.1161144823 -0.0511881163 0.6856078042 334.0236563538 -4.3686495198 9.0463530413 0.0255004983
264 308251.28 113.8460393806 34.0892379072 3777282.0605440014 762700.107774 57.116987261 -0.2000882516 0.8013931755 333.8682498131 -4.3891553373 9.034988873 0.007938659
265 308251.38 113.8460346148 34.0892460401 3777282.950858 762699.6425928002 57.1154421633 -0.2184507468 0.8624282494 333.712943541 -4.4078057052 9.0243422569 -0.0262589795
266 308251.48 113.846029814 34.0892541601 3777283.839639 762699.1742148001 57.1094875568 -0.0827892947 0.8221408854 333.5804011382 -4.4451410215 8.9911731221 -0.076713971
267 308251.58 113.846024981 34.0892622659 3777284.726758 762698.7029038002 57.1038745865 0.1492667374 0.7414383041 333.4703548237 -4.4686866107 8.9856772533 -0.0229256551
268 308251.68 113.8460201314 34.0892703557 3777285.612072 762698.2301117 57.1047811443 0.2039929067 0.6952131229 333.3705449047 -4.4787768618 8.9740422161 0.0349254555
269 308251.78 113.8460152752 34.0892784359 3777286.4962949986 762697.7567428 57.1079254448 0.2006490611 0.7786248236 333.2683823098 -4.4821416124 8.9709432313 0.053522859
270 308251.88 113.8460104086 34.0892865049 3777287.379249 762697.2824531 57.1120297322 0.2258693098 0.7697325019 333.1524376375 -4.5000470682 8.9510282125 0.0608501558
271 308251.98 113.8460055236 34.0892945569 3777288.260266002 762696.8065156002 57.1165662631 0.154952938 0.6156552703 333.031818111 -4.5196559606 8.9292366755 0.0854690196
272 308252.08 113.846000614 34.0893025906 3777289.139192 762696.3283513002 57.1219763579 -0.0259044449 0.5901763949 332.9441066791 -4.5375430853 8.898596721 0.0638732147
273 308252.18 113.8459956932 34.0893106169 3777290.017267 762695.8491861 57.1221783971 -0.0957978654 0.5764451814 332.8767761129 -4.5464413197 8.8964153175 -0.0542619721
274 308252.27 113.8459912522 34.0893178334 3777290.806707 762695.4168266 57.1179075763 0.1541282878 0.5117074487 332.8290574246 -4.5539653825 8.902638256 -0.0676426383
275 308252.38 113.8459858156 34.0893266374 3777291.769766001 762694.8876333 57.1148668481 0.4462880915 0.477329146 332.7596481606 -4.5515064573 8.8714012198 0.031732388
276 308252.49 113.845980394 34.0893354299 3777292.731583 762694.3598544 57.1231752671 0.2948563527 0.6205597903 332.6608314704 -4.5370963754 8.8640338348 0.1110764816
277 308252.6 113.8459749735 34.0893442057 3777293.691546 762693.8322367 57.1353621781 -0.0794820674 0.7456420608 332.5616543671 -4.5514864855 8.8405892288 0.0848966323
278 308252.71 113.8459695366 34.0893529662 3777294.649781 762693.3031388002 57.1357822632 -0.143870323 0.8484796664 332.4693593817 -4.5648339728 8.8337033405 -0.0480587344
279 308252.82 113.8459640813 34.0893617101 3777295.606113 762692.7724051998 57.1279787961 0.0801880008 0.8705693309 332.3721709902 -4.5783168345 8.8091900521 -0.0666618856
280 308252.93 113.8459586067 34.0893704337 3777296.560148 762692.2399523002 57.1238768008 0.2710247505 0.8250978874 332.2608939048 -4.6018288705 8.7898439426 0.0241394606
281 308253.04 113.8459531193 34.0893791315 3777297.511284 762691.7063892 57.1311677881 0.099348386 0.8231698646 332.1257434768 -4.6038801983 8.7735683245 0.0743787824
282 308253.15 113.8459476291 34.0893878157 3777298.460906 762691.1726144 57.1368195414 -0.0552421423 0.875029941 331.9889911134 -4.6120675702 8.7594715883 0.0280888351
283 308253.26 113.845942119 34.0893964804 3777299.408323 762690.6370634 57.1351619735 -0.1059073135 0.9574581396 331.8594676565 -4.6322333572 8.7305517534 -0.0345122776
284 308253.37 113.8459365946 34.0894051278 3777300.353766 762690.1002505 57.13161691 -0.0536630528 1.0287628971 331.7275164894 -4.6453119952 8.7046031531 -0.0401092577
285 308253.48 113.8459310553 34.0894137515 3777301.296557 762689.5621298002 57.130641357 0.0379730993 1.0905087211 331.5867203009 -4.6595185493 8.6825539472 0.0038187115
286 308253.59 113.845925497 34.0894223511 3777302.236615 762689.0223278 57.1294039376 0.2672695111 1.1085430994 331.4170683418 -4.6755393208 8.6581344496 -0.0151651671
287 308253.61 113.8459244837 34.0894239114 3777302.407162002 762688.9239415998 57.1289500222 0.3396069266 1.1040156899 331.3867059478 -4.679232572 8.6517790844 -0.0175311766
288 308253.72 113.8459188958 34.0894324727 3777303.342893 762688.381533 57.1310848836 0.458391645 1.0932743841 331.2181379682 -4.6990034602 8.6132725051 0.0654083927
289 308253.83 113.8459132899 34.0894409996 3777304.274768 762687.8375604 57.140298062 0.3143184378 1.0839173582 331.0556114982 -4.7135294961 8.5824270235 0.1198538863
290 308253.94 113.8459076634 34.0894494952 3777305.203105 762687.2917808002 57.1499229744 0.1727774417 1.0437410858 330.9263234963 -4.732652774 8.5537967099 0.0606628477
291 308254.05 113.8459020242 34.0894579677 3777306.128849 762686.7449051 57.1517820982 0.2846694245 1.0080506715 330.8081659414 -4.7347974511 8.5325505035 0.0095789074
292 308254.16 113.8458963827 34.0894664162 3777307.051931 762686.1978957 57.1537554041 0.2925917153 1.0871022086 330.6774976006 -4.7297824951 8.5098716278 0.0541811592
293 308254.27 113.8458907402 34.0894748346 3777307.971657 762685.6508804 57.1621535635 0.1727908131 1.0654014047 330.5238818309 -4.7500371029 8.4711572814 0.0851672907
294 308254.38 113.8458850646 34.0894832192 3777308.887558 762685.1009125 57.1671655979 0.2363414607 1.0535148231 330.3880174209 -4.7714958358 8.446873812 0.0104875696
295 308254.49 113.8458793802 34.08949158 3777309.800792 762684.5502120998 57.1680249944 0.3218631688 1.0107076544 330.2361839219 -4.777940664 8.4189051261 0.037567625
296 308254.6 113.8458736763 34.0894999039 3777310.7098839986 762683.9978179 57.1748825815 0.1327330748 1.0092179305 330.0918047116 -4.7927264682 8.3830553388 0.0936028922
297 308254.69 113.8458690055 34.0895066972 3777311.451759 762683.5455555002 57.1809608592 0.0512460282 0.9929276349 329.957764037 -4.7926421768 8.3700101717 0.0520515262
298 308254.8 113.8458632788 34.0895149757 3777312.355761 762682.9911960999 57.1815378349 0.262702849 0.9926784812 329.7954279535 -4.8190544054 8.3380920264 -0.0205853039
299 308254.91 113.8458575312 34.0895232243 3777313.256374 762682.4350054 57.1798128486 0.5968039308 0.968458097 329.6370723721 -4.8307587738 8.3047844176 0.0187700041
300 308255.02 113.8458517729 34.0895314372 3777314.153003 762681.8779355 57.1876037028 0.5340904873 0.9950820189 329.4570416867 -4.8398302008 8.2610800324 0.1305468218
301 308255.13 113.8458459983 34.0895396037 3777315.044442 762681.3195056998 57.2041485785 0.0493111711 1.025804396 329.2513515265 -4.8517504361 8.2291452301 0.1336943519
302 308255.24 113.8458402041 34.0895477415 3777315.932646 762680.7593510002 57.2130522551 -0.2587409706 1.096485707 329.0210771658 -4.8733470932 8.201807081 0.0232132607
303 308255.35 113.8458343735 34.0895558504 3777316.817551 762680.1959317 57.2088724533 -0.0893239893 1.10766087 328.8129770735 -4.9063973624 8.1722060188 -0.0850902448
304 308255.46 113.8458285122 34.0895639271 3777317.698803 762679.629775 57.1999463579 0.3245130624 1.0571382926 328.6033488715 -4.9320970734 8.1327424001 -0.0483415436
305 308255.57 113.8458226229 34.0895719627 3777318.575413 762679.0611548 57.2028932692 0.3373874657 1.0333163402 328.3995987345 -4.9467338581 8.098764968 0.0959215845
306 308255.58 113.8458220868 34.0895726917 3777318.654943 762679.0094028001 57.2037646566 0.3036572257 1.0378430287 328.3788157842 -4.9471251968 8.0964283487 0.0982170262
307 308255.69 113.8458161821 34.0895806934 3777319.527753 762678.4394735 57.215173604 0.0288862199 1.0377576011 328.1532225236 -4.9652715772 8.0627935511 0.096018855
308 308255.8 113.8458102497 34.0895886629 3777320.396930998 762677.8670752 57.2206885396 -0.0456118797 1.0632736379 327.9414668941 -4.9863350909 8.0342656476 0.0114878195
309 308255.91 113.8458042927 34.0895966034 3777321.262818 762677.2925095 57.2174208285 0.2370771294 1.012566621 327.7333138409 -5.0128012558 7.9947943576 -0.0413559518
310 308256.02 113.8457983036 34.0896045022 3777322.123997 762676.7150936 57.216045294 0.4496921371 0.9248283526 327.5547134337 -5.0303367755 7.9557133315 0.0316337423
311 308256.13 113.8457922984 34.089612373 3777322.982021 762676.1362863001 57.2241844581 0.3266157488 0.8065780077 327.3746315439 -5.0445533912 7.9189744869 0.113940007
312 308256.24 113.8457862751 34.0896202108 3777323.836345 762675.5559132 57.2352563124 0.1466230857 0.735680968 327.1911429488 -5.0572857608 7.8936100296 0.0787261435
313 308256.35 113.8457802405 34.0896280262 3777324.688154 762674.974561 57.2386965342 0.1642540438 0.7617643969 326.9994997472 -5.0668434725 7.8688150404 0.0049626506
314 308256.46 113.8457741872 34.0896358104 3777325.536447 762674.3915790998 57.2387217618 0.2905927661 0.756770261 326.8116915001 -5.0838990737 7.8318884087 0.0169499547
315 308256.57 113.8457681172 34.0896435624 3777326.38113 762673.8071555998 57.2424357496 0.2446820472 0.7733174283 326.6144497102 -5.0901351991 7.8010313218 0.0556721597
316 308256.68 113.8457620305 34.089651282 3777327.222172 762673.2212969 57.2486624522 0.0731546001 0.7948648341 326.4195157498 -5.1134989237 7.7675042034 0.0739746289
317 308256.79 113.845755919 34.0896589645 3777328.059029 762672.6332558 57.2538102604 0.0129493664 0.7443781248 326.2489879093 -5.1323383223 7.7294706761 0.0242672296
318 308256.9 113.8457497873 34.0896666171 3777328.892515 762672.0434409998 57.2522658445 0.2542810468 0.6373739456 326.0882816772 -5.1493545597 7.6949620727 -0.0304617182
319 308257.01 113.8457436418 34.0896742359 3777329.722223 762671.4524580998 57.2513629478 0.4401179115 0.5252078032 325.9683301627 -5.1567173487 7.6631124947 0.0204329577
320 308257.12 113.8457374905 34.0896818211 3777330.548185 762670.8610507 57.2586883977 0.2551288577 0.4771161149 325.9067440743 -5.1490329705 7.6436009906 0.085517923
321 308257.23 113.8457313435 34.089689392 3777331.372559 762670.2700778 57.2685939008 -0.0746984042 0.5026166306 325.8333814728 -5.1478277934 7.6330159392 0.0743559257
322 308257.34 113.8457252019 34.0896969525 3777332.195801 762669.6796335 57.2711175512 -0.216729715 0.5379219205 325.7528099151 -5.1517271202 7.6142921156 -0.0115133928
323 308257.45 113.8457190503 34.089704493 3777333.016802 762669.0883341999 57.2647310961 0.0648660962 0.5367869384 325.6853933729 -5.1563547385 7.5923555736 -0.0594038583
324 308257.56 113.8457128956 34.0897120155 3777333.835796 762668.4967986 57.2585865082 0.3462192191 0.5712144127 325.6083755523 -5.1593448304 7.5896888319 -0.0221103383
325 308257.62 113.845709534 34.0897161169 3777334.282313 762668.1737423 57.2586974688 0.3988108445 0.5729764199 325.5494620586 -5.1703636779 7.5827835757 0.0383655713
326 308257.73 113.8457033663 34.0897236155 3777335.098615 762667.5810808 57.2679364225 0.1069153871 0.5713029603 325.4305921967 -5.1715139428 7.5560617149 0.1076712356
327 308257.84 113.8456971776 34.0897311023 3777335.913562998 762666.9865175 57.2756656166 -0.1239805896 0.6072275578 325.3025107473 -5.1935317492 7.5464198045 0.0332986187
328 308257.95 113.8456909705 34.0897385788 3777336.727311 762666.3902882 57.2738761352 -0.0898321011 0.6373445183 325.1812029632 -5.2071763611 7.5432193824 -0.0431356972
329 308258.06 113.8456847381 34.0897460468 3777337.540053 762665.7917491 57.2662160816 0.1551603416 0.5999423378 325.0811775242 -5.2387887648 7.5258827187 -0.0501216531
330 308258.17 113.8456784745 34.0897534996 3777338.351039 762665.1903806998 57.2637998583 0.2296220862 0.5973593946 324.9792259801 -5.2467624085 7.5147029663 0.0287232075
331 308258.28 113.8456722003 34.0897609467 3777339.161356 762664.5880439 57.2675032495 0.096810223 0.5657887879 324.8390304056 -5.2656257729 7.504726432 0.0906458286
332 308258.39 113.8456659037 34.089768382 3777339.970306 762663.9836834002 57.2720869733 -0.1484315105 0.6057509848 324.683856422 -5.284669197 7.4947568438 0.0111278554
333 308258.5 113.8456595878 34.0897758086 3777340.778235 762663.3775656 57.272818991 -0.2300118615 0.6324039865 324.5225950173 -5.3028531162 7.4828550772 -0.02986646
334 308258.61 113.8456532358 34.0897832221 3777341.584627 762662.7681526 57.2652563695 0.0414441622 0.6444024657 324.3799741209 -5.3344138349 7.4648930944 -0.0856168737
335 308258.7 113.845648018 34.08978928 3777342.243488 762662.2676558002 57.2574370755 0.3071741259 0.6529865081 324.2600244364 -5.3460171396 7.4605235226 -0.0442311309
336 308258.81 113.8456416248 34.0897966686 3777343.047011 762661.6545192 57.2582767746 0.3115870596 0.6235225956 324.0989776544 -5.3655248681 7.4388679132 0.0787883221
337 308258.92 113.8456352049 34.0898040384 3777343.848377 762661.0389678002 57.2674156846 0.0299043337 0.6849157709 323.9391585869 -5.3844523602 7.4306690169 0.0840436042
338 308259.03 113.8456287662 34.0898114028 3777344.649095 762660.4217073001 57.2713018842 -0.0401389178 0.6880635766 323.7624100301 -5.4103263318 7.4186539735 0.0100719853
339 308259.14 113.8456222987 34.0898187498 3777345.4478050014 762659.8018366002 57.268264275 0.1983830466 0.6817538599 323.5977355702 -5.4362891836 7.3982770867 -0.0460820415
340 308259.25 113.8456158016 34.0898260806 3777346.244637 762659.1792803 57.2648564251 0.5336708306 0.5758151566 323.4288573011 -5.4595003848 7.3797273395 0.0008201704
341 308259.36 113.8456092738 34.0898333868 3777347.03867 762658.5539716998 57.2703174399 0.5255720949 0.570199456 323.2644088934 -5.487160108 7.3613830154 0.0863202841
342 308259.47 113.8456027327 34.0898406771 3777347.830905 762657.9274837 57.2829034198 0.2307521448 0.5285063475 323.0780009295 -5.4978005046 7.3453696762 0.1133721206
343 308259.58 113.8455961625 34.0898479499 3777348.62111 762657.2983565 57.2922947509 0.0146865538 0.5414282701 322.8914469204 -5.522065377 7.3248189897 0.0447071446
344 308259.69 113.8455895642 34.0898552104 3777349.4098870014 762656.666676 57.2927125525 0.1403517015 0.5454609343 322.7002676957 -5.5425286927 7.3143027922 -0.0274956697
345 308259.8 113.8455829332 34.0898624522 3777350.196512 762656.0320412 57.2894659536 0.4311369291 0.5298220043 322.5147319392 -5.5788028337 7.2913745981 -0.014937003
346 308259.91 113.8455762772 34.0898696706 3777350.980465 762655.3951634 57.2925628964 0.4802958177 0.5678228617 322.3290535348 -5.588929281 7.2690489424 0.07432555
347 308260.02 113.8455696011 34.0898768688 3777351.762124 762654.756492 57.3039206136 0.1787793467 0.5793055416 322.1362033373 -5.6146162291 7.2444666836 0.1105737016
348 308260.13 113.8455628979 34.0898840458 3777352.541371 762654.1153912 57.31296001 -0.0440186196 0.6564762309 321.9537016 -5.6310454291 7.2325924306 0.0383507376
349 308260.24 113.8455561694 34.0898912103 3777353.319147 762653.4719792 57.3119498212 0.1430775745 0.6496265625 321.7680681587 -5.6618958577 7.2151538284 -0.0576174653
350 308260.35 113.8455494051 34.0898983518 3777354.0943 762652.8253424 57.3065850418 0.5537828518 0.6404573609 321.5953832417 -5.6857547367 7.1892988207 -0.0283895696
351 308260.46 113.8455426234 34.0899054715 3777354.866976 762652.1771713 57.3113741828 0.5857255309 0.636220064 321.4141829425 -5.6922886183 7.166999093 0.1204926851
352 308260.57 113.8455358174 34.0899125651 3777355.636694 762651.5268256 57.3261518488 0.1519128117 0.6425114597 321.2411851367 -5.7251272214 7.1446387584 0.1360325533
353 308260.62 113.8455327156 34.0899157828 3777355.98581 762651.2304839 57.3318908904 -0.0252711325 0.6399783127 321.1672074298 -5.729638499 7.1380104157 0.097440764
354 308260.73 113.8455258766 34.0899228568 3777356.753266 762650.5771661998 57.3362657521 -0.17160478 0.632543555 321.0032033107 -5.7519221993 7.1286192024 -0.020490092
355 308260.84 113.845519006 34.0899299159 3777357.51899 762649.9209649998 57.330270486 0.0789367595 0.6244255766 320.8584698585 -5.7745878116 7.1093818321 -0.081793873
356 308260.95 113.8455121148 34.0899369609 3777358.283096 762649.2629128002 57.3245791038 0.3304706716 0.5919596519 320.714933499 -5.7863730866 7.0923151172 -0.0096839512
357 308261.06 113.845505203 34.089943984 3777359.04472 762648.6030168 57.3288643668 0.2504786652 0.5964693265 320.5705722584 -5.808578257 7.0714195741 0.0789996384
358 308261.17 113.8454982779 34.0899509918 3777359.804619 762647.9419468 57.3379327524 0.0206256015 0.605129104 320.4281649684 -5.8176980085 7.0656643726 0.0642260486
359 308261.28 113.845491332 34.0899579856 3777360.562904 762647.279003 57.3411155362 0.0351922755 0.5764009822 320.2825886063 -5.8404210931 7.04393745 -0.0074600384
360 308261.39 113.84548436 34.0899649617 3777361.31915 762646.6137003 57.3379027005 0.362108335 0.5153543812 320.1504156649 -5.8571797678 7.0262235418 -0.0288092773
361 308261.5 113.8454773694 34.0899719174 3777362.073092 762645.9467477 57.3375818953 0.6113047379 0.4554277651 320.0258324998 -5.8708264428 7.0014483328 0.0341942405
362 308261.61 113.8454703685 34.0899788527 3777362.82475 762645.278902 57.347149862 0.4645590067 0.4417821103 319.902815665 -5.8752865297 6.9915764906 0.1293139772
363 308261.64 113.8454684587 34.089980741 3777363.029389 762645.0967259 57.3510512197 0.3517808099 0.431982007 319.8669144423 -5.8765901065 6.9820578431 0.1340175673
364 308261.75 113.845461444 34.089987657 3777363.778871 762644.4276649 57.3638204848 -0.0193721104 0.4149724374 319.7504156934 -5.8945115691 6.9659442435 0.0879212372
365 308261.86 113.8454544079 34.0899945624 3777364.527108999 762643.7566686 57.3678252203 -0.1572048221 0.4054291509 319.6606639454 -5.9120136539 6.9630757306 -0.0080269734
366 308261.97 113.8454473585 34.0900014637 3777365.274857 762643.0844441998 57.3626540508 0.0310020927 0.3873057188 319.5744297295 -5.9211431121 6.9566846518 -0.068469462
367 308262.08 113.8454402954 34.0900083559 3777366.021575 762642.4109987 57.3576462408 0.2072371307 0.4484968357 319.4972273679 -5.9269328996 6.9445768409 -0.0112672964
368 308262.19 113.8454332278 34.090015242 3777366.767592 762641.73714 57.3613798991 0.0794570348 0.4763730588 319.4250527327 -5.9331843206 6.9362872201 0.0595833899
369 308262.3 113.845426147 34.0900221156 3777367.512188 762641.0621109002 57.367767687 -0.1075204129 0.5119671908 319.3569417466 -5.9457797912 6.9296691952 0.040077156
370 308262.41 113.8454190578 34.0900289862 3777368.256433 762640.3863144 57.3679617355 -0.0633415084 0.5091898359 319.2830476761 -5.9508106196 6.9253909059 -0.0407372375
371 308262.52 113.8454119513 34.0900358472 3777368.999566002 762639.7089563 57.3626653533 0.2134488113 0.5252803749 319.2145629089 -5.9689564525 6.913894402 -0.0412049838
372 308262.63 113.8454048364 34.0900426977 3777369.74152 762639.0308471 57.3610756947 0.3982414207 0.5062102371 319.134440169 -5.9730990242 6.9086369981 0.0208758859
373 308262.74 113.8453977118 34.0900495318 3777370.481621 762638.351896 57.3664492583 0.4402190536 0.4727159222 319.0353267822 -5.9815515805 6.8812652098 0.0715187976
374 308262.85 113.8453905757 34.0900563512 3777371.220055 762637.6719229999 57.3755236901 0.3113574312 0.4582059744 318.9262434421 -5.9890367054 6.8699530693 0.0755932367
375 308262.96 113.8453834293 34.0900631606 3777371.95736 762636.991036 57.3829667326 0.1415323146 0.4889225235 318.8133571373 -6.001208338 6.8591239599 0.0619241199
376 308262.98 113.8453821285 34.0900643974 3777372.091276 762636.867107 57.3841381427 0.1003879097 0.5050668896 318.7941628718 -6.0030856152 6.8571803276 0.0562252786
377 308263.09 113.8453749692 34.0900711924 3777372.826947 762636.1850801 57.3882984212 0.0092452971 0.5599442519 318.6824075992 -6.0079029015 6.849736317 0.0168003659
378 308263.2 113.8453677977 34.0900779763 3777373.561365 762635.5019455 57.3885257309 0.1229054817 0.5906869012 318.5671041245 -6.0254038735 6.8321827242 -0.0075642784
379 308263.31 113.8453606077 34.0900847458 3777374.294130998 762634.8171607 57.3878565812 0.2763417862 0.672781353 318.4527569928 -6.0384434585 6.8219348406 -0.0085959112
380 308263.42 113.8453534078 34.0900915049 3777375.025711 762634.1314883998 57.389901327 0.2494398268 0.7196369585 318.3283894834 -6.0510721652 6.8119071063 0.0407323591
381 308263.53 113.845346189 34.0900982421 3777375.754825 762633.4441331 57.3972878754 0.0535495859 0.7438129367 318.2030109546 -6.0700688619 6.7866241045 0.0642733603
382 308263.64 113.8453389528 34.0901049675 3777376.482577 762632.7552163 57.4014381692 0.0411004274 0.7268608628 318.0793071565 -6.0824786703 6.7793816793 -0.0029930782
383 308263.75 113.8453316928 34.0901116789 3777377.208709 762632.064148 57.3981978819 0.3535503938 0.6970109563 317.9638889716 -6.1017815784 6.7602814643 -0.0328439353
384 308263.86 113.8453244182 34.0901183736 3777377.932952 762631.3717766998 57.3987094127 0.4823588087 0.6561535444 317.8552822619 -6.1117786778 6.7477330272 0.0417349654
385 308263.97 113.8453171338 34.0901250496 3777378.6551 762630.6785575 57.4079419253 0.2577440762 0.6477244503 317.7435214173 -6.1190948338 6.7227238457 0.1051334682
386 308264.08 113.8453098429 34.0901317157 3777379.376136 762629.9847705 57.4182500383 -0.0151363509 0.6847196878 317.6275251695 -6.1209115154 6.7185056302 0.0622403308
387 308264.19 113.8453025413 34.0901383736 3777380.096230998 762629.2900254001 57.4205828048 0.0477027202 0.6385694075 317.5118716066 -6.1468073426 6.701061316 -0.0330380667
388 308264.3 113.8452952152 34.0901450161 3777380.814548 762628.5930641999 57.4166915463 0.3326974204 0.6511958751 317.4044033696 -6.1606184177 6.694967212 -0.0428217286
389 308264.41 113.8452878833 34.0901516469 3777381.5315559986 762627.8956046 57.4174340479 0.4211730516 0.6166390386 317.2832791421 -6.1675052372 6.6749799691 0.0608846811
390 308264.53 113.8452798642 34.0901588548 3777382.310851 762627.1329038 57.4292189013 0.0694643488 0.6634988668 317.1609417956 -6.1778948872 6.6563886836 0.1124126344
391 308264.65 113.8452718361 34.0901660577 3777383.0895589986 762626.3693941 57.4372130726 -0.1511338534 0.6604692843 317.0184201417 -6.1925058818 6.6518825349 0.012125808
392 308264.77 113.8452637782 34.0901732411 3777383.866021 762625.6031927 57.4337768946 0.1499181623 0.6382563016 316.8911437742 -6.2122732822 6.6259068758 -0.0689128386
393 308264.88 113.845256371 34.0901798114 3777384.576117 762624.8989608 57.4278983651 0.5671709653 0.5532359021 316.7891026777 -6.2249832771 6.6146320971 -0.0183888796
394 308265.0 113.8452482774 34.0901869555 3777385.348132 762624.1295822 57.434724126 0.5091764946 0.5159537831 316.7251761487 -6.2329943314 6.5914686104 0.1295001701
395 308265.12 113.845240189 34.0901940838 3777386.118412 762623.3607369 57.4508825028 0.0863025306 0.4727313422 316.6676285388 -6.2249819106 6.5899475192 0.1139271112
396 308265.24 113.8452320924 34.0902012091 3777386.8883339986 762622.5911426998 57.4582057176 -0.1219407299 0.524849957 316.5816967316 -6.2414531367 6.591433849 -0.0011831312
397 308265.36 113.8452239865 34.0902083364 3777387.658445 762621.8206793 57.4522413807 0.1115707264 0.578295763 316.4643875456 -6.2470859354 6.5899477843 -0.0666876492
398 308265.48 113.84521585 34.090215448 3777388.426742 762621.0474453 57.4476121236 0.3002887264 0.6153120547 316.3147965402 -6.2799663976 6.5702388019 0.0083196301
399 308265.6 113.8452076871 34.0902225457 3777389.1934300014 762620.2718132 57.4542091601 0.0515843659 0.6772215366 316.12258714 -6.2964860356 6.5631926003 0.0832497953
400 308265.61 113.8452070061 34.0902231368 3777389.257275 762620.2071048998 57.4549918221 0.0194112774 0.691280738 316.1049651318 -6.2947928002 6.5610082775 0.0803965924
401 308265.72 113.8451994875 34.0902296325 3777389.958812 762619.4928284 57.4617140032 -0.2484482667 0.7935599822 315.8941858459 -6.3335067257 6.5486978328 0.0244998338
402 308265.83 113.8451919276 34.0902361172 3777390.659022 762618.7747628002 57.4587640641 -0.1293770242 0.8295890532 315.6882768134 -6.3694602014 6.5381900205 -0.0810594826
403 308265.94 113.8451843221 34.0902425874 3777391.357511 762618.0525378 57.4491169984 0.3344949854 0.8331911892 315.4861633175 -6.4056023629 6.5165525408 -0.0899176956
404 308266.05 113.8451766786 34.090249043 3777392.054267 762617.3268543 57.4451897489 0.6438188441 0.8276637886 315.2861493768 -6.4294958628 6.5039069901 0.0354173799
405 308266.16 113.8451690453 34.0902554842 3777392.749464 762616.6021481 57.4557975307 0.4323288227 0.8101483805 315.0785111602 -6.4687440858 6.492294065 0.1349353976
406 308266.27 113.8451613674 34.0902619179 3777393.443706 762615.8733540998 57.4694759482 0.0035223303 0.8746108046 314.8674914969 -6.4996995413 6.4934021598 0.0910699507
407 308266.38 113.8451536439 34.0902683536 3777394.138066 762615.1403386998 57.4734170465 -0.1936232457 0.9190609121 314.6659960064 -6.5505659871 6.4977973473 -0.0217014012
408 308266.49 113.8451458653 34.0902747869 3777394.832008 762614.4022416 57.465640882 0.012988426 0.9756050075 314.4898031706 -6.5865174919 6.4906952752 -0.0954026953
409 308266.6 113.8451380378 34.0902812174 3777395.525505 762613.6596419001 57.4570331164 0.4226186308 0.9029827548 314.3231008379 -6.6329865162 6.4863491422 -0.0362674502
410 308266.64 113.8451351788 34.0902835537 3777395.777434 762613.3884441 57.4564440492 0.5129424889 0.886353083 314.26112277 -6.6455849119 6.4818321266 0.0084323315
411 308266.75 113.8451272868 34.0902899734 3777396.469571 762612.6399221 57.4625624837 0.4813473117 0.8958771154 314.0911692066 -6.6788938879 6.4827736098 0.0853001229
412 308266.86 113.8451193585 34.090296394 3777397.161725 762611.8880443 57.4738908429 0.2135377314 0.8636634535 313.9156688907 -6.7142288935 6.4773692291 0.0958642893
413 308266.97 113.8451113798 34.09030281 3777397.853232 762611.1315335 57.4803336328 0.0808907577 0.8780044467 313.756441898 -6.7573405105 6.4783520683 0.0168468292
414 308267.08 113.8451033417 34.0903092353 3777398.545623 762610.3695068002 57.477307328 0.2648841586 0.8189890637 313.6058124643 -6.7959093471 6.4810811331 -0.0390763154
415 308267.19 113.8450952341 34.0903156688 3777399.238739 762609.6010358002 57.47457554 0.3743384034 0.8078393224 313.463689778 -6.8288351018 6.4758345263 0.023773096
416 308267.3 113.8450870885 34.0903221031 3777399.93185 762608.8290548 57.4811908388 0.1092028051 0.7710801382 313.3499886246 -6.8596178352 6.486163106 0.0974281144
417 308267.41 113.8450789012 34.090328543 3777400.625473 762608.0532085998 57.4869982274 -0.1294970673 0.7705260913 313.245986135 -6.9003725233 6.4939640275 0.015445546
418 308267.52 113.8450706743 34.0903349975 3777401.320618 762607.273654 57.4817541251 0.0708230183 0.7470942725 313.1579698295 -6.9328262093 6.5094714155 -0.0742495525
419 308267.63 113.8450624029 34.0903414597 3777402.016492 762606.4899726999 57.4721276136 0.498050492 0.6860953449 313.0740090346 -6.9718480438 6.5102456394 -0.0498853636
420 308267.74 113.8450541001 34.0903479243 3777402.7125699986 762605.7033801 57.4734111428 0.5778173496 0.6610366772 312.9914916323 -6.9870341301 6.5182752525 0.092044176
421 308267.85 113.845045772 34.0903543941 3777403.40915 762604.9144433001 57.4871910475 0.2025200307 0.6239886327 312.8921137364 -7.013470151 6.5139177699 0.1341740733
422 308267.96 113.8450374056 34.0903608661 3777404.105876 762604.1219529002 57.4949695757 0.0174850365 0.6013150705 312.8053229265 -7.0459563479 6.5229589761 0.0211820874
423 308268.07 113.8450289988 34.0903673473 3777404.8035160014 762603.3257153 57.4915438136 0.2053065873 0.5151190224 312.7105693676 -7.0818439673 6.5296489171 -0.0610994143
424 308268.18 113.8450205421 34.0903738256 3777405.500714 762602.524874 57.4867667193 0.4879277924 0.4857917145 312.6195584779 -7.1057976151 6.5352179445 -0.0117068169
425 308268.29 113.8450120621 34.0903803092 3777406.198433 762601.7218663 57.4930202216 0.3775837878 0.4769280976 312.5013814847 -7.128359118 6.5339761405 0.1081854481
426 308268.4 113.8450035488 34.0903867923 3777406.896007 762600.9157818 57.5052091125 -0.011481114 0.5486636587 312.3594982451 -7.1530614484 6.5369760055 0.0926038073
427 308268.51 113.8449950044 34.0903932807 3777407.594096 762600.1068149002 57.509863615 -0.2042765969 0.5936222786 312.2018906305 -7.1848026562 6.5390176454 -0.0059119263
428 308268.62 113.8449864168 34.0903997606 3777408.291139 762599.2938813 57.5029113749 0.0708789845 0.6035128077 312.0525459833 -7.2165438656 6.5244400572 -0.1015228769
429 308268.73 113.8449777878 34.0904062308 3777408.986982 762598.4771563002 57.4931827988 0.5754378811 0.5352906029 311.9114252189 -7.2503786865 6.511748988 -0.0441605272
430 308268.76 113.8449754281 34.0904079922 3777409.176397 762598.2538368 57.4927528715 0.619444337 0.5447482435 311.8705743581 -7.2643953262 6.5102922292 0.0075953553
431 308268.87 113.8449667656 34.0904144403 3777409.869702 762597.4340902 57.5036919825 0.3156881727 0.5610907213 311.7002596277 -7.2732057456 6.5004406994 0.1745488699
432 308268.98 113.8449580745 34.0904208819 3777410.562229 762596.6117218 57.5193353146 -0.2073106441 0.5894631527 311.4814961941 -7.3085072849 6.4857259597 0.0833908868
433 308269.09 113.8449493433 34.0904273137 3777411.253551998 762595.7856863001 57.518033321 -0.2144815728 0.6548773181 311.2614247066 -7.3462652239 6.4785234383 -0.0971932757
434 308269.2 113.8449405692 34.0904337339 3777411.943486 762594.9557140998 57.5023439666 0.3723674329 0.6061780886 311.0557804868 -7.3969167312 6.4521443787 -0.1363898223
435 308269.31 113.8449317511 34.0904401283 3777412.630439 762594.1217689 57.4947820148 0.793248944 0.5964602685 310.8526846645 -7.4208918038 6.4308723217 0.0622921912
436 308269.42 113.8449229101 34.0904464978 3777413.314569 762593.2857805 57.5089929607 0.4758479381 0.5470364924 310.629846286 -7.4448411593 6.4006800664 0.1965102719
437 308269.53 113.8449140322 34.0904528424 3777413.995836 762592.4464635998 57.524547142 0.0432138656 0.6099410931 310.4089129887 -7.4746740684 6.3865166164 0.0960689495
438 308269.63 113.844905928 34.0904586035 3777414.614349 762591.680393 57.5252445098 -0.0109058941 0.6463385419 310.2066451929 -7.5096417351 6.3790474223 -0.0285060995
439 308269.74 113.8448969687 34.0904649231 3777415.292632 762590.8336333 57.5158986347 0.1683925536 0.7000970927 310.0020239012 -7.5461094536 6.3555814869 -0.0744814442
440 308269.85 113.8448879696 34.0904712194 3777415.968243 762589.983279 57.5114943804 0.2820980362 0.6666296499 309.8091715397 -7.5780946719 6.3304851894 0.0311779189
441 308269.96 113.8448789315 34.0904774942 3777416.641357 762589.1293898 57.5151027441 0.2306204119 0.6635964919 309.6097760582 -7.6127316403 6.313570642 0.0517425751
442 308270.07 113.8448698546 34.0904837503 3777417.312293 762588.2719761998 57.5172003144 0.3047017568 0.647357653 309.4129734446 -7.6401643661 6.2971920903 0.0114376926
443 308270.18 113.8448607377 34.0904899843 3777417.980678 762587.4109359 57.5187913235 0.3826446116 0.6665447098 309.2269881584 -7.6689428536 6.2787082902 0.0302605784
444 308270.29 113.844851592 34.0904961955 3777418.64646 762586.5473026 57.5235044388 0.3058899929 0.6391965942 309.0496574849 -7.6880165925 6.2530107174 0.0675041515
445 308270.4 113.8448424185 34.0905023821 3777419.309436 762585.681187 57.5305480882 0.197055482 0.6401683533 308.8686348058 -7.714215255 6.2262428818 0.0489880284
446 308270.47 113.8448365667 34.0905063081 3777419.730089 762585.1287533 57.5324493246 0.2484994917 0.6097862471 308.7602989543 -7.723573104 6.2166785739 0.0092173141
447 308270.58 113.8448273501 34.0905124608 3777420.389197 762584.2587544002 57.5342420209 0.1799390096 0.583881762 308.5845136506 -7.7477497105 6.1884746953 0.0369200934
448 308270.69 113.8448181108 34.0905185878 3777421.045392 762583.3867455998 57.5376910018 -0.0161310189 0.5743228844 308.4216685002 -7.7634381708 6.1697358516 0.041319425
449 308270.8 113.8448088501 34.0905246973 3777421.699584 762582.5128091999 57.5384971676 0.0152149337 0.5717848426 308.2596030826 -7.7856569081 6.1505425712 -0.0585526897
450 308270.91 113.8447995623 34.0905307867 3777422.351481 762581.6364395 57.5329436613 0.165022507 0.5830264802 308.1057824721 -7.8020104145 6.1338281376 -0.0423491317
451 308271.02 113.8447902598 34.0905368561 3777423.001126 762580.7587726 57.531958526 0.1756100215 0.5775829116 307.9518244723 -7.8146227036 6.1038843722 0.0531387909
452 308271.13 113.8447809905 34.090542917 3777423.649917 762579.8841970002 57.5327402027 0.0453719997 0.6430171972 307.8083806299 -7.8192610996 6.0874063939 0.0376517129
453 308271.24 113.8447717162 34.090548969 3777424.297689 762579.0091915 57.52520933 0.1651709172 0.6670225582 307.6580593267 -7.8348342275 6.0721059641 -0.0290533439
454 308271.35 113.8447624232 34.0905549923 3777424.9422410014 762578.1325381 57.5175641608 0.4030608923 0.6697975207 307.5304395282 -7.8476132459 6.0445211904 0.0107924012
455 308271.46 113.8447531168 34.0905609991 3777425.584925 762577.2547062 57.5149274711 0.4899392459 0.6612199351 307.4082637482 -7.8633786547 6.0288786683 0.0483174839
456 308271.57 113.8447437958 34.0905669886 3777426.22566 762576.3755854 57.5173021443 0.296778989 0.7062961931 307.2818128616 -7.8748672538 6.0155476532 0.0892278717
457 308271.68 113.844734457 34.0905729658 3777426.8649699986 762575.4948489 57.5199385826 -0.0234628761 0.7353834308 307.153771229 -7.8894953539 6.0002540481 0.0615634315
458 308271.79 113.8447250952 34.0905789276 3777427.50252 762574.6120404998 57.514945996 -0.0735852205 0.7823429977 307.0285863505 -7.9073417464 5.9863567257 -0.0424482786
459 308271.9 113.844715711 34.090584877 3777428.1386379986 762573.7271964 57.5022644158 0.2803598123 0.729795008 306.9123732455 -7.9326147033 5.9666215834 -0.0771500626
460 308272.01 113.8447063046 34.0905908041 3777428.772221 762572.8403802 57.4928994365 0.4944791308 0.7359627308 306.8091073812 -7.9391004721 5.9476853398 0.0197217632
461 308272.12 113.8446968669 34.0905967077 3777429.403113 762571.9507449 57.5002519339 0.2231993717 0.6998007847 306.7004737153 -7.940157699 5.9347296736 0.1264278066
462 308272.23 113.8446874028 34.0906025914 3777430.031728 762571.0587359 57.507794519 -0.0294805855 0.7313339069 306.5851851089 -7.9622000786 5.9246587196 0.0188780367
463 308272.34 113.844677917 34.0906084683 3777430.659538 762570.1647404 57.5019108951 0.2258805824 0.7107048165 306.4786147449 -7.9779010069 5.9159737287 -0.0878209934
464 308272.45 113.8446684118 34.0906143285 3777431.285443 762569.2689992 57.4941264978 0.594633478 0.7123040084 306.3786061552 -7.991622282 5.8945248455 -0.004418538
465 308272.56 113.844658899 34.0906201719 3777431.909468 762568.37262 57.4993408462 0.5072336964 0.6923371027 306.2703763354 -7.9950445412 5.8793212483 0.117197334
466 308272.67 113.8446493787 34.0906259986 3777432.531618 762567.4755969 57.5113944318 0.1741971079 0.7529614478 306.1318284473 -8.0036586494 5.86263413 0.1027159326
467 308272.72 113.8446450464 34.090628645 3777432.814165 762567.0674076 57.5146459844 0.0908094424 0.7611123656 306.0652278481 -8.0143813139 5.8670496212 0.0452961794
468 308272.83 113.8446354838 34.0906344612 3777433.435036 762566.1665083 57.5135137122 0.2592221956 0.7460687218 305.930954682 -8.0510368002 5.8508172831 -0.0328506102
469 308272.94 113.8446258846 34.0906402607 3777434.0539589985 762565.2622856 57.5085254973 0.4405438946 0.7743515818 305.8139241159 -8.0787806974 5.843832569 -0.0169513233
470 308273.05 113.8446162573 34.0906460587 3777434.672651 762564.3554706 57.5115787461 0.353096103 0.772888266 305.6800906933 -8.1029457239 5.8407588764 0.0848386725
471 308273.15 113.8446074637 34.0906513275 3777435.234752 762563.5272698002 57.5192630878 0.0750432177 0.8470944081 305.5585207953 -8.1345919574 5.8388512009 0.0293579124
472 308273.25 113.8445986372 34.090656601 3777435.7973 762562.6960123 57.5200611129 0.0731399123 0.8754372624 305.4328380601 -8.1653048572 5.8443643166 -0.0179924971
473 308273.35 113.8445897739 34.0906618628 3777436.358443 762561.8613973 57.5146620609 0.3926304217 0.8939166551 305.3240745656 -8.203036609 5.8312661154 -0.0614390142
474 308273.45 113.8445808833 34.0906671147 3777436.918417 762561.0242943001 57.5117816739 0.5998918406 0.8847183261 305.2127975542 -8.224377826 5.824133454 0.0005161492
475 308273.55 113.8445719812 34.0906723537 3777437.476935 762560.1861593 57.5193335973 0.5042399315 0.9025640464 305.0860872332 -8.226502053 5.800505419 0.158910819
476 308273.65 113.8445630643 34.0906775795 3777438.033951 762559.346703 57.5338027114 0.0318205382 0.9055246377 304.9451758823 -8.2473826141 5.7932367394 0.1384011892
477 308273.75 113.8445541234 34.0906827969 3777438.589976999 762558.5050603001 57.5370802218 -0.0967951552 0.9828067148 304.7844146001 -8.2720405528 5.7893176551 -0.0054592821
478 308273.81 113.8445487466 34.0906859231 3777438.923082 762557.9989579002 57.5338136582 -0.1404347687 1.0657303129 304.6914780539 -8.2862274623 5.7796883482 -0.0919594864
479 308273.91 113.8445397685 34.0906911189 3777439.47661 762557.1539506 57.5233102571 0.2062743534 1.0535847795 304.5571387883 -8.2951422346 5.7455527277 -0.0893409762
480 308274.01 113.8445307673 34.0906962831 3777440.026574 762556.3068976 57.5198487528 0.4314111974 0.9942971623 304.4340182635 -8.3203940814 5.7011013767 0.0198644625
481 308274.11 113.8445217575 34.0907014306 3777440.574659 762555.4591145002 57.5249286518 0.4455937882 0.9714040878 304.3069690923 -8.3184354133 5.7037812366 0.0889696709
482 308274.21 113.8445127425 34.0907065636 3777441.121128 762554.6108864 57.534282947 0.2591323683 0.9479592591 304.1632931632 -8.3296913174 5.675761743 0.0912094963
483 308274.31 113.8445037124 34.0907116787 3777441.665567 762553.7613213002 57.540949476 0.0919994821 0.9567470616 304.0373910968 -8.3470822629 5.6618724671 0.0161716774
484 308274.41 113.844494668 34.0907167811 3777442.208552 762552.9104814 57.538944589 0.2970239647 0.9639650111 303.9082610606 -8.3549168174 5.6452217833 -0.0532345732
485 308274.51 113.8444856068 34.0907218652 3777442.749478 762552.058144 57.5358554497 0.5386785905 0.9571842513 303.7878832986 -8.3700177894 5.6255739231 -0.0194264557
486 308274.61 113.8444765338 34.0907269315 3777443.288392 762551.2047685 57.5410627546 0.4301522301 0.9485728076 303.6552923029 -8.3839063023 5.6066296562 0.0999840063
487 308274.71 113.8444674447 34.0907319814 3777443.825445 762550.3499599 57.552966346 0.0002809531 0.9344511442 303.5028026476 -8.4065344514 5.5888863673 0.1070214489
488 308274.81 113.8444583272 34.0907370187 3777444.3610230014 762549.4925689 57.5576491067 -0.2508243858 0.9056535312 303.3487542043 -8.4316938698 5.5760303721 -0.010110547
489 308274.91 113.8444491754 34.0907420417 3777444.894930002 762548.6320531 57.5503305569 -0.0668650096 0.8108887713 303.2020547791 -8.4656063515 5.5578491571 -0.1211534287
490 308275.01 113.8444399924 34.0907470486 3777445.426958998 762547.7687063002 57.5382064013 0.3474037165 0.7404839769 303.0712363112 -8.4896026167 5.5420676135 -0.0961988953
491 308275.11 113.8444307861 34.0907520372 3777445.956907 762546.9032618 57.5362796895 0.3944031122 0.7204838798 302.9219472426 -8.5002229634 5.5218572752 0.0594565492
492 308275.21 113.8444215632 34.0907570098 3777446.48504 762546.0363419 57.5471527567 -0.0600573261 0.6930006925 302.760220277 -8.5158440227 5.5085013146 0.1303286971
493 308275.31 113.8444123158 34.0907619699 3777447.011724 762545.1671954 57.5533207068 -0.3793043152 0.7133801121 302.5797114598 -8.5457556185 5.4975575225 -0.0159000613
494 308275.41 113.8444030341 34.0907669153 3777447.53668 762544.2949258002 57.5440305471 -0.1581541207 0.6833406814 302.4202722936 -8.5798887897 5.4736944905 -0.1678617541
495 308275.51 113.8443937138 34.0907718394 3777448.059172 762543.4191642 57.5279769329 0.3675487051 0.6127166425 302.272643356 -8.6027065331 5.4419211687 -0.1462976228
496 308275.61 113.8443843752 34.0907767392 3777448.578931 762542.5417803002 57.5262424657 0.6020230315 0.5677794489 302.1252812491 -8.6149736912 5.4274412923 0.1319755359
497 308275.71 113.8443750236 34.0907816271 3777449.097332 762541.6632413 57.5376339555 0.365889862 0.598510151 301.9459514711 -8.6366389559 5.4193795697 0.113053494
