36781 314360.76 113.8442606439 34.0842787342 3776727.131658002 762551.197617 56.6761164116 0.3361772244 -0.1431756257 54.9430088156 6.9036121051 4.9011785311 0.0555246947
36782 314360.88 113.8442696974 34.0842840043 3776727.739803 762552.0173087 56.6795049235 0.4001309458 -0.0549262419 55.8584747007 7.0439120003 4.8152327887 0.0130741656
36783 314361.0 113.8442789173 34.0842891823 3776728.338141 762552.8526571 56.6817763047 0.4034875806 -0.0100429707 56.630772849 7.1671741544 4.7444397932 0.0404290521
36784 314361.12 113.8442882995 34.0842943046 3776728.930715 762553.7031544001 56.6864509024 0.2436563458 0.0207433374 57.2525365019 7.2782279487 4.7034843966 0.063784512
36785 314361.24 113.8442978265 34.0842993832 3776729.51882 762554.5671609 56.6909122132 0.1915129885 0.1465965261 57.7359697368 7.3789600315 4.6624112265 0.022337777
36786 314361.36 113.8443074839 34.084304441 3776730.104953 762555.4432799 56.6891290378 0.3328688796 0.229802998 58.1109415906 7.4778395359 4.6615903967 -0.0158927654
36787 314361.48 113.844317249 34.0843094938 3776730.690801 762556.3293489 56.6886242507 0.4245441469 0.2905354086 58.359438372 7.5558909089 4.6514792337 0.0283758391
36788 314361.6 113.8443271208 34.0843145476 3776731.277036 762557.2252704 56.6932872227 0.3767527357 0.3839198682 58.4476050828 7.6288077865 4.6713330401 0.0571299455
36789 314361.72 113.844337077 34.0843196312 3776731.866799 762558.1288893 56.6983441105 0.3006201624 0.4120007932 58.4566864832 7.6890228835 4.706070219 0.04631072
36790 314361.84 113.8443471054 34.0843247622 3776732.462002 762559.0390369 56.6995618297 0.4119537868 0.4666663903 58.4462250333 7.7389373816 4.7545287251 0.0106317262
36791 314361.95 113.8443563642 34.0843295029 3776733.011916 762559.8793165 56.7014016649 0.3626418284 0.5002311817 58.383814804 7.8002276335 4.7818471744 0.0382883219
36792 314362.06 113.844365683 34.084334284 3776733.566468 762560.7250188001 56.7064090632 0.1740144764 0.4533652908 58.2380769416 7.8389563743 4.8450671232 0.071719432
36793 314362.17 113.8443750665 34.0843391155 3776734.126778 762561.5765368 56.7087325016 0.101337443 0.5188074748 58.105655592 7.8906744283 4.8894372982 -0.0056305387
36794 314362.28 113.8443845089 34.0843439941 3776734.692465 762562.4333517 56.7054249607 0.1978216946 0.4914306408 57.9343572484 7.9320808211 4.9483458338 -0.0357129335
36795 314362.39 113.8443939939 34.0843489406 3776735.265803 762563.2938854998 56.7026303476 0.2257582485 0.4985019517 57.7879296858 7.9712791631 5.0144629835 -0.0048724783
36796 314362.5 113.8444035264 34.0843539377 3776735.844873002 762564.1586474 56.7035014424 0.1231483779 0.4581539693 57.6158153838 8.0077815134 5.0609366115 0.0166125268
36797 314362.61 113.8444131017 34.0843589968 3776736.430932 762565.0271816 56.7035303405 0.223091893 0.4595696617 57.4647321162 8.0438693681 5.1259748802 -0.0129064574
36798 314362.72 113.8444227296 34.0843641044 3776737.022508 762565.9004143 56.7005434828 0.5164808138 0.4731814569 57.2905045835 8.090341326 5.1729549761 -0.0123631751
36799 314362.83 113.8444323919 34.0843692681 3776737.620411 762566.7766454002 56.7030489333 0.5674643759 0.5067619941 57.1230481137 8.1119310367 5.2307629536 0.0895906604
36800 314362.94 113.844442094 34.0843744778 3776738.223504 762567.6564178 56.71422516 0.2918064418 0.5405681618 56.9317330211 8.1532083307 5.2719578821 0.1057834903
36801 314363.04 113.8444509447 34.0843792658 3776738.777626 762568.4588693002 56.7201683214 0.1517913143 0.5471546415 56.7673282335 8.1724711826 5.3378097893 0.0199884486
36802 314363.15 113.8444607103 34.0843845886 3776739.393439 762569.3441514 56.7203221414 0.204942641 0.5593686862 56.5900672853 8.205908449 5.3866969807 -0.0174826718
36803 314363.26 113.8444705069 34.0843899649 3776740.015277 762570.2321309 56.7185267126 0.3412490882 0.5139235821 56.4138635533 8.2182632021 5.4524913469 0.0099161637
36804 314363.37 113.8444803237 34.0843953929 3776740.642894 762571.1218132 56.7210539579 0.3096201928 0.498502666 56.2356236221 8.2460492967 5.487043935 0.0532959231
36805 314363.48 113.84449016 34.0844008607 3776741.2749910015 762572.01318 56.7270595338 0.2220724735 0.5002184445 56.0453804675 8.2500746625 5.5376899269 0.064366211
36806 314363.59 113.8445000105 34.0844063765 3776741.912446 762572.9057042 56.7305620918 0.2305510661 0.5508592631 55.8633066353 8.2691225411 5.5758262052 0.0002294828
36807 314363.69 113.8445089761 34.0844114251 3776742.495773 762573.7179635002 56.732620853 0.2463814733 0.5897841155 55.6733230676 8.2635299935 5.6182310304 0.0236150221
36808 314363.79 113.8445179463 34.0844165117 3776743.083329 762574.530524 56.7362653566 0.2239091253 0.7412621866 55.4509597043 8.2789389626 5.6488303055 0.0764955332
36809 314363.89 113.8445269238 34.0844216311 3776743.674552 762575.3436614 56.7378605604 0.2719191745 0.7970007542 55.1586697173 8.2737558826 5.705339894 0.0054232103
36810 314363.99 113.8445358886 34.0844268099 3776744.272329 762576.1554455998 56.7394767869 0.3449653471 0.8287733792 54.8544604401 8.2534401921 5.7697760771 0.0220587434
36811 314364.09 113.8445448486 34.0844320382 3776744.8755910015 762576.9666340002 56.7417744175 0.401828605 0.9097616165 54.4919427593 8.2650156812 5.8277718153 0.0415829987
36812 314364.19 113.8445537996 34.0844373288 3776745.485742 762577.7767947 56.7462880341 0.310190005 0.9729792145 54.0774774788 8.2480175492 5.9136043688 0.0468051982
36813 314364.29 113.8445627344 34.0844426913 3776746.103824 762578.5852398 56.7522721356 0.1435126875 1.0379876891 53.5888642314 8.2362241552 5.9914057559 0.0545783979
36814 314364.32 113.8445654113 34.0844443146 3776746.290855 762578.8274048 56.7543458044 0.0848242909 1.026328672 53.422876853 8.2291963099 6.0204178031 0.0789445707
