37126 314623.03 113.8442793638 34.0842611327 3776725.226434 762552.9805516999 56.6457048273 0.3508597061 -0.2225323156 58.2706220494 7.5030516652 4.6888968262 0.0181787754
37127 314623.15 113.8442892026 34.084266132 3776725.8065370014 762553.8735979 56.6469840361 0.3694965768 -0.0829956868 59.4382260618 7.6550791825 4.5574198349 0.0240192723
37128 314623.19 113.8442925291 34.0842677682 3776725.996662 762554.1757002 56.648034635 0.3596702064 -0.0429949501 59.7869367251 7.7038671656 4.5169006994 0.0394968259
37129 314623.31 113.8443026394 34.0842726004 3776726.5589190014 762555.0943289001 56.6523521868 0.3035054472 0.1515325892 60.6720656289 7.8537837232 4.4187745722 0.0418761466
37130 314623.43 113.8443129374 34.0842773427 3776727.111684 762556.0305718002 56.6535950424 0.308191886 0.4841389738 61.2602352513 7.9894235308 4.3570958734 0.0195953656
37131 314623.54 113.8443225024 34.0842816583 3776727.6152120014 762556.9004443 56.653439912 0.341489264 0.6856452743 61.5568340494 8.0730425217 4.3509991986 0.0086447869
37132 314623.65 113.8443321595 34.0842859782 3776728.119446 762557.7788055 56.6563712722 0.2833981036 0.7994512714 61.6482555919 8.1455913036 4.3627123474 0.0269172746
37133 314623.76 113.8443418977 34.0842903281 3776728.627217 762558.6645691999 56.6587175746 0.3494682373 0.7888965053 61.6403120938 8.2053231121 4.4095771624 0.0037961439
37134 314623.87 113.8443517058 34.084294724 3776729.140281 762559.5566380002 56.6593754683 0.4102380973 0.7996826595 61.5673747574 8.2642272514 4.4524101055 0.0290968191
37135 314623.98 113.8443615818 34.0842991601 3776729.657979 762560.4548623 56.662818335 0.2988240235 0.8512430203 61.419947526 8.3206499645 4.4991605912 0.0595513724
37136 314624.09 113.8443715214 34.0843036431 3776730.181046 762561.3588081 56.6680894336 0.1839080074 0.8426603512 61.25102021 8.3662411264 4.5539502761 0.0458607911
37137 314624.2 113.8443815267 34.0843081785 3776730.710088 762562.2686576998 56.6697370755 0.1433703416 0.8968332171 61.0483377911 8.4233172573 4.6141680732 -0.0023743056
37138 314624.31 113.8443915936 34.0843127722 3776731.245774 762563.1840126 56.6679966888 0.14027977 0.9709339056 60.7981570179 8.4655248117 4.6740038601 -0.0159617256
37139 314624.42 113.8444017069 34.0843174382 3776731.78959 762564.103427 56.668328505 0.1187594116 0.9663857841 60.5552906071 8.4987047249 4.7603515384 0.0195854196
37140 314624.5 113.8444090911 34.0843208818 3776732.1907379986 762564.7746285 56.6681405669 0.1349765477 0.9617074606 60.3781303843 8.5310088572 4.8102547833 -0.0077512935
37141 314624.61 113.8444192883 34.0843256712 3776732.748463 762565.7014093002 56.666529322 0.1569621403 0.963105837 60.0747443753 8.5709778832 4.8721599906 -0.0064159084
37142 314624.72 113.8444295248 34.0843305357 3776733.314632 762566.6315954 56.6657884037 0.2169021318 0.9821130179 59.7581436476 8.6001412607 4.9572722476 0.0127307334
37143 314624.83 113.8444397928 34.0843354829 3776733.890053 762567.5644243 56.6660197638 0.3265354177 0.9965129626 59.4463426283 8.6210846339 5.0428450222 -0.0005384368
37144 314624.93 113.8444491557 34.0843400476 3776734.420705002 762568.4148702 56.6659278125 0.4246405066 1.00756292 59.1612180356 8.6449129883 5.1096579926 0.0023036579
37145 314625.03 113.8444585405 34.0843446768 3776734.9585730014 762569.2671281998 56.6702129729 0.4004042257 1.0123284232 58.8602321346 8.6646718841 5.1788004593 0.0774455273
37146 314625.13 113.8444679442 34.0843493722 3776735.503832 762570.1209359 56.676936469 0.3022919044 0.9873248406 58.5580989189 8.6893478271 5.2549472408 0.0627642466
37147 314625.23 113.84447737 34.0843541395 3776736.057127 762570.9765550002 56.6803782387 0.3371469213 0.9954615901 58.2550381641 8.7082831866 5.3291451225 0.0295179905
37148 314625.25 113.8444792581 34.0843551 3776736.168575 762571.1479278002 56.6809053617 0.3209739872 1.003908369 58.193155273 8.7142988916 5.3398745709 0.0348585752
37149 314625.35 113.8444887099 34.0843599407 3776736.730079 762572.0057281 56.6840116167 0.2657663471 1.0268453739 57.8791078697 8.7347597909 5.4104854825 0.0595133129
37150 314625.45 113.8444981742 34.0843648498 3776737.299209 762572.8644646 56.6882757284 0.2391760058 1.0087473246 57.559524255 8.7409080904 5.4917297324 0.0381171199
37151 314625.55 113.8445076536 34.0843698224 3776737.875427 762573.7244088 56.6898227865 0.2192937189 1.0662047382 57.2331916177 8.7583269583 5.5521047255 0.017966518
37152 314625.65 113.8445171417 34.084374855 3776738.458324 762574.5849562 56.6919072699 0.1764176258 1.1079655272 56.897071314 8.7592131418 5.6277551789 0.0367776085
37153 314625.75 113.8445266313 34.084379956 3776739.048819 762575.4454375 56.6934479848 0.1266825217 1.1720233165 56.5734199122 8.7626769463 5.7012730351 0.0285222078
37154 314625.85 113.8445361194 34.0843851218 3776739.646498 762576.3055847 56.694076254 0.1304728377 1.1658166817 56.2482076192 8.7543027679 5.7763509783 0.0101975075
37155 314625.9 113.8445408615 34.0843877285 3776739.947976 762576.7354045 56.6943857204 0.1547764272 1.1679245145 56.0923547482 8.7549012804 5.8071405159 0.0180308441
37156 314626.0 113.8445503438 34.0843929909 3776740.556368 762577.5947141999 56.6943330308 0.2836458358 1.1050452504 55.7971730862 8.7451166525 5.878430153 0.015017513
37157 314626.1 113.8445598164 34.0843983152 3776741.171601 762578.4529365 56.6959060496 0.3638288571 1.0707232655 55.5291973761 8.7427385957 5.9388148141 0.0494025527
37158 314626.2 113.8445692894 34.0844036931 3776741.792772 762579.311031 56.6997901788 0.350306944 1.0477231565 55.2759027619 8.7444358469 5.9888888567 0.0599147936
37159 314626.3 113.844578758 34.0844091141 3776742.418728 762580.1685798998 56.7049907185 0.2038856307 1.0374994886 55.0104224749 8.738887446 6.0376187306 0.0665714061
37160 314626.4 113.8445882155 34.0844145763 3776743.049227 762581.0249806999 56.7100025397 0.0713971815 1.0574708622 54.7615852279 8.7253807933 6.0822812954 0.0522329151
37161 314626.5 113.8445976534 34.0844200724 3776743.683431 762581.8794694998 56.711650745 0.0483572797 1.1033157222 54.5263054817 8.6995957533 6.1123710782 0.0030298004
37162 314626.59 113.8446061197 34.0844250465 3776744.257211 762582.6458516999 56.7107740464 0.1249996156 1.0758175711 54.3249063859 8.6652356848 6.1497495887 -0.0089870857
37163 314626.69 113.8446154928 34.0844305979 3776744.897386 762583.4941854 56.7096895175 0.2486695579 1.0368415084 54.1020496143 8.6315301984 6.1684806352 0.0173247084
37164 314626.79 113.8446248225 34.084436171 3776745.539863 762584.3384421 56.7132700309 0.1904930538 1.0023083465 53.8937441488 8.5868566792 6.1923396937 0.0670249697
37165 314626.89 113.8446341107 34.0844417624 3776746.184269 762585.1788068 56.7187025798 0.1065441093 0.9588773919 53.7079449696 8.5538605418 6.2115554732 0.0551448211
37166 314626.99 113.8446433625 34.0844473699 3776746.830353 762586.0157720002 56.7220381917 0.1109784587 0.9024395043 53.5327084834 8.5215588855 6.2275203347 0.0181799619
37167 314627.09 113.8446525686 34.0844529893 3776747.477648 762586.8484708 56.722866971 0.1893812975 0.8736593521 53.3882487726 8.4775695662 6.2287029445 0.0401452729
37168 314627.19 113.8446617341 34.0844586131 3776748.125333 762587.6774109 56.7250870559 0.2339796091 0.8835965439 53.2555392699 8.4537494857 6.2341108078 0.0506252241
37169 314627.29 113.8446708608 34.0844642371 3776748.772937998 762588.5027631 56.7295788499 0.146050835 0.8347727369 53.1311923081 8.4049875512 6.2346275025 0.0656774366
37170 314627.39 113.8446799477 34.0844698657 3776749.420948 762589.3244275 56.7340135816 0.0615466469 0.8501747007 53.0308932046 8.3816469297 6.2384654573 0.0536163716
37171 314627.49 113.8446890068 34.0844754913 3776750.068546 762590.1435390002 56.7356886724 0.050091355 0.8637879738 52.9291292124 8.3522226007 6.2347613959 0.0122696776
37172 314627.59 113.8446980347 34.0844811149 3776750.71585 762590.9597653 56.7363562575 0.0013783863 0.9207598053 52.8226230309 8.3236601538 6.23791755 0.0186294452
37173 314627.69 113.8447070322 34.0844867388 3776751.363114 762591.7731933 56.7371821227 0.0515871358 0.9177959422 52.7139182967 8.2937798922 6.2320824322 0.0252599776
37174 314627.79 113.844715995 34.0844923687 3776752.010953 762592.5833914998 56.7378967898 0.0834435762 0.9145431572 52.5713250429 8.2632334373 6.241651772 0.0292450399
37175 314627.89 113.844724924 34.0844980021 3776752.65909 762593.3904613 56.7399916574 0.0460485808 0.9510757838 52.4066903658 8.2282775265 6.248531999 0.0300982209
37176 314627.99 113.8447338173 34.0845036432 3776753.307982 762594.1942133 56.7420156784 -0.0068524013 0.9363316171 52.2563279793 8.1960144243 6.2610881452 0.015437487
37177 314628.03 113.844737362 34.0845059051 3776753.568124 762594.5145339002 56.7422170742 -0.0057476561 0.8858268715 52.2061012968 8.1749661979 6.2744355335 0.0110506771
37178 314628.13 113.8447461804 34.0845115782 3776754.22038 762595.3112670998 56.7423352906 0.023659631 0.8520590551 52.1049378844 8.1403819891 6.280730478 0.0033177381
37179 314628.23 113.8447549773 34.084517243 3776754.871661 762596.1060384 56.7426538877 0.0160662683 0.8618192258 51.9959708864 8.1178131446 6.2667289568 0.0257637322
37180 314628.33 113.8447637429 34.0845229097 3776755.523069 762596.8979193001 56.744572171 -0.0101380272 0.8215991075 51.9138958985 8.0860822353 6.2801620234 0.0133858434
37181 314628.43 113.8447724826 34.0845285773 3776756.174526 762597.6874047 56.744716038 0.0772701653 0.8375513387 51.8373147561 8.0707187498 6.273948254 -0.0032894833
37182 314628.53 113.8447812011 34.0845342398 3776756.825343 762598.4749479 56.7448360939 0.0921130811 0.8641423057 51.7676286017 8.0469570834 6.2724048377 0.0295120922
37183 314628.63 113.8447898944 34.0845399007 3776757.475932 762599.2601681999 56.748138669 -0.0426101902 0.8689954215 51.7185746787 8.0336647197 6.2715287447 0.0484534195
37184 314628.73 113.8447985722 34.0845455638 3776758.126717 762600.043947 56.750198056 -0.078682416 0.8550390107 51.6751234473 8.0135100329 6.2728944383 0.0059492929
37185 314628.83 113.8448072402 34.0845512268 3776758.777467 762600.8268305998 56.7490778258 -0.0329544221 0.8922802624 51.6406748257 8.0092766588 6.2715278351 -0.0081314726
37186 314628.93 113.8448158943 34.0845568837 3776759.427507 762601.6084391 56.7473698072 0.0240865701 0.9325618186 51.6123582945 7.9936158537 6.2628069576 0.0120288062
37187 314629.03 113.8448245279 34.0845625372 3776760.077118 762602.3881764 56.7491741879 0.033897614 0.9223840177 51.5979646945 7.9703054796 6.2615586279 0.0340644458
37188 314629.13 113.8448331355 34.0845681935 3776760.7269730014 762603.1654962 56.7489795275 0.0332072178 0.8995507541 51.5783892446 7.9611942385 6.2569531159 0.0139591419
37189 314629.23 113.8448417263 34.0845738417 3776761.3758870014 762603.9412830998 56.7492961641 0.0366948786 0.8848619049 51.5652586627 7.9391969999 6.2511140147 0.0278152262
37190 314629.33 113.8448503007 34.0845794851 3776762.024225 762604.7155786 56.7505186023 -0.0119183918 0.8801154438 51.5502321388 7.9237128454 6.250145674 0.0148652788
37191 314629.43 113.8448588638 34.0845851231 3776762.671925 762605.4888543 56.7488999087 0.0373581955 0.8952408967 51.5428935502 7.9205843007 6.2360616912 0.0090324099
37192 314629.53 113.8448674154 34.0845907484 3776763.3182 762606.2610975 56.749236227 -0.0149297634 0.8903096174 51.5301686283 7.9000997392 6.2231897391 0.0397760235
37193 314629.63 113.8448759538 34.0845963708 3776763.964117 762607.0321263 56.7505182642 -0.0201656517 0.9335555029 51.5454059184 7.8911788809 6.2203001921 0.0134000364
37194 314629.73 113.8448844854 34.084601983 3776764.608873 762607.8025718002 56.7483417857 0.1219377971 0.9617363552 51.5596746425 7.8829146296 6.2092765711 -0.0297279293
37195 314629.83 113.8448930024 34.0846075867 3776765.2526629986 762608.5716823002 56.7475845413 0.129665562 0.9783252386 51.5827487433 7.8702546766 6.1974776396 0.0230770997
37196 314629.93 113.844901507 34.0846131781 3776765.895041001 762609.3396944 56.750438951 0.0670626178 0.9693960688 51.6043345557 7.8633229167 6.1818480529 0.0411133095
37197 314630.04 113.8449108439 34.0846193202 3776766.600685 762610.1828604002 56.7522654235 0.0725202002 0.9188635692 51.6287398495 7.8358030133 6.1816079549 0.0294890234
37198 314630.15 113.8449201622 34.0846254468 3776767.304555998 762611.024343 56.7527534971 0.0984343627 0.9761471585 51.6500108209 7.8323919822 6.1481352019 0.0196958844
37199 314630.26 113.8449294597 34.0846315519 3776768.005993 762611.8639834 56.7548727682 0.0917788669 0.9197191304 51.667578886 7.7985697948 6.1399484352 0.0396494914
37200 314630.37 113.844938728 34.0846376458 3776768.706116 762612.7009584 56.7574859699 0.1338902181 0.8957873575 51.7000208836 7.7846442355 6.1154023063 0.0365408717
37201 314630.48 113.8449479793 34.0846437158 3776769.403535 762613.5364346 56.7594339186 0.1324945118 0.8630931762 51.7249490582 7.7679560584 6.1003836738 0.0225173583
37202 314630.59 113.8449572041 34.0846497684 3776770.098957 762614.369517 56.7620433979 0.0826239865 0.815274349 51.7779249096 7.7435802951 6.0758187896 0.0440768498
37203 314630.7 113.8449664074 34.0846557955 3776770.791488 762615.2007015998 56.7653129669 0.0028635523 0.8168140234 51.8152595675 7.7332364077 6.0479056019 0.0302061823
37204 314630.81 113.8449755839 34.0846617921 3776771.480574 762616.0294981998 56.7665906828 0.0011965993 0.831262562 51.8559121287 7.6998441612 6.0124863141 0.0249728575
37205 314630.92 113.8449847205 34.0846677578 3776772.1661230014 762616.8547069002 56.7666252749 0.0027750056 0.7779922508 51.8973615485 7.6610775647 5.9852895616 0.0093861353
37206 314631.03 113.8449938029 34.0846736859 3776772.847361 762617.6750255 56.767420494 0.0097392029 0.7933011298 51.9777013527 7.6140587695 5.9320365303 0.0169962072
37207 314631.14 113.8450028184 34.0846795493 3776773.521257 762618.4893682 56.7672273237 0.1550710779 0.7058718464 52.0683643897 7.5434279604 5.8655761444 0.0033861801
37208 314631.25 113.8450117501 34.084685351 3776774.188073002 762619.296162 56.7675388185 0.2323480749 0.6410663322 52.1943013008 7.4798111385 5.7999071399 0.0255834881
37209 314631.36 113.8450206063 34.0846910674 3776774.845242 762620.0962556999 56.773315426 -0.0142202506 0.6303653113 52.317304273 7.4125347678 5.7075186552 0.104807124
37210 314631.47 113.8450293811 34.0846967064 3776775.493601002 762620.8890635 56.7800575634 -0.1861712927 0.577171209 52.4953010833 7.34003204 5.6396265436 0.0488596712
37211 314631.58 113.8450380776 34.0847022638 3776776.132713 762621.6748928 56.7794510014 -0.1770714716 0.5119579005 52.7134086521 7.2750744081 5.5377578754 -0.0236686655
37212 314631.69 113.8450466935 34.0847077284 3776776.76131 762622.4535689 56.7745889816 -0.0813314106 0.4332436748 52.9678764088 7.2055289582 5.4464514547 -0.0102808856
37213 314631.74 113.8450505823 34.0847101786 3776777.043229 762622.8050782 56.774182044 -0.1036348623 0.4539781168 53.1096846491 7.1786276618 5.3980211015 0.0161865899
37214 314631.86 113.8450598521 34.0847159596 3776777.708634 762623.6431613001 56.7751589883 -0.1735207013 0.4292201606 53.4537396892 7.1025885254 5.2744416762 0.0182760715
37215 314631.98 113.8450690212 34.0847216107 3776778.359355 762624.4723414001 56.7749695489 -0.2483502492 0.3989973245 53.8379862438 7.0304114578 5.1519084624 -0.0107781785
37216 314632.1 113.8450780913 34.0847271246 3776778.99459 762625.2928026 56.7733820928 -0.2563550658 0.3411806967 54.2005179366 6.9452641147 5.0214625855 0.009405169
37217 314632.22 113.8450870706 34.08473251 3776779.615341 762626.1052756 56.7703269897 -0.2442314864 0.3988993172 54.566187213 6.8935617296 4.9169845618 -0.0364509752
37218 314632.34 113.8450960134 34.084737797 3776780.225071 762626.9146924 56.7655320354 -0.178017127 0.3450581928 54.9054983737 6.8803591635 4.8414122683 -0.0234387382
37219 314632.46 113.8451049282 34.084743006 3776780.826083 762627.7217536998 56.7639770983 -0.2200878194 0.3932554123 55.195391206 6.8516876682 4.7705861948 -0.0045993773
37220 314632.5 113.8451078973 34.0847447253 3776781.0245199986 762627.9905959001 56.7630360527 -0.2180541727 0.4280488939 55.2847286748 6.8569662923 4.7466772804 -0.02377755
37221 314632.63 113.8451175219 34.0847502539 3776781.662813 762628.8622174 56.7598918956 -0.282818829 0.5356282914 55.5265961388 6.8270369514 4.6774197191 -0.0030271342
37222 314632.76 113.8451270981 34.0847557109 3776782.293045 762629.7295857 56.7546629431 -0.2576836921 0.6636096865 55.7282349875 6.7971400363 4.613772611 -0.0371898975
37223 314632.89 113.845136628 34.0847611007 3776782.9157 762630.5928955 56.751016072 -0.2821632809 0.8023328692 55.8709067561 6.7577554932 4.5722560599 -0.0291192393
37224 314633.02 113.8451461219 34.084766443 3776783.532988 762631.4530209 56.744456036 -0.2493234147 0.779446772 56.0058226347 6.7321042913 4.5367003748 -0.0422816785
37225 314633.15 113.8451555752 34.084771739 3776784.14503 762632.3095404 56.7403968172 -0.0596720881 0.6362282177 56.1384441626 6.6916007726 4.501262327 0.0051738732
37226 314633.28 113.8451649901 34.0847769875 3776784.7517120014 762633.162663 56.7354362588 0.2119669122 0.6168108459 56.2405148498 6.6763086629 4.4504916876 -0.0389944907
37227 314633.41 113.8451743583 34.0847821751 3776785.351502 762634.0116581 56.7341090506 0.2446525286 0.7384479221 56.2555151424 6.6350718369 4.4054275091 0.0379464824
37228 314633.54 113.845183654 34.0847873369 3776785.948249 762634.8540351 56.7439749194 0.0083139797 0.7244707464 56.2676425817 6.5919321639 4.3998629626 0.0594028129
37229 314633.67 113.845192902 34.0847924712 3776786.541824 762635.6921016 56.7449601293 -0.0063300152 0.6598148631 56.1940816078 6.543059793 4.3686264254 0.0088199928
37230 314633.8 113.8452020925 34.0847975809 3776787.132522 762636.5249348001 56.7453331277 -0.0687870558 0.6746148269 56.0925675962 6.5032315932 4.3518707095 0.0410041481
37231 314633.93 113.8452112143 34.084802684 3776787.722307 762637.3514408001 56.746741253 -0.1790659673 0.6660896027 55.9782796946 6.4560808602 4.3522347482 -0.0018103665
37232 314634.06 113.8452202676 34.0848077802 3776788.311149 762638.1716349 56.744380693 -0.2495575961 0.6311737569 55.8134853756 6.4108505872 4.341221631 -0.0029410817
37233 314634.19 113.8452292476 34.0848128782 3776788.900003 762638.9850631 56.7424120745 -0.1672223972 0.6739242225 55.6279341181 6.3655935605 4.3433339739 -0.0198708374
37234 314634.27 113.8452347461 34.0848160089 3776789.261581 762639.4831033002 56.7403440578 -0.0941466743 0.7263344264 55.4923798833 6.3380802408 4.3335576607 -0.0293271748
37235 314634.41 113.8452443074 34.0848214784 3776789.893159 762640.3490604998 56.7356895823 0.1302518646 0.8686656599 55.2279096054 6.2843543592 4.3228948843 -0.0133637978
37236 314634.55 113.8452537602 34.0848269523 3776790.52495 762641.204979 56.7364108767 0.1751641893 0.951776397 54.9088442193 6.2094949072 4.3238959959 0.0345604932
37237 314634.69 113.8452630984 34.0848324279 3776791.156638 762642.0503162 56.7437742185 0.1059150552 0.9517316478 54.5702873883 6.1323858172 4.3412480022 0.0549295113
37238 314634.83 113.8452723265 34.0848379233 3776791.790231 762642.8854261999 56.7471020501 0.0440002343 0.9233027214 54.2575159186 6.0644991875 4.3480662843 0.017930527
37239 314634.97 113.8452814749 34.0848434226 3776792.424061 762643.7131658002 56.7493735524 -0.1345338973 0.93006657 53.9138319198 6.0161173734 4.3600563636 0.0160787866
37240 314635.11 113.8452905491 34.0848489237 3776793.057888 762644.5340373 56.752609577 -0.3135285332 0.967599782 53.6129600509 5.9675283262 4.3663370789 0.0065702533
37241 314635.13 113.8452918392 34.0848497092 3776793.148378 762644.6507370998 56.7525247093 -0.3148600356 0.9766497113 53.572784223 5.9479906295 4.3634451819 -0.0070740177
37242 314635.27 113.8453008329 34.0848552197 3776793.783047 762645.4641558002 56.7483104235 -0.193216133 0.9316620011 53.2810566911 5.9001799106 4.3882584959 -0.045111322
37243 314635.41 113.8453097507 34.0848607441 3776794.419066 762646.2705162 56.7413467532 -0.1094076559 1.0115240032 52.9102114932 5.8575090369 4.3809361597 -0.0266809362
37244 314635.55 113.8453185806 34.0848662857 3776795.056772 762647.0687194 56.7395121856 -0.0871502268 1.0028180892 52.5346231423 5.7795344191 4.4134763601 0.0013297975
37245 314635.69 113.845327311 34.0848718586 3776795.697679 762647.8576279002 56.7401155243 -0.1430545766 0.9805507339 52.1328184174 5.7314566655 4.4184527863 -0.0256067482
37246 314635.83 113.8453359649 34.0848774406 3776796.3394160015 762648.6394438002 56.737630723 -0.05615978 1.1843937397 51.5660037201 5.6789720056 4.4325302374 -0.0079373991
37247 314635.97 113.8453445043 34.0848830666 3776796.985735 762649.4105606 56.7377810162 -0.1034163259 1.2822622346 50.9101278769 5.5861101325 4.4926720377 0.0023335808
37248 314636.08 113.845351122 34.0848875303 3776797.4981269985 762650.0078168 56.7405465012 -0.2652627344 1.238216625 50.3522783466 5.5253563383 4.5291347289 0.0309736428
37249 314636.23 113.8453600412 34.0848936765 3776798.203146 762650.8123908001 56.738410267 -0.2310624726 1.2584202566 49.5497314498 5.4469584888 4.5804626372 -0.0175188614
37250 314636.38 113.8453688218 34.0848999106 3776798.917572 762651.6038956 56.732614845 -0.1914521341 1.167566996 48.7750928488 5.3546951353 4.6449359577 -0.0013250168
37251 314636.53 113.8453774629 34.084906231 3776799.641218 762652.3822505 56.7316607116 -0.2267622198 1.1022807567 47.9775527639 5.2800263404 4.7110524756 -0.0208849473
37252 314636.68 113.8453859887 34.0849126219 3776800.372394 762653.1497341999 56.726833689 -0.1775349414 1.0066440875 47.1914113532 5.1983450121 4.7717372921 -0.0540247281
37253 314636.83 113.8453943777 34.0849190975 3776801.11261 762653.9043310998 56.7228271393 -0.0988880184 0.9290813521 46.4201531324 5.1144270542 4.8211569532 -0.0018743014
37254 314636.9 113.8453982511 34.0849221459 3776801.460871 762654.2525689 56.7219847236 -0.0673468439 0.8744916048 46.0731822803 5.0903104126 4.8527379065 -0.0053715419
37255 314637.05 113.8454064651 34.0849287333 3776802.213049 762654.9906651998 56.7199282926 -0.0068562909 0.7905216099 45.3677460722 5.016719818 4.911388942 -0.0227131297
37256 314637.2 113.8454145592 34.0849353989 3776802.973597 762655.7174403 56.7183629861 0.0070028518 0.7395310354 44.7418686265 4.9504010434 4.945987018 0.0083921544
37257 314637.35 113.845422554 34.0849421209 3776803.740143 762656.4348797 56.719615845 0.075148656 0.5908068892 44.1717954846 4.88917078 4.99260321 0.0192691357
37258 314637.5 113.8454304616 34.0849489137 3776804.514329 762657.1440442 56.7189155594 0.2535519227 0.4843563296 43.7551970064 4.847343543 5.0456983804 -0.0228067212
37259 314637.65 113.8454383393 34.0849557539 3776805.293698998 762657.8502949 56.7190597458 0.3786176204 0.4476207609 43.3757128222 4.8449861875 5.0704704186 0.0307011179
37260 314637.8 113.8454461841 34.0849626493 3776806.079108 762658.5533493 56.7253142865 0.243900968 0.4175090534 42.98764371 4.8087672057 5.1329661881 0.0517752208
37261 314637.83 113.8454477469 34.0849640373 3776806.237158 762658.6933545 56.7269967869 0.2077270657 0.4290196295 42.9145901589 4.8078372826 5.1346919279 0.0586655684
37262 314637.98 113.8454555586 34.0849710155 3776807.031667 762659.3930910998 56.732720349 0.132449052 0.3821129661 42.5260062974 4.7956908419 5.1886362073 0.0215860977
37263 314638.13 113.8454633479 34.0849780677 3776807.834343 762660.0905314 56.7324443292 0.1319034207 0.3825950724 42.1637702449 4.7841840508 5.2530952666 -0.0144064982
37264 314638.28 113.8454711082 34.0849851949 3776808.645258 762660.7850615 56.7325547179 0.2506616202 0.2921310742 41.8097020437 4.7766229307 5.3013355785 0.0110549396
37265 314638.42 113.8454783355 34.0849919029 3776809.408279 762661.4316718002 56.7333654454 0.4163899202 0.3167802671 41.4806567038 4.7663981959 5.3428054245 0.0111457626
37266 314638.56 113.8454855524 34.0849986628 3776810.17703 762662.077158 56.7361859735 0.4208886774 0.4436914295 41.1724468302 4.7514631974 5.3818768997 0.0613057916
37267 314638.7 113.8454927499 34.0850054679 3776810.950756 762662.7207183002 56.743650632 0.2628455971 0.6244721652 40.8180249106 4.7284567946 5.4140564461 0.067379678
37268 314638.84 113.8454999107 34.0850123157 3776811.72912 762663.36075 56.7501625875 0.2921346682 0.9028904691 40.421163358 4.7163407163 5.4457075635 0.0328089598
37269 314638.88 113.8455019502 34.0850142782 3776811.952158 762663.5430077 56.7509329366 0.3726139018 0.947153509 40.2753323914 4.7007198585 5.4512368725 0.0324549563
37270 314639.02 113.8455090351 34.0850211764 3776812.735930002 762664.1758764 56.7515788712 0.5143660743 1.1571043165 39.7056815269 4.6378145933 5.4991270647 0.0107166193
37271 314639.16 113.8455160114 34.0850281348 3776813.526088 762664.7985382 56.7596991099 0.3988948862 1.273797746 39.0314105764 4.5584208621 5.5320049066 0.1031783396
37272 314639.3 113.8455228753 34.0850351595 3776814.323327 762665.4106156002 56.7693335731 0.2592348613 1.2827129268 38.1852772624 4.476473528 5.6033634763 0.0507995221
37273 314639.44 113.845529585 34.085042251 3776815.127577 762666.0082443 56.7757938514 0.1225036776 1.3321673085 37.2896185178 4.3715184442 5.6291089266 0.0682629968
37274 314639.53 113.8455338052 34.0850468287 3776815.64645 762666.3837658 56.7789749103 0.0420677215 1.3187814146 36.6766056162 4.282211787 5.6584859484 0.0219500586
37275 314639.68 113.8455406723 34.0850545187 3776816.517526 762666.9940859 56.7808816982 -0.0754927529 1.279767639 35.6619836769 4.1601169262 5.7185488866 -0.0061016217
37276 314639.83 113.8455473542 34.0850622662 3776817.394509 762667.5871131 56.780638787 -0.007334536 1.2644554281 34.6227148755 4.0484218192 5.7522136642 0.0040281262
37277 314639.98 113.8455538416 34.0850700724 3776818.27751 762668.162013 56.7789902044 0.1305450983 1.3157967292 33.5906883311 3.9196081685 5.8054428741 -0.0199984458
37278 314640.13 113.8455601329 34.085077984 3776819.171689 762668.7184736 56.7793267956 0.1413486859 1.2464978118 32.5859833859 3.843443652 5.8991269527 0.0052497031
37279 314640.15 113.8455609628 34.0850790491 3776819.292028 762668.7918064998 56.779515651 0.145256381 1.1937555921 32.4426548271 3.8204041668 5.9063518155 0.0031851581
37280 314640.3 113.8455671138 34.0850871308 3776820.204728 762669.3347914 56.7827103641 0.1263333331 1.0557902753 31.4592786686 3.745428075 6.0237403001 0.0584580902
37281 314640.44 113.8455727403 34.0850948455 3776821.075357 762669.8304705 56.7853951454 0.196452737 0.809566034 30.6485880904 3.6996036362 6.1642387691 -0.0066229395
37282 314640.58 113.8455783138 34.0851027148 3776821.963013 762670.3207807 56.7820306355 0.274982399 0.6594144321 29.8273146536 3.6464036997 6.2887363519 -0.0104568728
37283 314640.72 113.845583826 34.0851107393 3776822.867718 762670.8049486999 56.7861919263 0.3432125259 0.6016682242 29.1392264538 3.619653671 6.4108709991 0.0449526517
37284 314640.86 113.8455892943 34.0851189225 3776823.789936 762671.2845801 56.7882106686 0.36557035 0.4466356358 28.4717660758 3.5830146233 6.5449343307 -0.0357497652
37285 314641.0 113.8455947174 34.0851272647 3776824.729675 762671.7595439998 56.7897327756 0.4253398972 0.4325369687 27.9111429765 3.5701830006 6.653672734 0.0553441885
37286 314641.14 113.8456001214 34.0851357377 3776825.68388 762672.2323342 56.7977797175 0.3315975672 0.4801159525 27.450758167 3.5540041774 6.771782376 0.0324441662
37287 314641.16 113.8456008886 34.0851369602 3776825.8215230014 762672.2993979 56.7979819365 0.3308070977 0.4661933479 27.4024451875 3.5454451081 6.784578155 0.00904455
37288 314641.29 113.8456058747 34.0851449743 3776826.723728 762672.7350205998 56.7959732823 0.4377841079 0.3618292714 27.1429340799 3.5501652134 6.8765034802 0.0097023839
37289 314641.42 113.8456108811 34.0851530786 3776827.635996 762673.1722379002 56.8005176103 0.2814987125 0.4206361413 26.8725920683 3.5655569297 6.9533255112 0.0641782266
37290 314641.55 113.8456158965 34.0851612825 3776828.559349 762673.6099856 56.8054032149 0.2064885651 0.4778544932 26.7008921176 3.5728637549 7.0383715153 0.0273595719
37291 314641.68 113.845620928 34.0851695811 3776829.4932449986 762674.0489211 56.8032933213 0.4873088722 0.526536865 26.5498308727 3.5951240006 7.1095304847 -0.0105665587
37292 314641.81 113.8456259821 34.0851779668 3776830.43686 762674.4896743 56.8013220867 0.8414445601 0.5837097729 26.4031141308 3.6016799133 7.186449215 0.0075629761
37293 314641.94 113.8456310556 34.0851864258 3776831.388664 762674.9319935002 56.8103030398 0.8807123315 0.6379446609 26.2758089435 3.623126539 7.2480372786 0.1468318848
37294 314642.07 113.845636153 34.0851949554 3776832.348368 762675.3763042 56.8259881278 0.6615435681 0.7929825799 26.1784645198 3.6272370289 7.3088345382 0.0646309548
37295 314642.2 113.8456412649 34.085203566 3776833.317096 762675.8216960998 56.8356399471 0.608451481 0.787056171 26.1320490125 3.6466947079 7.3754404624 0.1188429122
37296 314642.33 113.8456464037 34.0852122566 3776834.294775 762676.269327 56.8431356344 0.5290994599 0.7676800733 26.1043315746 3.6805373616 7.4494171399 0.0795489531
37297 314642.45 113.8456511848 34.0852203392 3776835.204051 762676.6858076 56.8490240248 0.4955158383 0.6205329742 26.1089189661 3.6800983964 7.502980041 0.0495387191
37298 314642.57 113.845655985 34.0852284924 3776836.1212120014 762677.1038425 56.8568128273 0.5103398831 0.4612310491 26.1561953877 3.7149827862 7.5685465754 0.0666812376
37299 314642.69 113.845660841 34.0852366992 3776837.044475 762677.5268510998 56.8621366136 0.4134473587 0.3809512907 26.2514983531 3.7700078601 7.604146373 0.033486628
37300 314642.81 113.8456657397 34.0852449609 3776837.973929 762677.9536411 56.8676664326 0.3872914886 0.2348804845 26.3923781339 3.7942703142 7.6588471309 0.0567759464
37301 314642.93 113.845670715 34.0852532701 3776838.9088550014 762678.3873589 56.8712283261 0.302611392 0.279130921 26.5518652943 3.8721532339 7.6974198163 0.0166507039
37302 314643.05 113.8456757611 34.0852616283 3776839.8494050014 762678.8274576998 56.874493584 0.2021822823 0.2814710544 26.7307903159 3.9020238442 7.7523985597 0.0395845081
37303 314643.17 113.8456808552 34.0852700549 3776840.797672 762679.2717778 56.8781423206 0.1393374206 0.353063358 26.9418120403 3.9722219507 7.7897870162 -0.0014088175
37304 314643.29 113.8456860291 34.0852785269 3776841.751175 762679.723321 56.8781561237 0.1702477402 0.3393558381 27.1786592688 4.022104805 7.8342304906 -0.0356460684
37305 314643.41 113.845691274 34.0852870465 3776842.71015 762680.1812753 56.8765169084 0.2455221526 0.3611772203 27.4689411957 4.0902811479 7.8748929418 -0.0102569328
37306 314643.53 113.8456966143 34.0852955986 3776843.672968 762680.6479418002 56.8780511096 0.1433731425 0.3676488744 27.753546787 4.1716271878 7.9031175144 0.0101434684
37307 314643.65 113.8457020395 34.0853041911 3776844.640496 762681.1223253 56.8793233093 0.128714943 0.3966575565 28.0712095643 4.2320958379 7.9427192622 -0.005347987
37308 314643.7 113.845704328 34.0853077824 3776845.044936 762681.3225373002 56.8793344032 0.148207281 0.4038222367 28.2043928237 4.2613414233 7.9534496203 0.0001337495
37309 314643.82 113.8457099002 34.0853164251 3776846.01841 762681.8103349 56.8786883475 0.0975035852 0.4495478844 28.498565537 4.3459065704 7.9916478022 0.00137922
37310 314643.93 113.8457150846 34.0853243822 3776846.914807 762682.2644437 56.877144739 0.1180830287 0.5071460086 28.7975145688 4.4077711217 8.0207910157 -0.0206634906
37311 314644.04 113.8457203589 34.0853323618 3776847.813915 762682.7267793 56.8774487292 0.1702758352 0.5246888462 29.0724543775 4.472917397 8.0408995268 -0.0138848858
37312 314644.15 113.8457257164 34.0853403631 3776848.715661 762683.1967338 56.8759640707 0.271593068 0.6025871763 29.3762520497 4.5448510343 8.07870886 -0.0138174467
37313 314644.26 113.8457311585 34.0853483864 3776849.620064 762683.6744373002 56.8755905302 0.3262331839 0.6390707485 29.6685025351 4.6201589309 8.0943671927 0.0144449658
37314 314644.37 113.8457366761 34.0853564333 3776850.527273 762684.1590289002 56.8783792825 0.2936136192 0.6737536061 29.9682694589 4.6762239755 8.1218279569 0.0290953835
37315 314644.48 113.8457422765 34.0853645017 3776851.437094 762684.6512111998 56.8820606945 0.3275686503 0.6698358641 30.2654367552 4.7489880885 8.139271301 0.0162724905
37316 314644.59 113.8457479603 34.085372595 3776852.349875 762685.1510093 56.8843951477 0.3835923404 0.6763647408 30.5621931551 4.8138033764 8.1706244991 0.0205455595
37317 314644.7 113.8457537251 34.0853807103 3776853.265318 762685.6582235 56.8866106188 0.4059541056 0.6944295351 30.8650930734 4.8885250243 8.1823592954 0.038855326
37318 314644.75 113.8457563762 34.0853844039 3776853.682043 762685.8915926998 56.8888644427 0.402082941 0.6514575504 30.9899748672 4.9232792917 8.1940585835 0.0500169006
