37319 314703.38 113.8465258042 34.0881482362 3777162.383569998 762748.3903973 57.2102390872 0.029741854 0.7899980081 351.7591672251 -1.0304093721 7.2101030762 0.0294316329
37320 314703.52 113.8465242134 34.0881573074 3777163.3861629986 762748.2154623 57.2128325058 -0.0166829649 0.7511546316 351.5691809787 -1.0478685321 7.1657825673 0.040516438
37321 314703.66 113.8465225949 34.0881663213 3777164.382337 762748.038141 57.2137791067 -0.004817905 0.7010354069 351.4333607408 -1.06995173 7.1270284253 -0.0031987656
37322 314703.8 113.8465209648 34.0881752839 3777165.372787 762747.8599093 57.2120190989 -0.0380115297 0.6915764387 351.2891493919 -1.0679872019 7.0833674152 0.0176655405
37323 314703.94 113.8465193227 34.0881841927 3777166.35724 762747.6807408001 57.2147940937 -0.1725659097 0.6948565062 351.1391603844 -1.0888763708 7.0390496613 0.0450064089
37324 314704.09 113.8465175326 34.0881936792 3777167.405411 762747.4861149 57.2144922698 -0.2669067322 0.6786274613 350.9953694143 -1.0922440805 7.0000726408 -0.0168920562
37325 314704.24 113.8465157303 34.0882031048 3777168.446799 762747.2905524 57.2087999769 -0.3605800743 0.7867864109 350.8369828548 -1.1002785122 6.9527313103 -0.0171650725
37326 314704.39 113.8465138996 34.0882124797 3777169.482488 762747.0925229 57.2045560665 -0.341681741 0.8171249844 350.7099892581 -1.1241136536 6.9302280727 -0.0208004973
37327 314704.54 113.8465120257 34.0882219094 3777170.5241519986 762746.8903335 57.1932395063 0.0182549315 0.7567549097 350.5568307939 -1.1547072861 7.0186210353 -0.076498823
37328 314704.68 113.8465102292 34.0882307962 3777171.505755998 762746.6969774 57.184306154 0.2939657174 0.7959043073 350.4535617883 -1.1823201175 7.0839448054 -0.0108444027
37329 314704.78 113.8465089269 34.0882372021 3777172.213311 762746.556919 57.1849236274 0.3184007569 0.787160565 350.3703506846 -1.2013272571 7.1383203695 0.0474258534
37330 314704.92 113.8465070625 34.0882462626 3777173.214029 762746.3567500998 57.1875949623 0.2525826733 0.7948787642 350.2601041061 -1.2378845532 7.2247208156 0.0350538506
37331 314705.06 113.8465051518 34.0882554359 3777174.227133 762746.1519593 57.1897419719 0.1283613232 0.7737222849 350.1276497058 -1.2646808694 7.3171458858 0.0426840822
37332 314705.2 113.8465031969 34.0882647223 3777175.252685 762745.9427363 57.1904232735 0.0684794097 0.8099845455 349.9216292969 -1.3103842169 7.417302546 -0.0080323074
37333 314705.34 113.8465011712 34.0882741414 3777176.29277 762745.7265705 57.1860052114 0.1447138899 0.8774943347 349.7007617386 -1.3534630215 7.5275659722 -0.0245316531
37334 314705.47 113.8464992242 34.088283005 3777177.271419 762745.5193785 57.182136571 0.2866809453 0.8578440407 349.4821279825 -1.4060380074 7.6237996052 0.0232004689
37335 314705.6 113.8464971919 34.0882919817 3777178.2624 762745.3039694 57.1813135278 0.2710925304 0.7927948431 349.2925329177 -1.4570078143 7.7208161285 0.0011024003
37336 314705.73 113.8464951095 34.0883010705 3777179.265688 762745.0835916 57.1829008264 0.103432 0.7604430523 349.0940104833 -1.4922612084 7.8077129073 0.0412423439
37337 314705.86 113.8464929621 34.0883102613 3777180.280134 762744.8568839001 57.1835329132 -0.0262063505 0.782544548 348.9468577013 -1.5419420776 7.9024381819 -0.0070244826
37338 314705.99 113.8464907699 34.0883195535 3777181.305717 762744.6257328 57.1793017043 -0.0239880372 0.797252219 348.7824509034 -1.5682323941 7.9839928261 -0.0339627655
37339 314706.12 113.8464885241 34.0883289478 3777182.342488 762744.3893219 57.1720218621 0.0709195903 0.842070699 348.6376973182 -1.6100132977 8.062452241 -0.0473256198
37340 314706.25 113.8464862268 34.0883384417 3777183.390179 762744.1478428 57.1697861264 0.059289711 0.8350911991 348.4807922186 -1.6478628738 8.1498264612 0.015387613
37341 314706.37 113.846484056 34.0883472932 3777184.366911 762743.9200303 57.1670768075 0.0663722872 0.8967324823 348.3457550746 -1.683840365 8.2275409579 -0.0082064862
37342 314706.49 113.8464818447 34.0883562278 3777185.35276 762743.6882215 57.1621294944 0.0866491892 0.9301419375 348.2219716932 -1.7143313379 8.3067492612 -0.0121133991
37343 314706.61 113.846479583 34.0883652346 3777186.346484 762743.4515359 57.16091445 0.0675148963 0.8777313079 348.1082650317 -1.7657593195 8.3709413129 0.0036275898
37344 314706.73 113.8464772714 34.0883743193 3777187.348735 762743.2100043 57.1569312774 0.0897157052 0.85032942 348.0370283738 -1.7828871988 8.4405204231 -0.0201947748
37345 314706.85 113.8464749358 34.0883834786 3777188.359197 762742.9660264 57.1534230635 0.0321415506 0.8357359678 347.971284149 -1.8112890112 8.5048974958 0.0124635321
37346 314706.97 113.8464725633 34.0883927149 3777189.378108 762742.7183975 57.1533730673 -0.0549843751 0.8224615018 347.9258260931 -1.8303767698 8.5822047535 0.005782751
37347 314707.09 113.8464701588 34.0884020285 3777190.405521 762742.4675841 57.1481829742 0.033147504 0.7593136722 347.8691969666 -1.8656629199 8.6506163087 -0.0625071473
37348 314707.21 113.8464677157 34.088411415 3777191.440916 762742.2129759 57.1418416994 0.1766232611 0.7436149625 347.8332026044 -1.8850638452 8.7181354547 -0.0223587238
37349 314707.33 113.8464652503 34.0884208712 3777192.483995 762741.9560921 57.1410644054 0.18366683 0.7228543468 347.7966799033 -1.9045510595 8.7800047799 0.0111183463
37350 314707.45 113.846462765 34.0884303855 3777193.533472 762741.6971875 57.1413120106 0.1869468034 0.7641511231 347.7706179985 -1.909376587 8.8251164321 0.0063037553
37351 314707.57 113.8464602647 34.0884399475 3777194.588198001 762741.4367576 57.1417345274 0.140526833 0.7137322981 347.7279477793 -1.9300696793 8.868916278 0.0181777698
37352 314707.69 113.8464577374 34.0884495479 3777195.647118 762741.1737188002 57.1425026283 -0.0006450965 0.6979642856 347.6899121149 -1.9449815271 8.9029306208 0.0183364634
37353 314707.8 113.8464554078 34.0884583797 3777196.621253 762740.9313008002 57.1428337945 -0.1279843607 0.6560523044 347.649096062 -1.9563271535 8.9256044301 0.0028496923
37354 314707.91 113.8464530558 34.0884672369 3777197.598147 762740.6867385 57.1393635925 -0.0914048926 0.6208770631 347.6319634401 -1.9804612639 8.9503798896 -0.028590675
37355 314708.02 113.8464506958 34.0884761166 3777198.5775230015 762740.4413755998 57.1337215742 0.0248846428 0.6156459095 347.6059621553 -1.9736457345 8.9740385731 -0.0443680175
37356 314708.13 113.8464483347 34.088485015 3777199.558963 762740.1958451 57.130349529 0.0494971823 0.6581043814 347.5693611847 -1.9879759198 8.980696163 0.0093267156
37357 314708.24 113.8464459695 34.0884939251 3777200.5416910006 762739.9499091 57.1316248346 0.0019506534 0.6970808764 347.5322897297 -1.9823047903 8.9908686696 0.0160358546
37358 314708.35 113.8464435887 34.0885028439 3777201.525349 762739.7024968 57.130859185 0.1585404762 0.6678793125 347.5180989274 -2.0079859471 9.0018314184 -0.0193941091
37359 314708.46 113.8464411983 34.08851177 3777202.509787 762739.4541785999 57.1282486785 0.2932216425 0.6582581186 347.5508655662 -1.9995278597 9.008184185 0.0083594034
37360 314708.57 113.8464388128 34.0885206996 3777203.494636 762739.2063061999 57.1317895949 0.2210311305 0.5871953923 347.6080272357 -2.0021239341 9.0041193324 0.0782288468
37361 314708.68 113.8464364272 34.0885296363 3777204.480266 762738.9583914998 57.1377867684 0.1684476187 0.5847732827 347.7152611315 -1.9853634409 9.0215351586 0.0494480997
37362 314708.79 113.8464340716 34.0885385911 3777205.467983 762738.7131988001 57.1399796493 0.0866966656 0.537324003 347.8251454576 -1.9705173327 9.038498685 0.0017411722
37363 314708.9 113.8464317336 34.0885475583 3777206.457117 762738.469593 57.1419072095 -0.0981426986 0.5653237492 347.9340638582 -1.9477240892 9.0545964873 0.0268816991
37364 314709.01 113.8464294232 34.088556544 3777207.448382 762738.2284813002 57.1434118003 -0.3300698499 0.6083520145 348.0071028618 -1.9261479974 9.0719999994 -0.0131214296
37365 314709.12 113.8464271271 34.0885655505 3777208.441987002 762737.9886197 57.1365261199 -0.291565191 0.6600853192 348.0892863745 -1.9315698448 9.08771892 -0.0901656385
37366 314709.23 113.8464248377 34.0885745738 3777209.437479 762737.7493314998 57.1272714334 -0.0747054972 0.5900657003 348.153863521 -1.9233565413 9.1053453157 -0.0601957498
37367 314709.34 113.8464225488 34.0885836143 3777210.434881 762737.5100270001 57.1206377931 0.0149774031 0.5289077065 348.2037697684 -1.9287725962 9.1226255089 -0.0299738461
37368 314709.45 113.8464202685 34.0885926657 3777211.433509 762737.2714843 57.1205604691 -0.1398267266 0.5715072742 348.2642583569 -1.9022770266 9.140028854 0.0308588908
37369 314709.56 113.8464180028 34.0886017333 3777212.433974 762737.0342488001 57.1203538422 -0.2051446948 0.5144123044 348.3234436537 -1.9131991014 9.1547611483 -0.028645417
37370 314709.67 113.8464157332 34.0886108157 3777213.436076 762736.7966035998 57.113447072 -0.0145163662 0.4825069325 348.4290540791 -1.8998949018 9.166376265 -0.0531727301
37371 314709.78 113.8464134903 34.0886199141 3777214.44002 762736.5613726 57.1063293722 0.2159747011 0.4528356576 348.5647935323 -1.8778038603 9.1824992368 -0.0081574126
37372 314709.89 113.8464112658 34.0886290186 3777215.444685 762736.3278157 57.108548956 0.0683680178 0.4676745779 348.7761978169 -1.8499814029 9.1811216382 0.064169433
37373 314710.0 113.84640909 34.0886381231 3777216.449471 762736.0987684 57.1139115049 -0.1725955103 0.3693716727 349.027315911 -1.8105238551 9.1808372622 0.0169172505
37374 314710.11 113.8464069541 34.0886472279 3777217.454402 762735.8733959 57.1125189308 -0.1724323674 0.3561111476 349.3459210572 -1.7664336904 9.1723899569 -0.045498421
37375 314710.22 113.8464048894 34.088656332 3777218.4594410006 762735.6545947 57.1069824891 -0.1074181937 0.320523297 349.682685549 -1.7056295006 9.1820559581 -0.0199802655
37376 314710.28 113.8464037889 34.088661295 3777219.007386 762735.5376351 57.1041356586 -0.0964678433 0.3110622575 349.8738812274 -1.686088792 9.1735021728 -0.0010840068
37377 314710.39 113.8464018273 34.0886703888 3777220.0115410006 762735.3283933002 57.1018210398 -0.1877715211 0.2899084275 350.2203983143 -1.6152773096 9.1669207038 -0.0231012642
37378 314710.5 113.8463999507 34.0886794657 3777221.014036 762735.1270474 57.1005145377 -0.2656685118 0.3577692202 350.5385356401 -1.539617281 9.1469906416 -0.0149918222
37379 314710.61 113.8463981451 34.0886885366 3777222.0160550014 762734.9322808002 57.0956721194 -0.2894207125 0.4463774744 350.8508248976 -1.4939592106 9.1455103872 -0.0517606102
37380 314710.72 113.8463963969 34.0886975894 3777223.016217 762734.7428653 57.0895881886 -0.2248587823 0.4911038375 351.1591757728 -1.4515853796 9.1111844597 -0.0270681791
37381 314710.83 113.8463947088 34.08870662 3777224.014059 762734.559075 57.0844480414 -0.0844722745 0.5345220712 351.4486032282 -1.3879441711 9.0935283705 -0.0315450616
37382 314710.94 113.8463930806 34.0887156181 3777225.0084480015 762734.3809102 57.0810049437 0.0439836041 0.5790544052 351.6763548523 -1.3446080334 9.0572478581 0.0002610775
37383 314711.04 113.8463916473 34.088723763 3777225.908666 762734.2233811999 57.0806346601 0.0705083139 0.6633621925 351.831690867 -1.3080339944 9.0165059785 0.0325565737
37384 314711.16 113.846389986 34.0887334809 3777226.982852 762734.0399297 57.0835315771 -0.1119334417 0.7879624817 351.9459088826 -1.2663047438 8.9501411568 0.026574713
37385 314711.28 113.846388365 34.0887431285 3777228.049342 762733.8604287 57.0865698904 -0.3811519842 1.1148818738 352.0797667351 -1.2212190419 8.8859922541 0.0163292149
37386 314711.4 113.8463867872 34.088752695 3777229.106941001 762733.6851599 57.0848242212 -0.486332581 1.2907962506 352.2257880059 -1.2008548932 8.8050894019 -0.0311212546
37387 314711.52 113.8463852477 34.0887621792 3777230.1555160014 762733.5136806999 57.0749980276 -0.3583985674 1.3809761627 352.3560832966 -1.1766372731 8.7287962712 -0.1047265266
37388 314711.64 113.8463837468 34.0887715765 3777231.194532 762733.3460362 57.0667960914 -0.3627634451 1.3019213403 352.4765207851 -1.1524501601 8.6607452213 -0.037913971
37389 314711.76 113.8463822667 34.0887808995 3777232.225368 762733.1805441 57.0639891159 -0.4127045452 1.243753429 352.6098640668 -1.1413122334 8.5912100069 0.006580558
37390 314711.88 113.8463808105 34.088790176 3777233.251105998 762733.0174021 57.059658491 -0.4487768247 1.0755914209 352.7021415871 -1.1151690165 8.5578338416 -0.0710634881
37391 314712.0 113.8463793645 34.0887994045 3777234.271533 762732.8553506 57.0497465264 -0.2319693235 0.9738255348 352.7069746688 -1.1157941234 8.50465276 -0.0198253905
37392 314712.12 113.8463779625 34.0888085926 3777235.287597 762732.6974806 57.0442305561 -0.3672341283 0.9314544422 352.5452077293 -1.0848229084 8.4751019396 -0.015315848
37393 314712.24 113.8463765332 34.0888177237 3777236.297253 762732.5372748 57.041984533 -0.7032358635 0.9853180516 352.2941194729 -1.1372979431 8.4028678311 -0.0128188267
37394 314712.36 113.8463750471 34.0888268013 3777237.30084 762732.3719832 57.0337698162 -0.530149396 1.0146192279 351.9617112087 -1.1696399807 8.3492878915 -0.1073300831
37395 314712.48 113.8463734982 34.0888358296 3777238.298789 762732.2010524 57.0187384458 -0.4632372257 0.9249522927 351.5355480764 -1.2424329695 8.3001590834 -0.0923576751
37396 314712.58 113.8463721649 34.0888433041 3777239.124862 762732.0548227 57.0148780122 -0.7014160254 1.0697278632 351.1233593081 -1.2472398168 8.2703439973 0.0561166311
37397 314712.7 113.846370494 34.0888522169 3777240.109674 762731.8729841999 57.0106906686 -0.7929048905 1.1378537381 350.579179596 -1.3324996836 8.2050482928 -0.0531693136
37398 314712.83 113.8463685677 34.0888618138 3777241.169757 762731.6654438 56.9924971052 -0.3781770416 1.1820268822 350.0106519448 -1.4137041748 8.1532285801 -0.1670908682
37399 314712.96 113.8463665325 34.0888713384 3777242.221532 762731.4480751 56.9790828042 -8.11853e-05 0.9744906356 349.4047790832 -1.5095645795 8.0985542268 -0.0464755774
37400 314713.09 113.8463643861 34.0888807947 3777243.26544 762731.2206473 56.9797788896 -0.0263106258 0.9389016248 348.8150683819 -1.5580277086 8.0418021413 0.0328247961
37401 314713.11 113.8463640472 34.088882245 3777243.4255160014 762731.1848662 56.9801533101 -0.0296202524 0.8711932339 348.7173692825 -1.5804551083 8.0369010022 0.022530428
37402 314713.24 113.8463617586 34.0888916271 3777244.460832 762730.9445445 56.9796865089 -0.1838499705 0.743312973 348.1757807068 -1.6486858529 7.9729392583 0.0077758464
37403 314713.37 113.8463593972 34.0889009542 3777245.489847 762730.6976628 56.9814438056 -0.3486291897 0.7261129913 347.6199172157 -1.7127146277 7.9354376788 -0.0152879877
37404 314713.5 113.8463569169 34.0889102261 3777246.512435 762730.4399776999 56.9756848011 -0.1879351055 0.8868669699 347.0417023706 -1.771047746 7.9016051493 -0.0441030469
37405 314713.63 113.8463544047 34.0889194477 3777247.529357 762730.1795042 56.9695242736 0.0734809044 1.1680552024 346.3594500648 -1.8466508033 7.8197510356 0.0179846037
37406 314713.76 113.8463517203 34.0889285883 3777248.536842 762729.9033742 56.9715414438 0.0214520778 1.2099806871 345.7493494391 -1.9658387542 7.7560199002 -0.008079259
37407 314713.89 113.8463489586 34.0889376674 3777249.537314 762729.6203066 56.9718659753 -0.0082418316 1.2751087613 345.0503842784 -2.0107979908 7.7054888702 0.0116896714
37408 314713.94 113.8463478621 34.0889411392 3777249.919777 762729.5083209 56.9724945426 -0.015771856 1.2286364858 344.8024382408 -2.0593265988 7.677837184 0.0334435277
37409 314714.07 113.846344897 34.0889501166 3777250.908441 762729.2067809 56.9739516796 -0.1708744755 1.1023485133 344.22341375 -2.1443647303 7.6291147303 -0.0103641431
37410 314714.2 113.8463418497 34.0889590443 3777251.891362998 762728.8978156 56.9708182411 -0.0231972812 1.0259742314 343.6206049258 -2.2079073772 7.5835255102 -0.0285328193
37411 314714.33 113.8463386954 34.0889679141 3777252.867593 762728.5791375 56.9679053892 0.1911141394 0.917608298 343.0904312876 -2.2729314413 7.5312567233 -0.0477897513
37412 314714.46 113.8463354439 34.0889767542 3777253.840279 762728.2515805 56.9670168478 0.4607458709 0.6882262135 342.5642864141 -2.3510660357 7.5190255332 0.0267194254
37413 314714.59 113.846332086 34.0889855768 3777254.81074 762727.9142550002 56.9713668395 0.3384034097 0.5801714187 342.0600844092 -2.4244721785 7.5168872903 0.0228750725
37414 314714.72 113.8463286542 34.0889943816 3777255.779046 762727.5701525 56.9839186743 -0.2752260478 0.59136754 341.5581552005 -2.4854830131 7.4980223465 0.0792456407
37415 314714.85 113.8463251115 34.089003187 3777256.747128 762727.2158226 56.9877301231 -0.5538582193 0.6710923333 341.1048589219 -2.5504058358 7.5221865819 -0.0768365674
37416 314714.98 113.8463214899 34.0890120026 3777257.71614 762726.8541685998 56.9698504731 -0.1020485346 0.5499529271 340.5851935217 -2.6171068508 7.5071218772 -0.1280545609
37417 314715.11 113.8463177325 34.0890208014 3777258.682935 762726.4800278002 56.9617845248 0.02441647 0.4634384737 340.0701318105 -2.7033973873 7.5008304734 -0.0099875326
37418 314715.24 113.8463138885 34.0890296004 3777259.649533 762726.0978914001 56.9654970737 -0.1561613927 0.6258795012 339.5385196227 -2.761579575 7.5078005811 0.0307372178
37419 314715.37 113.8463099179 34.089038395 3777260.615316 762725.7040714001 56.9637076966 -0.1216679388 0.6141283363 339.0534263047 -2.8603388882 7.5072799122 -0.0056607186
37420 314715.5 113.8463058401 34.0890471816 3777261.579942 762725.3003915 56.9571803622 0.152236935 0.6606711477 338.512069017 -2.9128985549 7.4970622968 -0.0187450732
37421 314715.57 113.8463036191 34.0890519182 3777262.099873 762725.0806709002 56.9549887246 0.2588969818 0.7625023425 338.1922003571 -2.9389684149 7.5014714256 0.0032512877
37422 314715.7 113.8462993955 34.0890606943 3777263.062954 762724.6635547 56.9556835163 0.3153011342 0.859114977 337.6413257598 -3.042168763 7.4653241099 0.0485617319
37423 314715.83 113.8462950544 34.0890694453 3777264.022949 762724.2356654998 56.9648285974 0.2454833294 0.9741283937 337.0840556837 -3.1075160984 7.4647748622 0.0420171547
37424 314715.96 113.8462906077 34.0890781808 3777264.980942 762723.7980757 56.9644779656 0.2404859392 1.052230474 336.5289893108 -3.2007106539 7.4264179576 0.0103075785
37425 314716.09 113.8462860541 34.0890868788 3777265.934509 762723.3507351999 56.9718465712 -0.0045067847 1.0761016678 336.00589202 -3.2608676052 7.4193677935 0.0690381719
37426 314716.21 113.8462817641 34.0890948736 3777266.810715 762722.9299053 56.9742295872 -0.0361379897 1.0347380596 335.5221606311 -3.3365543231 7.3667400713 -0.010347901
37427 314716.34 113.846277042 34.0891034855 3777267.754283 762722.4672721998 56.971260041 0.0032765566 1.0880737284 334.9783962111 -3.3685761897 7.3232015116 -0.0172735604
37428 314716.47 113.8462722361 34.0891120317 3777268.690355 762721.9971020998 56.9705657279 0.1689356725 1.0463064504 334.3820137553 -3.4601713479 7.2455073921 0.0122462911
37429 314716.6 113.8462673322 34.0891205051 3777269.618086 762721.5181116002 56.9713328825 0.2566667859 1.2478353562 333.6811098175 -3.4864307619 7.2022176384 0.0166469899
37430 314716.73 113.8462623414 34.0891289283 3777270.540030998 762721.0312503 56.9734927285 0.5208807038 1.4680921812 332.8343081266 -3.6006813928 7.1321732882 0.0603834378
37431 314716.85 113.8462575942 34.0891366114 3777271.38046 762720.5691681 56.9835318681 0.2332146817 1.3357968466 332.0094516616 -3.6986375504 7.0643145336 0.0576233056
37432 314716.98 113.8462522672 34.0891448354 3777272.279429 762720.0518851 56.9923635358 -0.4365954238 1.131914339 331.0331197739 -3.8326724476 6.987349311 0.0658170167
37433 314717.11 113.8462468276 34.0891530072 3777273.172317 762719.5243619998 56.9940154273 -0.8334722792 1.2694159998 330.0838778202 -3.911907699 6.9318876482 -0.0488249504
37434 314717.24 113.8462411764 34.0891610829 3777274.053995 762718.9775982 56.9769389974 0.0204302947 1.1086983529 329.2404591611 -4.0834300104 6.8358244654 -0.2157610763
37435 314717.37 113.846235421 34.0891691099 3777274.930006 762718.4213705999 56.9570162622 0.9564362865 1.1246178786 328.2106648266 -4.108516863 6.8122512499 -0.0102477831
37436 314717.42 113.8462331705 34.0891721704 3777275.26386 762718.204112 56.9597157845 0.957917433 1.1839791526 327.8141438578 -4.1772138305 6.760790958 0.1412829789
37437 314717.55 113.8462271808 34.0891800484 3777276.12272 762717.6267048002 56.9844121821 0.3816690751 1.2637331728 326.8625373221 -4.3037435702 6.6868138444 0.1718190312
37438 314717.68 113.8462210341 34.0891878555 3777276.973321 762717.0350224 56.9952891367 0.1818107632 1.3286846434 325.924722691 -4.4082747376 6.6153795924 0.0314727218
37439 314717.81 113.8462147166 34.089195586 3777277.8149730014 762716.4278088 56.9948007604 0.2944081396 1.1365433889 325.0113078666 -4.5501086355 6.5519567064 0.0131788432
37440 314717.94 113.8462082121 34.0892032251 3777278.646006 762715.8036114002 56.9982025055 0.3067920963 0.9515992492 324.1654693261 -4.6734596464 6.4879254971 0.0315582794
37441 314718.07 113.8462016 34.0892108052 3777279.470211 762715.1696593 57.0020760316 0.3783670287 0.7995705732 323.3656043995 -4.7440735343 6.4142267334 0.0694285232
37442 314718.14 113.8461979795 34.0892148476 3777279.90951 762714.8228696 57.005976771 0.2657679975 0.8782276559 323.0524504674 -4.7888105981 6.3973652177 0.1005641961
37443 314718.27 113.8461911914 34.0892223398 3777280.723507 762714.1729345 57.0122031411 0.1983351524 1.0026615561 322.5392929598 -4.8284271191 6.3972112162 0.0893031687
37444 314718.4 113.8461843156 34.0892298189 3777281.535821 762713.5149551998 57.0139076132 0.2941599393 1.2007551864 322.1252367002 -4.9244413703 6.3685927146 -0.0182669023
37445 314718.53 113.8461773541 34.0892372882 3777282.346828 762712.8490794002 57.0160280373 0.1333310679 1.2635063757 321.8120409074 -4.9872833873 6.3800835238 -0.006781089
37446 314718.66 113.8461702952 34.0892447336 3777283.154946 762712.1742912 57.0176856788 0.3664313207 1.0693018584 321.7257085981 -5.0438238527 6.3593105562 0.0939915098
37447 314718.79 113.8461631936 34.0892522062 3777283.965955 762711.4954824002 57.0220165076 0.1867240087 0.9280057255 321.7701124655 -5.0473183199 6.39999941 0.0069163062
37448 314718.92 113.8461560585 34.0892597154 3777284.780951998 762710.8134565 57.0243563047 0.303334403 0.6892701914 321.8466737407 -5.0683199928 6.4317064683 0.0198901388
37449 314719.05 113.8461489021 34.0892672679 3777285.600689 762710.1293436 57.0257799942 0.3901383585 0.3557519007 321.9260197359 -5.0949932615 6.4526296156 0.0529482163
37450 314719.18 113.8461417133 34.0892748556 3777286.424251 762709.4421164 57.0313038053 0.2132934963 0.239831178 322.0763108537 -5.094342359 6.5187546092 0.0317102977
37451 314719.31 113.8461345345 34.0892825045 3777287.254634 762708.7556304 57.0356719019 0.0583914682 0.1746531818 322.1944544387 -5.0942188013 6.5503972869 0.0104100144
37452 314719.44 113.8461273315 34.0892902028 3777288.090447 762708.0667564998 57.034124203 0.1161134393 0.1747609658 322.2764856377 -5.1161212544 6.6163764825 -0.0375934019
37453 314719.56 113.8461206745 34.0892973553 3777288.867079 762707.4299798 57.0310531501 0.1871511817 0.2678055516 322.3708039064 -5.1226835432 6.6431452877 -0.01154182
37454 314719.68 113.8461140035 34.0893045613 3777289.6496129986 762706.7917551 57.0332830474 0.1263277934 0.2954454914 322.4918115942 -5.1385215364 6.6882279313 0.0339829831
37455 314719.8 113.8461072901 34.0893118137 3777290.4371940014 762706.1494596999 57.0353331845 -0.0925374183 0.2370069047 322.6977485699 -5.173985775 6.7566447264 0.0103665352
37456 314719.92 113.8461005818 34.0893191316 3777291.232054 762705.5074449 57.033866168 -0.1711609556 0.189151193 322.9262719387 -5.1521088933 6.8062345692 -0.0479170495
37457 314720.04 113.8460938672 34.089326518 3777292.034506 762704.8646323001 57.0281532062 -0.055648436 0.1679112009 323.2286008737 -5.162547791 6.8653943153 -0.0479152648
37458 314720.16 113.8460871445 34.0893339715 3777292.844372 762704.220855 57.0186018674 0.3169579764 0.1358139015 323.5899098255 -5.1429592595 6.9317190955 -0.0265866111
37459 314720.28 113.8460804537 34.0893415045 3777293.6631519985 762703.5797905 57.0157189043 0.7985081025 0.1508237576 323.9663008778 -5.1256429142 6.9933770599 0.0133318443
37460 314720.4 113.8460738078 34.0893491054 3777294.4895769986 762702.942659 57.0284443637 0.5613870172 0.2012777543 324.417040128 -5.0837929227 7.0731213946 0.1454312002
37461 314720.42 113.8460727052 34.0893503797 3777294.628154 762702.8369108002 57.030691741 0.5438013206 0.1842858923 324.491098897 -5.0753660237 7.0795727509 0.1088154627
37462 314720.54 113.8460661167 34.0893580832 3777295.466119 762702.2047613001 57.0430434197 0.1862194354 0.3541474297 324.9256835759 -5.0428777214 7.1617257646 0.0731169481
37463 314720.66 113.8460595742 34.089365874 3777296.313892 762701.5765861 57.0470453929 -0.1136427317 0.5834000593 325.3618801631 -4.9985473706 7.2460870536 -0.0151785062
37464 314720.78 113.8460530627 34.0893737541 3777297.171644 762700.9510016 57.0422596466 -0.1687465584 0.6738998035 325.7765864511 -4.9918929086 7.3230665883 -0.077694466
37465 314720.9 113.8460465748 34.0893817083 3777298.037686 762700.3273582 57.0350770066 0.0595831936 0.6972667905 326.2088753877 -4.97092961 7.3865073864 -0.0599389013
37466 314721.02 113.8460401162 34.0893897465 3777298.913128 762699.7061695 57.0300496193 0.0880884536 0.7025872814 326.6143872325 -4.9480614011 7.4799803221 -0.0126229985
37467 314721.07 113.8460374394 34.0893931124 3777299.279773 762699.4486073002 57.0297259334 0.0555025994 0.6835271296 326.7746936031 -4.9336343542 7.4878577737 0.0325853774
37468 314721.19 113.8460310411 34.0894012441 3777300.165753 762698.832695 57.0329238884 -0.1944282924 0.6493196486 327.1027136071 -4.9076157694 7.5626860956 -0.0054385159
37469 314721.31 113.8460246632 34.0894094532 3777301.060364 762698.2184246 57.0258982135 0.047734401 0.676706382 327.3846347491 -4.8997476647 7.6318009134 -0.0751846354
37470 314721.43 113.8460183025 34.0894177274 3777301.96225 762697.6055423 57.0153159993 0.4254815018 0.6405364975 327.6636837932 -4.8874924262 7.6828129158 -0.0368663154
37471 314721.54 113.8460124885 34.0894253631 3777302.7946769986 762697.0451139 57.0172475902 0.518116365 0.6307207496 327.9038622138 -4.8689394299 7.732739094 0.0770665695
37472 314721.65 113.8460066924 34.0894330486 3777303.632674 762696.4861784 57.0261779502 0.2843181622 0.6495765311 328.1462804869 -4.8562563131 7.7888171467 0.0994847275
37473 314721.76 113.8460009103 34.089440783 3777304.476138 762695.9283954 57.0336579196 0.0453075688 0.6069512151 328.3816721437 -4.8509087454 7.8381473849 0.0404066199
37474 314721.8 113.8459988098 34.0894436086 3777304.784313 762695.7257135 57.0347595429 0.0288624482 0.6161352356 328.4601903372 -4.8463959183 7.857679611 0.019715142
