37487 314880.54 113.8436456221 34.0911530371 3777488.440058 762473.1697044001 57.6356710233 0.7769741428 0.9411771035 285.3672018808 -5.4023872001 1.5029831455 0.0106774276
37488 314880.72 113.843634864 34.0911554847 3777488.684022 762472.1688436 57.640790469 0.9004760289 0.9699055084 285.0020345387 -5.6397914815 1.5366117053 0.0434971093
37489 314880.76 113.8436324113 34.091156035 3777488.738789 762471.9406859 57.6422690088 0.9247749975 0.9726613332 284.9212972811 -5.6888195883 1.5418369287 0.043239754
37490 314880.93 113.8436217405 34.0911583949 3777488.973251 762470.9481569 57.6496919738 0.8296750067 0.9733962751 284.5444755902 -5.9082209522 1.5581748796 0.0651253364
37491 314881.1 113.8436106673 34.0911607682 3777489.2081739986 762469.9184415998 57.6626489619 0.5214506757 0.9484745905 284.1908188119 -6.1296024197 1.5668824267 0.0729276456
37492 314881.26 113.8435998634 34.0911630003 3777489.4281089986 762468.9140198001 57.6688771974 0.415819999 0.8385361654 284.1153593432 -6.3379292092 1.5852125196 0.0141627345
37493 314881.42 113.8435887002 34.0911653104 3777489.655789 762467.876179 57.6675400259 0.4983316078 0.8502352783 284.0505062966 -6.5388390557 1.6577716684 -0.0578068287
37494 314881.57 113.8435779208 34.0911675363 3777489.875101 762466.8740406998 57.6680314932 0.6367045688 0.8562372949 283.9616452954 -6.7250584695 1.6763129304 0.0230328408
37495 314881.72 113.8435668449 34.0911698016 3777490.098025 762465.8444007 57.6712888712 0.6708072228 0.7933134879 283.7839760947 -6.9060704255 1.7102658839 0.0151070419
37496 314881.86 113.8435562456 34.0911719462 3777490.308773 762464.8591419002 57.6775223007 0.5543155984 0.8002860927 283.5961501498 -7.0752205048 1.7307986201 0.0559603821
37497 314882.0 113.8435453925 34.0911741147 3777490.521539 762463.8503816 57.6855397774 0.334708498 0.846423856 283.3889833849 -7.2408788871 1.7473635087 0.0331435616
37498 314882.08 113.843539073 34.0911753555 3777490.642987998 762463.2630663 57.6874325611 0.3279905436 0.807841567 283.2503981358 -7.3346157355 1.73681329 0.0067861542
37499 314882.22 113.8435278172 34.0911775268 3777490.855018 762462.2171065 57.6858797418 0.5142521005 0.7402167267 283.1468617281 -7.4942016031 1.7477990998 -0.0235360665
37500 314882.35 113.8435171541 34.0911795728 3777491.054668 762461.2262591998 57.6842173003 0.8031039563 0.7081360114 283.0545316659 -7.6385446545 1.7802794518 0.0050334999
37501 314882.48 113.8435062881 34.0911816493 3777491.2571870014 762460.2165891 57.6898141941 0.7630399906 0.7681421273 282.8881047614 -7.7789052406 1.803251324 0.0770341509
37502 314882.61 113.8434952185 34.0911837405 3777491.460808 762459.1880755 57.7009129627 0.5451189891 0.7792546889 282.63048234 -7.9314544646 1.7963638991 0.0847865382
37503 314882.74 113.8434839369 34.0911858146 3777491.661984 762458.1400390002 57.7090683486 0.3507411383 0.7455154077 282.4353417774 -8.0786461715 1.7887347809 0.0330191092
37504 314882.86 113.8434733433 34.0911877324 3777491.847589 762457.1560016 57.7103285836 0.3041900793 0.6337565389 282.2968391193 -8.2066119336 1.7867965689 0.0067190862
37505 314882.98 113.8434625789 34.0911896538 3777492.033149 762456.1561888 57.7116195867 0.3154634217 0.5214289866 282.2573799773 -8.338318337 1.8006990168 -0.0034680631
37506 314883.1 113.8434516552 34.0911915969 3777492.220705 762455.1416058 57.7088723592 0.5968114153 0.4367126595 282.2415458772 -8.4645502386 1.8380902187 -0.0354616318
37507 314883.22 113.8434405734 34.0911935758 3777492.411836 762454.1123082 57.7091201637 0.7844892088 0.3580274265 282.3148448254 -8.5881933907 1.8616149619 0.0278963775
37508 314883.34 113.8434293526 34.0911955933 3777492.606882 762453.0700558 57.7183051212 0.7259772453 0.3172860195 282.4743370183 -8.67621596 1.9101157374 0.121474911
37509 314883.46 113.843418007 34.0911976733 3777492.8085589986 762452.016087 57.7305484293 0.6272758178 0.3243141904 282.6681049625 -8.7762907102 1.9663263667 0.0686489017
37510 314883.58 113.8434065428 34.0911998137 3777493.016622 762450.9509925002 57.7352535455 0.8186807794 0.356620416 282.9216312864 -8.8604713213 2.0315160416 0.0277486665
37511 314883.69 113.8433959297 34.0912018373 3777493.213914 762449.9648316 57.7417430347 0.8441940388 0.3441102095 283.1707729817 -8.9472353173 2.0858797838 0.0841011031
37512 314883.8 113.8433852137 34.0912039161 3777493.417066002 762448.9689964 57.7538943589 0.5420665318 0.3204854215 283.5024117142 -9.0362544038 2.1507637314 0.1283500468
37513 314883.91 113.8433743944 34.0912060722 3777493.628537 762447.9633939 57.7656867197 0.1621590482 0.2722419628 283.8711545186 -9.1280405784 2.2352868078 0.0660459509
37514 314884.02 113.8433634713 34.0912083104 3777493.848853 762446.9479496998 57.7678222312 0.0788516516 0.2576607338 284.2488268356 -9.2103963691 2.3235968829 -0.024713703
37515 314884.1 113.8433554571 34.0912099957 3777494.015278 762446.2027924 57.7628730126 0.2892700275 0.3121703336 284.4611099885 -9.2713885021 2.3878705931 -0.0777666588
37516 314884.21 113.8433443507 34.0912123866 3777494.252069 762445.1699505 57.7555245506 0.6836798007 0.3879552754 284.7124832918 -9.3542389483 2.4567350736 -0.0294205014
37517 314884.32 113.8433331502 34.0912148393 3777494.495468 762444.1282279 57.7611630624 0.6229519164 0.4538276415 284.917318418 -9.4318090897 2.5232146057 0.1222725187
37518 314884.43 113.8433218488 34.091217344 3777494.744384 762443.0770365 57.7754941266 0.3289292414 0.4622479329 285.0967107824 -9.5222801762 2.5625966478 0.1171598866
37519 314884.54 113.8433104404 34.0912198983 3777494.9985300014 762442.0158045 57.7812068313 0.2974551995 0.5258426774 285.2288048367 -9.6089583473 2.6240544822 0.0149005684
37520 314884.64 113.8432999781 34.0912222707 3777495.234921 762441.0424941 57.7761105858 0.6141334743 0.5199389373 285.2953558359 -9.6907628685 2.6602343298 -0.066579198
37521 314884.74 113.8432894371 34.0912246655 3777495.4736 762440.0618451 57.775593889 0.7901000237 0.5342247224 285.3652114829 -9.7515885309 2.6858436919 0.0675816123
37522 314884.84 113.8432788273 34.091227093 3777495.7157230014 762439.0747483001 57.7889133645 0.4490182095 0.6196695474 285.4047305685 -9.8224764118 2.7251799491 0.1632957761
37523 314884.94 113.8432681357 34.0912295461 3777495.960482 762438.0800114 57.801860542 0.0470561374 0.6153290733 285.4616751376 -9.9024342594 2.7448878319 0.0738803614
37524 314885.04 113.843257355 34.0912320188 3777496.2071839985 762437.076987 57.8029021844 -0.0132108857 0.5546171531 285.5121639793 -9.9844060184 2.770440804 -0.0549812123
37525 314885.14 113.8432464994 34.0912345217 3777496.457048 762436.0669621 57.7934850426 0.339543069 0.4475990507 285.5585179367 -10.0561135587 2.7937522422 -0.0960021391
37526 314885.24 113.8432355674 34.0912370516 3777496.709708 762435.0497991998 57.7868365413 0.6732145547 0.4285170023 285.592411791 -10.1266025864 2.8285990183 -0.0126784087
37527 314885.34 113.8432245686 34.0912396017 3777496.964444998 762434.0263992 57.7951748697 0.5190562526 0.3431718448 285.6226418224 -10.1772395031 2.8421758519 0.149903543
37528 314885.44 113.8432135014 34.0912421714 3777497.22117 762432.9966228 57.8100703154 0.0676549736 0.2964995094 285.6102803752 -10.2467514303 2.8700454694 0.1048375316
37529 314885.54 113.8432023589 34.0912447585 3777497.479643 762431.9598462 57.812660953 0.1551251079 0.2838189079 285.580583268 -10.3181463307 2.8854746319 -0.0145033536
37530 314885.64 113.8431911441 34.091247366 3777497.740194 762430.9163339002 57.8028295059 0.8678536245 0.4816976478 285.4993860233 -10.3884674673 2.9281928398 -0.0833119953
37531 314885.74 113.8431798624 34.0912499858 3777498.001933 762429.8665998002 57.7999915844 1.6524643742 0.4545843823 285.3969297083 -10.4530042854 2.8892866226 0.0918322774
37532 314885.84 113.8431685295 34.0912525899 3777498.261796 762428.8121886 57.8238859708 1.4738023701 0.6562861571 285.3167825907 -10.4698160234 2.9030862461 0.3385156619
37533 314885.94 113.8431571445 34.0912552013 3777498.522346 762427.7529441 57.8630067827 0.5462134599 0.8842506399 285.2741172308 -10.5391724626 2.8928399471 0.3172872325
37534 314886.04 113.8431456825 34.0912578126 3777498.782673 762426.6865986 57.882898652 0.0526955022 0.9722286863 285.2774864651 -10.6196879089 2.9135933163 0.0875526374
37535 314886.14 113.8431341502 34.0912604438 3777499.0450370014 762425.6136875 57.8813329553 0.0481332603 1.0092407839 285.2694916615 -10.6921135205 2.9385470365 -0.0751994859
37536 314886.23 113.843123702 34.0912628303 3777499.2830300014 762424.6416374 57.8687331974 0.3037022364 1.0412667332 285.2496898902 -10.7516225587 2.9532431367 -0.1366242621
37537 314886.32 113.8431131963 34.09126522 3777499.521241 762423.6642633 57.8669576272 0.1937315394 0.9750421027 285.2396800827 -10.8124037509 2.9478317125 0.0725840024
37538 314886.41 113.8431026337 34.0912676135 3777499.759708 762422.6816263002 57.8735256558 0.0579332586 0.9385072921 285.2350404522 -10.8729031738 2.965544173 0.1030205562
37539 314886.5 113.8430920128 34.0912700256 3777500.000102 762421.6935528001 57.8751139501 0.2245191181 0.9648437599 285.2236621368 -10.9270743748 2.988143711 -0.0338382357
37540 314886.59 113.8430813282 34.0912724465 3777500.241308002 762420.6995615 57.8687794208 0.7503773885 0.8678912152 285.2244664325 -11.0075326835 2.9890327747 -0.0664223216
37541 314886.68 113.8430705973 34.0912748748 3777500.483214 762419.7012758 57.8724552914 0.98235211 0.8882740915 285.2041874559 -11.0304312498 3.0060745108 0.1476270306
37542 314886.77 113.8430598274 34.0912773208 3777500.726979 762418.6993349 57.8912151018 0.4114381318 0.9206246377 285.1218530315 -11.0780670826 3.0149978115 0.2565936732
37543 314886.86 113.8430489958 34.091279761 3777500.969953 762417.6917155 57.9046415957 0.1171448384 0.9218233048 285.0376361774 -11.1542474933 3.0088580758 0.0549846246
37544 314886.95 113.843038098 34.0912822017 3777501.212805 762416.6779834002 57.903674921 0.0358784747 0.9130800341 284.9200793673 -11.2069982623 3.0052058449 -0.0992892377
37545 314887.04 113.843027135 34.0912846361 3777501.454792 762415.6582524 57.8937109942 0.2427346111 0.8669013732 284.7601892297 -11.2772321639 2.9947532307 -0.1184899938
37546 314887.13 113.8430161012 34.0912870517 3777501.694506 762414.6320412 57.8874836666 0.5253844659 0.7279248734 284.5990505742 -11.3472768476 2.9572631518 0.0291840826
37547 314887.22 113.8430050094 34.0912894451 3777501.931615 762413.6005464002 57.8927779272 0.4027310802 0.6801528734 284.4334841969 -11.399047166 2.9472370572 0.0865823706
37548 314887.3 113.8429951024 34.0912915617 3777502.141042 762412.6792954 57.9025581535 0.2615508361 0.578535429 284.2774961082 -11.4566759073 2.9283449798 0.1615514427
37549 314887.39 113.8429838988 34.0912939282 3777502.3748800014 762411.6375564 57.9080527611 0.3452481984 0.6192804035 284.0951449177 -11.5259722385 2.9215318195 0.0175821463
37550 314887.48 113.8429726324 34.0912962882 3777502.607833 762410.5900391998 57.9065736234 0.4577869428 0.6701074369 283.8774284652 -11.5797507313 2.8975585467 0.0038152314
37551 314887.57 113.842961307 34.091298627 3777502.8382769986 762409.5371504001 57.9083698401 0.3566306068 0.7123654251 283.6551384041 -11.6466076843 2.8691005653 0.0509086985
37552 314887.66 113.8429499156 34.0913009369 3777503.065346 762408.4782436 57.9125721427 0.1646756916 0.7159193446 283.4389223422 -11.7197136728 2.823691259 0.0452859316
37553 314887.75 113.8429384606 34.0913032188 3777503.289143 762407.4135583 57.9142888617 0.0649460881 0.7473091192 283.2364521564 -11.7771762759 2.7985431796 -0.0132972259
37554 314887.84 113.8429269368 34.0913054776 3777503.5102 762406.3425925 57.9104432361 0.1540352881 0.7044870664 283.040086719 -11.8548006386 2.7655052861 -0.0597625273
37555 314887.93 113.8429153506 34.0913077096 3777503.728124 762405.2659448001 57.9059907105 0.3761114762 0.6169270081 282.8379817664 -11.9079145349 2.7389656673 0.0136770597
37556 314888.02 113.8429037087 34.0913099174 3777503.9432230014 762404.1842276 57.9083142746 0.4618412296 0.6152084789 282.6275336428 -11.972250579 2.7107843363 0.0509751171
37557 314888.11 113.8428920086 34.0913120937 3777504.154672 762403.0972365 57.9126208741 0.5605757462 0.5998038184 282.4309559674 -12.0320469847 2.671859933 0.0830976096
37558 314888.2 113.8428802532 34.0913142429 3777504.362972 762402.0052257 57.9192332858 0.5733597451 0.6213609687 282.2362206074 -12.0840344167 2.6443915343 0.1088532673
37559 314888.29 113.8428684405 34.0913163725 3777504.568951 762400.9079828 57.9271198837 0.4346380456 0.6788879552 282.0323746612 -12.1439948101 2.6180603993 0.0613603247
37560 314888.3 113.8428671245 34.091316608 3777504.591701 762400.7857446 57.9278397886 0.4551466065 0.6754592171 282.0087590975 -12.150682755 2.6170212694 0.072086068
37561 314888.39 113.8428552448 34.0913187114 3777504.794601 762399.682401 57.9334509699 0.2061603443 0.7163952896 281.8009364843 -12.207725629 2.5790446054 0.056437863
37562 314888.47 113.8428446325 34.0913205584 3777504.972307 762398.6968655 57.9349371642 0.0195564769 0.7241025277 281.6154952353 -12.273226069 2.5513314096 -0.0083001476
37563 314888.55 113.8428339681 34.0913223812 3777505.147191 762397.7065890002 57.9316242207 -0.0654402007 0.7197439093 281.4451704684 -12.3386766124 2.5204066581 -0.0577900018
37564 314888.63 113.8428232562 34.091324181 3777505.319398 762396.7120021 57.9251574995 0.027938296 0.6682858968 281.2988637799 -12.3874436985 2.4881902256 -0.0792801348
37565 314888.71 113.8428124956 34.0913259596 3777505.489133 762395.7129817 57.9167661481 0.429236479 0.6708468939 281.1656073745 -12.445285756 2.4690585803 -0.0620360028
37566 314888.79 113.8428016938 34.0913277289 3777505.657717 762394.7101976 57.9136782056 0.8176170613 0.6315202912 281.0225595671 -12.4794216042 2.4511410586 0.0427895884
37567 314888.87 113.8427908613 34.0913294834 3777505.824586 762393.7046119 57.9242228111 0.715042846 0.6436403845 280.8698376295 -12.5074981842 2.427028577 0.25482874
37568 314888.95 113.8427799957 34.0913312238 3777505.9898129986 762392.6960194 57.9436570182 0.2185705018 0.7727210806 280.7286151479 -12.5560933083 2.4070549961 0.1892968144
37569 314889.03 113.8427690904 34.0913329481 3777506.153144 762391.6838090002 57.950790125 0.1414278968 0.8728784904 280.6113803305 -12.6157025901 2.3897346526 0.0049049671
37570 314889.11 113.8427581387 34.091334669 3777506.315978 762390.6673258998 57.946181817 0.265488621 0.9194860469 280.4992179236 -12.6429040407 2.3764735416 -0.1036167866
37571 314889.19 113.8427471751 34.0913363763 3777506.47728 762389.6497848 57.941220697 0.3152960025 0.9365960174 280.3626089989 -12.6512844219 2.3546609503 -0.0073105881
37572 314889.27 113.842736196 34.0913380609 3777506.636019 762388.630877 57.9440642102 0.1718046151 0.9146032425 280.2268051804 -12.671405314 2.3117144046 0.0507950929
37573 314889.33 113.8427279532 34.0913393046 3777506.752853 762387.8659869998 57.9479306415 0.0014212219 0.8602703941 280.1290592422 -12.676996467 2.2783371618 0.0706708103
37574 314889.41 113.8427169599 34.0913409428 3777506.906401 762386.8459153002 57.950876331 -0.3070181131 0.8293749027 279.9784641202 -12.6870180036 2.2567499215 0.0263366113
37575 314889.49 113.8427059684 34.091342557 3777507.057301 762385.8260862 57.945852384 0.1507004266 0.8271478479 279.8257695889 -12.6722273529 2.2154338352 -0.0767116336
37576 314889.57 113.8426949805 34.0913441528 3777507.206155 762384.8066498 57.9398503173 0.5064181742 0.844875736 279.6624755946 -12.6578819904 2.1885323327 -0.0414464981
37577 314889.65 113.8426840121 34.0913457226 3777507.352191 762383.7890821 57.9456685428 0.6462501246 0.8274114349 279.4832465189 -12.6413302103 2.1541101456 0.1829742577
37578 314889.73 113.842673061 34.0913472621 3777507.494893 762382.7732231 57.9624415766 0.2300450697 0.9440243187 279.3009716769 -12.621438138 2.106944336 0.2111448305
37579 314889.81 113.8426621161 34.091348769 3777507.634001 762381.7580196002 57.9730736073 0.06414453 0.9631722505 279.1518603785 -12.6208812342 2.0598063959 0.0739627821
37580 314889.89 113.8426511805 34.0913502446 3777507.769653 762380.7437838 57.9738606438 0.2437886112 0.9925282482 279.0305622164 -12.6070951899 2.0272155932 -0.0027267447
37581 314889.97 113.8426402583 34.0913517023 3777507.903358 762379.7308426 57.9745673975 0.1719254332 0.9683020038 278.875520448 -12.5864459588 1.996454441 0.0344618158
37582 314890.02 113.8426334401 34.0913526 3777507.985465 762379.0985386998 57.9762650523 0.0821111685 0.9245318279 278.7726738836 -12.5766148475 1.9736719622 0.0609727997
37583 314890.1 113.8426225398 34.0913540095 3777508.113875 762378.0877672 57.9816012047 -0.2850513935 0.9732188382 278.6182334679 -12.5728995101 1.9376672807 0.0667390456
37584 314890.18 113.8426116523 34.0913553916 3777508.239281 762377.0782615 57.9793278305 -0.2723844822 0.9379695104 278.4758572452 -12.5513891456 1.8943391823 -0.0678758118
37585 314890.26 113.8426007706 34.0913567487 3777508.361919998 762376.069364 57.972005886 -0.1540506797 0.9383037437 278.3338847292 -12.5426128248 1.8602327263 -0.0950852799
37586 314890.34 113.8425899075 34.0913580792 3777508.4816559986 762375.062268 57.965357692 0.2609201354 0.9341179342 278.1976440128 -12.5167797036 1.8255934439 -0.0621828998
37587 314890.42 113.8425790617 34.0913593865 3777508.598867 762374.0568326 57.9660378452 0.3084608181 0.9361541637 278.030997661 -12.5063761428 1.7979282566 0.0688836282
37588 314890.5 113.8425682428 34.0913606666 3777508.713136 762373.0539755998 57.9727657773 0.2155493942 0.9625282679 277.8290754467 -12.4614739583 1.7560983827 0.1338480248
37589 314890.58 113.8425574406 34.0913619189 3777508.824347 762372.0527436 57.9812522531 -0.0328442714 1.017958723 277.6011323503 -12.4541081088 1.7080974621 0.0723597284
37590 314890.66 113.8425466492 34.0913631292 3777508.930942 762371.0526422 57.983497317 -0.0132681987 1.0240707524 277.3965721568 -12.4395900948 1.6454747735 0.0130156182
37591 314890.73 113.8425372105 34.0913641589 3777509.020953 762370.1779804 57.9802903654 0.1105612328 1.0444077082 277.2253284014 -12.440612681 1.6113488159 -0.0483749184
37592 314890.81 113.8425264351 34.0913653043 3777509.120381 762369.1795569 57.977323126 0.3852665167 0.9707916556 277.0238656061 -12.4227783276 1.5635919244 0.0178303492
37593 314890.89 113.8425156762 34.0913664142 3777509.215906 762368.1827665998 57.9815681176 0.2954230528 0.9602879452 276.8240688702 -12.4022898883 1.5159227373 0.1432030553
37594 314890.98 113.8425035883 34.0913676222 3777509.318911 762367.0629596 57.990953113 0.1374436574 0.8851566801 276.5940899027 -12.3853961666 1.4607114104 0.1013494165
37595 314891.07 113.842491509 34.0913687862 3777509.417042 762365.9440853002 57.9964995924 0.0007365305 0.9209669118 276.3938229155 -12.3764716091 1.4115339329 0.0283465084
37596 314891.16 113.842479437 34.0913699167 3777509.511485 762364.8259920998 57.9962039832 0.0836295533 0.9330244581 276.1989146632 -12.3682796963 1.3711210153 -0.0197618264
37597 314891.25 113.8424673803 34.0913710088 3777509.601697 762363.7094265 57.9943549931 0.1872442016 0.9162311621 276.0220856582 -12.3386876377 1.33012335 0.0163882586
37598 314891.34 113.8424553454 34.0913720694 3777509.688479 762362.5949665 57.9979969216 0.1483650213 0.9054563106 275.8387249955 -12.3249981988 1.2830936668 0.0681395035
37599 314891.43 113.8424433261 34.0913730956 3777509.771482 762361.4820563 58.0006099865 0.2429541513 0.9941857702 275.6682933057 -12.3146522364 1.2613036849 0.0404799614
37600 314891.52 113.842431326 34.0913740984 3777509.851933 762360.3709943001 58.0020549959 0.5290559964 1.0189137919 275.4736356821 -12.285265462 1.2146985219 0.076427844
37601 314891.61 113.8424193375 34.0913750674 3777509.928665 762359.2611103002 58.0080665732 0.6346324285 1.1119255038 275.2745844631 -12.2754257022 1.1800283218 0.1318664741
37602 314891.7 113.842407358 34.0913760026 3777510.001672 762358.1521521 58.0211363891 0.3064778265 1.2165120663 275.0553930029 -12.2763584221 1.1272239333 0.1705581654
37603 314891.79 113.8423953795 34.0913769006 3777510.070544 762357.0434120998 58.0332983062 -0.0049319152 1.3107190686 274.8347617246 -12.2889088032 1.0929894899 0.1092455814
37604 314891.88 113.8423833916 34.091377757 3777510.134780002 762355.933925 58.0349695543 -0.0713034434 1.3268106308 274.6228882413 -12.2902366921 1.0280233429 -0.0128294284
37605 314891.97 113.8423713884 34.0913785724 3777510.194434 762354.8231518002 58.0294924322 -0.0114709296 1.2796642338 274.4298678066 -12.3064602068 0.9799596736 -0.0724770037
37606 314892.06 113.8423593759 34.0913793468 3777510.249505 762353.7116542 58.0243515018 -0.065666672 1.16968328 274.2589023359 -12.3130588321 0.9290768624 -0.0153950964
37607 314892.11 113.8423526964 34.091379759 3777510.278093 762353.0936668002 58.0235515963 -0.1028608543 1.1116826068 274.1699022887 -12.3233649896 0.9041789564 0.0198677193
37608 314892.2 113.8423406615 34.0913804802 3777510.327203 762351.9802552 58.0218327977 -0.1142029103 1.0494529027 274.0041821934 -12.3483349194 0.8799333239 -0.0287670176
37609 314892.29 113.8423286097 34.0913811766 3777510.373521 762350.8653674 58.0165992612 0.103101169 1.040670983 273.8317408541 -12.3598741772 0.845945218 -0.0368370352
37610 314892.38 113.8423165401 34.091381856 3777510.417907 762349.7488837 58.011840337 0.458838075 1.1703108709 273.635204817 -12.3784527291 0.8269237619 -0.0280715896
37611 314892.47 113.8423044564 34.0913825083 3777510.459246 762348.6311873 58.0148435822 0.4912505117 1.2377095676 273.4203234082 -12.3880344505 0.7777164632 0.0915369893
37612 314892.56 113.8422923616 34.0913831244 3777510.496542 762347.5125776 58.0280778268 0.1200293258 1.2936143728 273.1752818411 -12.4097093286 0.7412303201 0.1594072267
37613 314892.65 113.8422802371 34.0913836938 3777510.528585 762346.3913596999 58.0335409986 -0.0968521748 1.3657219091 272.9546792315 -12.4491237554 0.6743650472 -0.010270659
37614 314892.74 113.8422680774 34.0913842173 3777510.555433 762345.2670430002 58.027796899 0.0401482404 1.3562623607 272.7442428509 -12.4793697531 0.6236979171 -0.0763927948
37615 314892.81 113.8422586051 34.0913845999 3777510.573553 762344.391288 58.0215308806 0.2308671785 1.293996231 272.5751388226 -12.4872737941 0.5919228198 -0.0336110299
