37908 314916.58 113.8392316865 34.0905731323 3777412.746264 762067.4202193002 58.2249024771 0.0236677565 0.7511572218 231.9974774648 -10.5877912645 -8.2628522211 -0.112204143
37909 314916.66 113.8392224939 34.0905671533 3777412.059137 762066.5899068002 58.2173818192 0.2926617054 0.7205176588 231.8571346969 -10.598819152 -8.308688527 -0.0087365725
37910 314916.74 113.8392132973 34.0905611397 3777411.3681660006 762065.7593275 58.2198452884 0.1103511013 0.7304808169 231.6944863431 -10.5987287277 -8.3628440277 0.066977447
37911 314916.82 113.8392040979 34.0905550804 3777410.672106 762064.9286404002 58.2229766147 -0.0288288633 0.7345950463 231.5618277367 -10.6110033705 -8.4261905119 0.0252040115
37912 314916.9 113.8391948899 34.090548979 3777409.97136 762064.0972822 58.2212148737 -0.0606370375 0.6740734176 231.4339932653 -10.6220994169 -8.4836522198 -0.0460630658
37913 314916.98 113.8391856687 34.0905428422 3777409.266655 762063.2648115 58.2156008417 0.0092808972 0.6587186487 231.2959825515 -10.6391437609 -8.528347718 -0.0824139915
37914 314917.06 113.8391764341 34.0905366723 3777408.558237 762062.4312071 58.2094489001 0.1395419413 0.6430395291 231.1550283391 -10.6565021333 -8.5789005969 -0.0601316265
37915 314917.14 113.8391671991 34.0905304728 3777407.84653 762061.5976665 58.2079403801 0.0788079214 0.6484035367 231.0171728861 -10.6577970925 -8.631041899 0.022769622
37916 314917.22 113.8391579534 34.0905242366 3777407.130726 762060.7632439 58.2084700456 -0.0348868965 0.6999912473 230.9032038207 -10.6795404152 -8.6743005956 -0.0295583684
37917 314917.26 113.8391533253 34.0905211056 3777406.771389 762060.3455845 58.2071219245 -0.0149661429 0.6731971518 230.8474422228 -10.6821507144 -8.6995168433 -0.0375067916
37918 314917.34 113.8391440622 34.0905148159 3777406.049596 762059.5097176 58.203348686 0.0438950739 0.6379436442 230.7502960141 -10.6884613904 -8.7464947699 -0.0318281778
37919 314917.42 113.8391347831 34.0905084956 3777405.324375 762058.6724668 58.1992243258 -0.0008151729 0.6402368982 230.6500180941 -10.7111097652 -8.7871556769 -0.0405189635
37920 314917.5 113.8391254919 34.090502139 3777404.595089 762057.8342173998 58.1946303062 0.1670129203 0.6055392325 230.5589956255 -10.728230308 -8.8471453159 -0.0443061577
37921 314917.58 113.8391161864 34.0904957558 3777403.862824 762056.9947274 58.193217583 0.0596293566 0.6298350797 230.4657820802 -10.7460933778 -8.873266668 -0.0047926187
37922 314917.66 113.8391068675 34.0904893412 3777403.12703 762056.1540911 58.1938896747 0.0015291942 0.5645812717 230.3719711649 -10.7570569483 -8.9265271381 0.0254348146
37923 314917.74 113.839097533 34.0904828948 3777402.387676 762055.31212 58.1926712832 -0.1184954093 0.6270571142 230.2724260967 -10.7834645214 -8.9627642399 -0.0528690092
37924 314917.82 113.8390881821 34.090476417 3777401.644792 762054.4687244 58.1871797945 -0.0638755101 0.6536006061 230.1762643689 -10.7973318915 -9.0109230104 -0.085695369
37925 314917.9 113.8390788155 34.0904699072 3777400.8983160006 762053.6239842 58.1792570744 0.0606279528 0.6355374639 230.0660297352 -10.8130394146 -9.0532241895 -0.0776392535
37926 314917.98 113.8390694394 34.0904633643 3777400.1481449986 762052.7784657 58.1746252794 0.0872371698 0.6397981439 229.9481543702 -10.8189561861 -9.1028626078 -0.0189249576
37927 314918.06 113.8390600564 34.0904567872 3777399.394151 762051.9324144 58.1731930943 0.0497709379 0.6329995378 229.8300402546 -10.8322719788 -9.1478445103 -0.0253109554
37928 314918.14 113.8390506712 34.0904501676 3777398.635444 762051.0863009 58.1703786654 0.2142870017 0.5718268884 229.7225136874 -10.8298309998 -9.2029715798 -0.0276844499
37929 314918.22 113.8390412748 34.0904435174 3777397.873311 762050.2392322 58.1702019097 0.134356562 0.5665580895 229.6003031708 -10.8543556944 -9.2414541793 0.02989926
37930 314918.27 113.8390353995 34.0904393444 3777397.395132 762049.709637 58.170993384 0.1237170773 0.5706065229 229.5267525573 -10.8540512008 -9.2720743609 0.0456980065
37931 314918.34 113.8390271681 34.0904334806 3777396.723262 762048.9677151998 58.1713550268 0.1213363564 0.5986571308 229.4170046589 -10.8612230736 -9.3062926365 -0.0134998908
37932 314918.41 113.8390189263 34.0904275919 3777396.048594998 762048.2249116 58.1693323683 0.206306717 0.6131893205 229.2980352887 -10.8746133065 -9.3523072547 -0.0146320637
37933 314918.48 113.8390106813 34.0904216765 3777395.370967 762047.4818883998 58.1686800076 0.162768094 0.6687655393 229.1717873221 -10.8765751328 -9.3906038061 0.0228388209
37934 314918.55 113.8390024335 34.0904157359 3777394.690528 762046.7386911998 58.1695414269 0.1536869463 0.6745820086 229.0313058351 -10.8757786995 -9.4387851203 0.03187103
37935 314918.62 113.8389941848 34.090409763 3777394.006502 762045.9955099 58.1699927757 0.1473701053 0.704384304 228.9032757659 -10.8799341429 -9.488100947 0.0013648873
37936 314918.69 113.838985936 34.0904037611 3777393.319265 762045.2524066998 58.1690545259 0.189482314 0.6922490967 228.7740218643 -10.8775935385 -9.5305256302 -0.0016262961
37937 314918.76 113.8389776887 34.0903977297 3777392.628749 762044.5095301998 58.1697165715 0.1666319571 0.6778340362 228.6395918882 -10.8725930839 -9.5770271869 0.0207436012
37938 314918.83 113.8389694394 34.0903916715 3777391.935264 762043.7665515002 58.1711010877 0.0411392885 0.6779355829 228.4953765196 -10.8811251892 -9.620064455 0.0121108105
37939 314918.9 113.8389611928 34.0903855818 3777391.238286 762043.0239198002 58.1701386878 0.0222631255 0.6882652752 228.3467275456 -10.8744660557 -9.6770259593 -0.0339576334
37940 314918.97 113.8389529426 34.0903794616 3777390.537907 762042.2810502 58.1665497329 0.1244294894 0.7242655307 228.1915695654 -10.8861854346 -9.7201483644 -0.0589509206
37941 314919.04 113.8389446932 34.0903733123 3777389.834308 762041.5383473 58.1630392354 0.1720953063 0.7209032313 228.0228012453 -10.8745229835 -9.7718646906 -0.0179550486
37942 314919.11 113.8389364441 34.0903671326 3777389.127333 762040.795769 58.1638588235 0.117815615 0.7611905302 227.8531256992 -10.8687410305 -9.814773591 0.0288061836
37943 314919.15 113.8389317306 34.0903635866 3777388.721712 762040.3715026998 58.1647083238 0.0435099577 0.7726590148 227.7518359148 -10.8713805292 -9.8523451636 0.0115310291
37944 314919.22 113.8389234899 34.0903573515 3777388.008608 762039.6298668 58.1642783806 0.0513644624 0.7850238705 227.5888385569 -10.8560056078 -9.9075421443 -0.0185057241
37945 314919.29 113.838915252 34.0903510846 3777387.291994 762038.8885857 58.1627979018 0.0810711142 0.771669372 227.4221995164 -10.8523426051 -9.9582010195 -0.0449498188
37946 314919.36 113.8389070185 34.0903447834 3777386.57157 762038.1478163 58.1589035913 0.2629335524 0.7619303978 227.2622160095 -10.8472569706 -10.0127299183 -0.0645689028
37947 314919.43 113.8388987912 34.0903384497 3777385.847564 762037.407715 58.1584749362 0.3449028227 0.7370920364 227.1074799414 -10.8436871832 -10.0594865307 0.0641813125
37948 314919.5 113.8388905729 34.0903320862 3777385.120274 762036.6685453 58.1625772668 0.0926048779 0.7718340721 226.9518700523 -10.8269469771 -10.1145054373 0.0903875152
37949 314919.57 113.8388823595 34.0903256933 3777384.389733 762035.9299146 58.166109262 0.0926780575 0.7731295766 226.8118122722 -10.8211020225 -10.1492312833 0.0091842254
37950 314919.64 113.8388741428 34.0903192685 3777383.655642 762035.191081 58.1653004456 0.1439570053 0.7729065682 226.6676988601 -10.8308795489 -10.2093777556 -0.0158751071
37951 314919.71 113.8388659288 34.0903128143 3777382.918296 762034.45258 58.162692613 0.0695997126 0.8119337182 226.5235626487 -10.82317872 -10.2457241882 -0.0253391404
37952 314919.78 113.838857718 34.090306332 3777382.177842 762033.7144652 58.1614987124 0.0364375097 0.7830347741 226.3803265386 -10.817110512 -10.3019813688 -0.0088876131
37953 314919.85 113.8388495109 34.0902998139 3777381.4334160006 762032.9768002 58.1590621546 -0.0527905025 0.8128159815 226.2536603572 -10.8188451271 -10.3575088655 -0.0417392427
37954 314919.92 113.8388413033 34.0902932668 3777380.685783 762032.2391831998 58.154043626 0.0207212372 0.7799611845 226.1260955214 -10.8145641134 -10.4010279066 -0.0692297046
37955 314919.96 113.8388366148 34.0902895127 3777380.257129 762031.8178681 58.1515817381 0.0550980236 0.7748527106 226.0550529992 -10.811532563 -10.4241450618 -0.0518203038
37956 314920.03 113.8388284092 34.0902829219 3777379.504649 762031.0805672 58.1485283216 0.0823045908 0.7797897323 225.9276908143 -10.8171211983 -10.4622555501 -0.0332720525
37957 314920.1 113.8388202048 34.0902763044 3777378.7492059986 762030.3434629 58.1463941317 0.0953701013 0.7359835018 225.7971823481 -10.8094663876 -10.5136447517 -0.0106822224
37958 314920.17 113.8388120056 34.0902696575 3777377.990505 762029.6069245 58.1460325159 0.1414585596 0.7468370087 225.6786855124 -10.8073958982 -10.5523967306 -0.0019255813
37959 314920.24 113.8388038052 34.0902629843 3777377.228894002 762028.8703578 58.1450280892 0.2193958084 0.7326238087 225.5531986587 -10.8098053226 -10.6022301602 0.0045274209
37960 314920.31 113.8387956105 34.090256281 3777376.463956 762028.1344087 58.145032499 0.2502908938 0.7084391128 225.4368088119 -10.797493734 -10.643573205 0.0127275302
37961 314920.38 113.8387874171 34.0902495527 3777375.696247 762027.3986583 58.1469594818 0.2084050504 0.6903224224 225.3121314194 -10.7973082959 -10.6842185208 0.0425720461
37962 314920.45 113.8387792242 34.0902427968 3777374.925473 762026.6630453 58.1498317579 0.0666014889 0.6744944778 225.1847120002 -10.797463112 -10.7301546293 0.0353946681
37963 314920.52 113.8387710322 34.0902360127 3777374.151568 762025.9275906 58.1496625738 -0.0081428093 0.6470856247 225.0523846411 -10.7949544238 -10.7803616896 -0.0262469212
37964 314920.59 113.8387628418 34.0902291987 3777373.374352 762025.1923831998 58.1461604042 0.0109370796 0.7206367108 224.9300037308 -10.7956033438 -10.8188249138 -0.0640952269
37965 314920.66 113.8387546471 34.0902223605 3777372.594443 762024.4568493 58.1410865234 0.1429294574 0.6957316553 224.792603144 -10.7957995928 -10.8604352068 -0.0515810788
37966 314920.73 113.8387464568 34.0902154928 3777371.811277 762023.721817 58.1387657048 0.0957005231 0.756802079 224.654372323 -10.7981644017 -10.9090832164 0.0239600281
37967 314920.8 113.8387382712 34.0902085994 3777371.025254 762022.9872903002 58.1372398716 0.0443657938 0.7632442009 224.502952264 -10.7826915598 -10.9535811415 -0.0400982648
37968 314920.82 113.8387359347 34.0902066242 3777370.800064 762022.7776511 58.1370536573 0.1332258867 0.7501089812 224.4617495691 -10.7760110528 -10.9637013884 0.0005420619
37969 314920.89 113.8387277607 34.0901996892 3777370.009464 762022.0443339002 58.136334125 0.0758195045 0.7919101967 224.3203023631 -10.7657962929 -11.013140145 -0.0047079686
37970 314920.96 113.8387195935 34.0901927242 3777369.215544 762021.3117315 58.1342546856 0.2743322103 0.7128415592 224.1809500218 -10.7553398234 -11.0708858313 -0.0053602267
37971 314921.03 113.8387114386 34.090185725 3777368.417873 762020.5803645 58.1351109175 0.1380771967 0.7475392728 224.0475240548 -10.7472882787 -11.1196732175 0.0585436286
37972 314921.1 113.838703299 34.0901787038 3777367.617797 762019.8504835998 58.1373445224 0.2245030979 0.711560715 223.9072611846 -10.7201920174 -11.1443092894 0.0134064372
37973 314921.17 113.8386951615 34.0901716503 3777366.814136 762019.120903 58.140791961 0.1656060911 0.7276606517 223.7671778186 -10.7392327886 -11.207451418 0.0588049897
37974 314921.24 113.8386870274 34.0901645724 3777366.007778 762018.3916993 58.141022319 0.0857911612 0.7820547896 223.6103041946 -10.7267422195 -11.2407342004 -0.009376439
37975 314921.31 113.8386788996 34.0901574648 3777365.198147 762017.6631735 58.1399609065 0.197831599 0.8278175883 223.4613701344 -10.7162523534 -11.294252707 -0.0214341676
37976 314921.38 113.8386707779 34.0901503282 3777364.385308 762016.9353031998 58.138207458 0.2895027983 0.8394235663 223.3121735465 -10.7048081716 -11.3374805806 -0.0207875751
37977 314921.45 113.8386626693 34.0901431595 3777363.568937 762016.2087341 58.1390974475 0.3142529939 0.8568256265 223.1732351714 -10.687544289 -11.3882987745 0.0527662612
37978 314921.52 113.8386545709 34.0901359654 3777362.749778 762015.4831971999 58.142991351 0.1313889417 0.8542012615 223.0243828127 -10.675587143 -11.4235707269 0.0620412407
37979 314921.58 113.8386476395 34.0901297726 3777362.044739 762014.8623136998 58.1452057995 0.0715635654 0.8498255103 222.9038120444 -10.6572823036 -11.4721872734 0.0146746327
37980 314921.65 113.8386395578 34.0901225191 3777361.219030998 762014.138488 58.1438256642 0.0452982774 0.8418479761 222.7666997677 -10.6575734032 -11.5214104695 -0.0495046634
37981 314921.72 113.8386314855 34.0901152354 3777360.389994 762013.4156346 58.1395604284 0.1154079482 0.8299372667 222.6294699679 -10.6350561068 -11.5660398216 -0.058080521
37982 314921.79 113.8386234172 34.0901079268 3777359.558209 762012.693218 58.13722857 0.0916460283 0.8292661472 222.4844850833 -10.6389256391 -11.6009525105 -0.0222375825
37983 314921.86 113.8386153589 34.0901005877 3777358.723055002 762011.9718261998 58.1351789171 0.0670071548 0.8334821245 222.3439845433 -10.617383301 -11.6595300582 -0.0277111634
37984 314921.93 113.8386073082 34.090093218 3777357.884527 762011.2512255 58.1333395476 -0.0008743773 0.8431180492 222.2051041076 -10.6136688139 -11.6999681259 -0.0256476324
37985 314922.0 113.8385992656 34.0900858192 3777357.042798 762010.5314600002 58.1301876623 0.0329494431 0.839094393 222.0659913624 -10.598631173 -11.7531042355 -0.0407892335
37986 314922.07 113.8385912271 34.0900783909 3777356.1978050014 762009.8121745 58.1266046232 0.0308196106 0.8129384692 221.9300971807 -10.5950001216 -11.7943378831 -0.0489569631
37987 314922.14 113.8385831974 34.0900709332 3777355.349572 762009.0937787 58.1238518506 0.0479464747 0.7937422708 221.7906237483 -10.5736250626 -11.8454569311 -0.0443136825
37988 314922.21 113.8385751733 34.090063449 3777354.498403 762008.3759875 58.122182684 -0.0067182281 0.8292231554 221.6437151614 -10.5785757915 -11.8815638134 -0.0166640223
37989 314922.28 113.8385671576 34.0900559346 3777353.643911 762007.6590675998 58.1173901549 0.1681811739 0.8352483798 221.4902343009 -10.5543905637 -11.9363141996 -0.0857685043
37990 314922.35 113.8385591498 34.0900483917 3777352.786274 762006.9429601999 58.1144725168 0.3327955271 0.851268569 221.3379064651 -10.5535177697 -11.9729161568 0.0069657797
37991 314922.36 113.8385580065 34.0900473126 3777352.663589 762006.8407291998 58.1146735568 0.299025388 0.8643187898 221.3121957063 -10.5504712006 -11.9749894424 0.0308807002
37992 314922.43 113.838550017 34.0900397403 3777351.802737 762006.1264061 58.1189779146 0.183558049 0.8952461323 221.1496150927 -10.5164601147 -12.0255681835 0.0973362978
37993 314922.5 113.8385420379 34.0900321369 3777350.938466 762005.4131329 58.123608809 0.0088733962 0.9525499619 220.985991875 -10.513207674 -12.07387183 0.0322724129
37994 314922.57 113.8385340709 34.0900245002 3777350.070526 762004.7010830998 58.1221730979 0.0560378689 0.9813360729 220.8300515767 -10.4931489633 -12.1268015841 -0.0586224912
37995 314922.64 113.838526115 34.090016835 3777349.199445 762003.9901511999 58.1190345287 0.1377620958 0.9534799738 220.6718826051 -10.4798016941 -12.1677108865 -0.0302400612
37996 314922.71 113.8385181765 34.0900091387 3777348.324968 762003.2809118 58.1168442694 0.1328683585 0.9882920247 220.5175546788 -10.4546411298 -12.2211691986 -0.0309821725
37997 314922.78 113.8385102497 34.0900014125 3777347.447196 762002.5728508 58.115913393 0.0993888895 0.9441928837 220.363838449 -10.4401460933 -12.2670347561 0.0011369903
37998 314922.85 113.8385023404 34.0899936544 3777346.5659300014 762001.8665013 58.1156426854 0.0734334043 0.9416599665 220.2176726104 -10.418034035 -12.320108395 0.0001084748
37999 314922.92 113.8384944404 34.0899858682 3777345.681572 762001.1611038 58.1141305938 0.1735036706 0.8984413651 220.0670620067 -10.4128660414 -12.3680356096 -0.0335297443
38000 314922.99 113.8384865543 34.0899780499 3777344.793693 762000.4570797 58.1130464282 0.2426480138 0.8829281159 219.9275656406 -10.3865755302 -12.4145959182 0.0069013357
38001 314923.06 113.8384786806 34.0899702086 3777343.90329 761999.7542824 58.1171922348 0.0018443354 0.8242081889 219.7661753598 -10.3699522879 -12.4465493719 0.0982458269
38002 314923.09 113.8384753112 34.0899668396 3777343.520757 761999.4535668 58.1197631434 -0.2400319292 0.8405982708 219.6954563352 -10.3636664279 -12.4747022337 0.0751995866
38003 314923.16 113.8384674563 34.0899589503 3777342.625078 761998.7526423 58.1142495722 -0.320219715 0.8775933615 219.5410007154 -10.3561243964 -12.5334887344 -0.1662363676
38004 314923.23 113.8384596105 34.0899510296 3777341.725923 761998.0526661 58.1020830823 -0.2076711439 0.8232914604 219.3814373459 -10.3349824802 -12.5802492317 -0.1915253403
38005 314923.3 113.8384517797 34.0899430761 3777340.823183 761997.3541623 58.0891132718 -0.1098561243 0.7946785537 219.2299779566 -10.3206240131 -12.6284700697 -0.172907235
38006 314923.37 113.8384439658 34.0899350932 3777339.917213 761996.6573162 58.0788989812 0.0177381434 0.7098324479 219.072874112 -10.2916309355 -12.683761648 -0.0995436525
38007 314923.44 113.8384361707 34.0899270779 3777339.007699 761995.9623061 58.0761163617 -0.0602030915 0.6351565712 218.9268326591 -10.2732286955 -12.724985648 0.0081415098
38008 314923.51 113.8384283907 34.0899190333 3777338.094974 761995.2687774998 58.0756687559 -0.1003067963 0.6081934222 218.7648031478 -10.2486779452 -12.7771759566 -0.0026500378
38009 314923.58 113.838420622 34.0899109602 3777337.179117 761994.5763856 58.0736980587 -0.0921417145 0.6205827887 218.595830432 -10.238293907 -12.8168093182 -0.0343561103
38010 314923.65 113.8384128671 34.0899028584 3777336.260106 761993.8853504001 58.0705312071 -0.0329901112 0.6128054015 218.411645085 -10.2114618571 -12.864259118 -0.0335361545
38011 314923.72 113.8384051292 34.0898947264 3777335.337784 761993.1959752 58.0670766011 -0.0463395635 0.6819776356 218.231144141 -10.2025141398 -12.910480213 -0.0530374841
38012 314923.79 113.8383974114 34.089886564 3777334.412142 761992.5085616 58.063058977 0.0747655391 0.6930240307 218.0487894753 -10.1596953318 -12.9626708841 -0.0547888795
38013 314923.8 113.8383963103 34.0898853945 3777334.279532 761992.4105023 58.0626820559 0.0976161403 0.6896591503 218.025530322 -10.1594737002 -12.9772823122 -0.0395258142
38014 314923.87 113.8383886172 34.0898771968 3777333.350043 761991.7254695 58.0610880246 0.0084494278 0.7365118254 217.8472854121 -10.1307050302 -13.0175586438 -0.0029611192
38015 314923.94 113.8383809446 34.0898689701 3777332.417379 761991.0424192 58.0600068141 -0.0246385547 0.7444428548 217.669318339 -10.0992321237 -13.0655271854 -0.0196393643
38016 314924.01 113.8383732929 34.0898607118 3777331.481273 761990.3613921 58.0575409047 -0.0342156085 0.7109187057 217.4945335461 -10.0718846131 -13.1132116521 -0.0253574194
38017 314924.08 113.8383656652 34.0898524189 3777330.541376998 761989.6826959002 58.0538019519 0.0347286944 0.7089871987 217.3308592653 -10.0375897317 -13.1621892799 -0.0428022061
38018 314924.15 113.8383580572 34.0898440948 3777329.598069 761989.0059076 58.0502879741 0.1168550806 0.6726359049 217.1703176369 -10.0179586323 -13.2085341406 -0.0188779185
38019 314924.22 113.8383504728 34.089835745 3777328.65198 761988.3313769 58.0491578979 0.0946544319 0.6711061058 217.0151396873 -9.9833002034 -13.2434234037 0.010796683
38020 314924.29 113.8383429082 34.089827373 3777327.703475 761987.6587535 58.050705296 0.0293978336 0.659117503 216.8491163366 -9.9566198133 -13.2800020956 0.0477034131
38021 314924.36 113.8383353634 34.0898189751 3777326.752145 761986.9880225002 58.0508176452 -0.130891986 0.7131931463 216.6869739577 -9.9359332578 -13.3242706606 -0.0238870443
38022 314924.43 113.8383278392 34.0898105525 3777325.7981260014 761986.3192784 58.0474025216 -0.0017363421 0.6733912717 216.5267827162 -9.9008602602 -13.3643130895 -0.0710287857
38023 314924.49 113.8383214098 34.0898033113 3777324.978021 761985.7479788 58.0433911392 0.1183040372 0.6541932127 216.3993563265 -9.875285478 -13.4021114846 -0.0582189065
38024 314924.55 113.838314997 34.0897960534 3777324.156113 761985.1782627 58.0404603994 0.2078611721 0.6123354229 216.266905755 -9.849782166 -13.4293377828 -0.0422495825
38025 314924.61 113.8383086046 34.0897887773 3777323.332234 761984.6104746 58.0406304393 0.2207331116 0.5974896854 216.1373385629 -9.8184618881 -13.4652542614 0.0335806552
38026 314924.67 113.8383022293 34.0897814882 3777322.506947 761984.0443203 58.0444461247 0.1289250538 0.5667741546 216.0034558293 -9.7950560318 -13.4833058429 0.0729662547
38027 314924.73 113.8382958694 34.0897741826 3777321.679876 761983.4796244 58.0486548673 0.0283399385 0.5632147764 215.8608422933 -9.7636520432 -13.5181564611 0.056098252
38028 314924.79 113.8382895246 34.0897668578 3777320.850719 761982.9163928998 58.0493526803 0.0222044462 0.5780162436 215.7259577049 -9.750719835 -13.5521089324 -0.0045407446
38029 314924.85 113.8382831954 34.0897595179 3777320.019917 761982.354646 58.0491501512 -0.0394585231 0.5884159891 215.582307039 -9.7209779732 -13.582910996 -0.000862876
38030 314924.91 113.8382768861 34.0897521601 3777319.187193 761981.7947921 58.0476826457 -0.1086779393 0.5814047744 215.4501838722 -9.6875936887 -13.6152527706 -0.0403286188
38031 314924.97 113.8382705936 34.0897447849 3777318.352568 761981.2365388002 58.0444398876 -0.1271485889 0.5846573665 215.3126595475 -9.6619843223 -13.6505014072 -0.0596516459
38032 314925.03 113.8382643184 34.0897373899 3777317.515798 761980.6799469 58.039412288 -0.0869198516 0.6175413324 215.1837526218 -9.6396448007 -13.6851340175 -0.0989094373
38033 314925.09 113.8382580565 34.0897299833 3777316.677768 761980.1246154 58.0338848466 -0.0100278731 0.593965433 215.0400294486 -9.6176398732 -13.7071515734 -0.0839528908
38034 314925.15 113.838251815 34.0897225607 3777315.838011 761979.5712145 58.0306240395 0.0306044668 0.6170867585 214.8932005793 -9.582200498 -13.7418634867 -0.0223735577
38035 314925.19 113.8382476627 34.0897176034 3777315.277222 761979.2031128 58.0301425485 0.0048870377 0.6542845181 214.7930733412 -9.5725005851 -13.7539623113 0.0091265518
38036 314925.25 113.8382414485 34.0897101547 3777314.434645 761978.65232 58.0293487711 -0.007842124 0.6968936238 214.6297976931 -9.5409752138 -13.7882916016 0.0002483811
38037 314925.31 113.8382352576 34.0897026875 3777313.590073 761978.1037351 58.0287649492 -0.0072491482 0.7149020322 214.4782681417 -9.4991255369 -13.8184966307 0.0087135887
38038 314925.37 113.8382290866 34.089695203 3777312.743629 761977.5570393002 58.0276541067 0.0281465794 0.780960403 214.3216509752 -9.472152292 -13.8531708084 -0.0129708741
38039 314925.43 113.8382229356 34.0896876987 3777311.89505 761977.012249 58.0260272184 0.0378328771 0.8427940169 214.1731620237 -9.4467762373 -13.8931131285 0.0047660852
38040 314925.49 113.8382168035 34.0896801788 3777311.044781 761976.4692551 58.0255657472 -0.0692857839 0.8618761454 214.0121721298 -9.413899247 -13.9195638735 -0.0022061136
38041 314925.55 113.8382106944 34.0896726382 3777310.1922699986 761975.9284427 58.0242718682 -0.1736564686 0.9072487007 213.8571017079 -9.3785549544 -13.9631471522 -0.0406983645
38042 314925.61 113.8382046054 34.089665078 3777309.337641 761975.3895553 58.020624958 -0.1835220477 0.9487448207 213.7055149722 -9.3498847174 -13.9960501559 -0.0942148948
38043 314925.67 113.8381985359 34.089657497 3777308.4807589985 761974.8525218002 58.0148658128 -0.1192652505 0.9782595388 213.5533831653 -9.3153912928 -14.0351294719 -0.1053924824
38044 314925.73 113.8381924862 34.0896498973 3777307.621849 761974.3173785999 58.0089169508 -0.0569744313 0.9847934021 213.4086158247 -9.2908823493 -14.0641539381 -0.0815533392
38045 314925.79 113.8381864587 34.0896422796 3777306.7609910006 761973.7843391999 58.0046086619 -0.0141755336 0.9471132681 213.2553867298 -9.2431712942 -14.1013231789 -0.0499074208
38046 314925.85 113.8381804558 34.0896346433 3777305.898138 761973.2536305998 58.0024122931 0.0183712422 0.9486290283 213.1170735117 -9.2172843713 -14.1300970047 -0.0075278178
38047 314925.9 113.8381754673 34.0896282681 3777305.177839 761972.8126946 58.0011123894 0.0346345936 0.9380073551 212.99113333 -9.1939813606 -14.1571221227 -0.0125124159
38048 314925.96 113.8381695023 34.0896206008 3777304.3116480014 761972.2855801998 57.9995099474 0.0748349539 0.9285137097 212.8498453868 -9.1549630085 -14.1939639338 -0.0284124983
38049 314926.02 113.8381635572 34.0896129195 3777303.443941 761971.7603553 57.9995906493 0.1422386706 0.9187744937 212.7108169001 -9.1298903531 -14.2153377412 0.0104654874
38050 314926.08 113.8381576325 34.0896052245 3777302.574775 761971.2370416998 58.000502835 0.20098413 0.9243560134 212.5714934345 -9.0966457112 -14.2482302728 0.0338739803
38051 314926.14 113.8381517252 34.0895975148 3777301.704024 761970.7153896 58.0031267181 0.182009649 0.9121322603 212.4349674556 -9.0725988443 -14.2724958516 0.0660745477
38052 314926.2 113.8381458338 34.0895897877 3777300.831377 761970.1952559 58.006416453 0.1468853605 0.8967533903 212.290529097 -9.0442394754 -14.3147349187 0.0408085842
38053 314926.26 113.8381399595 34.0895820394 3777299.956433 761969.6767636999 58.0081646629 0.0708495374 0.9347610335 212.1618615851 -9.0293489956 -14.3468228082 0.0150180294
38054 314926.32 113.838134101 34.0895742725 3777299.079455 761969.1597861 58.0076704929 0.1467705667 0.9096042976 212.0314439778 -8.9993191831 -14.3831210684 -0.0246634334
38055 314926.38 113.838128256 34.0895664849 3777298.200217 761968.6441295 58.007140045 0.0755093855 0.9303924791 211.9126395478 -8.9907467725 -14.4184013803 -0.0183239361
38056 314926.44 113.8381224274 34.0895586826 3777297.319387 761968.1300175 58.0060550012 0.0440154046 0.8683932464 211.7811662205 -8.9538297543 -14.4392542514 0.0313009945
38057 314926.5 113.8381166175 34.0895508579 3777296.43612 761967.6177135998 58.0045163306 0.0531165121 0.8318306602 211.6721222264 -8.9177545339 -14.4845210554 -0.0753317149
38058 314926.56 113.8381108168 34.0895430111 3777295.5504230014 761967.1063196998 57.9995681466 0.0763815619 0.8406186472 211.5546438663 -8.9200739571 -14.5328065168 -0.0827458929
38059 314926.62 113.8381050341 34.0895351486 3777294.663029 761966.5966443 57.9964760346 0.0593439576 0.8026695401 211.4443549998 -8.8932465337 -14.5658875627 0.0206820854
38060 314926.65 113.8381021473 34.0895312118 3777294.218732 761966.3422398 57.9959845617 0.1292143466 0.7756522982 211.3876132348 -8.8747413618 -14.5678231209 5.062e-06
38061 314926.71 113.838096383 34.0895233268 3777293.328897 761965.8343221998 57.9970260002 0.0692136191 0.7623939476 211.2547365668 -8.8581542819 -14.610313785 0.0190712932
38062 314926.77 113.8380906312 34.0895154222 3777292.436906 761965.3276279998 57.9975803709 0.0192544909 0.7906774912 211.1305228316 -8.8387627926 -14.6409460583 0.0069520527
38063 314926.83 113.8380848906 34.0895074998 3777291.542979 761964.8220184 57.9970151754 0.0277389749 0.7951911767 210.982334033 -8.8198389195 -14.6772508395 -0.0208773493
38064 314926.89 113.8380791709 34.0894995576 3777290.646907 761964.3183978002 57.9950251933 0.1651769336 0.8140278678 210.8558598895 -8.7876339357 -14.7090790884 -0.0469781328
38065 314926.95 113.8380734638 34.0894915972 3777289.748847 761963.8159968002 57.9942230051 0.2503748989 0.8276320693 210.7159417757 -8.7625927294 -14.7400120072 0.0155137519
38066 314927.01 113.8380677759 34.0894836178 3777288.848721 761963.315429 57.996311144 0.1276521559 0.8415352057 210.5787074754 -8.7366333188 -14.7843197928 0.0439679317
38067 314927.07 113.8380621099 34.08947562 3777287.9466120014 761962.8169422 57.9973964626 0.0297125885 0.8470995941 210.4389093184 -8.7078554919 -14.8171330024 -0.0095570505
38068 314927.13 113.8380564639 34.0894676012 3777287.042235 761962.3203643 57.9970798632 -0.0219967096 0.8616563534 210.309535822 -8.6729325166 -14.848295252 -0.0436498564
38069 314927.19 113.8380508327 34.0894595638 3777286.135822 761961.8252095998 57.9945759783 0.0638789994 0.8429099245 210.1737471637 -8.6572405605 -14.8826209847 -0.0578844008
38070 314927.25 113.8380452184 34.089451506 3777285.227187 761961.331682 57.9910439057 0.1258488578 0.8622987225 210.0425808941 -8.6288803274 -14.9243206928 -0.0581782191
38071 314927.31 113.8380396208 34.0894434305 3777284.3166309986 761960.8397438001 57.9888274306 0.1241006888 0.8505653069 209.9094652036 -8.6054096762 -14.9467596101 0.0100826686
38072 314927.37 113.8380340425 34.0894353404 3777283.4045050014 761960.3496331 57.9910647487 -0.0147696481 0.8708287466 209.7639039298 -8.5685687698 -14.9760839602 0.051526034
38073 314927.38 113.8380331138 34.0894339896 3777283.252214 761960.268053 57.9913522992 -0.0457852072 0.8779353267 209.7422726445 -8.5700558132 -14.9894800345 0.0309579071
38074 314927.44 113.8380275557 34.0894258756 3777282.337498 761959.7798808 57.9920896748 -0.1489473159 0.8968300234 209.6052670025 -8.5407331749 -15.0206753987 -0.0188252139
38075 314927.5 113.8380220146 34.0894177411 3777281.420533 761959.2933471 57.9906049194 -0.1523713841 0.9216845146 209.4683311293 -8.506719253 -15.0560304908 -0.0480714278
38076 314927.56 113.8380164897 34.0894095857 3777280.501305 761958.8083742 57.9871573122 -0.0965099622 0.9272706379 209.3354744509 -8.4897072946 -15.0938944065 -0.0713007515
38077 314927.62 113.8380109818 34.0894014113 3777279.580007 761958.3250235 57.9821019387 -0.0025786402 0.9180891751 209.189808626 -8.4563816304 -15.1366266804 -0.0807286433
38078 314927.68 113.8380054951 34.0893932162 3777278.65646 761957.8436982 57.9772323594 0.1425005291 0.8877697333 209.0622273822 -8.4233767684 -15.1795237742 -0.0719769144
38079 314927.74 113.838000027 34.0893850039 3777277.731059 761957.3641380002 57.9752013832 0.221297773 0.8631818726 208.920094829 -8.3943947625 -15.2067088234 -0.0258804566
38080 314927.8 113.8379945816 34.0893767755 3777276.803927 761956.886728 57.9770046286 0.1938055786 0.8593055487 208.7872374097 -8.3658809271 -15.2309843453 0.0614689216
38081 314927.86 113.8379891531 34.0893685316 3777275.875119 761956.4109220002 57.9813178312 0.0278573992 0.8887246433 208.6376268067 -8.338701623 -15.2606116471 0.0733770805
38082 314927.92 113.8379837422 34.089360269 3777274.944282 761955.9368050002 57.9831710057 -0.0698358886 0.9598910765 208.4909377254 -8.3121330012 -15.3016238394 0.0139591908
38083 314927.98 113.837978347 34.08935199 3777274.011659 761955.4641834 57.9820119431 -0.1402478463 1.0171881233 208.3364956918 -8.291597139 -15.328789502 -0.0379041549
38084 314928.04 113.8379729741 34.0893436928 3777273.077085 761954.9936809 57.978516099 -0.1179487073 1.0461921621 208.1899425122 -8.2478126912 -15.3609958026 -0.0774317938
38085 314928.1 113.8379676123 34.0893353787 3777272.1406559986 761954.5242469 57.9735980742 0.0279964095 1.0747525027 208.0514116737 -8.2194026074 -15.3884967646 -0.099221346
38086 314928.16 113.8379622725 34.0893270466 3777271.202281 761954.0569066999 57.9693381218 0.1766579275 1.0109613111 207.914456335 -8.1842417675 -15.4295268512 -0.0603565543
38087 314928.22 113.8379569607 34.0893186976 3777270.2621120014 761953.5922048 57.9677577419 0.1802574807 0.9780993002 207.7843865964 -8.1452427632 -15.4545342177 0.0008020522
38088 314928.28 113.8379516722 34.0893103361 3777269.320619 761953.1296898002 57.9699776452 0.0920919293 0.9244872908 207.6447894212 -8.1070851964 -15.4767280574 0.0664312386
38089 314928.34 113.8379464085 34.0893019582 3777268.377364 761952.6695189 57.972958494 0.0724932529 0.8903446479 207.5106213939 -8.0691963297 -15.5048601737 0.0331328394
38090 314928.4 113.8379411623 34.0892935639 3777267.4323269986 761952.2110097 57.9741030587 0.0565699616 0.9063042282 207.3687490051 -8.0443345319 -15.5347466961 -0.0029854031
38091 314928.46 113.8379359352 34.0892851562 3777266.485855 761951.7543005998 57.9743883209 -0.0040551068 0.9381283306 207.2226321753 -8.0215253273 -15.5611225029 0.0108906974
38092 314928.52 113.8379307271 34.089276736 3777265.538049 761951.2993974 57.9733688412 -0.023995759 0.9939840054 207.0636619646 -7.9814415193 -15.5860511313 -0.0415582462
38093 314928.58 113.8379255396 34.0892682987 3777264.588397 761950.8464342 57.9700284144 0.0744395069 1.0702057049 206.9148664739 -7.9542323452 -15.6183458102 -0.0585760718
38094 314928.64 113.8379203733 34.0892598479 3777263.637306 761950.3954817 57.966646147 0.2120556451 1.1335634782 206.7504261318 -7.9155740715 -15.6458704486 -0.0401875053
38095 314928.7 113.8379152343 34.0892513826 3777262.684661 761949.947088 57.9655845808 0.27069926 1.1764465256 206.5926807754 -7.8737659785 -15.6677381076 0.017383205
38096 314928.76 113.8379101237 34.0892429046 3777261.730694 761949.5013601999 57.9684107508 0.2265233318 1.1978649517 206.4188129711 -7.8284965974 -15.6929448445 0.0758685559
38097 314928.79 113.8379075814 34.0892386601 3777261.25313 761949.2797091998 57.9706165455 0.2616301415 1.2060802208 206.3394322503 -7.7998725935 -15.7076039729 0.0864343452
38098 314928.85 113.8379025171 34.089230156 3777260.296381 761948.838332 57.9743474219 0.3117828907 1.2025594835 206.1831263999 -7.7611787976 -15.7481273201 0.0610051977
38099 314928.91 113.8378974859 34.0892216382 3777259.338198001 761948.4000565 57.9785795212 0.2808264501 1.159966889 206.0178361016 -7.7004342853 -15.767216521 0.089334584
38100 314928.97 113.837892486 34.0892131069 3777258.378597 761947.9647093002 57.9859793307 0.0536253516 1.1573351153 205.858560916 -7.6609590597 -15.7849486369 0.1390392191
38101 314929.03 113.837887511 34.0892045611 3777257.417442 761947.5317146 57.9891710552 -0.1241014728 1.1074863696 205.6867048903 -7.6244089181 -15.8161847505 0.0114375802
38102 314929.09 113.8378825689 34.0891959985 3777256.45452 761947.1017999002 57.9869351964 -0.3491945249 1.1404011741 205.5221516816 -7.5814194659 -15.8564399392 -0.0527521443
38103 314929.15 113.8378776479 34.0891874209 3777255.489975 761946.6738839 57.9786498509 -0.4318266097 1.1682321079 205.3506023188 -7.5526950131 -15.8851887019 -0.1761004423
38104 314929.21 113.8378727522 34.0891788282 3777254.523825 761946.2483481 57.9662221093 -0.2852433461 1.1200802964 205.1943174426 -7.5046177874 -15.9052438795 -0.2188334318
38105 314929.27 113.8378678848 34.089170219 3777253.555916 761945.8254753002 57.9547509393 -0.0519283084 1.0594614549 205.0389220882 -7.4559479406 -15.9375647724 -0.1711067682
38106 314929.33 113.8378630472 34.0891615942 3777252.586363 761945.4054035 57.9485151898 0.0477922011 0.9865994877 204.8970395136 -7.415257975 -15.968391729 -0.0502565721
38107 314929.39 113.8378582387 34.0891529571 3777251.615511 761944.9880527 57.9477303987 0.0168740595 0.9432697671 204.7459659397 -7.3760478604 -15.9914047458 0.0596467012
38108 314929.43 113.8378550473 34.0891471925 3777250.967586 761944.7111603002 57.948780302 -0.0320231054 0.9357392506 204.6453209964 -7.3506364394 -16.0079979683 0.0288383431
38109 314929.49 113.8378502804 34.0891385337 3777249.994429 761944.2977164 57.9502322236 -0.0529145305 0.9263019888 204.4911412457 -7.3164556695 -16.0289213633 0.0228867395
38110 314929.55 113.8378455358 34.0891298618 3777249.019879 761943.8863804 57.9508932494 -0.0771932811 0.9285916912 204.3232770698 -7.2764344701 -16.0560202159 -0.0114763802
38111 314929.61 113.837840822 34.089121176 3777248.043857 761943.4779231999 57.9495756691 0.0125141649 0.9251585648 204.1634475423 -7.227766332 -16.0775677217 -0.0388801255
38112 314929.67 113.8378361345 34.0891124766 3777247.066406 761943.0719438002 57.9472867027 0.1216284642 0.9670412563 204.0000400816 -7.1845277078 -16.1044143656 -0.0738407285
38113 314929.73 113.8378314753 34.0891037643 3777246.087594 761942.6686156 57.9449240454 0.2682154938 0.9648759304 203.8428694396 -7.1443273478 -16.1250482714 -0.0224800872
38114 314929.79 113.8378268432 34.0890950424 3777245.107776 761942.2678151 57.9460733552 0.305702134 0.9799036099 203.6702729249 -7.1010039586 -16.1433541224 0.0640770109
38115 314929.85 113.8378222427 34.0890863078 3777244.126645 761941.8699678001 57.9487541998 0.3288396187 1.0204950221 203.5136706543 -7.0537964953 -16.166246679 0.0794076384
38116 314929.91 113.837817668 34.0890775619 3777243.144311 761941.4745476 57.95370162 0.2492076654 1.0459857658 203.332939859 -7.0097962008 -16.1965917451 0.1041749176
38117 314929.97 113.8378131247 34.0890688046 3777242.1608 761941.0820509 57.9587975266 0.1868010989 1.0738858885 203.1677315163 -6.9640180624 -16.2166301359 0.0831319494
38118 314930.03 113.8378086127 34.0890600348 3777241.175987 761940.6924938002 57.9633333748 0.2034450493 1.0778740191 202.9948580722 -6.9073759984 -16.2300072706 0.0664868593
38119 314930.08 113.8378048763 34.0890527177 3777240.354368 761940.3700608001 57.9663613085 0.1179231398 1.0885148882 202.8546932142 -6.8727142547 -16.2568164382 0.0252321134
38120 314930.14 113.8378004226 34.0890439248 3777239.367142 761939.9859569 57.9688839847 0.0089974655 1.0911367552 202.6958013004 -6.8278114002 -16.2807998782 0.0274935055
38121 314930.2 113.8377959997 34.0890351185 3777238.378497 761939.6047321998 57.9698345419 -0.1187740194 1.0681373166 202.5469074759 -6.7787370375 -16.3056671869 0.0151523582
38122 314930.26 113.8377916042 34.0890262978 3777237.388332 761939.2260795 57.9672334073 -0.1776925274 1.0526553917 202.4012400732 -6.742488685 -16.3323559027 -0.0716952818
38123 314930.32 113.837787236 34.0890174644 3777236.396815 761938.8499936998 57.9615759421 -0.1708823223 0.9913922385 202.2637597424 -6.6940010652 -16.3531930185 -0.1075212008
38124 314930.38 113.8377828955 34.0890086175 3777235.403889 761938.4764964002 57.9542493075 -0.0817677318 0.9507250714 202.1426505243 -6.6589221217 -16.3786862382 -0.0997587999
38125 314930.44 113.8377785779 34.0889997622 3777234.410081 761938.1051492 57.9480173737 -0.051589147 0.8571760276 202.0163519374 -6.6206256906 -16.392231973 -0.0840813934
38126 314930.5 113.837774288 34.0889908953 3777233.415055 761937.7363929 57.94362495 -0.0587704357 0.8091095614 201.8982397877 -6.5807090122 -16.4122185026 -0.0381451751
38127 314930.56 113.8377700177 34.0889820219 3777232.419355 761937.3694600002 57.9409703482 -0.0571333839 0.8047985308 201.7695361228 -6.5502502461 -16.4193185936 -0.0549567466
38128 314930.62 113.8377657673 34.0889731393 3777231.422685 761937.0044034 57.9404108161 -0.095451973 0.8106699813 201.6340490954 -6.5238764413 -16.441436854 -0.010137336
38129 314930.68 113.8377615372 34.0889642498 3777230.425307 761936.6412369 57.9391459683 -0.0671626112 0.8506459858 201.4954848872 -6.4926686375 -16.450635933 -0.0191716586
38130 314930.74 113.837757331 34.0889553507 3777229.426932 761936.2803071998 57.9380560592 -0.066431869 0.9113636043 201.3632449254 -6.4512957548 -16.4677183842 -0.0241317582
38131 314930.76 113.8377559328 34.0889523832 3777229.094014 761936.1603548 57.9377672225 -0.0512785788 0.9279807372 201.3135262224 -6.4450498467 -16.4720983691 -0.0062144517
38132 314930.82 113.8377517564 34.0889434732 3777228.094494 761935.802214 57.9354941892 -0.0184413467 0.9245214873 201.172583435 -6.3938578238 -16.4883775548 -0.0291038491
38133 314930.88 113.837747609 34.0889345531 3777227.09394 761935.4467764 57.9328756444 0.0521532606 0.9504264485 201.0440989967 -6.356670505 -16.5121406252 -0.0224618611
38134 314930.94 113.8377434871 34.0889256255 3777226.092606 761935.0937148002 57.9310820866 0.0948575915 0.954019826 200.9131421524 -6.3200252389 -16.5181872015 -0.0056862183
38135 314931.0 113.8377393913 34.0889166919 3777225.090678 761934.7430865 57.9311485849 0.0852048955 0.9452803814 200.7829532126 -6.2769010146 -16.5309402519 0.0328572794
38136 314931.06 113.8377353222 34.0889077521 3777224.088132 761934.3949346 57.9338298952 -0.0803388761 0.9412469847 200.6381261199 -6.2347833544 -16.5424367841 0.0329856847
38137 314931.12 113.8377312816 34.0888988046 3777223.084801 761934.0494439 57.9336327612 -0.1243371452 0.9431945691 200.5099320327 -6.1979099559 -16.5553584237 -0.0280648063
38138 314931.18 113.8377272676 34.0888898524 3777222.081017 761933.7064285 57.9313636012 -0.1084688899 0.938794989 200.372782788 -6.1493972382 -16.5592795119 -0.0835489235
38139 314931.24 113.8377232796 34.0888808968 3777221.076919 761933.3658165998 57.9272136893 0.0126897002 0.9077081104 200.240900276 -6.1090965208 -16.5622113348 -0.0842433169
38140 314931.3 113.8377193184 34.0888719394 3777220.072699 761933.0276896999 57.9245974505 0.053019373 0.9109781257 200.1039529594 -6.0687613624 -16.5604439599 -0.0293946827
38141 314931.36 113.8377153878 34.0888629827 3777219.068626 761932.6923798 57.9252013434 -0.080433565 0.9175063251 199.9711233621 -6.0207820216 -16.5645800718 0.0497231603
38142 314931.42 113.8377114845 34.0888540275 3777218.064801 761932.3595907 57.9262691978 -0.2863302288 0.9730581288 199.8218147459 -5.9850958224 -16.5604973213 0.010924604
38143 314931.48 113.8377076093 34.0888450712 3777217.060919 761932.0294009 57.9244637201 -0.2752068139 1.0280735809 199.6875277378 -5.9367039812 -16.5640141387 -0.0522217185
38144 314931.49 113.8377069661 34.088843578 3777216.893554 761931.9746119 57.923668447 -0.2048366398 1.0276904401 199.6665067679 -5.9313017396 -16.5681515024 -0.0794170945
38145 314931.55 113.8377031202 34.0888346196 3777215.88952 761931.6471298 57.9195365906 -0.1060065013 1.0701130311 199.5212417524 -5.894152195 -16.5692663908 -0.0840743088
38146 314931.61 113.8376993038 34.0888256633 3777214.885788 761931.3223712 57.9165643388 -0.0850904257 1.0999856127 199.3838571729 -5.8489316817 -16.5660533166 1.39134e-05
38147 314931.67 113.8376955181 34.0888167081 3777213.882258 761931.0004326998 57.9151442153 -0.1056778931 1.1245982187 199.2406632266 -5.7972812635 -16.5637370525 -0.023131544
38148 314931.73 113.8376917668 34.0888077517 3777212.878683 761930.6816814998 57.9121761937 0.0398482554 1.0951927531 199.1170332185 -5.7411170158 -16.566280664 -0.0334579994
38149 314931.79 113.8376880467 34.0887987973 3777211.875411 761930.3658050002 57.9111206606 0.1125566825 1.0676408677 198.9824530915 -5.7006491318 -16.5602280116 0.0291016241
38150 314931.85 113.8376843577 34.0887898463 3777210.87259 761930.0527875 57.9130586376 0.0477793361 1.0192463606 198.8501783259 -5.6473265978 -16.5582256933 0.0533573324
38151 314931.91 113.8376807009 34.0887808981 3777209.870165 761929.7427324002 57.9158402653 -0.0491923553 0.9969181153 198.7162243799 -5.6048316484 -16.5476943745 0.0575626155
38152 314931.97 113.8376770734 34.0887719522 3777208.868077 761929.4353784 57.9180097859 -0.1629931885 0.9912321629 198.5811352049 -5.5537041952 -16.5409331491 0.030977546
38153 314932.03 113.837673472 34.0887630063 3777207.86605 761929.1304329 57.9167163465 -0.2112072359 0.9773027408 198.4412774051 -5.5204298833 -16.5432731973 -0.0382458778
38154 314932.09 113.8376698909 34.0887540647 3777206.864559 761928.8273505998 57.9137443053 -0.2985848829 0.9855047492 198.2889438865 -5.4813307271 -16.5373459274 -0.0573092625
38155 314932.15 113.8376663406 34.0887451226 3777205.863088 761928.5271173002 57.9083803324 -0.2681713684 0.9701032109 198.1491077809 -5.4312090975 -16.5383603402 -0.0954736567
38156 314932.21 113.837662822 34.0887361821 3777204.861868 761928.2297954 57.9026714256 -0.1847947521 0.9473927543 198.0084855487 -5.3803325475 -16.5312252505 -0.0843822704
38157 314932.27 113.8376593369 34.0887272428 3777203.860876 761927.9355739 57.8978591412 -0.0939797615 0.903510924 197.8782315867 -5.3303650336 -16.5282950935 -0.0756954415
38158 314932.33 113.8376558822 34.0887183076 3777202.860414 761927.6441368 57.8951557493 -0.0140086315 0.8251945487 197.7285339107 -5.2782417575 -16.5150881931 -0.0423753679
38159 314932.39 113.8376524624 34.0887093738 3777201.8602 761927.3559208 57.8939421568 0.0431578386 0.7859714252 197.5845020006 -5.2178479839 -16.5123286847 0.0091412903
38160 314932.45 113.8376490698 34.0887004411 3777200.860167 761927.070216 57.8951847274 -0.0909417842 0.7902131434 197.4265170882 -5.1884607109 -16.5073350831 0.0593001845
38161 314932.51 113.8376457083 34.0886915118 3777199.860602 761926.7873653001 57.8955632951 -0.1839764957 0.8042225354 197.2756865642 -5.1408595437 -16.5118712608 0.0128340803
38162 314932.57 113.8376423751 34.0886825832 3777198.861188 761926.5071368 57.8948818538 -0.3601778286 0.9183795736 197.1126478555 -5.1013272169 -16.5167861212 -0.0280187955
38163 314932.63 113.8376390703 34.0886736599 3777197.862429 761926.2295079002 57.8901602002 -0.2757696981 0.9668519148 196.958947524 -5.0526244984 -16.503875655 -0.0994586677
38164 314932.69 113.8376357945 34.0886647376 3777196.863855 761925.9545449 57.8851558045 -0.1194598769 1.0351933477 196.8044715398 -5.0075893841 -16.4892123274 -0.1070992343
38165 314932.75 113.8376325486 34.0886558199 3777195.865880002 761925.6823358 57.8813915346 -0.0183907621 1.0823910743 196.6499476048 -4.9553599458 -16.4855767486 -0.070424949
38166 314932.81 113.8376293363 34.0886469059 3777194.868392 761925.4132193001 57.8809397724 -0.057990315 1.1212767085 196.4946241344 -4.906049066 -16.4798906977 0.00675453
38167 314932.87 113.8376261609 34.0886379939 3777193.871218 761925.1475051999 57.8802081989 -0.0718897743 1.1706158363 196.3525809872 -4.8461576566 -16.4765892765 -0.0118644476
38168 314932.9 113.8376245869 34.088633538 3777193.372683 761925.0159081 57.8792101629 -0.0246791847 1.1768245405 196.2831735229 -4.820225403 -16.4782150005 -0.0336646255
38169 314932.96 113.8376214606 34.088624629 3777192.375973 761924.7547177 57.8788486281 -0.0052036294 1.1962109763 196.1408392196 -4.7816263345 -16.4711988148 0.0125317569
38170 314933.02 113.8376183673 34.0886157254 3777191.379946 761924.496559 57.8792998232 -0.0681735668 1.1924110714 196.0020868773 -4.7259413353 -16.4641261578 0.0233226041
38171 314933.08 113.8376153022 34.0886068254 3777190.384381 761924.2409845 57.880681186 -0.2433426251 1.1993593702 195.8493394508 -4.6817673191 -16.4545914274 0.0254069274
38172 314933.14 113.8376122677 34.0885979271 3777189.389096 761923.9882389 57.8792543979 -0.34745823 1.1913898224 195.7184581295 -4.6309920216 -16.4529911428 -0.0564813114
38173 314933.2 113.8376092626 34.0885890294 3777188.393953 761923.7381962 57.8736605551 -0.3441541912 1.1885976621 195.5888671112 -4.590994405 -16.4505243326 -0.1039235743
38174 314933.26 113.8376062832 34.0885801358 3777187.399326 761923.4905281 57.8666043831 -0.3372213533 1.1634873008 195.4595511323 -4.5518353119 -16.4433890789 -0.1206303673
38175 314933.32 113.8376033335 34.0885712452 3777186.405108 761923.2455778002 57.8581877612 -0.1909635059 1.0913987887 195.3311906727 -4.5029934424 -16.4360142173 -0.13049991
38176 314933.38 113.8376004145 34.0885623579 3777185.411339 761923.003459 57.851611021 -0.0474953361 1.0216788391 195.2066094696 -4.455594379 -16.4331832691 -0.0832547374
38177 314933.44 113.8375975265 34.0885534749 3777184.418128 761922.7641935 57.8476537494 0.076424117 0.9931387729 195.0927509015 -4.412379044 -16.4256023251 -0.0533599395
38178 314933.5 113.8375946621 34.0885445997 3777183.425834 761922.5270701002 57.8473231662 0.1072101334 0.9446377058 194.966320577 -4.3800765336 -16.4071505716 0.0135010619
38179 314933.56 113.8375918225 34.0885357308 3777182.43431 761922.2922326 57.8506298857 0.0243179608 0.9080986367 194.8360972901 -4.3399417468 -16.3970117994 0.0684522692
38180 314933.62 113.8375890096 34.0885268696 3777181.443701002 761922.0598249 57.854830985 -0.124728702 0.9853281705 194.6975193898 -4.3039661161 -16.3777078383 0.056409387
38181 314933.63 113.8375885429 34.0885253934 3777181.278683 761922.021288 57.855218187 -0.158959914 0.9802265579 194.6729659375 -4.2963160363 -16.3744646274 0.0416058883
38182 314933.69 113.8375857572 34.0885165372 3777180.2887120014 761921.7913745998 57.8567159986 -0.3075298621 1.014453905 194.5386734441 -4.2570501111 -16.3655486979 -0.0189498862
38183 314933.75 113.8375829975 34.0885076857 3777179.29932 761921.5638544002 57.8536389554 -0.2651998681 1.0210194626 194.3970971322 -4.2142355406 -16.3569726879 -0.0418931155
38184 314933.81 113.8375802669 34.0884988362 3777178.310228 761921.3390106 57.8475063909 -0.1655616378 1.0439117675 194.2718149659 -4.1686199444 -16.3562692942 -0.0954595679
38185 314933.87 113.8375775676 34.088489991 3777177.321691 761921.117052 57.8408097392 0.0171540359 1.0116599044 194.1422346878 -4.1173096648 -16.3516025156 -0.0842897375
38186 314933.93 113.8375748993 34.0884811532 3777176.334056 761920.8979303002 57.8378430549 0.1497618724 0.9860762145 194.0292167394 -4.0716649578 -16.3415610867 -0.010358078
38187 314933.99 113.8375722589 34.0884723225 3777175.34728 761920.6813558 57.8389180386 0.2122915656 0.9728371974 193.9062263227 -4.0281693465 -16.3205718771 0.0449443315
38188 314934.05 113.8375696439 34.0884635018 3777174.361681 761920.4670957 57.843889364 0.1760417989 0.9379129779 193.7728149546 -3.9919697874 -16.302834212 0.0900531119
38189 314934.11 113.8375670606 34.0884546886 3777173.376989 761920.2557479 57.850234678 0.0594260643 0.9922159235 193.6415449402 -3.9596596341 -16.2924048435 0.0777370238
38190 314934.17 113.8375645022 34.0884458841 3777172.393336 761920.0466648 57.8546530651 -0.0070198722 1.0494126093 193.5007039097 -3.9138499191 -16.2752359307 0.0267294707
38191 314934.23 113.8375619699 34.0884370846 3777171.410301 761919.8399763 57.8568052324 0.0027094679 1.1251381372 193.3683640502 -3.8765343854 -16.2668388049 0.01696154
38192 314934.29 113.8375594634 34.0884282941 3777170.428324 761919.6356473 57.8574073622 -0.0251105452 1.2113555682 193.2250122242 -3.8374386038 -16.2450812817 0.0070453167
38193 314934.35 113.8375569808 34.0884195129 3777169.447456 761919.4334969 57.8582797712 -0.2057243491 1.2301832575 193.0677992857 -3.7979880788 -16.228978623 0.0123822796
38194 314934.38 113.8375557528 34.088415125 3777168.9573449986 761919.3336375 57.8580374233 -0.258285572 1.2368183256 192.9854557582 -3.7628654343 -16.2254029422 -0.0187483589
38195 314934.45 113.8375529236 34.088404892 3777167.814468 761919.1039625 57.8544694493 -0.3407570854 1.2378638614 192.8099100748 -3.6898634503 -16.2104568809 -0.0710746852
38196 314934.52 113.8375501446 34.0883946674 3777166.6726480015 761918.8788854 57.8476861324 -0.3589512047 1.1700087622 192.6445323703 -3.6315838669 -16.2003121655 -0.102124148
38197 314934.59 113.8375474151 34.0883844565 3777165.532469 761918.6583491 57.8391249022 -0.2391098669 1.0921342111 192.4928580403 -3.5652704796 -16.173282909 -0.1453865164
38198 314934.66 113.8375447275 34.088374261 3777164.394106 761918.4416238002 57.8316740952 -0.0397721284 0.969128356 192.3320944237 -3.5131171194 -16.1456792833 -0.0770165277
38199 314934.73 113.8375420807 34.0883640892 3777163.258487 761918.2285943001 57.8298538011 0.0133457271 0.8907978339 192.1636231498 -3.4593743217 -16.0994154391 0.0239417412
38200 314934.8 113.8375394766 34.0883539382 3777162.125285 761918.0194459001 57.8322512619 0.0405287707 0.894183431 191.9860911678 -3.4073316075 -16.0718579628 0.069105899
38201 314934.87 113.8375369132 34.0883438124 3777160.994980002 761917.8139731998 57.8360237051 0.0310406132 0.9052111471 191.8101809722 -3.3484299631 -16.0261262345 0.0649384637
38202 314934.94 113.8375343915 34.0883337065 3777159.866993 761917.6123008 57.8395895828 0.0127890179 0.9515079865 191.6217941822 -3.2945906058 -15.999159227 0.0484508137
38203 314935.01 113.8375319094 34.0883236268 3777158.742014 761917.4141945 57.8440693505 -0.319181025 1.0419336959 191.417952926 -3.2492571538 -15.9599377806 0.0756411786
38204 314935.08 113.8375294682 34.0883135689 3777157.619555 761917.2197946 57.8448676607 -0.6548804137 1.1109670536 191.2011756949 -3.1698091646 -15.9187158882 -0.0795822123
38205 314935.1 113.837528779 34.0883106977 3777157.299148 761917.1650095 57.8427821575 -0.6809467593 1.1243470371 191.1466181588 -3.1625068518 -15.9202230611 -0.1313898474
38206 314935.17 113.8375264036 34.0883006631 3777156.179452 761916.9766205 57.8286358351 -0.6348596101 1.137856159 190.9660577683 -3.0896247178 -15.8840108629 -0.2548990987
38207 314935.24 113.8375240771 34.088290654 3777155.0627129986 761916.7926672 57.8131457027 -0.3586458826 1.0663404383 190.7824308416 -3.020114602 -15.8437105804 -0.2185548071
38208 314935.31 113.8375218045 34.0882806781 3777153.949785 761916.6135875 57.8016057629 -0.1926216587 0.9762790337 190.6048978074 -2.9513059686 -15.7839930758 -0.107586818
38209 314935.38 113.8375195844 34.0882707388 3777152.841055 761916.4392329 57.7992579527 -0.0692500892 0.904268744 190.4186019946 -2.8852699029 -15.7248239662 0.0352372901
38210 314935.45 113.8375174111 34.0882608361 3777151.736511 761916.2690976999 57.8027482117 -0.088795705 0.9423093041 190.2357386499 -2.833099482 -15.6690777545 0.0528852102
38211 314935.52 113.8375152818 34.0882509736 3777150.636551 761916.1028991 57.8062352305 -0.0272280108 0.9378921278 190.0388706889 -2.7692083015 -15.5960434706 0.060516439
38212 314935.59 113.8375131987 34.0882411505 3777149.541065 761915.9408426 57.8106466159 -0.138966589 0.9650157343 189.8465943595 -2.7090992099 -15.5395183935 0.044003941
38213 314935.66 113.8375111621 34.0882313663 3777148.450025 761915.7829599 57.8109312849 -0.1759775665 0.9961592854 189.6541068576 -2.6421747079 -15.4748555728 -0.0073555854
38214 314935.73 113.8375091761 34.0882216199 3777147.363304 761915.6296341 57.8088647984 -0.1850443948 0.9567464159 189.4891702024 -2.575511011 -15.4095547345 -0.0347156518
38215 314935.78 113.837507787 34.0882146812 3777146.589709 761915.5227664 57.8065913618 -0.2073573025 0.9598574202 189.3827287664 -2.5267696338 -15.3594870509 -0.0733954419
38216 314935.85 113.8375058804 34.0882049982 3777145.510234 761915.3765759 57.8026308669 -0.1666247545 0.9058127116 189.2475020922 -2.4727285723 -15.3153501464 -0.0513449875
38217 314935.92 113.8375040124 34.0881953554 3777144.435307 761915.2338236 57.7987220492 -0.156085081 0.8604608915 189.1078858365 -2.4226513539 -15.248960377 -0.0571747232
38218 314935.99 113.8375021804 34.0881857562 3777143.365329 761915.0942643002 57.7980749523 -0.0832060358 0.8397986829 188.9748112481 -2.3809950332 -15.1745695294 0.0130495582
38219 314936.06 113.8375003814 34.0881761988 3777142.300064 761914.957619 57.799380077 -0.0791825331 0.8399504915 188.8238355285 -2.3411251617 -15.1158295563 0.0142630164
38220 314936.13 113.8374986177 34.0881666844 3777141.239665 761914.8241094 57.8010708187 -0.1817171787 0.8547691602 188.6854538447 -2.2930415392 -15.0519043383 0.0416525685
38221 314936.2 113.8374968902 34.0881572165 3777140.184513 761914.6937913002 57.8030061489 -0.2988616515 0.8880315171 188.5548346057 -2.2453682189 -14.9724722691 0.0004606002
38222 314936.27 113.8374951945 34.0881477864 3777139.133641 761914.5662951 57.8020421853 -0.4365032007 0.9150066661 188.4277032419 -2.2053867819 -14.9201742836 -0.0272805088
38223 314936.34 113.837493533 34.0881383986 3777138.0875449986 761914.4418196002 57.7975073252 -0.5126779823 0.9088975732 188.3068850816 -2.161712327 -14.8507980672 -0.0819559375
38224 314936.41 113.8374919067 34.0881290493 3777137.045826 761914.3204792 57.790324755 -0.4653919493 0.9079609677 188.1955426694 -2.1188395527 -14.7877157051 -0.1196405806
38225 314936.48 113.8374903108 34.0881197417 3777136.0088 761914.2018178 57.7815288147 -0.3266070975 0.8862152413 188.0830839215 -2.0756857022 -14.7231537625 -0.1234234553
38226 314936.55 113.8374887468 34.0881104758 3777134.976497 761914.0859819 57.7753724735 -0.2152104062 0.8561298569 187.9709768031 -2.037530786 -14.653291157 -0.0605512534
38227 314936.61 113.8374874292 34.0881025694 3777134.0956910006 761913.9886911998 57.7729088618 -0.2303291778 0.8561158153 187.8731806827 -2.0122472292 -14.5936888582 -0.026745816
38228 314936.68 113.8374859218 34.0880933881 3777133.072905 761913.8778127 57.7711997274 -0.1667438706 0.8225113687 187.7585859471 -1.9586930874 -14.5094656829 -0.0482148258
38229 314936.75 113.8374844431 34.0880842496 3777132.054958 761913.7694588 57.7715399731 -0.1401686659 0.8627975816 187.6508415741 -1.9308008589 -14.4521866649 0.0038988919
38230 314936.82 113.8374829889 34.0880751581 3777131.042284 761913.6632099 57.7707173442 -0.2040898404 0.8664865667 187.5245871535 -1.8912844733 -14.3738291244 -0.0168743522
38231 314936.89 113.8374815664 34.0880661128 3777130.034814 761913.5597547 57.7704031561 -0.2669980144 0.8503051549 187.4059281596 -1.8499765585 -14.2988480184 0.0075360022
38232 314936.96 113.8374801725 34.0880571101 3777129.03215 761913.4588069002 57.7683015689 -0.3267371664 0.9137898849 187.2879232736 -1.8155801928 -14.2389681283 -0.0709107538
38233 314937.03 113.8374788081 34.0880481434 3777128.033551 761913.3604698002 57.7638809457 -0.2577650018 0.8902604423 187.1737056216 -1.7783195544 -14.189976069 -0.0597238283
38234 314937.11 113.8374772758 34.088037936 3777126.896835 761913.250454 57.7605572334 -0.3217901717 0.8828593759 187.03113095 -1.7375234898 -14.1357132511 -0.0421168107
38235 314937.19 113.8374757812 34.0880277634 3777125.764086 761913.143809 57.7564617153 -0.163792169 0.9018027646 186.907702571 -1.7008253665 -14.0913816336 -0.0573289256
38236 314937.27 113.8374743165 34.0880176256 3777124.635263 761913.0398204002 57.7526562838 -0.0878847697 0.8565826244 186.7702279726 -1.6565087648 -14.0362495843 -0.0213481973
38237 314937.35 113.8374728887 34.0880075265 3777123.510833 761912.9391249 57.7536829561 -0.1797032944 0.8469585261 186.6401652249 -1.6147116251 -13.9852343758 0.0243298389
38238 314937.43 113.8374714958 34.0879974608 3777122.390208 761912.841544 57.752816461 -0.178667054 0.8266855113 186.5067812747 -1.5740378287 -13.941800975 -0.0329212425
38239 314937.51 113.8374701356 34.0879874214 3777121.272571 761912.7469061 57.7506690789 -0.1957422922 0.8358068408 186.3757439065 -1.5446852617 -13.9127424863 -0.0409394653
38240 314937.58 113.8374689663 34.0879786572 3777120.296949 761912.665955 57.7486246256 -0.2451549312 0.8101939086 186.2495364912 -1.5165253143 -13.8811910778 -0.0190902929
38241 314937.66 113.8374676627 34.0879686597 3777119.184119 761912.576414 57.7462761514 -0.3872985645 0.7748858967 186.1042761835 -1.4733305245 -13.8515540672 -0.0421961267
38242 314937.74 113.8374663932 34.0879586771 3777118.073028 761912.4899656 57.7406955594 -0.3964408772 0.7629187966 185.9590419989 -1.434921736 -13.8408604289 -0.0963231185
38243 314937.82 113.8374651567 34.0879487111 3777116.963861 761912.4065183002 57.7323889555 -0.2578214704 0.8013449578 185.8158441521 -1.3970291641 -13.8128769124 -0.1270471417
38244 314937.9 113.8374639488 34.0879387611 3777115.856541 761912.3256632 57.7240945129 0.0250805454 0.7812877303 185.6593869302 -1.3624076238 -13.7900650069 -0.0733596461
38245 314937.98 113.837462776 34.0879288312 3777114.751553 761912.2479846 57.721974317 0.1166870803 0.8623506755 185.4806809331 -1.3298830625 -13.7600036218 0.0125025045
38246 314938.06 113.837461634 34.0879189222 3777113.648951 761912.173088 57.724795037 0.1960643806 0.8513238643 185.2748124867 -1.2843652867 -13.734725616 0.0644976441
38247 314938.14 113.8374605452 34.0879090348 3777112.548881 761912.1030403002 57.7310079383 0.0614067055 0.9386902964 185.0955151856 -1.2231176872 -13.705888328 0.0240487154
38248 314938.22 113.8374594907 34.0878991632 3777111.450659 761912.0361058002 57.7345912559 0.1856909151 0.9968080213 184.9114108496 -1.193487508 -13.6895184353 0.0586888566
38249 314938.3 113.8374584767 34.0878893122 3777110.354829 761911.9728443002 57.7380198203 0.0678343597 1.0473405161 184.7256383202 -1.1404165665 -13.6428838809 0.0458571359
