38816 315025.39 113.8409139957 34.0839202071 3776678.7444980014 762243.2830812 56.7884988887 -0.1023670384 0.8854130471 102.4931439009 7.8397207845 -1.7578440531 -0.0472270919
38817 315025.52 113.8409251109 34.0839181536 3776678.545149 762244.315766 56.7790978122 -0.0018875569 0.8266898519 102.3309186005 7.9085198569 -1.7443511323 -0.0502535326
38818 315025.65 113.8409363192 34.0839161063 3776678.346725 762245.3570380999 56.7730025034 -0.017479734 0.7965308642 102.1496076324 7.9732092459 -1.7401152114 0.0008565946
38819 315025.78 113.840947629 34.083914068 3776678.149569 762246.4076469 56.7690538382 -0.0632831528 0.7730712139 101.9846137927 8.0467369332 -1.7336506954 -0.0179274639
38820 315025.91 113.8409590363 34.0839120338 3776677.953113 762247.4672528001 56.7618090138 0.0394787711 0.7518762655 101.7938669336 8.11060152 -1.7307934408 -0.0612907909
38821 315026.03 113.8409696584 34.0839101679 3776677.773314 762248.4538304 56.7554783123 0.0374660575 0.7517016384 101.6281351138 8.1876337271 -1.7148987206 -0.0060071564
38822 315026.15 113.8409803385 34.0839083342 3776677.597249 762249.4456678 56.7532336097 -0.1105382304 0.7501027339 101.4494218002 8.2428541567 -1.6968601005 0.011880245
38823 315026.27 113.8409910994 34.0839065117 3776677.422625 762250.44493 56.7497202344 -0.0779927304 0.8068548278 101.2667145476 8.3032597332 -1.6895862562 -0.0264392566
38824 315026.39 113.8410019402 34.0839047042 3776677.249866 762251.451526 56.7435427466 0.0079952735 0.8112557867 101.0734748333 8.3665198219 -1.6694993916 -0.0595836863
38825 315026.44 113.8410064812 34.0839039576 3776677.178677 762251.8731391998 56.7405495411 0.0486096308 0.8089636971 100.9900278209 8.3912021165 -1.6635363303 -0.0377397992
38826 315026.56 113.8410174313 34.0839021797 3776677.009489 762252.889737 56.7385304654 0.0141566935 0.8258751734 100.8047511299 8.4447572007 -1.6414271155 0.0255940668
38827 315026.68 113.8410284583 34.0839004193 3776676.842444 762253.9133785998 56.7374591911 -0.0382964694 0.8024980638 100.6238665588 8.51260666 -1.6269673684 -0.0296096243
38828 315026.8 113.8410395687 34.0838986784 3776676.677776 762254.9446593 56.7328425841 0.0495655932 0.8330818967 100.4781227058 8.5750395364 -1.6199938529 -0.0310268013
38829 315026.92 113.8410507575 34.0838969449 3776676.514128 762255.9831605 56.7291273465 -0.0057867984 0.8172043714 100.3260412484 8.6291997749 -1.607086739 -0.022594353
38830 315027.04 113.841062028 34.0838952292 3776676.352668 762257.0291444998 56.7285227375 -0.2041954465 0.8058342089 100.194566819 8.6962889882 -1.5849260396 0.0141923916
38831 315027.16 113.8410733827 34.0838935249 3776676.192689 762258.0828758002 56.7254480645 -0.3864988356 0.7931471918 100.0818433111 8.7649359456 -1.5876441857 -0.0451874827
38832 315027.28 113.8410848292 34.0838918316 3776676.034174 762259.1450469 56.7128782822 -0.4293455914 0.7322148905 100.0068133516 8.8377051408 -1.5720720098 -0.102339837
38833 315027.4 113.8410963543 34.0838901362 3776675.875619 762260.2144851999 56.7031541867 -0.4801366509 0.7688501732 99.9467006605 8.891268757 -1.5895385003 -0.0534508603
38834 315027.52 113.8411079662 34.0838884389 3776675.71708 762261.2919401998 56.6895470312 -0.2951244079 0.7137104847 99.8925635363 8.963377907 -1.5731603529 -0.132757706
38835 315027.63 113.8411186762 34.0838868855 3776675.572193 762262.285672 56.6761275651 0.1610411962 0.7339378138 99.8475676372 9.0086857799 -1.5845287202 -0.0859682993
38836 315027.73 113.841128464 34.0838854654 3776675.439724 762263.1938424 56.6700698491 0.5118276643 0.7399921579 99.7938538422 9.0513820118 -1.5834851009 -0.0206255427
38837 315027.84 113.8411392785 34.0838839103 3776675.294916 762264.1972317 56.6729288949 0.5978801668 0.7303637535 99.7484107178 9.0890902472 -1.5809886687 0.0632770167
38838 315027.95 113.8411501423 34.0838823513 3776675.1498050014 762265.2051806998 56.6828188505 0.4282962511 0.7080645996 99.6794163009 9.1349982779 -1.5845030878 0.1027411278
38839 315028.06 113.8411610596 34.0838807995 3776675.005629 762266.2180536998 56.6911638621 0.2319490571 0.7470482094 99.6162306492 9.1807413164 -1.5754009719 0.0462738859
38840 315028.17 113.8411720297 34.0838792516 3776674.862022 762267.2357822 56.6915136753 0.1770478317 0.7598592313 99.5089979765 9.2263986115 -1.5726805871 -0.0056864865
38841 315028.28 113.841183057 34.083877713 3776674.719592 762268.2587727 56.6912151249 0.1494353398 0.7668612126 99.3644684586 9.2795781953 -1.5538015512 0.0110062018
38842 315028.39 113.8411941437 34.0838761915 3776674.579208 762269.2871935002 56.6921970258 -0.0303242693 0.7496081937 99.19564593 9.3308819876 -1.5393604681 1.49173e-05
38843 315028.5 113.8412052965 34.0838746945 3776674.441721 762270.3216311998 56.6914487043 -0.1922046391 0.6832612853 99.0365996678 9.3873664956 -1.5090447889 -0.0002871116
38844 315028.61 113.8412165148 34.0838732184 3776674.30672 762271.3620632 56.6873171767 -0.2644114218 0.6325377599 98.8724952331 9.4442711957 -1.4956827001 -0.0741083956
38845 315028.72 113.8412277987 34.0838717604 3776674.1738910014 762272.4084986 56.677961655 -0.0348280778 0.5664092644 98.7190187491 9.4927705517 -1.4682608999 -0.0847079655
38846 315028.83 113.8412391454 34.08387032 3776674.043187 762273.4606696998 56.6709615774 0.0806882872 0.5219962442 98.5646096826 9.5453141134 -1.4581620251 -0.0434607618
38847 315028.94 113.8412505482 34.0838688962 3776673.914462 762274.5179801 56.6704598367 0.028188411 0.4996664617 98.3947726018 9.5897440064 -1.4360807333 0.0288124995
38848 315029.05 113.8412620093 34.0838674905 3776673.78789 762275.5806089 56.6713141389 -0.0579483342 0.5448447907 98.2431369917 9.6444051634 -1.4205319073 -0.0109252621
38849 315029.15 113.8412724874 34.0838662287 3776673.674777 762276.5520298 56.6662365003 -0.1026450949 0.5496029122 98.111506375 9.690626972 -1.4000409081 -0.0496577339
38850 315029.26 113.8412840676 34.0838648621 3776673.552852 762277.6255449002 56.6618032334 -0.1416532917 0.5750320437 97.9770172941 9.738177152 -1.3860712927 -0.0196645643
38851 315029.37 113.8412957112 34.0838635084 3776673.43253 762278.7048671 56.6560336202 -0.0971801962 0.5444188648 97.8335259543 9.791578412 -1.3625899567 -0.0666998047
38852 315029.48 113.841307413 34.0838621752 3776673.314625 762279.7895034002 56.6484661484 0.0232710213 0.5766467228 97.7093000073 9.8387526422 -1.3520874191 -0.0415129284
38853 315029.59 113.8413191729 34.0838608514 3776673.197913 762280.8794726 56.6444730377 0.0924279604 0.5789763151 97.5745386992 9.8908736535 -1.3392523997 -0.0170972842
38854 315029.69 113.8413299092 34.0838596706 3776673.094452 762281.8744778001 56.6429200126 0.0086166457 0.5794945914 97.4703578537 9.9244439777 -1.317584418 0.0150645315
38855 315029.79 113.8413406846 34.083858497 3776672.991882 762282.8730857 56.6429675324 -0.122048082 0.6083470046 97.3503873065 9.9598323574 -1.3100100814 -0.0136939282
38856 315029.89 113.8413515041 34.083857338 3776672.891052 762283.8757127 56.6388740493 -0.0309683682 0.6336787787 97.2497017898 10.0007279978 -1.2858564779 -0.06980486
38857 315029.99 113.8413623615 34.0838561903 3776672.791562998 762284.8817983002 56.63142733 0.0980783058 0.6253148801 97.1356563676 10.0359967102 -1.2820712497 -0.0504918325
38858 315030.09 113.8413732419 34.0838550555 3776672.693573 762285.8899758002 56.6300299587 0.0074195088 0.6579974931 97.0224477198 10.0596169803 -1.2558506603 0.044244476
38859 315030.19 113.8413841481 34.0838539312 3776672.596815 762286.9005071998 56.6333326055 -0.186709336 0.709327777 96.910935943 10.0886825656 -1.2513380645 0.0138823399
38860 315030.29 113.8413950903 34.0838528215 3776672.501762 762287.914307 56.6286537908 -0.1099994094 0.7051913711 96.8058501172 10.1214184562 -1.2236999347 -0.0713498022
38861 315030.39 113.8414060627 34.0838517275 3776672.408535 762288.9308539 56.6202397142 0.053788153 0.7139780288 96.7016730062 10.1469898988 -1.2138033893 -0.0685486838
38862 315030.49 113.8414170592 34.083850647 3776672.316864 762289.9495881 56.6166141899 -0.0081532543 0.6588303024 96.5861597678 10.1661482827 -1.188078719 -0.0029930475
38863 315030.59 113.8414280765 34.0838495879 3776672.227623998 762290.9701648002 56.6183999069 -0.1506497973 0.6800020772 96.4862049106 10.181782905 -1.1783355331 0.0245990552
38864 315030.65 113.8414346992 34.0838489555 3776672.174453 762291.5836454 56.6176870977 -0.112676642 0.6723800424 96.4231973912 10.1982968303 -1.1729984548 -0.0398860937
38865 315030.75 113.8414457583 34.0838479195 3776672.087889 762292.6080213 56.6101730391 0.1394750863 0.6096402322 96.3290369172 10.2224284761 -1.1425061963 -0.0820949727
38866 315030.85 113.8414568298 34.0838468964 3776672.002784 762293.6334976 56.6067706775 0.1815686901 0.6145542115 96.2101578965 10.2285507547 -1.1401178716 0.0268147486
38867 315030.95 113.8414679119 34.0838458859 3776671.9191 762294.659917 56.6121025477 -0.1183157951 0.6244395888 96.0812385096 10.2437877903 -1.1116192168 0.0499690478
38868 315031.05 113.8414790165 34.0838448986 3776671.838051 762295.6883358002 56.6118929889 -0.2098959312 0.6565977629 95.9731939776 10.2646273919 -1.094293825 -0.0575085747
38869 315031.15 113.8414901493 34.0838439221 3776671.758281 762296.7193303 56.6038826341 -0.017393515 0.6313780157 95.8534900432 10.2826668352 -1.0723685706 -0.0723520678
38870 315031.25 113.8415012944 34.0838429684 3776671.681069 762297.7513889 56.5977150435 0.0398645515 0.663739354 95.7170861215 10.285660899 -1.0493181722 -0.0215307498
38871 315031.35 113.8415124472 34.0838420292 3776671.605489 762298.7841154998 56.5989065189 -0.0410933804 0.6748381513 95.5514405098 10.2950189618 -1.0285756063 0.0375067866
38872 315031.45 113.8415236152 34.0838411218 3776671.533474 762299.8181462 56.5990731539 -0.0664038485 0.6757015779 95.3999919705 10.3080000247 -0.9940036023 -0.0348336348
38873 315031.55 113.8415347955 34.083840235 3776671.463768 762300.853247 56.5959046073 -0.0543058601 0.6971973049 95.2347278663 10.3224887829 -0.9728421427 -0.0296017707
38874 315031.65 113.8415459856 34.083839374 3776671.396963 762301.8891801998 56.5938470224 -0.0798411122 0.6854796433 95.0747486443 10.3320639448 -0.9397140386 -0.0243383599
38875 315031.75 113.8415571879 34.0838385434 3776671.333551 762302.9261352 56.5905526504 -0.027174261 0.6706817676 94.9155468534 10.339517623 -0.9088920968 -0.0477381285
38876 315031.85 113.8415684012 34.0838377332 3776671.272438 762303.9640489002 56.5871567428 0.129663845 0.773209254 94.7615919492 10.3491234015 -0.8932291304 -0.0209285652
38877 315031.92 113.8415762582 34.0838371773 3776671.230928 762304.6912625999 56.5863655638 0.0952890714 0.7287747984 94.6485676211 10.3605982596 -0.8697847452 -0.0011229711
38878 315032.02 113.8415874867 34.0838364118 3776671.174821 762305.7304459 56.5883746156 -0.135608288 0.7092331028 94.4937627086 10.3635981015 -0.8330625192 0.0503083665
38879 315032.12 113.8415987219 34.0838356683 3776671.12117 762306.7701729998 56.5908817696 -0.4408529335 0.728009884 94.3404546511 10.3838427598 -0.8164155552 -0.0189401871
38880 315032.22 113.8416099758 34.0838349535 3776671.070748002 762307.8115431998 56.5824981909 -0.4344991377 0.6658890115 94.2215991203 10.3987976035 -0.7772642293 -0.107059724
38881 315032.32 113.8416212428 34.0838342615 3776671.022894 762308.8540544001 56.5712313587 -0.30998929 0.6267007234 94.1042767842 10.4056177379 -0.7616532382 -0.0896953838
38882 315032.42 113.8416325247 34.0838335815 3776670.976401 762309.8978968002 56.5615412369 -0.0754122694 0.6360233804 93.9812891285 10.4200545427 -0.7473864834 -0.0758351431
38883 315032.52 113.8416438175 34.0838329217 3776670.932183998 762310.9426942 56.5557538997 0.0954156302 0.6665928392 93.8883637652 10.4262840135 -0.7236864484 -0.0198097638
38884 315032.62 113.8416551167 34.0838322713 3776670.889026 762311.9880452 56.55730139 -0.0192196829 0.7536255123 93.7786850208 10.4383457814 -0.7215712534 0.0304275512
38885 315032.72 113.8416664245 34.0838316352 3776670.847487 762313.0341425 56.5591675257 -0.1908189328 0.7958377482 93.6740420515 10.4498220016 -0.6909664875 -0.01588392
38886 315032.82 113.8416777453 34.083831018 3776670.808061 762314.0813944 56.5556665175 -0.2275699096 0.8329340617 93.5726145345 10.4554569232 -0.6784186422 -0.0807572889
38887 315032.92 113.8416890789 34.0838304204 3776670.770861 762315.129757 56.5486337878 -0.0650882324 0.8877354204 93.4843571029 10.4678548313 -0.6544139576 -0.0760186366
38888 315033.02 113.8417004216 34.0838298355 3776670.735079 762316.1789231999 56.5445062555 0.0239383804 0.8850815222 93.3876434545 10.4746126872 -0.6442701639 -0.0068418649
38889 315033.12 113.8417117692 34.0838292631 3776670.700703 762317.2285026 56.5449970979 -0.0423762608 0.9194632899 93.290793219 10.4809367688 -0.6245730981 0.0218767377
38890 315033.22 113.841723126 34.0838287028 3776670.667694 762318.2788965 56.5469059776 -0.228785287 0.936420587 93.1793989208 10.4909379424 -0.611734169 -0.0096800753
38891 315033.29 113.8417310845 34.0838283207 3776670.645739 762319.0149488002 56.5442790184 -0.2024849966 0.8787102081 93.102738368 10.5018141628 -0.5912754197 -0.0460085015
38892 315033.39 113.8417424662 34.0838277972 3776670.616877 762320.0675264 56.5384614319 -0.2152091884 0.8818139402 92.9864033266 10.5148178003 -0.5659638173 -0.0829263629
38893 315033.49 113.841753861 34.08382729 3776670.589856 762321.1212649 56.5322917998 -0.243316558 0.7923850879 92.8361582361 10.5242728499 -0.5417819409 -0.0431398783
38894 315033.59 113.8417652672 34.0838268153 3776670.566477 762322.1759518002 56.5277822372 -0.2044005827 0.758990215 92.6941514754 10.531796855 -0.5150673282 -0.0297450683
38895 315033.69 113.8417766851 34.083826357 3776670.544938 762323.2316736998 56.5235809274 -0.1070883276 0.6881907414 92.5345913093 10.548994336 -0.4922456727 -0.0358431323
38896 315033.79 113.8417881128 34.083825929 3776670.526801 762324.2882090998 56.5176575556 0.0853654074 0.6897203026 92.3929381731 10.5502963447 -0.4608488689 -0.0436052022
38897 315033.89 113.8417995469 34.0838255143 3776670.510144002 762325.3452936 56.5160974376 0.1641997808 0.6839983686 92.2211951087 10.5557380256 -0.4433360448 0.0025568196
38898 315033.99 113.841810988 34.0838251344 3776670.497373 762326.4029144 56.5184741421 0.0769439594 0.6900309439 92.0691642896 10.5624369055 -0.3995816533 0.0320740005
38899 315034.09 113.8418224372 34.0838247779 3776670.487226 762327.4612062 56.522152028 -0.1263069628 0.6777514395 91.8981778407 10.5715732766 -0.3829776766 0.0365276012
38900 315034.19 113.841833902 34.0838244566 3776670.48102 762328.5208376 56.5205241824 -0.2346708563 0.5949843626 91.7367597186 10.588337249 -0.3310285743 -0.0770289788
38901 315034.29 113.8418453802 34.0838241629 3776670.477902 762329.5816154998 56.5128824767 -0.1891214841 0.5830162175 91.5666171468 10.5961677204 -0.3224497687 -0.0840918681
38902 315034.39 113.8418568707 34.0838238962 3776670.47782 762330.6434454998 56.5061970456 -0.1127064359 0.5265515166 91.3923167875 10.6099999934 -0.2730677057 -0.0556829346
38903 315034.42 113.8418603193 34.0838238239 3776670.478653 762330.9621093002 56.5045547094 -0.1062643327 0.5133926972 91.3413813915 10.6066468231 -0.2626691492 -0.0520858911
38904 315034.52 113.8418718218 34.083823593 3776670.482578 762332.024939 56.5018291026 -0.1352762216 0.543521007 91.1582881965 10.6206316738 -0.2499129939 -0.0166120436
38905 315034.62 113.8418833309 34.0838233899 3776670.489607 762333.0882866002 56.5010549659 -0.1900370726 0.5077293973 90.9743678034 10.6261030464 -0.2034646344 -0.0365417425
38906 315034.72 113.8418948534 34.083823219 3776670.500233 762334.1527803 56.4955218816 -0.1007046386 0.5353781685 90.7928581398 10.6377287251 -0.1780777969 -0.089038427
38907 315034.82 113.8419063848 34.0838230767 3776670.514069998 762335.2180123 56.4898746042 -0.0408933512 0.5454679477 90.6060087095 10.6433912274 -0.1400499481 -0.0216087741
38908 315034.92 113.8419179228 34.0838229676 3776670.5316 762336.283739 56.4885802642 -0.0647650727 0.5327767283 90.418965781 10.650507576 -0.109999832 -0.0068451615
38909 315035.02 113.8419294704 34.0838228911 3776670.552778 762337.3502568002 56.4882456856 -0.0974102085 0.5226376364 90.2398911098 10.6588805653 -0.0603284414 -0.0424099351
38910 315035.12 113.8419410331 34.0838228476 3776670.577647 762338.4180704 56.4844754226 -0.0926994126 0.5081238907 90.0605390072 10.6680741915 -0.0425151331 -0.0417554015
38911 315035.22 113.8419526009 34.0838228326 3776670.605696 762339.4862658002 56.48294676 -0.1575413447 0.4482591064 89.8720603312 10.6796874885 0.0068284977 -0.0110666798
38912 315035.32 113.8419641791 34.0838228507 3776670.637455 762340.5553117 56.4800783042 -0.0933726812 0.4747621326 89.697136896 10.6892090687 0.0298276636 -0.0517094302
38913 315035.42 113.8419757652 34.0838228974 3776670.672397 762341.6250040998 56.4742858186 0.0582375415 0.4901601689 89.5281782836 10.693206722 0.0705182109 -0.0355643386
38914 315035.52 113.8419873548 34.08382297 3776670.710226998 762342.6949441 56.4746191604 0.075332961 0.5374794069 89.3571661196 10.7002538272 0.0879700609 0.0503177498
38915 315035.54 113.8419896723 34.0838229874 3776670.718111 762342.9088784 56.4748777058 0.0429239494 0.5363618445 89.3202397933 10.6916052113 0.0958702889 0.0128540468
38916 315035.64 113.842001266 34.0838230914 3776670.759433 762343.9791021 56.4772960031 -0.0810617585 0.5929364849 89.1476811794 10.6976785158 0.1325875828 0.023024978
38917 315035.74 113.8420128611 34.0838232215 3776670.803662 762345.0493664 56.4780565454 -0.1432643123 0.6544625981 88.9728440752 10.6996563823 0.1580108707 -0.0140096397
38918 315035.84 113.842024456 34.0838233794 3776670.850967 762346.1195278001 56.4754080959 -0.133702206 0.6734073873 88.8061756541 10.697888301 0.195693622 -0.0387474264
38919 315035.94 113.8420360471 34.0838235714 3776670.902053 762347.1892331998 56.4712140309 -0.1481515869 0.7195279938 88.6529118144 10.6941986825 0.2179554211 -0.0230197893
38920 315036.04 113.8420476279 34.0838237861 3776670.955632 762348.2579186 56.4698593849 -0.2494053535 0.7170892257 88.4904167161 10.6881864552 0.2528465715 0.007475567
38921 315036.14 113.8420592028 34.0838240284 3776671.012256 762349.3259729 56.4669058016 -0.2633407153 0.7028885422 88.3456601474 10.6796122143 0.2808540518 -0.0331690677
38922 315036.24 113.8420707702 34.0838242936 3776671.071403 762350.39326 56.4603746282 -0.1331108072 0.6801721876 88.1994268339 10.667809025 0.3108721989 -0.0717792177
38923 315036.34 113.8420823254 34.0838245828 3776671.133179 762351.4593524998 56.4551782655 -0.0816259392 0.6763108952 88.059391142 10.654093291 0.3345836938 -0.0327092546
38924 315036.44 113.8420938663 34.0838248949 3776671.197468 762352.5240495999 56.4534794064 -0.0394550491 0.6234754352 87.9194630714 10.6389483688 0.3672968002 0.0083673154
38925 315036.54 113.8421053923 34.0838252311 3776671.264384 762353.5873044 56.4532264844 0.0028668964 0.6448260316 87.7852001141 10.629952259 0.380874913 -0.0095642439
38926 315036.64 113.8421169066 34.0838255841 3776671.333133002 762354.6494175 56.4510945715 0.1341184197 0.58588113 87.6430164279 10.6161662942 0.4096203879 -0.0062430162
38927 315036.74 113.8421284032 34.0838259666 3776671.4051190014 762355.7098125 56.4511209065 0.0730217932 0.653553305 87.5040755001 10.6000000939 0.4331883081 0.005856599
38928 315036.82 113.8421375882 34.0838262791 3776671.4634 762356.5569676 56.4540032931 -0.0838106547 0.6640084764 87.3674315253 10.5882505135 0.4427204359 0.0432170199
38929 315036.92 113.8421490548 34.0838267006 3776671.539628 762357.61447 56.4556733575 -0.1805338603 0.672494284 87.2193106084 10.5690552261 0.4880044544 -0.0158379582
38930 315037.02 113.8421605098 34.083827145 3776671.618379 762358.6708334001 56.4521216294 -0.1363897219 0.6339961889 87.05144458 10.5550303005 0.5083886725 -0.0542445174
38931 315037.12 113.8421719534 34.0838276246 3776671.701006 762359.7260259 56.4477128768 -0.0931074975 0.7019936079 86.8987489053 10.5510145253 0.5402044841 -0.0321214143
38932 315037.22 113.8421833808 34.0838281269 3776671.786101 762360.7796589001 56.4456353709 -0.1276211899 0.6654951486 86.7022355575 10.5407796895 0.5703044078 -0.0105850142
38933 315037.32 113.8421947916 34.0838286661 3776671.875258 762361.8316455 56.4448450878 -0.1572224908 0.6820050218 86.4808495639 10.5143097892 0.615679555 -0.0037621472
38934 315037.42 113.8422061893 34.0838292354 3776671.967717 762362.8823286998 56.4428273421 -0.1636114854 0.7569801043 86.2278670939 10.5063494165 0.6446323365 -0.0359167968
38935 315037.52 113.8422175704 34.0838298432 3776672.064414 762363.9313596998 56.4386499217 0.0199022122 0.717474359 85.9840559531 10.4910270471 0.7017222388 -0.0259519679
38936 315037.62 113.8422289264 34.0838304999 3776672.166461 762364.977922 56.4376154086 0.1785840497 0.7131811595 85.7547001388 10.4671910612 0.7458961466 -0.0150994592
38937 315037.72 113.8422402613 34.0838311884 3776672.271985 762366.022438 56.4391861707 0.2892926195 0.7458956817 85.5195214024 10.4446797666 0.7801854398 0.0074307623
38938 315037.82 113.8422515715 34.083831912 3776672.381347 762367.0645612 56.4442046629 0.2434423639 0.7431377878 85.2960883229 10.4239414222 0.8213945617 0.0508955585
38939 315037.87 113.8422572169 34.0838322867 3776672.437432 762367.5846917 56.4477258017 0.1763241329 0.6999273447 85.1797309874 10.411486676 0.8379500589 0.0755833778
38940 315037.97 113.8422684908 34.0838330658 3776672.552856 762368.6232912 56.4550548224 0.0200910688 0.6662944159 84.9706491224 10.3930406692 0.8813815746 0.0776400101
38941 315038.07 113.8422797435 34.0838338797 3776672.672101 762369.6598318 56.4587638546 -0.0817593961 0.5601296138 84.7915748432 10.3760675924 0.9192496644 0.0100733444
38942 315038.17 113.8422909756 34.083834732 3776672.795533 762370.6943481 56.4569137432 0.0035433195 0.4988935048 84.6514482526 10.3553300318 0.9561712517 -0.029254613
38943 315038.27 113.8423021873 34.0838356015 3776672.920836 762371.7269278001 56.4555069506 0.0232732093 0.4612948644 84.4954150149 10.3415966416 0.9697145778 0.0028438194
38944 315038.37 113.8423133797 34.0838364869 3776673.047848 762372.7576784 56.4554809164 0.0980024509 0.4778840701 84.3384736522 10.3214650832 0.9906270478 -0.0156333124
38945 315038.47 113.8423245495 34.0838373924 3776673.1770379986 762373.7862785999 56.4577407278 0.1570197207 0.5311225332 84.2013569732 10.2946601019 1.011263957 0.0189408671
38946 315038.57 113.8423356972 34.0838383173 3776673.308316 762374.8127816 56.4602512242 0.1718099618 0.5392812209 84.0843106125 10.2783071866 1.0366762359 0.0392841005
38947 315038.67 113.8423468206 34.0838392636 3776673.441919 762375.8369728002 56.4649864323 0.1861510665 0.5322002383 83.9989746582 10.257034216 1.0535723422 0.0751716624
38948 315038.77 113.8423579238 34.0838402251 3776673.577147 762376.8592487 56.4694471918 0.1460154094 0.4468406413 83.9253939923 10.2434445042 1.0733985846 0.0356782627
38949 315038.87 113.8423690109 34.0838412032 3776673.714176 762377.8799885998 56.4728711722 0.0031239825 0.4455028542 83.8684487517 10.2269036296 1.083103012 0.0476677773
38950 315038.97 113.8423800841 34.0838421802 3776673.851048 762378.8994428002 56.4771899227 -0.1594825874 0.4547709634 83.7999927516 10.2194247015 1.0857398576 0.0217387398
38951 315039.07 113.8423911484 34.083843175 3776673.989878 762379.9180310002 56.4753432553 -0.0533231894 0.4694846385 83.7530599898 10.2093683265 1.1085923014 -0.0563724642
38952 315039.17 113.8424022007 34.0838441805 3776674.129858 762380.9354734 56.4702524161 0.1446900379 0.5000113483 83.6869588996 10.1916882186 1.1034962551 -0.0316667649
38953 315039.27 113.8424132383 34.0838451939 3776674.270681 762381.9515303002 56.4710113518 0.1292426242 0.5270835333 83.6219770699 10.1785833894 1.1200198572 0.0577134245
38954 315039.33 113.8424198547 34.0838458093 3776674.355974 762382.5605771 56.4737611078 0.052015614 0.5168881785 83.5888639366 10.1752101012 1.1278640844 0.0639568375
38955 315039.43 113.842430874 34.0838468426 3776674.498956 762383.5748813002 56.4777715448 -0.1024408778 0.4957395866 83.52470934 10.1648537457 1.1426330706 0.0349279225
38956 315039.53 113.8424418863 34.0838478871 3776674.643167 762384.588512 56.4779037563 -0.0655323064 0.5133579084 83.4473579797 10.1648272861 1.1504518335 -0.0063285311
38957 315039.63 113.8424528946 34.0838489392 3776674.788209 762385.6017452 56.4746256406 0.1123631188 0.4933957851 83.3466008058 10.1591361256 1.1657127308 -0.0364033623
38958 315039.73 113.8424638962 34.083850013 3776674.935647 762386.6142938002 56.4723220263 0.1862197675 0.5149007713 83.2607990907 10.1486860534 1.1892274857 -0.0010995122
38959 315039.83 113.8424748882 34.0838510968 3776675.084168 762387.6259286 56.4750113152 0.078017726 0.5000729595 83.1710418378 10.1397566016 1.1984507743 0.0665193413
38960 315039.93 113.8424858713 34.0838521949 3776675.234243 762388.6366976999 56.4797516912 -0.0502192621 0.5495914752 83.100423679 10.1364809248 1.2136434361 0.0405116159
38961 315040.03 113.8424968523 34.083853299 3776675.3849949986 762389.6472479 56.4787483932 -0.001951608 0.6086040952 83.0311687486 10.134808374 1.2170831329 -0.0328206154
38962 315040.13 113.8425078268 34.0838544087 3776675.536338 762390.657185 56.4751856439 0.1044356872 0.6250466007 82.9670160979 10.1238179378 1.235182427 -0.0130211162
38963 315040.23 113.8425187914 34.0838555332 3776675.689303 762391.6661616 56.4766739626 0.0133823365 0.6683820126 82.8969295299 10.1206040988 1.2438301085 0.0404387547
38964 315040.33 113.8425297455 34.0838566623 3776675.842755 762392.6741503 56.4795534452 -0.0285317282 0.7144707022 82.8063452558 10.106168945 1.2569577431 0.0265306794
38965 315040.43 113.8425406894 34.0838578064 3776675.997844 762393.6811544001 56.4791021235 0.0837063728 0.7129718251 82.7055539717 10.0947602528 1.275489085 -0.0168730581
38966 315040.53 113.8425516166 34.0838589676 3776676.1547839986 762394.6865675 56.4768591411 0.2961141242 0.7566367058 82.5939855302 10.0771886587 1.2916077102 -0.0098155285
38967 315040.63 113.8425625177 34.0838601436 3776676.313301998 762395.6895181999 56.4795963112 0.3462166001 0.7877696408 82.4633822291 10.0457595385 1.3082783719 0.0650549662
38968 315040.73 113.8425733908 34.0838613375 3776676.4737370014 762396.6898285 56.487323992 0.158527185 0.7456346315 82.321834616 10.0175107789 1.3347538033 0.1008181009
38969 315040.83 113.8425842373 34.083862554 3776676.636601 762397.6876213 56.4951880109 -0.0470691138 0.801005283 82.1891164322 9.9895571392 1.3475360828 0.0564595689
38970 315040.91 113.8425928924 34.0838635361 3776676.767839 762398.4837801 56.4972696844 -0.0821259202 0.7943999514 82.0780663594 9.9827609962 1.364809774 -0.0007957362
38971 315041.01 113.8426036921 34.0838647851 3776676.934192 762399.4771475 56.4945250116 0.0399985878 0.806569312 81.9521662984 9.9594678759 1.389733536 -0.0165701138
38972 315041.11 113.8426144616 34.0838660473 3776677.101941 762400.4676845 56.4928658111 0.0976976738 0.7860723301 81.8215095357 9.9345763888 1.4072495954 0.0376500835
38973 315041.21 113.8426251982 34.0838673256 3776677.271388 762401.4551321998 56.4970558677 0.0553062203 0.7448283309 81.6913212532 9.8946796684 1.4347697153 0.0581937915
38974 315041.32 113.8426369769 34.0838687543 3776677.460201 762402.538337 56.4984626891 0.156588672 0.7300702964 81.56780096 9.8693757367 1.4484701484 0.0040464991
38975 315041.43 113.8426487179 34.0838701975 3776677.650534 762403.6180159 56.4986457331 0.3258025397 0.6703164221 81.4375997252 9.8366857502 1.4701305505 0.0065735647
38976 315041.54 113.8426604169 34.0838716595 3776677.842847 762404.693765 56.5038791113 0.2149770036 0.7234140368 81.2999204829 9.8000610082 1.475910498 0.0827241197
38977 315041.65 113.8426720749 34.0838731328 3776678.0363 762405.7656963002 56.5119156372 -0.0490963032 0.747148377 81.1373862949 9.7653802302 1.5041175325 0.0671835361
38978 315041.76 113.8426836961 34.0838746329 3776678.232639 762406.8341398 56.5149104036 -0.1324103252 0.7815688335 80.9843905425 9.736011448 1.5213506716 -0.0087707587
38979 315041.87 113.8426952844 34.083876155 3776678.431331 762407.899479 56.5113867056 -0.0671809143 0.7653091627 80.8204238862 9.7049247529 1.550629623 -0.0459827291
38980 315041.98 113.8427068315 34.0838777019 3776678.6326730014 762408.9609333 56.5090838987 0.0638224313 0.8295961659 80.6631476321 9.6740578089 1.5653255615 0.0039478912
38981 315042.09 113.8427183413 34.0838792668 3776678.835915 762410.0188879 56.5073658833 0.2388253616 0.8261961791 80.4965937552 9.6387876835 1.595898603 -0.0184098412
38982 315042.2 113.8427298054 34.0838808583 3776679.0419910015 762411.0725446 56.5100168614 0.1947127745 0.8435421633 80.3326180114 9.6022602004 1.6123156065 0.0692373509
38983 315042.26 113.8427360389 34.0838817316 3776679.154931 762411.6454361 56.5153172612 0.0301481729 0.8346613521 80.2352383847 9.5805376895 1.6209054221 0.0966622851
38984 315042.37 113.8427474367 34.0838833547 3776679.364345 762412.6928785 56.5216091983 -0.1426051126 0.872982601 80.0809184872 9.5463430868 1.649226651 0.0133045827
38985 315042.48 113.8427588027 34.0838849995 3776679.5760800014 762413.7373077 56.5179336658 0.0520690308 0.8608276587 79.934567432 9.5231488261 1.6691447842 -0.0495793737
38986 315042.59 113.8427701265 34.0838866676 3776679.790294002 762414.7777742 56.5127593717 0.2789968605 0.8137358805 79.7808574021 9.4772718416 1.6975852834 -0.0023297376
38987 315042.7 113.8427814014 34.0838883505 3776680.006034 762415.8136736 56.5189900771 0.219358974 0.8597784315 79.6094120903 9.4415061393 1.7047860995 0.0814855727
38988 315042.81 113.8427926321 34.0838900516 3776680.2236730014 762416.8454461 56.5266289162 0.1364467327 0.9116948667 79.4455322164 9.402566836 1.7297821019 0.0528138359
38989 315042.92 113.842803818 34.0838917758 3776680.44377 762417.8730009 56.5295549845 0.0589476798 0.9138339633 79.2689487823 9.3647174153 1.7467436385 0.0280629592
38990 315043.03 113.8428149517 34.0838935181 3776680.665729 762418.8956864 56.5321970917 -0.0473909216 0.9401845903 79.0688429216 9.3175680967 1.7728476855 0.0202767738
38991 315043.14 113.8428260461 34.0838952911 3776680.890998 762419.9146423 56.5317165116 0.0111949555 0.9321866311 78.8814173123 9.2821927429 1.8046605941 -0.0235552951
38992 315043.25 113.8428370952 34.0838970922 3776681.119279 762420.9293260998 56.5287963906 0.0321131649 0.9058862717 78.6849978322 9.2457152565 1.8286002529 0.0048836875
38993 315043.36 113.8428480958 34.0838989151 3776681.349844 762421.9394680002 56.5302145574 0.0921055407 0.9418955349 78.4627327606 9.2074287771 1.8468121725 0.0176355525
38994 315043.47 113.842859054 34.0839007623 3776681.582999 762422.9456271 56.5315204151 0.2458294894 0.9125485126 78.2365175959 9.1666503586 1.8809367443 -2.97625e-05
38995 315043.55 113.842866994 34.0839021282 3776681.7549870014 762423.6745725998 56.5313635608 0.2729827283 0.954201517 78.0802027272 9.1393098823 1.9016570484 0.0108733339
38996 315043.66 113.8428778667 34.0839040235 3776681.993254 762424.6726786 56.5364192929 0.2377172413 0.9623880026 77.8636385916 9.0942773159 1.9205316417 0.0797251984
38997 315043.77 113.842888693 34.0839059497 3776682.234844 762425.6664071998 56.5425142022 0.2291900109 0.9754143793 77.6874397605 9.0610883148 1.9576148787 0.0406261542
38998 315043.88 113.8428994742 34.0839078985 3776682.478812 762426.6559024998 56.5447636023 0.270470517 0.9521522697 77.5310566394 9.0220117085 1.9728710439 0.0370015747
38999 315043.99 113.8429102102 34.0839098593 3776682.7240120014 762427.6411805998 56.55047266 0.0967300347 0.9602173904 77.3730885058 8.9849806102 1.9840747915 0.0624590922
39000 315044.1 113.8429208997 34.0839118377 3776682.971035 762428.6221158 56.5566847902 -0.0378604556 0.9659758465 77.2310642584 8.9485266361 2.00015497 0.0574662172
39001 315044.21 113.8429315496 34.0839138313 3776683.219647 762429.5993499 56.5583848078 -0.0379434247 0.9726316215 77.1007548584 8.9181762782 2.0197595961 -0.0147600477
39002 315044.32 113.8429421613 34.0839158441 3776683.470282 762430.5729946 56.5546337357 0.0945842332 0.9718007516 76.9797411874 8.8850289754 2.0340679904 -0.0336111132
39003 315044.43 113.8429527306 34.0839178652 3776683.721741 762431.5427069 56.556185713 0.0674816413 0.9442214197 76.8424184186 8.8492788455 2.0449901158 0.0380741254
39004 315044.55 113.8429642137 34.0839200868 3776683.997794002 762432.5961638001 56.5595934568 0.0361077141 0.9626207871 76.7084424335 8.8098008971 2.0570903578 0.023161139
39005 315044.67 113.8429756489 34.0839223238 3776684.27544 762433.6451559 56.560741486 0.1269463483 0.9450410365 76.5724096462 8.7778866414 2.0756107888 0.0026918377
39006 315044.79 113.8429870342 34.0839245741 3776684.554432 762434.6895015 56.5613050759 0.3145694214 0.9621447597 76.43812197 8.7366983209 2.0846989552 0.0115415408
39007 315044.91 113.842998366 34.0839268341 3776684.834358 762435.7288771 56.5643187491 0.2992209102 0.9938839296 76.2963988552 8.6910171047 2.092518202 0.0647798897
39008 315045.03 113.8430096448 34.0839291037 3776685.115217 762436.76333 56.5730828447 0.0881233164 1.0757450863 76.1556227908 8.658866905 2.0980907665 0.0644706139
39009 315045.1 113.843016199 34.0839304368 3776685.280003 762437.3644157 56.576652633 -0.0390486852 1.0642554251 76.0691102863 8.6340273912 2.1133820741 0.0439300054
39010 315045.22 113.8430273976 34.0839327386 3776685.564222 762438.391358 56.5783030586 -0.114200771 1.0253883045 75.9120296345 8.6043000426 2.1316039936 0.0027519611
39011 315045.34 113.8430385491 34.0839350606 3776685.850564 762439.4138897 56.576143818 -0.1156174699 1.0055411513 75.7466893774 8.5587225619 2.1498449108 -0.0185269244
39012 315045.46 113.8430496523 34.0839374018 3776686.138927 762440.4319103 56.5736697121 0.0339639683 0.9901884673 75.595214461 8.5223098681 2.1697953392 -0.0099930698
39013 315045.58 113.8430607103 34.0839397623 3776686.429296 762441.4456895002 56.5712383902 0.1358336226 0.9458124501 75.4481092031 8.4895542599 2.1880980578 -0.0066403821
39014 315045.7 113.8430717153 34.0839421348 3776686.720878 762442.4545404002 56.5719399238 0.1107191087 0.913386703 75.2887906177 8.4429786191 2.1958860441 0.0322965608
39015 315045.82 113.8430826716 34.08394452 3776687.013738 762443.4588524002 56.5771482345 -0.0638347671 0.9293819096 75.131068685 8.4081258914 2.2094164734 0.0243296729
39016 315045.94 113.8430935806 34.0839469196 3776687.308066 762444.4587571998 56.5785092572 -0.0738595498 0.9535931005 74.9945390009 8.3714615811 2.2197416408 -0.0080253863
39017 315046.06 113.8431044438 34.0839493331 3776687.603826 762445.4543849 56.5766906338 0.0926980368 1.0280820311 74.8849820173 8.3346085563 2.2300538399 -0.0311744207
39018 315046.18 113.8431152655 34.0839517592 3776687.900877 762446.4461454998 56.5759769548 0.0590232801 0.9811870876 74.7728175757 8.2972248602 2.2420076164 0.0113471381
39019 315046.3 113.843126035 34.083954196 3776688.198983999 762447.4330466 56.5811195467 -0.2392931602 0.991197739 74.6654289536 8.2634906286 2.2469554696 0.0458110855
39020 315046.42 113.8431367596 34.0839566375 3776688.4975 762448.4157922 56.5833808258 -0.3613749656 0.9530062663 74.5661551512 8.2312379395 2.2595219018 -0.0378897464
39021 315046.54 113.8431474373 34.0839590933 3776688.79747 762449.3941671 56.5753895454 0.0139924075 0.9096583756 74.4989275388 8.1878217273 2.2677405384 -0.0855584581
39022 315046.66 113.8431580616 34.0839615503 3776689.097447 762450.3676066 56.5679839095 0.4494558789 0.868994765 74.4194672515 8.1478016849 2.2575299941 -0.0171232335
39023 315046.68 113.8431598263 34.0839619582 3776689.147254 762450.5292911 56.5679708486 0.4777321031 0.8616075268 74.4021552866 8.1363913455 2.2544320787 0.005910926
39024 315046.8 113.8431703745 34.0839644066 3776689.446073 762451.4957234 56.5760031212 0.4675337323 0.8765742397 74.3151799421 8.0802846125 2.2552614149 0.0990836004
39025 315046.92 113.8431808615 34.0839668556 3776689.744805998 762452.45651 56.5889199385 0.1727137987 0.8675552121 74.2280310866 8.040898861 2.2564298667 0.0921613255
39026 315047.04 113.8431912938 34.083969304 3776690.043337 762453.4122394 56.5978325158 0.0618277319 0.8567426166 74.1352255725 8.0014679276 2.264568423 0.0274381061
39027 315047.17 113.8432025277 34.0839719662 3776690.367644 762454.4413331 56.5995734706 0.2015216355 0.8358517972 74.0427701548 7.9587136724 2.2697643084 -0.0184315349
39028 315047.3 113.8432136998 34.0839746384 3776690.692915 762455.464689 56.6000319179 0.2023166267 0.7595400772 73.9462911265 7.9144430044 2.2719172489 0.0299270669
39029 315047.43 113.8432248054 34.0839773079 3776691.017704 762456.4819107 56.6091075297 -0.0927904489 0.7564075601 73.8384978466 7.8656456396 2.2692914577 0.077962928
39030 315047.56 113.8432358559 34.0839799804 3776691.3426910015 762457.4940312 56.6130563011 -0.1239512134 0.7607295204 73.7288778994 7.8346567525 2.2782407299 -0.0442294969
39031 315047.69 113.843246854 34.0839826617 3776691.668523001 762458.5012952 56.6076814216 0.0665297545 0.7041676302 73.6015944165 7.794599768 2.2845492845 -0.0460811521
39032 315047.82 113.8432577877 34.0839853555 3776691.995572 762459.502561 56.6084951544 -0.0260618224 0.6318208253 73.4710530448 7.7415929709 2.2928023234 0.0541036666
39033 315047.95 113.8432686604 34.0839880585 3776692.323486 762460.498181 56.6131952414 -0.116187421 0.6422653361 73.3552922136 7.7059943096 2.2997404256 0.0040302045
39034 315048.08 113.8432794804 34.0839907625 3776692.65137 762461.488918 56.6110625304 0.0669141976 0.5850602859 73.2410879788 7.6587444554 2.3118783735 -0.0194807617
39035 315048.21 113.8432902392 34.0839934808 3776692.980691 762462.4739669 56.6086622616 0.0832853813 0.4862220269 73.1590326181 7.6127032506 2.3226692904 -0.0078731896
39036 315048.34 113.8433009301 34.0839961908 3776693.308918 762463.4527703 56.6135380622 -0.0602554946 0.4654234678 73.0848912528 7.5682222033 2.3013662698 0.0359871995
39037 315048.47 113.8433115581 34.0839988905 3776693.635833 762464.4257951998 56.6156677892 -0.022823583 0.4828201557 73.0235961532 7.525444359 2.2907255149 -0.0019875115
39038 315048.6 113.8433221173 34.0840015886 3776693.962399 762465.3924764 56.6136122877 -0.1162566092 0.4249370193 72.9533920202 7.4725619742 2.2935337645 -0.0078703207
39039 315048.62 113.8433237344 34.0840020029 3776694.0125339986 762465.5405167 56.6135964822 -0.1172832531 0.4176927623 72.9388792694 7.4591012676 2.2920101322 0.0035639569
39040 315048.75 113.8433342105 34.0840046947 3776694.3381839986 762466.4995469 56.6158983549 -0.4032351087 0.4197536275 72.8557721153 7.4139864457 2.2907504574 0.0180356475
39041 315048.88 113.8433446307 34.08400738 3776694.662968 762467.4534260002 56.6135682883 -0.3637091345 0.4401208046 72.7655199225 7.3821663223 2.2907243244 -0.0613173194
