39591 315105.36 113.846453216 34.0878638246 3777130.633612 762742.5676631 57.3762309235 0.0058422327 0.6269875069 354.1295929694 -1.065778711 10.6365792433 0.0197155155
39592 315105.45 113.8464521636 34.0878724606 3777131.589303 762742.4437751998 57.3769625314 -0.1460420619 0.665763863 353.9050644309 -1.1100058978 10.6662165503 0.0031246472
39593 315105.55 113.8464509464 34.0878820954 3777132.6554230014 762742.3015966999 57.3742387947 -0.1816585136 0.7329438916 353.6950482462 -1.1496506762 10.7207524401 -0.0474339999
39594 315105.65 113.8464496808 34.0878917745 3777133.726324 762742.1547991 57.3674004264 -0.0987841852 0.7071951962 353.5048400183 -1.2045726687 10.7595909965 -0.0642993365
39595 315105.75 113.8464483649 34.0879014966 3777134.801867 762742.0032386 57.3604916688 -0.016310304 0.7743911786 353.3564584661 -1.2291310356 10.819251632 -0.0455867511
39596 315105.85 113.8464470207 34.0879112678 3777135.882785 762741.8488966 57.3557141209 0.0166109668 0.680537276 353.2097708419 -1.2732523974 10.8691033271 -0.0402289093
39597 315105.95 113.8464456193 34.0879210912 3777136.9693519985 762741.689124 57.3523398535 -0.0033627327 0.6654033986 353.1126869161 -1.314365114 10.9389494994 -0.04136782
39598 315106.05 113.8464441958 34.0879309723 3777138.062268 762741.5271305002 57.3483367004 0.0872784918 0.7172361255 353.0042010623 -1.3258662917 10.9977651755 -0.0544206999
39599 315106.15 113.8464427375 34.0879409045 3777139.160755 762741.3617654998 57.3432440627 0.1880227589 0.7129855083 352.9177250063 -1.3615728752 11.0623400024 -0.038107029
39600 315106.24 113.8464413992 34.0879498944 3777140.154984 762741.2103882 57.3416659497 0.1486155051 0.7280871164 352.8432771591 -1.3757799953 11.1203649703 0.0238369491
39601 315106.33 113.846440044 34.0879589314 3777141.154401 762741.0573086998 57.3434965173 0.0175801063 0.7224915057 352.7667470577 -1.3947235558 11.1823794328 0.044014681
39602 315106.42 113.8464386654 34.0879680202 3777142.159501 762740.9019184 57.3413302749 0.060864879 0.7275132176 352.7195945268 -1.4208016444 11.2463585856 -0.0437308942
39603 315106.51 113.8464372638 34.087977159 3777143.17009 762740.7442364 57.3340680012 0.2545110802 0.6911980407 352.6861069011 -1.4395313976 11.2997916622 -0.0647553185
39604 315106.6 113.8464358462 34.0879863482 3777144.186238 762740.5849299 57.3296306161 0.3699886831 0.6694323147 352.6454156754 -1.4494171634 11.3664173699 -0.006372508
39605 315106.67 113.8464347394 34.0879935295 3777144.980352 762740.4605196 57.332062698 0.400373279 0.6308011771 352.6062167627 -1.4601823316 11.4121373078 0.0711910271
39606 315106.76 113.8464332932 34.088002808 3777146.006334 762740.2982915 57.3385760346 0.2102278914 0.6122089654 352.5716528544 -1.4879062371 11.4810051742 0.0657524536
39607 315106.85 113.8464318376 34.0880121394 3777147.03815 762740.1350375 57.3430720502 0.0179534808 0.6172832671 352.524927061 -1.498030597 11.5520581256 0.0494798144
39608 315106.94 113.8464303634 34.0880215244 3777148.075887 762739.9698965 57.3399551585 0.0719861145 0.6463578256 352.4942441368 -1.5206201988 11.614837477 -0.0718939946
39609 315107.03 113.8464288812 34.0880309682 3777149.120109 762739.8038284002 57.3319483595 0.1518251817 0.6938110365 352.4509288255 -1.5224527165 11.6818363301 -0.0907723491
39610 315107.12 113.8464273729 34.0880404618 3777150.1697989986 762739.6352026 57.3277884889 0.1824018919 0.6901607443 352.4029530419 -1.5489527912 11.7335250249 0.0114314483
39611 315107.21 113.8464258531 34.0880500048 3777151.224951002 762739.4653647 57.3283795742 0.0857985091 0.7313154482 352.339423711 -1.5627617611 11.7928664303 -0.004978489
39612 315107.3 113.846424309 34.0880595982 3777152.285624 762739.2931285 57.3273537513 0.0971793205 0.7473151159 352.2937730134 -1.5895055417 11.8615759835 -0.042855224
39613 315107.39 113.8464227451 34.0880692412 3777153.351754 762739.1189035998 57.3241640041 0.2036590447 0.7705099396 352.2338814989 -1.6070214213 11.9207773712 -0.0071541264
39614 315107.48 113.8464211583 34.0880789311 3777154.423029 762738.9424253 57.3240929842 0.1458718185 0.7502686956 352.1516567856 -1.6329492107 11.9784986971 0.0134211009
39615 315107.57 113.846419548 34.0880886709 3777155.499778 762738.763616 57.3244491173 0.0720404964 0.6988493076 352.0451908203 -1.6622704551 12.0390140563 0.0040110925
39616 315107.66 113.8464179032 34.0880984575 3777156.581631 762738.5814774 57.322338012 0.1021056829 0.7014609667 351.9528946731 -1.6944331546 12.097402213 -0.0374523614
39617 315107.75 113.8464162362 34.0881082935 3777157.668914 762738.3971449 57.3184983395 0.2489000541 0.7065192132 351.8520855 -1.7145040233 12.1592822075 -0.0285108213
39618 315107.84 113.8464145411 34.0881181743 3777158.761098 762738.2100736 57.3160999669 0.337828772 0.672409413 351.7435487626 -1.7524288791 12.2107506034 0.0041140867
39619 315107.93 113.8464128182 34.0881280988 3777159.858053 762738.0202951 57.318977477 0.2404419051 0.7034536735 351.6142779869 -1.7717135122 12.2647587002 0.0598144537
39620 315108.02 113.8464110633 34.0881380674 3777160.959828 762737.8274357 57.3217871366 0.1725428804 0.7964793169 351.4859459792 -1.8128543502 12.3192019202 -0.0023663723
39621 315108.06 113.8464102698 34.0881425134 3777161.451183 762737.7404204 57.3212786857 0.2221217585 0.812688599 351.4172914452 -1.8300749009 12.3471891544 -0.0155939252
39622 315108.14 113.8464086597 34.0881514287 3777162.436434 762737.5641763002 57.3195276027 0.2513567801 0.8330246181 351.2883602464 -1.8633754167 12.3905789159 -0.0051376814
39623 315108.22 113.8464070158 34.0881603759 3777163.425145 762737.3847187 57.3201892748 0.169927565 0.8457379496 351.1419202036 -1.9028289479 12.434695066 0.0365198993
39624 315108.3 113.8464053405 34.088169357 3777164.417524 762737.2022623002 57.3216990242 0.0186008379 0.8894039961 350.9744735465 -1.9422209371 12.4780526619 -0.0002025713
39625 315108.38 113.8464036251 34.0881783738 3777165.413775 762737.0159886 57.3182855826 0.0080298842 0.8798257453 350.8163046802 -1.9916902594 12.5330373942 -0.0665153391
39626 315108.46 113.8464018713 34.0881874233 3777166.413548 762736.8260706 57.3127773488 0.0990399704 0.8762507596 350.6533559102 -2.033370762 12.5736368018 -0.0548634417
39627 315108.54 113.846400078 34.0881965049 3777167.416779 762736.6324011999 57.3082820727 0.1260960234 0.9279739215 350.479228804 -2.0828756563 12.6266328997 -0.0465899631
39628 315108.62 113.8463982501 34.0882056188 3777168.423513 762736.4354404998 57.3053477388 0.2335000978 0.9469398207 350.290607583 -2.1125324267 12.663919243 0.0034597181
39629 315108.7 113.8463963818 34.0882147621 3777169.433401 762736.2346571998 57.3055710411 0.172978701 0.945697312 350.091337491 -2.180047653 12.7047220938 0.006385891
39630 315108.78 113.8463944646 34.0882239323 3777170.446157 762736.0292709002 57.3071584897 0.195118077 0.9832774788 349.9043006138 -2.219377124 12.74406824 0.0238907309
39631 315108.86 113.8463925056 34.088233132 3777171.46207 762735.8199478 57.306258711 0.3278533057 0.9617303988 349.7136544438 -2.2806474889 12.782653902 -0.035093279
39632 315108.94 113.8463904982 34.0882423595 3777172.480948 762735.60606 57.3054600824 0.4795103023 0.9556510806 349.5408404194 -2.3226910632 12.8221218124 0.0349248645
39633 315109.02 113.8463884563 34.0882516119 3777173.502493 762735.3889065 57.310269366 0.3212076173 0.9459041324 349.3462340844 -2.3701763393 12.8534284937 0.0892681275
39634 315109.03 113.8463881977 34.0882527697 3777173.630322 762735.3614533001 57.3111104518 0.3189129688 0.9496028763 349.3247968508 -2.3781190735 12.8532746649 0.0906840605
39635 315109.11 113.8463861001 34.0882620484 3777174.654644 762735.1390801 57.3164562331 0.0859941008 0.9459353427 349.1326145676 -2.4315278646 12.9008639763 0.053119228
39636 315109.19 113.8463839586 34.0882713573 3777175.682214 762734.9125563 57.3156639449 0.0237434735 0.934804961 348.9605531257 -2.4887292063 12.9356395957 -0.0503458299
39637 315109.27 113.8463817736 34.088280697 3777176.713077 762734.6819306 57.3101779465 0.1005005103 0.9632286799 348.8176197639 -2.5279271787 12.9846942935 -0.0746586502
39638 315109.35 113.8463795544 34.0882900656 3777177.747064 762734.4480484 57.3042774796 0.1774693343 0.8996788859 348.6732911389 -2.5726478024 13.0170268962 -0.038193516
39639 315109.43 113.8463772932 34.0882994571 3777178.783494 762734.2102225 57.302927196 0.1005909811 0.8687964667 348.5431869731 -2.6151657241 13.0475378627 0.0111707995
39640 315109.51 113.8463750026 34.0883088765 3777179.822933 762733.9695877 57.3026932199 0.0002969267 0.8407357382 348.4037330315 -2.648344626 13.0859158695 -0.0022547563
39641 315109.59 113.8463726751 34.0883183186 3777180.864803 762733.7254879002 57.2995159272 0.0634048678 0.7918236613 348.2823555228 -2.6948038052 13.1190966045 -0.0518667916
39642 315109.67 113.8463703184 34.0883277851 3777181.9093019986 762733.4786133 57.2954327892 0.1028839568 0.7771041171 348.1533105345 -2.722805084 13.1491772213 -0.0307407146
39643 315109.75 113.846367931 34.0883372702 3777182.955796 762733.2288377 57.2929402459 0.0370376519 0.7601662081 348.022559905 -2.7595778646 13.171744348 -0.0060546335
39644 315109.83 113.8463655164 34.0883467741 3777184.004298 762732.9764971 57.2924849503 -0.0781192596 0.7876757552 347.882309079 -2.7884674188 13.1965503024 0.0101699098
39645 315109.91 113.8463630717 34.0883562908 3777185.054136 762732.7213471999 57.2901030984 -0.2491934308 0.8105602521 347.74213473 -2.8281046236 13.210434485 -0.0496826437
39646 315109.99 113.8463605966 34.0883658173 3777186.104992 762732.4633459002 57.2835483346 -0.257010979 0.8379135206 347.6038525347 -2.8574258178 13.2228388551 -0.0916925372
39647 315110.07 113.8463580864 34.0883753522 3777187.156696 762732.2020823002 57.2748013651 -0.187781724 0.8422401663 347.4590976805 -2.9045944694 13.2276390176 -0.1117635301
39648 315110.15 113.846355543 34.0883848885 3777188.208457 762731.9377564 57.2671174631 -0.1431505686 0.8347409108 347.3276195635 -2.9280243424 13.2098088939 -0.0641638271
39649 315110.23 113.8463529744 34.088394412 3777189.258733 762731.6711350002 57.2630852954 -0.1801501975 0.8266460479 347.1935962449 -2.9689010377 13.1981744733 -0.026722097
39650 315110.31 113.8463503819 34.0884039256 3777190.307854 762731.4023458002 57.2606669627 -0.2037029383 0.8291627944 347.0546039206 -2.9862419631 13.1816772515 -0.0303434178
39651 315110.39 113.8463477631 34.0884134266 3777191.355514 762731.1311546 57.2562335348 -0.1549703206 0.7933290686 346.9141365691 -3.0270003104 13.1628136442 -0.0625761775
39652 315110.47 113.8463451162 34.0884229129 3777192.401468 762730.8574262 57.2527947463 -0.0944484039 0.7791995183 346.7746599831 -3.0511120401 13.1429594317 -0.0248332734
39653 315110.55 113.846342446 34.0884323832 3777193.445584 762730.5815859998 57.2493209876 0.0731667749 0.8718694774 346.6408658564 -3.0777837893 13.11725059 -0.0415573311
39654 315110.63 113.84633976 34.0884418398 3777194.488137 762730.3043383 57.2478471147 0.1188429316 0.9001865072 346.4928795507 -3.088959744 13.0955417705 0.0097504054
39655 315110.71 113.8463370516 34.0884512782 3777195.528612002 762730.0250741 57.2499703877 0.0952744601 0.9039518677 346.3360065509 -3.1292249739 13.0692892072 0.0571060039
39656 315110.79 113.8463343134 34.0884606974 3777196.566888 762729.7431233 57.25283104 0.0209212893 0.9909380104 346.1880347404 -3.1539608237 13.0439845252 0.02769389
39657 315110.87 113.8463315506 34.0884701012 3777197.603379 762729.4589386998 57.2536152527 0.0039430116 1.0016106435 346.048155148 -3.1923769292 13.0255967959 -2.37569e-05
39658 315110.89 113.8463308544 34.0884724501 3777197.862268 762729.3873924 57.2536169114 0.0058604416 0.9905229353 346.0154166474 -3.2024682636 13.0229031472 0.0050206566
39659 315110.97 113.846328052 34.0884818351 3777198.896576 762729.0996164002 57.2526691323 -0.0167170859 0.9525133068 345.8881831822 -3.2284081948 13.0007981244 -0.0032342502
39660 315111.05 113.8463252237 34.0884912046 3777199.929102 762728.8094946 57.252598064 -0.0937417448 0.8751769349 345.7572067109 -3.2730420173 12.9826641279 0.0055637728
39661 315111.13 113.8463223689 34.0885005618 3777200.960185 762728.5169633002 57.2507941965 -0.1222951789 0.8458015956 345.6461662795 -3.2923528425 12.9614645933 -0.0351256546
39662 315111.21 113.846319495 34.0885099106 3777201.990294 762728.2227007 57.2469801083 0.0028976654 0.7702093272 345.5421076877 -3.3172246754 12.9592583237 -0.0520587519
39663 315111.29 113.8463166006 34.0885192458 3777203.018845 762727.9265792 57.2438314585 0.0860874952 0.7304006681 345.4375122002 -3.33339948 12.9315968219 -0.0111045948
39664 315111.37 113.8463136963 34.088528572 3777204.046367 762727.6295776 57.2442904702 0.0268594339 0.8107433746 345.320659234 -3.3470030789 12.9198514292 0.0309861075
39665 315111.45 113.8463107785 34.08853789 3777205.072937 762727.3313531999 57.2465915484 -0.1741959088 0.8417343016 345.1935994606 -3.363410346 12.9195685778 0.0226315704
39666 315111.53 113.8463078357 34.0885471971 3777206.098243 762727.0308518001 57.2450156994 -0.113295769 0.8416469586 345.0768200903 -3.3988639402 12.8950674988 -0.052245608
39667 315111.61 113.8463048658 34.0885564992 3777207.122919 762726.7278681998 57.240169541 -0.0169194252 0.9096808363 344.9708661316 -3.4253783832 12.8956330332 -0.0684682041
39668 315111.69 113.8463018771 34.0885657896 3777208.146253 762726.4231840002 57.2366486639 0.1160739746 0.8329618321 344.859009815 -3.4477964023 12.8724540783 -0.00400509
39669 315111.77 113.84629886 34.0885750666 3777209.168022 762726.115912 57.2382855034 -0.0202512111 0.8020058764 344.7536386643 -3.4823708063 12.8572235458 0.0445827036
39670 315111.85 113.8462958243 34.0885843351 3777210.1888089986 762725.8069566 57.2409812454 -0.162102769 0.7479130565 344.6346707634 -3.5045142587 12.8423256182 0.0204329219
39671 315111.92 113.8462931464 34.0885924397 3777211.081342 762725.5346329 57.2397573115 -0.1974597525 0.6873946187 344.5379333673 -3.5301710153 12.8372886522 -0.0438486123
39672 315112.0 113.8462900662 34.0886016978 3777212.100854 762725.2216021 57.2348545604 -0.0577797371 0.6398165416 344.4073886444 -3.5527427957 12.8280396026 -0.0719477
39673 315112.08 113.846286962 34.088610948 3777213.119423 762724.9063781 57.2299114354 -0.0194703567 0.6448948089 344.2585256794 -3.5854487418 12.822209403 -0.0430288528
39674 315112.16 113.846283837 34.0886201887 3777214.136896 762724.5892558 57.2290958865 -0.1141686313 0.6258257657 344.0913173406 -3.6085685334 12.8025791542 0.0331670231
39675 315112.24 113.8462806797 34.0886294207 3777215.15331 762724.2691874 57.2292202842 -0.33182261 0.654057779 343.928062131 -3.6575513725 12.7933963751 -0.0228152775
39676 315112.32 113.8462774926 34.088638649 3777216.169238 762723.9463719 57.225314958 -0.3489852878 0.7242533996 343.7735125747 -3.6777660793 12.7939382399 -0.0734358191
39677 315112.4 113.8462742753 34.0886478722 3777217.184529 762723.6207926 57.216260503 -0.1192536522 0.7409584537 343.6244041118 -3.7216973258 12.783556307 -0.119446415
39678 315112.48 113.8462710279 34.08865709 3777218.199131 762723.2924429 57.2082810598 0.1043161094 0.725651716 343.4722872459 -3.7499799187 12.7728087422 -0.0723047132
39679 315112.56 113.8462677492 34.088666295 3777219.212246 762722.9612448001 57.2068040594 0.2222267372 0.7149835996 343.3236993508 -3.7922795368 12.756152169 0.0382541734
39680 315112.64 113.8462644418 34.0886754895 3777220.224115 762722.6274332 57.2118757144 0.0627935837 0.7064337507 343.1728402489 -3.8184565763 12.7397541107 0.084552261
39681 315112.72 113.8462611063 34.0886846743 3777221.2348339986 762722.2910526 57.2169430908 -0.1203192133 0.710358611 343.0207752278 -3.8552526081 12.7300058251 0.0384072257
39682 315112.8 113.8462577442 34.0886938543 3777222.2449510014 762721.9522303 57.2165004834 -0.1325925836 0.743074359 342.866219197 -3.8796834201 12.7247950328 -0.0452578108
39683 315112.86 113.8462552066 34.0887007341 3777223.00192 762721.6966526 57.2128847214 -0.0680136086 0.726763637 342.7478812669 -3.9051043669 12.7105830162 -0.0666138382
39684 315112.94 113.8462517947 34.0887098966 3777224.009968 762721.3532823 57.208325251 0.0544457285 0.7017752066 342.5922456463 -3.9415092302 12.693096934 -0.039923418
39685 315113.02 113.8462483539 34.0887190477 3777225.0166839985 762721.0072885 57.206464679 0.1362291573 0.6655355537 342.4366428362 -3.9785810542 12.6777248156 -0.0061635203
39686 315113.1 113.8462448783 34.0887281808 3777226.02131 762720.6581369998 57.2081853552 0.1110610623 0.6588022616 342.2933058132 -4.0171677024 12.6577867698 0.0629692486
39687 315113.18 113.8462413821 34.0887373012 3777227.024464 762720.3071163 57.2120696697 -0.0027049226 0.7010506451 342.138922722 -4.0394337683 12.6387988606 0.0344247573
39688 315113.26 113.8462378607 34.0887464131 3777228.026617 762719.9537995 57.2142755948 -0.0722239789 0.7342538606 341.9828582421 -4.067730864 12.6301472605 0.0245314927
39689 315113.34 113.8462343176 34.0887555156 3777229.027672 762719.5985077 57.2136317957 -0.1244087143 0.7970403198 341.8100584823 -4.0927014297 12.6177565922 -0.0164006951
39690 315113.42 113.8462307426 34.0887646069 3777230.027401998 762719.2403036 57.2112551024 -0.1219744855 0.8573881387 341.6481328216 -4.1367935443 12.5975162959 -0.0357174268
39691 315113.5 113.8462271313 34.0887736896 3777231.026075 762718.8787719 57.2067465382 -0.0200196146 0.867596156 341.5007717791 -4.1776924839 12.5891921575 -0.0473336081
39692 315113.58 113.8462234873 34.0887827631 3777232.023657 762718.5142558 57.2039643768 -0.0142404574 0.8415220133 341.3537025181 -4.2154052102 12.5781471813 -0.0028123679
39693 315113.66 113.8462198123 34.0887918315 3777233.020578 762718.146887 57.2047654456 -0.1760887911 0.7997191177 341.1989384008 -4.2503570111 12.5716334624 0.0166078578
39694 315113.74 113.8462161046 34.088800897 3777234.017108 762717.7765106999 57.2033355115 -0.178108564 0.7757160747 341.043718597 -4.2927840082 12.5686168615 -0.0441241746
39695 315113.82 113.846212364 34.0888099638 3777235.013687 762717.4030891 57.1970219584 -0.0003611053 0.7339845248 340.8913491298 -4.3235596579 12.5733805068 -0.0957137467
39696 315113.9 113.8462085897 34.088819027 3777236.009781 762717.0265773 57.1916457908 0.2054373074 0.7046708435 340.7432458234 -4.3678834063 12.5636015405 -0.0189600463
39697 315113.98 113.8462047869 34.088828087 3777237.005458 762716.6474364002 57.1921369387 0.2346544039 0.7548476438 340.5897974069 -4.3841475391 12.5660437375 0.0374747855
39698 315114.06 113.8462009624 34.0888371446 3777238.000796 762716.2662962 57.1982583171 0.1103798989 0.7438724283 340.4201804144 -4.4288230164 12.562918106 0.0823199001
39699 315114.14 113.8461971044 34.0888462022 3777238.996054 762715.8820699998 57.2015653458 0.0042246136 0.8466170398 340.259079562 -4.462295455 12.5559902454 0.0128001788
39700 315114.22 113.8461932155 34.0888552598 3777239.991243 762715.4949858001 57.2014508192 0.060368028 0.8592725521 340.1008020974 -4.5061536276 12.5599508931 -0.0036008889
39701 315114.3 113.8461892902 34.0888643155 3777240.986118 762715.1045557 57.1998874713 0.0398471153 0.9097690193 339.948718562 -4.5421706547 12.5515949101 -0.0109111468
39702 315114.38 113.8461853342 34.0888733697 3777241.980749 762714.7112815 57.198699411 0.0349911681 0.913695125 339.7873248525 -4.5823464343 12.546606691 -0.0317181449
39703 315114.46 113.8461813405 34.0888824236 3777242.975244 762714.3145416 57.1984646637 0.0243342816 0.9652357946 339.6270839933 -4.6194027718 12.5600655488 0.0153749951
39704 315114.54 113.8461773189 34.0888914767 3777243.969587 762713.9152165998 57.1978465822 -0.0825533839 0.9484454783 339.4488872059 -4.6598517793 12.5466718381 -0.0313191373
39705 315114.62 113.8461732561 34.0889005284 3777244.963665 762713.5120991 57.1964437347 -0.0881987309 0.9819950082 339.2887003767 -4.7044124462 12.5569402534 -0.0137288513
39706 315114.7 113.846169161 34.08890958 3777245.957653 762713.1059947 57.1933046542 -0.0844766266 0.9986030292 339.1215730395 -4.7432689884 12.547944246 -0.0528719674
39707 315114.78 113.8461650281 34.0889186304 3777246.951397 762712.6964040998 57.1906463336 -0.1838069526 1.0003039772 338.9603351959 -4.7875965153 12.5489817772 -0.0241564672
39708 315114.79 113.8461645087 34.0889197612 3777247.075562 762712.6449508 57.1901368648 -0.1822659287 1.0060667606 338.9409969551 -4.7938043743 12.5452137053 -0.0437451013
39709 315114.87 113.846160335 34.0889288116 3777248.069214 762712.2315969 57.1865394488 -0.0795864125 0.9537051582 338.7834674926 -4.8330652671 12.551811069 -0.0461252321
39710 315114.95 113.8461561203 34.0889378614 3777249.062687 762711.8144582 57.1807312518 0.1851803793 0.9112133057 338.6398792546 -4.8831131183 12.5519761802 -0.06139264
39711 315115.03 113.8461518753 34.0889469096 3777250.055905 762711.3945235 57.1787199043 0.3211099941 0.8811831848 338.4943491337 -4.9121904953 12.5375008911 0.0178081771
39712 315115.11 113.8461475952 34.0889559565 3777251.0488949986 762710.9713587 57.1844194299 0.1461036876 0.8346206634 338.3492648795 -4.9484891507 12.5396376394 0.1167887587
39713 315115.19 113.846143284 34.0889650016 3777252.041605 762710.5453242 57.1913693491 -0.1726476092 0.8141125842 338.1910360365 -4.9896460166 12.5415926694 0.0518046646
39714 315115.27 113.8461389362 34.0889740483 3777253.0343949986 762710.1159025 57.1894872822 -0.2491730162 0.8137648778 338.0424766844 -5.0281359036 12.5440620156 -0.0764249827
39715 315115.35 113.8461345571 34.0889831005 3777254.027712 762709.6835794002 57.1814292604 -0.1650440895 0.8149678948 337.8947432333 -5.0656986173 12.5513622672 -0.1142520002
39716 315115.43 113.8461301446 34.0889921518 3777255.02084 762709.2481726998 57.1709554549 0.0495571812 0.7884732129 337.7573799835 -5.1034292351 12.5460372795 -0.1076427523
39717 315115.51 113.8461257026 34.0890012021 3777256.013794 762708.8100459 57.1668091742 0.0944528541 0.7650811274 337.6106928626 -5.1324300701 12.5417836267 0.0134572797
39718 315115.59 113.8461212312 34.0890102498 3777257.00638 762708.3692087 57.1688373433 -0.0945281193 0.7659510528 337.4608565433 -5.1724747631 12.5433068035 0.0366900868
39719 315115.67 113.8461167268 34.0890192986 3777257.999 762707.9253291 57.1695102761 -0.0943142255 0.7566547217 337.3201569651 -5.2120941432 12.5481707206 -0.0161155726
39720 315115.75 113.8461121877 34.0890283482 3777258.991621 762707.4782366 57.1648820629 0.032120236 0.7635671308 337.1944537893 -5.2493666676 12.5432915622 -0.0754962839
39721 315115.78 113.8461104783 34.0890317425 3777259.363912 762707.3099107 57.1631833538 0.0700536278 0.7611630333 337.1466187713 -5.2582689678 12.5511949528 -0.0440436935
39722 315115.86 113.8461059013 34.0890407914 3777260.356355998 762706.8593246 57.1606194852 0.091042623 0.7451275637 337.0124282934 -5.285928606 12.5404434109 0.0129040501
39723 315115.94 113.8461012963 34.08904984 3777261.348691 762706.4061484998 57.1611362928 -0.0124618924 0.7750628802 336.8755819023 -5.3222959639 12.5466822085 0.0171683601
39724 315116.02 113.846096663 34.0890588891 3777262.341013 762705.9503656002 57.161025947 -0.1145200086 0.753705918 336.7365582099 -5.3552442386 12.5466933816 0.0022641878
39725 315116.1 113.8460919863 34.0890679352 3777263.332896 762705.4905759 57.1580134127 -0.1144584407 0.7365931412 336.6193107882 -5.4032113273 12.5433940627 -0.0443247629
39726 315116.18 113.8460872792 34.0890769824 3777264.32482 762705.0279819 57.1527524786 0.0347305458 0.7327902785 336.4884935424 -5.4342980837 12.5458398752 -0.0595939062
39727 315116.26 113.8460825461 34.0890860293 3777265.316637 762704.5629914 57.1489183167 0.1653802784 0.7281195658 336.3588990389 -5.462312975 12.5451423139 -0.0083059529
39728 315116.34 113.8460777874 34.089095074 3777266.308144 762704.0956406 57.1495275768 0.1458338601 0.697247789 336.2171010434 -5.4962971115 12.5373796434 0.0371446645
39729 315116.42 113.8460729961 34.0891041133 3777267.298980002 762703.6252933 57.1524859695 0.1120113409 0.6769560428 336.0777521942 -5.5381573855 12.5306583581 0.0380967849
39730 315116.5 113.8460681722 34.0891131516 3777268.289615 762703.1519423 57.1540451907 0.1022998571 0.6703739603 335.943522475 -5.5712378805 12.5302247449 0.0158082515
39731 315116.58 113.8460633159 34.0891221875 3777269.279898002 762702.6756124 57.1536481259 0.1510590692 0.6576320834 335.8187088344 -5.6070440788 12.5267435115 -0.0061979442
39732 315116.66 113.8460584337 34.0891312219 3777270.269944 762702.196885 57.154459022 0.1224808591 0.6574600294 335.68867389 -5.6355075883 12.5265169106 0.0359583432
39733 315116.74 113.8460535255 34.0891402558 3777271.25987 762701.7157648002 57.1550776055 0.0189885709 0.6515647772 335.5466243727 -5.6651670794 12.5224457035 -0.024944076
39734 315116.77 113.8460516775 34.0891436451 3777271.631251 762701.5346555002 57.1552029746 -0.0703513663 0.6651035235 335.4926365716 -5.6773053235 12.5336350901 0.0042069822
39735 315116.85 113.8460467301 34.0891526771 3777272.620867 762701.0499239 57.1543496437 -0.1636031489 0.6208748326 335.3444886715 -5.7170198528 12.5197314565 -0.0303707785
39736 315116.93 113.8460417428 34.0891617063 3777273.610067 762700.5615129 57.1504767425 -0.2325883448 0.6223963458 335.2158227092 -5.7606701991 12.5217762003 -0.0742050238
39737 315117.01 113.8460367239 34.0891707326 3777274.598878 762700.0701986002 57.1430471307 -0.0206407458 0.5681412636 335.0911861187 -5.7912589845 12.5161873053 -0.1083378452
39738 315117.09 113.8460316775 34.0891797571 3777275.587399 762699.5763472 57.1369413184 0.1694570044 0.5734394392 334.9628677729 -5.8237104662 12.512896989 -0.0337825173
39739 315117.17 113.8460266162 34.0891887744 3777276.575097 762699.0811419 57.1387644 0.1867564996 0.602957314 334.7969275721 -5.844457871 12.4982829423 0.0608566459
39740 315117.25 113.8460215276 34.0891977828 3777277.56173 762698.5834448001 57.1437733173 0.1874756774 0.7063551992 334.6271658473 -5.879705706 12.487107159 0.0638602965
39741 315117.33 113.8460164094 34.0892067829 3777278.5473629986 762698.083041 57.1473246915 0.2049572347 0.8086538133 334.4547847856 -5.9158017709 12.4699762397 0.0219717154
39742 315117.41 113.8460112574 34.0892157706 3777279.5315410006 762697.5795531 57.1498070518 0.2109629642 0.9118827912 334.2854759754 -5.9517979448 12.4515598897 0.052141889
39743 315117.49 113.846006078 34.0892247435 3777280.514001 762697.0735787 57.1538469698 0.1081517829 1.0118991868 334.1026706841 -5.9844837734 12.4290963658 0.0473270884
39744 315117.57 113.846000862 34.0892337023 3777281.494805998 762696.5642729 57.1546460679 0.1108647529 1.0757212052 333.9261758086 -6.033916075 12.4167700393 -0.0141831756
39745 315117.65 113.8459956173 34.0892426413 3777282.473336 762696.0523771 57.1553306347 0.0106400216 1.1692363091 333.7432979651 -6.0499300849 12.3679727018 0.0327335095
39746 315117.72 113.8459910072 34.08925045 3777283.328057 762695.6025726999 57.1568910945 -0.1387464423 1.2068477215 333.5866540358 -6.0863491167 12.3634675795 0.0168575344
39747 315117.8 113.8459856975 34.089259354 3777284.302542 762695.0847798 57.1549648522 0.0515903358 1.070343197 333.4334942838 -6.1483211085 12.3305096277 -0.0535867261
39748 315117.88 113.845980354 34.0892682334 3777285.274203 762694.5639425998 57.1534556495 -0.0647691156 0.947211735 333.2850397368 -6.175734884 12.2959841191 0.0099058725
39749 315117.96 113.8459749806 34.0892770896 3777286.2432160014 762694.0404266998 57.1556733884 0.0625661135 0.8482500963 333.1461383018 -6.2100260685 12.269513229 0.0511185272
39750 315118.04 113.8459695884 34.0892859282 3777287.210228 762693.5152209002 57.1583901066 -0.280423812 0.809895881 333.0017713407 -6.2296029345 12.2414463242 0.0061332086
39751 315118.12 113.8459641786 34.0892947526 3777288.175618 762692.9884329 57.1551926704 -0.1614247102 0.7173696798 332.8462499156 -6.2508182576 12.2220542589 -0.0759337753
39752 315118.2 113.8459587498 34.0893035604 3777289.139115 762692.4599439 57.1473761434 0.1556239511 0.7685186104 332.6849237745 -6.2678642103 12.2023699671 -0.0965308024
39753 315118.28 113.8459533034 34.08931235 3777290.10054 762691.9298882 57.14273543 0.4053620324 0.7514689487 332.5217653256 -6.2960201646 12.1658654527 0.0007677328
39754 315118.36 113.8459478295 34.0893211066 3777291.05824 762691.3973954002 57.1491771145 0.3108825519 0.6952320319 332.3725151209 -6.3219209085 12.1178547006 0.1769474008
39755 315118.44 113.8459423304 34.0893298375 3777292.013031 762690.8626596 57.161257091 -0.0852250252 0.7301631791 332.2238810936 -6.349610735 12.090147348 0.1320444711
39756 315118.52 113.8459368078 34.0893385505 3777292.96576 762690.3257978002 57.1647485802 -0.1425907426 0.6841099334 332.078668052 -6.380271286 12.071464326 -0.0184717402
39757 315118.6 113.8459312641 34.0893472462 3777293.916528 762689.7870499 57.1602167264 0.0126517482 0.6715577419 331.9152770254 -6.400020876 12.0406393774 -0.0787497467
39758 315118.66 113.8459270966 34.0893537556 3777294.628194 762689.3821286998 57.1560747065 0.1607769002 0.7325310891 331.7786860363 -6.4101548506 12.0276620378 -0.0548206026
39759 315118.74 113.8459215245 34.0893624148 3777295.574838 762688.8408675998 57.153839672 0.2795582373 0.7798110252 331.5796082897 -6.438769619 11.9822158123 0.0098489059
39760 315118.82 113.8459159238 34.089371045 3777296.518179 762688.2970593 57.1576071614 0.2393268728 0.8953944018 331.3897323241 -6.4711382292 11.9493537248 0.0723635936
39761 315118.9 113.8459103019 34.0893796493 3777297.458599 762687.7513734 57.1649164502 0.1083744494 0.967082759 331.1953870683 -6.4925468282 11.9098416257 0.0989973182
39762 315118.98 113.845904649 34.0893882277 3777298.3960629986 762687.2029024 57.1700779609 -0.0101106647 1.0705438093 331.0066553315 -6.5347415816 11.8780894197 0.0362158027
39763 315119.06 113.8458989729 34.0893967821 3777299.330804 762686.6523707 57.1717209248 0.0680294963 1.1884752524 330.8248197691 -6.5568176924 11.8446590474 0.0035034596
39764 315119.14 113.8458932698 34.0894053112 3777300.26266 762686.0994174 57.1703768335 0.3089146636 1.1770080997 330.6496345393 -6.5990341947 11.8065851839 -0.0230091803
39765 315119.22 113.845887536 34.0894138085 3777301.190923 762685.5437268 57.172262664 0.3643623669 1.1670072917 330.4814131813 -6.6296195033 11.7594543925 0.0653491398
39766 315119.3 113.8458817762 34.0894222741 3777302.115591 762684.9857426998 57.1789966803 0.3221407508 1.116222159 330.3149852981 -6.6596205141 11.7160734301 0.097352441
39767 315119.38 113.8458759949 34.0894307131 3777303.037254 762684.4258501 57.1879965514 0.1647498809 1.068644082 330.1544349461 -6.6824459766 11.6878339061 0.0933798485
39768 315119.46 113.8458701891 34.0894391258 3777303.955928 762683.8637724 57.1928645177 0.2086780676 0.9909549241 330.010046405 -6.7111234654 11.6415857243 0.0331661912
39769 315119.52 113.8458658225 34.0894454217 3777304.643398 762683.4411252 57.1950606778 0.2074520422 1.0085945857 329.9021918516 -6.7199628021 11.6307211923 0.0273274378
39770 315119.6 113.8458599901 34.0894537986 3777305.558043 762682.876709 57.1971659316 0.2726505199 1.0227460046 329.7551117634 -6.7350042605 11.5979920643 0.0293906686
39771 315119.68 113.8458541399 34.0894621556 3777306.470423 762682.3107076 57.2007954474 0.2771945653 0.9924112967 329.6041572664 -6.7618901217 11.5738367507 0.0504525776
39772 315119.76 113.8458482686 34.0894704893 3777307.38017 762681.7428291 57.2055599876 0.2190337138 1.0070999891 329.4542557873 -6.7809058268 11.539933228 0.0792205008
39773 315119.84 113.84584238 34.0894788032 3777308.2876739986 762681.1734193001 57.2115987148 0.0975672514 1.0499776967 329.3036292788 -6.804370864 11.5144268891 0.0670593641
39774 315119.92 113.8458364674 34.0894870992 3777309.193133998 762680.6018455 57.2141338885 0.0767441043 1.042186389 329.1618605389 -6.8375986778 11.4871478768 -0.0030930169
39775 315120.0 113.8458305296 34.0894953762 3777310.096416998 762680.028003 57.2138122553 0.23032566 1.0013300422 329.0198838203 -6.8621918392 11.4685121691 -0.0020934486
39776 315120.08 113.8458245752 34.0895036336 3777310.997481 762679.4526951 57.2148367809 0.2773572592 0.9618006851 328.8690532321 -6.8858954968 11.4357389118 0.0322194317
39777 315120.16 113.845818597 34.0895118681 3777311.895941002 762678.8752544002 57.2183448495 0.3482454346 0.9025972859 328.7281950888 -6.9123921955 11.4012802884 0.058805527
39778 315120.24 113.8458126 34.0895200841 3777312.7923 762678.2961316998 57.2258950444 0.1907785436 0.9276819623 328.5878337472 -6.9308044938 11.3864181748 0.1044492369
39779 315120.32 113.8458065856 34.0895282829 3777313.686704 762677.7154575 57.2316008145 0.1090751841 0.8919367346 328.4451878699 -6.9539609213 11.3569933036 0.0535111881
39780 315120.4 113.8458005503 34.0895364683 3777314.579569 762677.1328989002 57.2345795836 -0.0030536084 0.9163401156 328.2964050118 -6.9725773083 11.3415741585 0.023100496
39781 315120.48 113.8457944942 34.0895446394 3777315.470796 762676.5484631 57.2337998617 0.044907589 0.9121236171 328.1434530761 -7.0038120052 11.3246187647 -0.0353936697
39782 315120.56 113.845788411 34.089552793 3777316.360011 762675.9615845 57.231738002 0.1676835422 0.9016544638 328.0001147322 -7.0352610739 11.2919200774 -0.013037522
39783 315120.64 113.8457823043 34.0895609277 3777317.247063 762675.3725885 57.2328575719 0.1293676491 0.8889008273 327.8602370059 -7.0635754612 11.2687402241 0.0115831554
39784 315120.72 113.8457761768 34.0895690464 3777318.132286 762674.7817197 57.2348665036 0.1824265334 0.8222437828 327.7155317176 -7.0852483479 11.2473546283 0.0348939531
39785 315120.8 113.8457700294 34.0895771475 3777319.015508998 762674.1890704002 57.2385229692 0.0874399498 0.8317422403 327.5645109582 -7.1096527181 11.2229338396 0.0319521954
39786 315120.88 113.8457638597 34.0895852354 3777319.897217 762673.5944071 57.2404039381 0.1115890526 0.7972469978 327.4109896475 -7.1363643244 11.2060441872 0.0084522703
39787 315120.96 113.8457576648 34.0895933037 3777320.776677 762672.9974675 57.2421500394 0.0676103601 0.7569066412 327.2651710844 -7.1674535464 11.1791563893 0.033385451
39788 315121.04 113.8457514434 34.0896013558 3777321.654262 762672.3981451 57.2436878504 -0.0180218406 0.7146068073 327.1187309336 -7.1953647144 11.1539687877 -0.0129838973
39789 315121.12 113.8457451905 34.0896093923 3777322.530046 762671.7959539002 57.2430279711 0.0728617115 0.6472346732 326.981270859 -7.2264445005 11.1347378596 -0.0148583896
39790 315121.2 113.8457389146 34.0896174157 3777323.404313 762671.1916822 57.2408340909 0.2530422921 0.6242046423 326.8406744437 -7.2455251067 11.1209041388 -0.0328619562
39791 315121.28 113.8457326231 34.0896254232 3777324.276786 762670.5860170998 57.2419081368 0.3589738377 0.6094371709 326.6863436821 -7.265786812 11.0873912333 0.0499223434
39792 315121.36 113.8457263127 34.0896334139 3777325.147337 762669.9786565 57.2482359912 0.245209558 0.6531290905 326.53154742 -7.2853211479 11.0693978444 0.0896744266
39793 315121.44 113.845719983 34.0896413886 3777326.016056 762669.3695671 57.2550400319 0.1690321203 0.6619667701 326.3775890923 -7.3170779833 11.0499104916 0.0633335824
39794 315121.45 113.84571919 34.0896423843 3777326.1245160014 762669.2932679 57.2557624225 0.1591162104 0.6616027934 326.3579863313 -7.3194683224 11.0462554707 0.0645547746
39795 315121.53 113.8457128271 34.0896503394 3777326.990988 762668.6811758998 57.2592803733 0.1161102284 0.7047797583 326.2119664491 -7.3513093272 11.0237743848 0.0202012963
39796 315121.61 113.8457064439 34.0896582816 3777327.855963 762668.0672446998 57.2602239186 0.140502131 0.6902631414 326.0628478909 -7.378157312 10.995692478 -0.0155786046
39797 315121.69 113.8457000312 34.0896662077 3777328.719086 762667.4506487 57.2606530441 0.1437913646 0.7023265964 325.9238550189 -7.4075493409 10.9867159342 0.0160012408
39798 315121.77 113.845693601 34.0896741174 3777329.580338 762666.8324757 57.262534257 0.0427157203 0.7171149624 325.7723607957 -7.4261524318 10.9566144179 0.0144386056
39799 315121.85 113.8456871451 34.089682014 3777330.440078 762666.2119736 57.2643160708 -0.0804177622 0.7152733447 325.6226184958 -7.4588878847 10.9420187533 0.0011060269
39800 315121.93 113.8456806642 34.0896898962 3777331.298151002 762665.5892123 57.2628602143 -0.0779118949 0.6885041461 325.4714314109 -7.4946787946 10.9195119028 -0.056062188
39801 315122.01 113.8456741562 34.0896977635 3777332.154495 762664.9639926999 57.2598343417 0.0824843573 0.6526293521 325.3303403474 -7.5217067258 10.9072003499 -0.0499725286
39802 315122.09 113.8456676233 34.0897056103 3777333.00851 762664.3365373 57.2586878026 0.0961771643 0.6180846805 325.1921146119 -7.5512381684 10.8697794886 -0.0037375247
39803 315122.17 113.8456610638 34.0897134394 3777333.860488 762663.7066879001 57.2605891861 0.1622588616 0.5865083356 325.0584491298 -7.5756248805 10.8512114886 0.0353217066
39804 315122.25 113.8456544872 34.0897212596 3777334.711426 762663.0752736 57.2634918196 -0.059903296 0.5894037141 324.9008968125 -7.5958077818 10.8352888912 0.0718493769
39805 315122.33 113.8456478867 34.0897290632 3777335.560468 762662.4417174 57.2650151141 -0.0966850073 0.5742111244 324.7488585871 -7.6244263429 10.8104624572 -0.003307199
39806 315122.41 113.8456412599 34.0897368571 3777336.408371 762661.8057502 57.2632096596 -0.1572933531 0.5682029815 324.5947576951 -7.6541848448 10.7954427277 -0.0484066334
39807 315122.42 113.8456404293 34.0897378297 3777336.514168 762661.7260543 57.2626349861 -0.1453358499 0.5584253311 324.5769759907 -7.6615933547 10.7895321613 -0.0608261208
39808 315122.5 113.8456337673 34.0897456038 3777337.359771 762661.0869031998 57.2573029185 -0.0733873147 0.5498079913 324.4397915486 -7.6991369224 10.7731268993 -0.0671238846
39809 315122.58 113.8456270877 34.0897533653 3777338.20394 762660.4461661 57.2538925996 -0.0173065978 0.548259323 324.289811212 -7.7127177194 10.7546424468 -0.0052975272
39810 315122.66 113.8456203838 34.0897611118 3777339.046381 762659.8032394 57.2517218953 0.0344179902 0.5418621121 324.1409072887 -7.7430538159 10.7338128846 -0.0419006997
39811 315122.74 113.8456136588 34.0897688463 3777339.887439 762659.1583931 57.2505343622 0.2287000204 0.5519041765 323.9738234708 -7.7624459086 10.718060828 0.0219145364
39812 315122.82 113.8456069142 34.0897765635 3777340.726513 762658.5117961 57.252874691 0.1511854791 0.6165229665 323.7942763824 -7.7891505451 10.6843806511 0.0377850069
39813 315122.9 113.8456001446 34.0897842638 3777341.5636620014 762657.8629355 57.2571561178 0.1719980624 0.6662566375 323.6218300071 -7.818344058 10.6697458958 0.0450628728
39814 315122.98 113.8455933441 34.0897919433 3777342.398413 762657.2112963 57.2592645734 0.2082136506 0.6951607846 323.4557195491 -7.8589429871 10.6371184372 0.0063912177
39815 315123.06 113.8455865127 34.0897996056 3777343.23118 762656.556846 57.2612830261 0.2419988002 0.7092807352 323.2875137404 -7.8847478489 10.6178666969 0.0148077097
39816 315123.14 113.8455796479 34.0898072468 3777344.061521 762655.8993845 57.2655732222 0.1584507743 0.6612487104 323.1148391689 -7.9290812125 10.5847194782 0.0588167616
39817 315123.22 113.845572754 34.0898148661 3777344.889352 762655.2393026998 57.2709169052 0.0254792404 0.6464783489 322.948887922 -7.956649019 10.5580170694 0.0339817623
39818 315123.3 113.8455658308 34.0898224678 3777345.715168 762654.5765716998 57.2726727426 0.0340827283 0.6008211722 322.7863835919 -7.9935334815 10.5290987688 -0.0236543984
39819 315123.33 113.8455632269 34.089825314 3777346.024328 762654.3273493 57.2722862093 0.0909923115 0.5860181027 322.7264855816 -8.0044344527 10.5242488821 -0.0297722599
39820 315123.41 113.8455562698 34.0898328937 3777346.847603 762653.6615546 57.2704927158 0.3079545067 0.5591122735 322.5574545408 -8.0205795538 10.5019839387 -0.0266048056
39821 315123.49 113.8455492906 34.0898404546 3777347.668742 762652.9937818 57.2723173033 0.4277636127 0.5603474392 322.3815542785 -8.0507018007 10.473336852 0.0536319879
39822 315123.57 113.8455422907 34.0898479959 3777348.48765 762652.3241545998 57.2793721687 0.4328364087 0.5948247526 322.2001671033 -8.073194565 10.4460150173 0.0871574888
39823 315123.65 113.8455352674 34.0898555157 3777349.304105 762651.6524304 57.2895720052 0.2307451019 0.6458501703 322.0290811582 -8.1035573629 10.4173358508 0.115041547
39824 315123.73 113.8455282176 34.089863016 3777350.118326002 762650.9783265998 57.2974937642 0.1313181127 0.6892640597 321.8782528002 -8.1365523457 10.3979321234 0.0360960324
39825 315123.81 113.8455211411 34.0898704983 3777350.9304949986 762650.3018091999 57.3002257431 0.2439194858 0.6515780639 321.7514158923 -8.1677820279 10.3664611541 0.0052399217
39826 315123.89 113.8455140428 34.0898779645 3777351.740809 762649.6233244 57.3014232637 0.2836146475 0.6319152128 321.6393592801 -8.1806701564 10.3451345319 -0.0016105734
39827 315123.97 113.8455069289 34.0898854147 3777352.549314 762648.9434548998 57.3059432935 0.3055397621 0.5775557688 321.529007001 -8.2051991208 10.3204328566 0.074596028
39828 315124.05 113.8454998028 34.0898928486 3777353.355975 762648.2625111 57.3131630812 0.1184152988 0.5790146277 321.4273284524 -8.2187851377 10.3091959307 0.0823443358
39829 315124.13 113.8454926798 34.0899002712 3777354.1613879986 762647.5818812 57.3187296512 0.0153358267 0.5487318325 321.333711409 -8.2272135942 10.2839900625 0.0405892324
39830 315124.21 113.8454855424 34.0899076837 3777354.965653 762646.8999558 57.320669407 -0.0373168336 0.5309509869 321.2513386174 -8.2440640484 10.2771562929 -0.0039309397
39831 315124.29 113.8454783951 34.0899150857 3777355.768718 762646.2171582 57.3189447727 0.0266054668 0.4970950509 321.1691139481 -8.2568687708 10.2570965878 -0.0259986213
39832 315124.35 113.8454730295 34.089920628 3777356.369985 762645.7046059 57.3188196635 -0.0001288972 0.5089887425 321.1107348709 -8.2596602509 10.2445773709 0.0053792377
39833 315124.43 113.8454658682 34.0899280096 3777357.1707480014 762645.020567 57.3191590989 -0.0002397139 0.503679443 321.0391192619 -8.2712130227 10.2327770523 -0.0051330794
39834 315124.51 113.8454586957 34.0899353781 3777357.970035 762644.3355470998 57.3180609969 0.1438489916 0.4821174797 320.9782190668 -8.2797983808 10.2103573624 -0.0329069079
39835 315124.59 113.8454515184 34.0899427388 3777358.768444 762643.6500951 57.3180869464 0.2387999214 0.4412955733 320.9081278145 -8.2823517438 10.2020760881 0.0075952293
39836 315124.67 113.8454443339 34.0899500835 3777359.56506 762642.9640306998 57.322682811 0.1980469781 0.3874009657 320.8409007591 -8.3002266532 10.1759269586 0.0853233898
39837 315124.75 113.845437141 34.089957415 3777360.360182 762642.2772345998 57.3289610837 -0.0280179071 0.3982775741 320.778913581 -8.2987399166 10.1646019413 0.0523760638
39838 315124.83 113.8454299414 34.0899647366 3777361.154192 762641.5898554 57.3315324476 -0.080437826 0.3256706591 320.7140422045 -8.3210322731 10.1455675662 -0.0071350579
39839 315124.91 113.8454227321 34.0899720487 3777361.947125 762640.901599 57.3294246932 -0.0363382783 0.3106525808 320.6379142104 -8.319075774 10.1376887298 -0.0578806947
39840 315124.99 113.8454155201 34.0899793524 3777362.739114 762640.2131288 57.3264542595 0.0848749696 0.323901338 320.529615265 -8.3296851466 10.1195896492 -0.038164899
39841 315125.07 113.8454082978 34.0899866431 3777363.529639 762639.5237381 57.3256299486 0.1383194481 0.4023316785 320.3999744566 -8.3361463874 10.104579318 0.0096107965
39842 315125.15 113.845401067 34.0899939202 3777364.318633 762638.8336189 57.3280393342 0.1732029179 0.4591765957 320.2481953517 -8.3523388031 10.0784093196 0.052095098
39843 315125.23 113.8453938163 34.0900011753 3777365.105139 762638.141718 57.3318791464 0.1181507841 0.5418568637 320.1058551037 -8.3734465317 10.0477184526 0.0454265387
39844 315125.31 113.8453865479 34.0900084089 3777365.889197 762637.4482544 57.3357323939 0.0089191881 0.5946347668 319.9649132117 -8.396931902 10.0095512808 0.0376970919
39845 315125.39 113.8453792579 34.0900156203 3777366.670755 762636.7528598 57.3372697802 0.0317548628 0.648111585 319.8125540823 -8.4245743354 9.9934496505 -0.0056592728
39846 315125.47 113.8453719506 34.0900228107 3777367.449931 762636.0559389 57.3363868147 0.1094292321 0.6095903589 319.620946631 -8.4394404213 9.9488694755 -0.0113858772
39847 315125.55 113.8453646158 34.0900299706 3777368.22564 762635.3565703002 57.3360804962 0.1894388025 0.552230408 319.42786819 -8.4727466357 9.9068654924 0.0173124864
39848 315125.63 113.8453572592 34.090037102 3777368.998145 762634.6552784 57.3392810524 0.2210475909 0.5147339681 319.2301450023 -8.4980823469 9.8724976678 0.0569755382
39849 315125.71 113.8453498784 34.0900442029 3777369.767202 762633.9518462 57.3426946886 0.1684165801 0.4976115508 319.0471123299 -8.5191011483 9.8230249919 0.0184053196
39850 315125.79 113.8453424822 34.0900512823 3777370.533821 762633.2470655 57.3472058438 0.2133100034 0.5067540803 318.8767912137 -8.5353074054 9.8083323518 0.0762477609
39851 315125.87 113.8453350687 34.0900583341 3777371.297347 762632.5407692 57.3512123646 0.2595461709 0.5092440715 318.735774883 -8.5634690522 9.7613444756 0.0418743208
39852 315125.95 113.8453276405 34.0900653636 3777372.058349 762631.8331738001 57.3545207679 0.3381843397 0.5793552186 318.6257666238 -8.5643153897 9.7381968139 0.0291463694
39853 315126.03 113.8453202081 34.0900723759 3777372.817436 762631.12526 57.3596161846 0.3209729853 0.6125969015 318.5096173855 -8.5802915652 9.711155941 0.0880640174
39854 315126.11 113.8453127739 34.0900793649 3777373.573936 762630.4172395002 57.3670980586 0.1878729067 0.6576219588 318.3882493314 -8.5786183384 9.6815712762 0.0923914734
39855 315126.19 113.84530533 34.0900863342 3777374.328227 762629.7083874 57.3739512972 0.0550297729 0.6845103158 318.2533652618 -8.6008201394 9.6473124894 0.0638221775
39856 315126.27 113.8452978686 34.0900932826 3777375.080139 762628.9979906002 57.3765314166 0.0409729224 0.7033433752 318.1322715847 -8.6163985136 9.6250459927 -0.0008848171
39857 315126.35 113.8452903932 34.0901002103 3777375.829732 762628.2863626998 57.3757116813 0.1760196894 0.6527101081 318.0121130264 -8.6348198612 9.5876140876 -0.0066019026
39858 315126.43 113.8452829069 34.0901071139 3777376.576622 762627.5737953 57.3780057607 0.1253294612 0.656232839 317.8886275573 -8.6420710254 9.5634091296 0.0616639229
39859 315126.48 113.8452782255 34.0901114193 3777377.042373 762627.128247 57.3806354813 0.0884843175 0.6300574525 317.803004743 -8.6461562587 9.5483848092 0.0597418984
39860 315126.56 113.8452707235 34.0901182878 3777377.785326 762626.4143456 57.3834235882 0.0439482632 0.6144710586 317.6647509267 -8.6651159362 9.5104811006 0.0050050877
39861 315126.64 113.8452632153 34.0901251331 3777378.525691 762625.6999382 57.3841652302 0.1113538374 0.5936266617 317.5078746064 -8.6589677095 9.4740683401 0.0126904382
39862 315126.72 113.845255699 34.0901319497 3777379.262844 762624.9848761 57.386299761 0.0476607304 0.621390932 317.3426562013 -8.6857258015 9.4378317224 0.0307210425
39863 315126.8 113.8452481709 34.0901387388 3777379.9969089986 762624.2688142 57.389516782 -0.0205038681 0.6490906292 317.177334545 -8.6909897484 9.4036429043 0.0281584236
39864 315126.88 113.8452406316 34.0901454996 3777380.727822 762623.5518016 57.3910786249 0.0506119825 0.6402886046 317.0130550663 -8.7108605088 9.3540589317 0.000195191
39865 315126.96 113.8452330761 34.0901522332 3777381.4556620014 762622.8333745998 57.3907269789 0.139197722 0.6374422312 316.8499181871 -8.7241302903 9.323823886 -0.0043371366
39866 315127.04 113.8452255111 34.0901589392 3777382.18041 762622.1141552 57.3921552589 0.2289630288 0.5703711045 316.676859009 -8.7373186947 9.2763201205 0.0436949878
39867 315127.12 113.8452179299 34.090165614 3777382.901664 762621.3935413 57.3974449653 0.0740314628 0.5861480194 316.5207439732 -8.7542234422 9.2324851732 0.070534278
39868 315127.2 113.8452103397 34.0901722649 3777383.620239 762620.6721736002 57.4019467356 -0.0184227364 0.5487147018 316.367027549 -8.7686123975 9.2029021437 0.0320533023
39869 315127.28 113.8452027352 34.0901788867 3777384.335553 762619.949571 57.4028360471 0.0576762252 0.5154728624 316.2245434474 -8.7831428494 9.163422115 -0.0111136405
39870 315127.36 113.8451951254 34.0901854876 3777385.048525 762619.2265366998 57.402676479 0.0855363344 0.5338453167 316.0694080677 -8.7825365163 9.1322880725 0.0099354365
39871 315127.44 113.8451875093 34.0901920622 3777385.758563 762618.5030159 57.4041114226 0.126819349 0.5315130005 315.9206827468 -8.7987200971 9.0945403724 0.0275321751
39872 315127.51 113.8451808384 34.0901977934 3777386.377446 762617.8693614 57.4066410605 0.0320853959 0.5921614132 315.7905910497 -8.7952736157 9.0639461363 0.0199968424
39873 315127.59 113.8451732093 34.0902043213 3777387.082267 762617.1447838 57.4107789928 -0.0670481563 0.6744921319 315.6421013955 -8.8179668529 9.0387831617 0.0324002949
39874 315127.67 113.8451655686 34.0902108235 3777387.784206 762616.4192016999 57.4111302597 0.0972591837 0.7347527771 315.5051590878 -8.8271111956 8.9990359753 -0.0138966726
39875 315127.75 113.8451579228 34.0902173041 3777388.483737 762615.6932289002 57.4104593471 0.1989951868 0.7277257043 315.3552451438 -8.8283375808 8.96144724 -0.0170214079
39876 315127.83 113.8451502649 34.0902237526 3777389.179684 762614.9662266 57.4124884531 0.2934638782 0.7454370962 315.2133822229 -8.8409628311 8.9224901262 0.0641785503
39877 315127.91 113.8451426028 34.0902301748 3777389.872695 762614.2389216998 57.4179711025 0.2381407767 0.7566222272 315.0630796395 -8.8440738328 8.8823262588 0.0799704376
39878 315127.99 113.8451349306 34.090236564 3777390.562017 762613.510792 57.4244904173 0.0894947859 0.7420989378 314.9281948671 -8.8579744834 8.8364677975 0.0716662694
39879 315128.07 113.8451272545 34.0902429323 3777391.249004 762612.7823636 57.4300107621 -0.0953378644 0.777125046 314.7813078967 -8.8631574254 8.8126063274 0.0471988905
39880 315128.16 113.845118616 34.0902500694 3777392.018848001 762611.9626943001 57.4309670581 -0.0801477594 0.7716336833 314.6155882187 -8.8690366286 8.7679768899 -0.0197809154
39881 315128.25 113.8451099665 34.0902571757 3777392.785231 762611.1421099 57.4280361878 0.0981639691 0.7617209342 314.4538919526 -8.877366967 8.7313063866 -0.0334584003
39882 315128.34 113.8451013044 34.0902642431 3777393.547279 762610.3204885002 57.4265211532 0.2469621421 0.731971652 314.3060340676 -8.8932014343 8.6819381459 0.0232976092
39883 315128.43 113.8450926378 34.0902712794 3777394.305851 762609.4985354 57.4314177474 0.186096775 0.722177437 314.1473789538 -8.8922691309 8.6511087495 0.0919114378
39884 315128.52 113.8450839603 34.0902782826 3777395.060732 762608.6756846 57.4382124543 0.0797980686 0.6942043 313.9907751328 -8.9121359656 8.6022076033 0.0672151438
39885 315128.55 113.8450810646 34.0902806122 3777395.311816 762608.4011254002 57.440025554 -0.0299121505 0.7199183023 313.9399276499 -8.9114957079 8.6037662443 0.0398024052
39886 315128.64 113.8450723722 34.0902875837 3777396.063138 762607.5769886 57.4421500768 -0.0651886199 0.7031698423 313.7754157126 -8.9289628816 8.5699001761 0.0096032532
39887 315128.73 113.8450636678 34.0902945259 3777396.811175 762606.7518466 57.4422649462 -0.0741145579 0.7265338309 313.6264228147 -8.9383323999 8.5414320479 -0.0019656757
39888 315128.82 113.8450549486 34.090301444 3777397.556495 762605.9254091998 57.4403833914 -0.0748307364 0.6938555395 313.4777306322 -8.955005857 8.4989977507 -0.0276171292
39889 315128.91 113.8450462127 34.0903083336 3777398.298617 762605.0975138 57.4382279739 -0.054919998 0.6983587541 313.3315745973 -8.9711050212 8.4737661332 -0.0274864734
39890 315129.0 113.8450374646 34.0903152027 3777399.03843 762604.2685638 57.4368574852 -0.0202656768 0.6245245819 313.1697391477 -8.9838783032 8.441090055 -0.0265466519
39891 315129.09 113.8450286923 34.0903220407 3777399.774729 762603.4374675 57.4357493324 0.0591337197 0.6105937712 313.016289655 -9.0027304323 8.4118291025 0.0190491191
39892 315129.18 113.8450199073 34.0903288549 3777400.508359 762602.6052742 57.4373867 0.0765037938 0.5729513985 312.8509563488 -9.0178852911 8.3767973293 0.0308806919
39893 315129.27 113.8450110989 34.0903356403 3777401.238725 762601.7710143002 57.4389220784 0.0882605034 0.5506613494 312.6932614598 -9.040081708 8.3467734705 0.0228997995
39894 315129.36 113.845002279 34.0903424032 3777401.966569 762600.935757 57.4405709263 0.0886379431 0.4829815514 312.5155841774 -9.0521225717 8.3131502911 0.0158852768
39895 315129.42 113.8449963855 34.090346897 3777402.450125 762600.377716 57.4412527848 0.0667897196 0.4670444559 312.3971816149 -9.0742471988 8.2947760084 0.0041184772
39896 315129.51 113.8449875277 34.0903536166 3777403.173071 762599.5390919001 57.4415811561 0.0644049909 0.4674127496 312.2138316879 -9.0907381478 8.263548084 0.0051085544
39897 315129.6 113.8449786487 34.0903603093 3777403.892968 762598.6986026 57.4422808504 0.0319633049 0.4653197236 312.0292149224 -9.1121835202 8.2255061876 0.002936545
39898 315129.69 113.8449697472 34.0903669779 3777404.610135 762597.8561013001 57.4432490645 0.0260662982 0.4869976629 311.8387595318 -9.1353840452 8.2025938685 -0.0038540742
39899 315129.78 113.8449608215 34.0903736189 3777405.3241800014 762597.0114545 57.4431757107 0.066151587 0.4650098255 311.6436780123 -9.1680208753 8.1611322519 -0.0095213568
39900 315129.87 113.8449518727 34.0903802354 3777406.03544 762596.1647481 57.4438074473 0.0922534496 0.4566850179 311.4346830887 -9.186351437 8.1360018641 0.0114966922
39901 315129.96 113.844942896 34.0903868211 3777406.743221 762595.3155635 57.4457952501 0.0341497702 0.4904189403 311.2376583226 -9.2238071029 8.0961951283 0.0182174361
39902 315130.05 113.8449338938 34.0903933819 3777407.4481690014 762594.4641080998 57.448013315 -0.0040230639 0.5108315664 311.0448715316 -9.2453341677 8.0752301464 0.0280644007
39903 315130.14 113.8449248623 34.0903999176 3777408.150248 762593.6100128002 57.4486196423 0.0545483872 0.5154991813 310.8554717526 -9.274301046 8.0360123007 0.0011529972
39904 315130.23 113.8449158053 34.0904064297 3777408.84965 762592.7536478002 57.4475722704 0.1735844995 0.496068978 310.6683116639 -9.2958590722 8.0090883064 -0.0121783695
39905 315130.28 113.8449107636 34.090410034 3777409.236678 762592.2769981 57.4475323241 0.2728713524 0.4629717567 310.5724118299 -9.3087931533 7.9743949278 0.0180276259
39906 315130.37 113.8449016648 34.0904165012 3777409.930992 762591.4169075 57.4503844259 0.3217569813 0.4946494466 310.4103696691 -9.3333824843 7.9528297155 0.05272711
39907 315130.46 113.844892549 34.0904229482 3777410.62302 762590.5553074002 57.4563280232 0.2994037598 0.4694568725 310.2457617062 -9.3547294616 7.9281557423 0.0890609049
39908 315130.55 113.8448834103 34.0904293723 3777411.312443 762589.6916699002 57.4634750458 0.1997867705 0.4827656436 310.0804661014 -9.3811390044 7.9043981087 0.0682481842
39909 315130.64 113.8448742525 34.0904357792 3777411.999911 762588.8263158002 57.4676413322 0.1751668509 0.4987396328 309.9115975519 -9.3993086666 7.8810223424 0.0255344421
39910 315130.73 113.8448650726 34.090442165 3777412.684985 762587.9589941 57.4703757623 0.1319260066 0.5476779042 309.7498834828 -9.4176347267 7.8549238518 0.0202791478
39911 315130.82 113.8448558691 34.0904485309 3777413.3677839986 762587.0895454 57.4709570818 0.1803529073 0.5600153757 309.6000008329 -9.4452193895 7.8286244856 -0.0034472514
39912 315130.91 113.8448466409 34.0904548721 3777414.047782 762586.2178955999 57.471935397 0.2451732823 0.5359595075 309.4535773829 -9.4667105858 7.8005515917 0.0052041064
39913 315131.0 113.8448373954 34.0904611964 3777414.725851998 762585.3447035998 57.4750516741 0.2863472715 0.5265311306 309.3063758135 -9.4823693791 7.7813845246 0.047625552
39914 315131.09 113.8448281337 34.0904674972 3777415.401276 762584.4700921 57.4801891921 0.3004031874 0.5371227173 309.1771209439 -9.5031366543 7.7556671133 0.0612103879
39915 315131.18 113.8448188624 34.0904737779 3777416.074451002 762583.5946448002 57.4862351557 0.2408645235 0.4792527358 309.045731903 -9.5169372096 7.7304545202 0.0557881664
39916 315131.19 113.8448178314 34.0904744737 3777416.149019 762583.4973007 57.4868515544 0.2354650367 0.4875777395 309.0342633267 -9.5168358688 7.7202527938 0.0591866863
39917 315131.28 113.8448085496 34.0904807211 3777416.818466 762582.6209981 57.4934909483 0.0166331686 0.5239409123 308.9184137546 -9.5113863253 7.6846836669 0.0744425877
39918 315131.37 113.8447992651 34.0904869462 3777417.485432 762581.7445107 57.4970419062 -0.1427830849 0.4563593839 308.7946230588 -9.5242179879 7.6521384448 0.0185532422
39919 315131.46 113.8447899701 34.0904931408 3777418.148986 762580.8671520002 57.4956690408 -0.2276975671 0.4076005817 308.6976485208 -9.5298504011 7.619424881 -0.0328979075
39920 315131.55 113.8447806708 34.0904993173 3777418.81052 762579.9894433002 57.4902120177 -0.1043991706 0.3272087397 308.6023497707 -9.5338810557 7.6043780031 -0.0736058133
39921 315131.64 113.8447713778 34.09050547 3777419.469434 762579.1124018001 57.4855458103 0.1317142839 0.3621373534 308.5172416052 -9.5195620508 7.5760279041 -0.0271225233
39922 315131.73 113.8447620988 34.0905116081 3777420.126756 762578.2366930002 57.4845238449 0.2315822703 0.3677898766 308.4123485134 -9.5095930058 7.546733426 -0.0030956914
39923 315131.82 113.8447528278 34.0905177178 3777420.780958 762577.3618075 57.4888755931 0.2066757638 0.4721928014 308.3102576061 -9.4983658469 7.514292888 0.0768415846
39924 315131.91 113.8447435707 34.0905238075 3777421.4329699986 762576.4882676 57.4952345174 0.2148250149 0.55791395 308.1947491114 -9.4897881161 7.4915596106 0.0441753343
39925 315132.0 113.8447343111 34.0905298634 3777422.081219 762575.6146071 57.4986728514 0.3350110056 0.5792731333 308.0933209901 -9.4945941989 7.4472570891 0.0455040181
39926 315132.09 113.8447250593 34.0905358937 3777422.726652 762574.7417394 57.5043536592 0.3371102596 0.623540713 307.9633760749 -9.4804251906 7.4130229248 0.1009328882
39927 315132.18 113.8447158125 34.0905418924 3777423.368598 762573.869433 57.5123861218 0.1601734584 0.6249091592 307.8057154042 -9.4894152387 7.3706114302 0.0784298797
39928 315132.27 113.8447065628 34.09054786 3777424.007076 762572.9969599 57.5183241293 -0.0300183056 0.6404527139 307.6411068313 -9.4838618419 7.3268075141 0.0399470162
39929 315132.31 113.8447024508 34.0905505014 3777424.2896300014 762572.6091256 57.5197174661 -0.0976918308 0.6332995578 307.5635769962 -9.486997507 7.3128511999 0.0164246295
39930 315132.4 113.844693191 34.090556419 3777424.922544 762571.7358725 57.519389675 -0.0009616059 0.6341021372 307.4080046709 -9.5012613891 7.276356422 -0.0127538672
39931 315132.49 113.8446839275 34.0905623037 3777425.551784 762570.8623839002 57.5159899173 0.2533003812 0.5693099905 307.2533656239 -9.5016675746 7.2268554019 -0.0197338203
39932 315132.58 113.8446746661 34.0905681524 3777426.177041 762569.9891891999 57.518392859 0.2003517196 0.5853534405 307.0947130014 -9.4909636774 7.1860476253 0.0696666836
39933 315132.67 113.8446654103 34.0905739689 3777426.7987379986 762569.116623 57.5253230352 0.1023508133 0.6624908234 306.9292109582 -9.4957557189 7.149587205 0.058742437
39934 315132.76 113.8446561596 34.0905797531 3777427.4168589986 762568.2446214 57.5294918362 0.0701601317 0.6705386393 306.7520601357 -9.4824221126 7.1049375149 0.0245200472
39935 315132.85 113.844646908 34.0905854982 3777428.0306379986 762567.3726494 57.5303418571 0.2450673102 0.6491441973 306.5802648967 -9.4840379839 7.050287312 0.0358491918
39936 315132.94 113.8446376607 34.0905912021 3777428.639868 762566.5012186 57.5326098204 0.265323561 0.6468088172 306.4045931009 -9.48102958 7.0024880498 0.0559994469
39937 315133.03 113.8446284186 34.0905968601 3777429.244011 762565.6304015 57.537662426 0.1534692701 0.5712298252 306.2359083685 -9.4665094696 6.9439790412 0.0928012359
39938 315133.12 113.8446191762 34.0906024747 3777429.843338 762564.759684 57.5446628034 0.0346012646 0.5471772159 306.0782890525 -9.4614093008 6.8877850205 0.0682455781
39939 315133.21 113.8446099466 34.0906080535 3777430.438716002 762563.8902663002 57.5464205938 0.1383979975 0.5211677663 305.933034551 -9.4505798457 6.8512725933 -0.008353855
39940 315133.3 113.8446007385 34.0906135942 3777431.029934 762563.022949 57.5462787356 0.2941140642 0.5477983671 305.7801632718 -9.41933265 6.7997823519 0.0156724908
39941 315133.36 113.8445946157 34.0906172665 3777431.421729 762562.4462855 57.5499937534 0.2892092745 0.5859253281 305.6769494891 -9.3999720892 6.7626164444 0.0911770868
39942 315133.45 113.8445854498 34.0906227413 3777432.005739 762561.583062 57.5577263804 0.1503814117 0.7021801922 305.5380822402 -9.3828636073 6.7138592998 0.0931837425
39943 315133.54 113.8445763057 34.0906281754 3777432.585284 762560.7219891999 57.563868898 0.1653666646 0.7528630291 305.4080447682 -9.3602372887 6.6727348266 0.0554048857
39944 315133.63 113.8445671873 34.0906335655 3777433.1600089986 762559.863421 57.5682090959 0.2317211423 0.7137328453 305.3005935127 -9.3390789577 6.6139984654 0.0660981809
39945 315133.72 113.8445580964 34.0906389044 3777433.729124 762559.0075573 57.5725335237 0.2454943053 0.6599234804 305.2318356553 -9.2980722275 6.5483128949 0.0437189976
39946 315133.81 113.8445490438 34.0906442069 3777434.294312 762558.1553369 57.5796793504 0.0500840183 0.6117307432 305.1852442503 -9.2524529418 6.5080654273 0.0856110386
39947 315133.9 113.8445400322 34.0906494729 3777434.855537 762557.3070069002 57.5847661085 -0.0232836684 0.5760133244 305.1466671502 -9.2143153465 6.463510959 0.0264139892
39948 315133.99 113.8445310669 34.0906547109 3777435.413787 762556.4630462 57.5858139638 -0.0031538886 0.6160495768 305.1011225453 -9.1600251753 6.4311015416 -0.028340224
39949 315134.08 113.8445221504 34.0906599171 3777435.968626 762555.6236954002 57.5850687446 0.1614619141 0.6620129584 305.0535258142 -9.1116013185 6.3948372339 0.0185494332
39950 315134.18 113.8445123041 34.0906656585 3777436.580469 762554.6968331998 57.5888786167 0.1756054003 0.699889675 305.0003791475 -9.0556587474 6.3409527513 0.0586859538
39951 315134.28 113.844502515 34.0906713482 3777437.186719 762553.7754187 57.5959315179 0.0346598428 0.7196846646 304.9573976533 -9.0004958423 6.2794843794 0.0719406707
39952 315134.38 113.844492789 34.0906769905 3777437.787883 762552.8599669002 57.6017414257 0.0163206032 0.7449745863 304.9197932424 -8.9435316707 6.2310249825 0.0406944601
39953 315134.48 113.8444831284 34.0906825836 3777438.38375 762551.950711 57.6040884703 0.1328365451 0.7339199748 304.8826399873 -8.8801316577 6.1728539989 0.0048678666
39954 315134.58 113.844473548 34.0906881234 3777438.9738980015 762551.0490327 57.6062509268 0.2287456669 0.7181399743 304.8422809397 -8.796688242 6.1139925896 0.0509606085
39955 315134.68 113.8444640556 34.0906936026 3777439.557559 762550.1556519 57.6137318406 0.0927474226 0.733192615 304.791547175 -8.7154771341 6.0377465619 0.0703248838
39956 315134.78 113.8444546569 34.090699021 3777440.134704 762549.2711204998 57.621689355 -0.1253466576 0.715366061 304.7296507486 -8.6270578031 5.9715063762 0.0774383272
39957 315134.85 113.8444481288 34.0907027722 3777440.534219 762548.6567872 57.6257090187 -0.2783313832 0.7132237442 304.6862815522 -8.5694656315 5.9142213058 0.0358825913
39958 315134.95 113.8444388803 34.090708075 3777441.098924 762547.7864805 57.6273949174 -0.4631744057 0.6924960885 304.5943294406 -8.4829723173 5.8448734683 -0.0027110086
39959 315135.05 113.844429722 34.0907133083 3777441.656151002 762546.9247154 57.6247404544 -0.5061629179 0.6038898629 304.4837710863 -8.4080854414 5.7585382501 -0.0481742151
39960 315135.15 113.8444206458 34.0907184659 3777442.205197 762546.0707643002 57.6174949007 -0.3726292977 0.5385706513 304.3580204458 -8.3262901508 5.6809467192 -0.0604328086
39961 315135.25 113.8444116626 34.090723547 3777442.745979 762545.225632 57.6103952639 -0.2669438767 0.4829198581 304.2114647432 -8.2498559791 5.5892830613 -0.061127092
39962 315135.36 113.8444018919 34.0907290423 3777443.330705 762544.3065231999 57.606791487 -0.3209876463 0.4964462191 304.0261195688 -8.1363829408 5.4849091649 -0.0327287274
39963 315135.47 113.8443922393 34.0907344359 3777443.904451 762543.398618 57.6067941682 -0.4126547077 0.4347571843 303.8060343415 -8.0463031574 5.3700367224 -0.0203959641
39964 315135.58 113.8443827042 34.0907397126 3777444.465533 762542.5019328 57.6042409595 -0.4201476885 0.4690716657 303.5599522286 -7.9289828134 5.256146692 -0.041793888
39965 315135.69 113.8443733027 34.0907448764 3777445.014421 762541.6179228 57.5980384545 -0.2539028762 0.451985929 303.2485695231 -7.8258516839 5.1334652046 -0.0720044533
39966 315135.8 113.8443640261 34.0907498995 3777445.548012 762540.7458905 57.5933968602 0.0861085646 0.3663142292 302.9072884939 -7.7129343077 4.9872354878 0.0184401309
