40021 315142.94 113.8441813562 34.090611433 3777429.711731 762524.3078046 57.5177224353 0.0743172394 1.4210731553 123.4923466658 6.5175872891 -4.3968805138 -0.0338422878
40022 315143.07 113.8441906764 34.0906063469 3777429.171255002 762525.1840598 57.5128715402 0.1303886375 1.0928978537 122.2751467728 6.7336209958 -4.2935166109 -0.043995437
40023 315143.2 113.8442002921 34.0906013517 3777428.641633 762526.0873181998 57.5086614331 0.1767507502 0.8193693013 121.5397110402 6.905275405 -4.2661287016 -0.0487372358
40024 315143.33 113.8442101154 34.090596344 3777428.111147 762527.0097835 57.5036348598 0.2664730802 0.78621882 120.9993290331 7.0426049716 -4.2885147506 -0.0212707154
40025 315143.46 113.8442201364 34.0905913121 3777427.578482 762527.9505828 57.5041532749 0.1905772231 0.8917200413 120.4910371884 7.1889061758 -4.3031978767 -0.0085285665
40026 315143.51 113.8442240493 34.0905893753 3777427.373609 762528.3178458 57.503470297 0.2071402193 0.8853716401 120.3320562962 7.2553323466 -4.3046891449 -0.0217224037
40027 315143.63 113.8442335648 34.0905847332 3777426.882901 762529.2107618002 57.499323193 0.2996493326 0.8030225798 120.0597055279 7.3848084815 -4.2974685113 -0.0392909201
40028 315143.75 113.8442432462 34.0905800708 3777426.390374 762530.1190654 57.4980398584 0.3026783923 0.6610982577 119.9179099084 7.5036604323 -4.3379033957 0.0161208142
40029 315143.87 113.8442530766 34.0905753569 3777425.8925230014 762531.0412830998 57.4992723586 0.1991847459 0.5922038614 119.8600689317 7.6132574721 -4.3951037543 -0.0040747339
40030 315143.99 113.8442630405 34.090570572 3777425.387118 762531.9760384 57.4983302336 0.1512442597 0.6502664033 119.7753910474 7.714629838 -4.4520631779 -0.029855597
40031 315144.11 113.8442731516 34.0905657325 3777424.876052 762532.9245613002 57.4946962809 0.2409997882 0.7389510872 119.7071826434 7.8284340191 -4.5061738313 -0.0530938057
40032 315144.22 113.8442825478 34.0905612506 3777424.402814 762533.8059681 57.4907521559 0.3920109485 0.7947470703 119.6552015204 7.9311217905 -4.551299312 -0.0228635836
40033 315144.33 113.8442920623 34.0905567257 3777423.925126 762534.6984304 57.4899110924 0.3665778639 0.7978960964 119.6350698474 8.0304515838 -4.5932139644 -0.002053962
40034 315144.44 113.8443016942 34.0905521499 3777423.442078 762535.6018992 57.4925050745 0.1458148146 0.8101863905 119.6434941896 8.1225104829 -4.6495895981 0.0401589813
40035 315144.55 113.8443114418 34.0905475181 3777422.953114 762536.5162165 57.4935397627 -0.0122770302 0.8230997084 119.7174049204 8.2223418866 -4.7068771524 -0.0296216473
40036 315144.66 113.8443213005 34.0905428239 3777422.457519 762537.4409826 57.487768298 0.062486372 0.8176329296 119.8244557544 8.3113145083 -4.7787126754 -0.0774039065
40037 315144.77 113.8443312589 34.090538056 3777421.953993 762538.3751812 57.4790325044 0.2328822867 0.7723063688 119.9181612283 8.3924687646 -4.8547041064 -0.06459691
40038 315144.88 113.8443413122 34.0905332165 3777421.442771 762539.3183684 57.4751907028 0.3475468412 0.8126259762 119.9955626255 8.4702842076 -4.9258133898 -0.0052094402
40039 315144.99 113.8443514657 34.0905283092 3777420.924286 762540.2710125998 57.4752428755 0.2844832929 0.803930585 120.1036501322 8.5577100879 -4.9875135847 0.0054720618
40040 315145.1 113.8443617217 34.0905233447 3777420.399709 762541.2333003002 57.4771141373 0.1441011124 0.7841765552 120.2451081393 8.6374106781 -5.0526889454 0.0195029343
40041 315145.2 113.8443711275 34.0905187694 3777419.916143 762542.1158862 57.4765286073 0.0965797382 0.7032458064 120.3909740928 8.7121031709 -5.1150710716 -0.0436410127
40042 315145.3 113.8443806106 34.0905141354 3777419.426254 762543.0057898002 57.4705220508 0.1769435162 0.6607340031 120.5697867902 8.7789614762 -5.1827536977 -0.075208059
40043 315145.4 113.8443901583 34.0905094329 3777418.9289339986 762543.9018664 57.4663853925 0.2616790057 0.5955788513 120.741845108 8.8340211971 -5.2626311534 -0.0149047751
40044 315145.5 113.8443997718 34.0905046632 3777418.424328 762544.8042340998 57.4650972672 0.2394313718 0.5462129868 120.9245124765 8.8991142562 -5.3327737348 -0.0228287458
40045 315145.6 113.8444094515 34.090499823 3777417.9120620014 762545.7129189002 57.4651066307 0.212727238 0.5469319206 121.1210095151 8.9511917434 -5.4170623915 -0.007618701
40046 315145.62 113.8444113959 34.0904988459 3777417.808627 762545.895471 57.4650348704 0.2130581903 0.5445549681 121.1630751846 8.9735719087 -5.4374608025 -0.0080278945
40047 315145.72 113.8444211534 34.090493919 3777417.286943 762546.811616 57.4630513946 0.255616401 0.5483747386 121.3788976856 9.030704114 -5.5127543375 -0.0281680791
40048 315145.82 113.8444309702 34.0904889214 3777416.757567 762547.7334518002 57.4616878601 0.2533273501 0.5304713056 121.5907503563 9.0823983352 -5.594158284 0.0128535384
40049 315145.92 113.8444408412 34.0904838525 3777416.22042 762548.6605206998 57.4628684139 0.1353836439 0.5032608643 121.7991742126 9.1374711055 -5.67258255 0.0183204421
40050 315146.02 113.8444507766 34.0904787112 3777415.675405 762549.593745 57.4616023181 0.1473606496 0.4999406703 122.0190403882 9.1946015331 -5.7564464629 -0.0425752678
40051 315146.12 113.844460782 34.0904734964 3777415.122399 762550.5336694 57.4568060329 0.2652017587 0.4623327337 122.2610808124 9.2451452183 -5.8260691289 -0.0410231014
40052 315146.22 113.8444708351 34.090468213 3777414.561917 762551.4782101 57.4545927215 0.3039579332 0.3985207727 122.4879462857 9.2852110256 -5.9073894212 0.0120693621
40053 315146.32 113.8444809306 34.0904628578 3777413.993571 762552.4268882 57.4572531544 0.1706190906 0.395171637 122.6829741683 9.3179711002 -5.9875172675 0.0484345838
40054 315146.41 113.8444900603 34.090457974 3777413.475064 762553.284938 57.4589804569 -0.008601604 0.3978389932 122.821454816 9.3775639454 -6.0635642187 -0.0093787209
40055 315146.5 113.844499252 34.0904530328 3777412.9503339985 762554.148882 57.4554346902 -0.0234805215 0.2964637913 122.9487236095 9.4440789746 -6.1189021341 -0.0647770788
40056 315146.59 113.8445085037 34.0904480435 3777412.420423 762555.0185181 57.4496148145 0.0767993694 0.2900896869 123.081877556 9.5036640472 -6.1902532326 -0.0851016151
40057 315146.68 113.844517812 34.0904429953 3777411.884131 762555.893564 57.4415179137 0.3584950976 0.2581193591 123.2247391933 9.5553206056 -6.2598974758 -0.0831113978
40058 315146.7 113.8445198878 34.090441866 3777411.764141 762556.0887203 57.4398919437 0.4422743049 0.2608504329 123.2549323628 9.5715086405 -6.2763059084 -0.0760222378
40059 315146.79 113.8445292481 34.0904367529 3777411.2207699986 762556.9687607 57.4388727592 0.5007443581 0.2779721798 123.3748835071 9.6009885187 -6.3405756918 0.0473425697
40060 315146.88 113.8445386552 34.0904315834 3777410.671269 762557.853306 57.4447927671 0.3284889102 0.3928688317 123.4569645904 9.6576264329 -6.4128130268 0.0788856855
40061 315146.97 113.8445481126 34.0904263576 3777410.11564 762558.742671 57.4496411234 0.3485970476 0.5024185671 123.4989600378 9.7150902619 -6.4747543797 0.020488992
40062 315147.06 113.8445576381 34.0904210875 3777409.555275 762559.6384504002 57.4474055758 0.4768936059 0.5419741862 123.5549007174 9.7971313107 -6.5233079663 -0.0538913511
40063 315147.15 113.8445672255 34.0904157781 3777408.9907059986 762560.5400738001 57.4461231632 0.5091001077 0.6464629256 123.6131242802 9.8517394747 -6.5755387182 0.0049642512
40064 315147.24 113.8445768721 34.0904104218 3777408.421085 762561.4473107 57.4515407672 0.2267466084 0.6651488923 123.6558748899 9.9200860316 -6.6335001431 0.0873394591
40065 315147.33 113.8445865847 34.0904050269 3777407.847349 762562.3607598002 57.456844653 -0.0437067768 0.6494962684 123.7166990118 9.9957319732 -6.6790399042 0.0470730675
40066 315147.42 113.8445963589 34.0903995848 3777407.268536 762563.2800431 57.4523607902 0.0005902913 0.6590545468 123.7808577626 10.0475460133 -6.746551598 -0.1060410464
40067 315147.51 113.8446061941 34.0903940905 3777406.684088 762564.2051136 57.4405315071 0.2869832718 0.7394568392 123.8439676676 10.1087589959 -6.8064234473 -0.1700475337
40068 315147.6 113.8446160854 34.0903885482 3777406.094456 762565.1355186999 57.4334330149 0.6172260195 0.6837834318 123.9040323714 10.1626282128 -6.8594581452 0.0147211437
40069 315147.69 113.8446260278 34.0903829685 3777405.500799 762566.0707559 57.4410776673 0.415335532 0.7499032782 123.9789233055 10.2159863714 -6.9019575072 0.1521988759
40070 315147.78 113.8446360231 34.0903773415 3777404.902036 762567.0110218 57.4520634822 0.0979852922 0.7238969435 124.0872785602 10.2712024521 -6.9733299219 0.075680967
40071 315147.87 113.8446460738 34.0903716677 3777404.298215 762567.9565506 57.4506806294 0.1115442776 0.682479126 124.2312249852 10.3249451501 -7.0292770124 -0.0862785568
40072 315147.95 113.8446550506 34.0903665756 3777403.7562 762568.8011239 57.4433260318 0.2133946227 0.6752059177 124.3589897667 10.3752140003 -7.101657907 -0.0954908125
40073 315148.03 113.8446640586 34.0903614368 3777403.209077 762569.6487170998 57.4376861444 0.171495295 0.7337792556 124.4768792931 10.4041234832 -7.1621260157 -0.0390758153
40074 315148.11 113.8446731027 34.0903562482 3777402.656518 762570.4998118 57.4363814918 -0.0188808461 0.8433773981 124.5998445691 10.4460223596 -7.2226488939 -0.0173412329
40075 315148.19 113.8446821805 34.0903510115 3777402.098704 762571.354154 57.4323226018 -0.0032163087 0.8877857136 124.7356914173 10.4882622367 -7.2923775789 -0.0665574969
40076 315148.27 113.8446912929 34.0903457311 3777401.53613 762572.2118354 57.4232541202 0.2876382912 0.8613109488 124.897386949 10.5162693325 -7.3443843924 -0.1295265904
40077 315148.35 113.8447004401 34.0903404089 3777400.969012 762573.072853 57.4185338868 0.4301431433 0.8146521409 125.0731002171 10.562301091 -7.40663725 -0.0102196452
40078 315148.43 113.8447096135 34.0903350443 3777400.397251 762573.9364188 57.422811633 0.3334037495 0.7452731727 125.2624040685 10.5843487549 -7.4742311806 0.1302650999
40079 315148.47 113.8447142116 34.0903323438 3777400.109389 762574.3693213002 57.4260989428 0.1765480058 0.6495267701 125.368758271 10.611876925 -7.5005450117 0.0600672143
40080 315148.55 113.844723427 34.0903269068 3777399.529703 762575.2369905 57.4294572137 0.0066864385 0.4768027817 125.5846576668 10.6406659803 -7.5771164903 0.0004033699
40081 315148.63 113.8447326655 34.0903214147 3777398.94396 762576.1069599 57.4244949352 0.1238223412 0.3443614626 125.7899469301 10.6656220224 -7.6554293458 -0.1109325007
40082 315148.71 113.8447419224 34.0903158647 3777398.351852 762576.9788195 57.4148037909 0.3668875045 0.2991863455 125.9907517751 10.6795942471 -7.7306272615 -0.0976704847
40083 315148.79 113.844751192 34.0903102559 3777397.7532379986 762577.8520244 57.4097835915 0.5411106934 0.3267716932 126.1907101865 10.6912399305 -7.8193555561 0.0115008244
40084 315148.87 113.8447604722 34.0903045912 3777397.148448 762578.726385 57.4149481366 0.3461609308 0.3735751655 126.4077040425 10.7056945861 -7.8917473799 0.1261860238
40085 315148.95 113.8447697699 34.0902988737 3777396.537853 762579.6025243 57.4227938177 0.0030723536 0.4102335161 126.666089969 10.7280077601 -7.9698974097 0.0556889617
40086 315149.03 113.8447790865 34.0902930941 3777395.920408 762580.4806000999 57.4224876808 -0.0070875634 0.3596215695 126.9481892088 10.745384871 -8.059342042 -0.0503702301
40087 315149.06 113.8447825892 34.0902909101 3777395.687036 762580.8107574 57.4203986246 0.0110059118 0.3473992097 127.0515638799 10.7592009745 -8.0881171316 -0.0928145572
40088 315149.14 113.8447919326 34.0902850373 3777395.059318 762581.6915922 57.412220723 0.2271738172 0.2885982598 127.3293794115 10.7652894888 -8.1843484953 -0.094711072
40089 315149.22 113.8448012827 34.0902791062 3777394.425153 762582.5732345 57.4064523978 0.384356197 0.3284718166 127.6133038506 10.7765866053 -8.2606495378 -0.0330433912
40090 315149.3 113.8448106356 34.0902731114 3777393.783914 762583.4553255 57.4068988757 0.4062185914 0.2837112268 127.9036194502 10.7746873112 -8.3563859536 0.0235127011
40091 315149.38 113.844819991 34.0902670526 3777393.135583998 762584.3378432 57.4116193261 0.3184105272 0.2540174007 128.1898178201 10.7863475968 -8.4421123039 0.0915510431
40092 315149.46 113.844829351 34.0902609351 3777392.4807589985 762585.2209734998 57.4163292982 0.1234021608 0.2281351851 128.4906176573 10.7842518125 -8.5219994793 0.0343546008
40093 315149.54 113.844838713 34.090254751 3777391.818543 762586.1044926 57.4180160621 -0.0366276335 0.1690174593 128.7881374237 10.784054918 -8.6194449373 -0.0035843475
40094 315149.59 113.8448445632 34.0902508511 3777391.400778 762586.6567036 57.4163692324 -0.0899937909 0.1659494535 128.9719285733 10.7795726247 -8.6814028236 -0.0652439593
40095 315149.67 113.8448539246 34.0902445536 3777390.725982 762587.5405183 57.4091812428 -0.0526600624 0.1251389757 129.256273585 10.7840996288 -8.7779200183 -0.1105750191
40096 315149.75 113.8448632842 34.0902381889 3777390.043712 762588.4243654 57.3993145674 0.1593615375 0.1800089864 129.5325615255 10.7778460914 -8.8704323534 -0.1246142793
40097 315149.83 113.8448726387 34.0902317538 3777389.353621 762589.3079723001 57.392710791 0.3203594648 0.2260598639 129.7964581687 10.7710909088 -8.9662671885 -0.0431996603
40098 315149.91 113.8448819938 34.09022526 3777388.65702 762590.1918123 57.3916679295 0.4504624779 0.2866831809 130.0627149689 10.780515885 -9.0429826836 0.0183350242
40099 315149.99 113.8448913487 34.090218709 3777387.954069 762591.0758118 57.3956203638 0.4373379794 0.2449764389 130.3289578313 10.7752150046 -9.121727866 0.073002029
40100 315150.07 113.8449007027 34.0902121074 3777387.245501002 762591.9598824 57.4031073749 0.2709836837 0.183935501 130.5868674128 10.7845213548 -9.1954652899 0.0951803673
40101 315150.15 113.8449100547 34.0902054512 3777386.530861 762592.8439336 57.4079627106 0.0150729955 0.1896134604 130.8260602108 10.778334509 -9.2763017622 0.0179118938
40102 315150.23 113.8449194052 34.0901987298 3777385.808985 762593.7280514 57.406317302 -0.0946109461 0.2492940922 131.0296773513 10.7771621559 -9.3696712829 -0.0481335558
40103 315150.3 113.8449275911 34.090192797 3777385.171636 762594.5022074998 57.3983540637 -0.0728254083 0.3060362981 131.1802173746 10.7924041175 -9.4413982674 -0.1339245238
40104 315150.37 113.8449357836 34.0901868212 3777384.529528 762595.2770965998 57.3870405881 0.1950528548 0.4271248116 131.3134765715 10.7958653551 -9.5073163267 -0.1632216233
40105 315150.44 113.8449439829 34.0901808058 3777383.883038 762596.0527462 57.3801460275 0.4053323683 0.5280107857 131.4425783071 10.8109796151 -9.5633166196 -0.0324573978
40106 315150.51 113.8449521891 34.0901747607 3777383.23328 762596.8291199 57.3810333712 0.3836168103 0.613825198 131.5842602217 10.815641426 -9.6061837589 0.0694851209
40107 315150.58 113.844960404 34.0901686854 3777382.580185 762597.6063892 57.3876678208 0.2338520389 0.6080058093 131.7487858079 10.8300343594 -9.6516972335 0.0997249466
40108 315150.65 113.844968629 34.0901625772 3777381.923474 762598.3846957 57.3927858248 0.197451543 0.5940258722 131.9400938756 10.8396322087 -9.7184873078 0.0362831252
40109 315150.72 113.8449768582 34.0901564274 3777381.262152 762599.1635138 57.3939063456 0.1436934561 0.5571311131 132.1379791266 10.8444246393 -9.7863637699 0.0082642151
40110 315150.79 113.8449850864 34.0901502393 3777380.596572 762599.9423679 57.3912203852 0.1834640267 0.5233781279 132.3415667634 10.839021425 -9.8422263356 -0.0608828411
40111 315150.86 113.8449933109 34.0901440066 3777379.9260370014 762600.7210034 57.3893884141 0.214604446 0.5138847794 132.5475031846 10.8338414977 -9.9194927766 -0.0143914396
40112 315150.93 113.8450015293 34.0901377294 3777379.250549 762601.4992245998 57.3884652723 0.0858311853 0.510147577 132.7371106081 10.825588922 -9.9872782585 -0.0106312147
40113 315151.0 113.845009746 34.0901314112 3777378.57051 762602.2774156998 57.3878171164 0.0184828327 0.4941737724 132.9376911678 10.8248561004 -10.0520892595 -0.0263383134
40114 315151.07 113.8450179648 34.0901250447 3777377.88511 762603.0559502 57.3851404432 -0.0544525182 0.4619855565 133.1338370863 10.8265502669 -10.1281556715 -0.0466417752
40115 315151.14 113.8450261883 34.0901186348 3777377.194905998 762603.8350473002 57.3790945569 0.0776910002 0.3901108201 133.3410466387 10.8286335633 -10.1827353036 -0.1027634247
40116 315151.21 113.8450344118 34.0901121817 3777376.499911 762604.6142838 57.3735422147 0.2285890081 0.3264775187 133.5577381754 10.8240562245 -10.252419043 -0.0564381124
40117 315151.28 113.845042628 34.0901056882 3777375.800403 762605.3929598002 57.372300161 0.1664731562 0.2745140361 133.7695618489 10.811691063 -10.3153436243 0.0138712817
40118 315151.34 113.8450496661 34.0901000879 3777375.197005002 762606.0601149 57.3735861778 0.0589571233 0.2164617336 133.964411669 10.805842129 -10.3751673299 0.0011119494
40119 315151.41 113.845057872 34.0900935109 3777374.48821 762606.8381049 57.3727061572 0.1413012145 0.0950444966 134.1956670207 10.8045544152 -10.4552482797 -0.0337045253
40120 315151.48 113.8450660718 34.0900868877 3777373.774279 762607.6156745 57.3695954336 0.110928141 0.0671699302 134.4391687297 10.7884799503 -10.5283651481 -0.0410440985
40121 315151.55 113.8450742562 34.0900802199 3777373.055354 762608.3919632 57.3665836379 0.2291373574 0.0334620934 134.6840201863 10.7673175337 -10.594223094 -0.0411192587
40122 315151.62 113.8450824257 34.0900735023 3777372.330867 762609.1670272 57.3662940329 0.1613353857 0.0496665861 134.932192376 10.7456817968 -10.6813952553 0.0126360228
40123 315151.69 113.8450905779 34.0900667366 3777371.601 762609.9406447 57.3654464101 0.1263772824 0.0621619281 135.1719400032 10.7198952514 -10.7461736253 -0.0265381164
40124 315151.76 113.8450987165 34.0900599217 3777370.865633 762610.7131579 57.364577611 0.1198578698 0.10081085 135.4190598693 10.7062717393 -10.8359436468 0.0012130008
40125 315151.83 113.8451068389 34.0900530588 3777370.124897 762611.4843284 57.3630731888 -0.0245127968 0.1890403397 135.6595123267 10.6853382463 -10.9112450174 -0.034060689
40126 315151.9 113.845114947 34.0900461475 3777369.378754 762612.2543191 57.3587233424 0.1356028454 0.2111745422 135.9080896202 10.6683629573 -10.9866891309 -0.0922750552
40127 315151.97 113.8451230418 34.0900391872 3777368.627143 762613.0232415998 57.3533354141 0.3973506982 0.177388635 136.1538679357 10.6507213628 -11.0620179104 -0.0682686437
40128 315152.04 113.845131126 34.0900321872 3777367.871094 762613.7913089001 57.3519062186 0.6263667536 0.1357905559 136.4166513213 10.6393066743 -11.120309341 0.034575018
40129 315152.09 113.8451368897 34.090027167 3777367.328783 762614.338996 57.3564331084 0.5927948878 0.0737283663 136.6138740952 10.621896039 -11.1596870763 0.1350858039
40130 315152.16 113.8451449432 34.0900201006 3777366.565298 762615.104432 57.3677063473 0.2652025277 -0.0117966594 136.8894757784 10.6004264222 -11.2409892754 0.1777733389
40131 315152.23 113.845152978 34.0900129832 3777365.7960910015 762615.8682922 57.3753938246 -0.1020098138 -0.0492663009 137.1590669205 10.5686159392 -11.3212164899 0.0375911134
40132 315152.3 113.8451609895 34.0900058104 3777365.020678 762616.6301787 57.3730820818 -0.1553038054 -0.1047110928 137.4096423164 10.5437579678 -11.4108123415 -0.1048055139
40133 315152.37 113.8451689807 34.0899985846 3777364.239332 762617.3903571998 57.3632516982 -0.1138529315 -0.0947571149 137.6481757661 10.5108258404 -11.4903305589 -0.1804894868
40134 315152.44 113.8451769532 34.0899913089 3777363.452398998 762618.1489571 57.3504679278 0.1129372038 -0.0728802714 137.8743768011 10.4920712526 -11.565354323 -0.1718791401
40135 315152.51 113.8451849085 34.0899839858 3777362.660164 762618.9061266 57.3409285545 0.2684513815 0.0394937695 138.1118532653 10.4657447073 -11.6445409728 -0.0741369978
40136 315152.58 113.8451928428 34.0899766173 3777361.86284 762619.6614858 57.3388057128 0.2515954974 0.1089647684 138.3518563768 10.4422936512 -11.7093616078 0.0270697067
40137 315152.65 113.8452007609 34.0899692077 3777361.060911 762620.415483 57.3429375254 0.1714680055 0.0754195893 138.6092086629 10.4219108221 -11.7733218849 0.0688223363
40138 315152.72 113.8452086652 34.0899617558 3777360.254244 762621.1683339 57.3466372853 0.0905301999 -0.0279578485 138.8645085585 10.4016595573 -11.8441903021 0.0349901621
40139 315152.79 113.8452165571 34.0899542568 3777359.442332 762621.9201874002 57.3473086245 -0.0390233996 -0.0848808205 139.1221464396 10.3845812367 -11.9209054252 -0.0009415282
40140 315152.8 113.8452176827 34.0899531817 3777359.325916 762622.027442 57.3471309813 -0.0546220084 -0.097186877 139.1574608666 10.3794324994 -11.9332106637 -0.015285399
40141 315152.87 113.8452255483 34.0899456294 3777358.508014 762622.7770297 57.3448447203 -0.2137343775 -0.1167540881 139.4012632796 10.3510021199 -12.0118931982 -0.0614525309
40142 315152.94 113.8452333947 34.0899380278 3777357.684584 762623.5249925 57.3362854999 -0.1817594853 -0.1365145829 139.6230207673 10.3232251796 -12.0886855854 -0.2095102098
40143 315153.01 113.845241216 34.0899303718 3777356.855061 762624.2708115 57.3232215121 0.0415584045 -0.03364376 139.8010281008 10.2906714429 -12.1808899823 -0.1925386708
40144 315153.08 113.8452490213 34.0899226632 3777356.019665 762625.0153193001 57.3114502057 0.2660865793 0.1118065121 139.9293687597 10.271378612 -12.2428118402 -0.1332831126
40145 315153.15 113.8452568154 34.0899149182 3777355.180193 762625.7588994 57.3097047042 0.3082620311 0.2207378408 140.0570931815 10.265035919 -12.2924952803 0.0609542034
40146 315153.22 113.8452646056 34.0899071453 3777354.337618 762626.5022113002 57.316565332 0.0226384997 0.2685438833 140.1856070508 10.2637966635 -12.3285767109 0.0912433352
40147 315153.29 113.8452724025 34.0898993435 3777353.491846 762627.2462351 57.3195984475 -0.0374434199 0.264858152 140.321175975 10.2755927315 -12.3803619626 -0.0241794075
40148 315153.36 113.8452802022 34.0898915074 3777352.642286 762627.9906106 57.3162214877 0.0984232808 0.1862980321 140.453436303 10.2737458507 -12.4322284396 -0.0792102704
40149 315153.43 113.8452880023 34.0898836433 3777351.789607 762628.7351156998 57.311063054 0.2479697048 0.1459179304 140.5835404542 10.2797408995 -12.4781138489 -0.073417858
40150 315153.5 113.8452957967 34.0898757476 3777350.933419 762629.4791953 57.3090358255 0.2878198962 0.200048644 140.7115397446 10.2598994771 -12.5319223965 -0.0120659905
40151 315153.57 113.8453035792 34.0898678159 3777350.073198002 762630.2222930002 57.3093843842 0.261948764 0.1713412562 140.8288162048 10.2498748307 -12.589904615 0.002476613
40152 315153.64 113.8453113589 34.0898598524 3777349.209445 762630.9652196 57.3100191401 0.2293791569 0.1938543509 140.9572522673 10.2424271082 -12.6380165047 0.0210390525
40153 315153.71 113.8453191301 34.0898518583 3777348.342263 762631.7074622 57.3117360678 0.0819298726 0.2577802647 141.0969216057 10.2297608959 -12.6860272499 0.0272242673
40154 315153.78 113.8453268981 34.089843832 3777347.471514 762632.4495051998 57.310737974 0.0636792075 0.2114189243 141.2516274953 10.2277615114 -12.732563778 -0.0328317691
40155 315153.85 113.8453346634 34.0898357725 3777346.597069 762633.1914026 57.3057251293 0.1336726075 0.1610688418 141.4185316084 10.220609376 -12.7850643701 -0.0662125288
40156 315153.92 113.8453424228 34.089827679 3777345.718832 762633.9328634 57.301538541 0.1960602241 0.0545904929 141.5849432287 10.2187530874 -12.8286965562 -0.0189224535
40157 315153.95 113.8453457469 34.0898242011 3777345.341414 762634.2505283002 57.300646781 0.1422470815 0.0621954692 141.6625573664 10.2146721429 -12.8638473422 -0.0300674541
40158 315154.02 113.8453534882 34.0898160566 3777344.457474 762634.9904745999 57.3011894049 -0.006219824 0.0537994209 141.8318067727 10.1854487236 -12.9382861186 0.0138442512
40159 315154.09 113.8453612112 34.0898078682 3777343.568618 762635.728865 57.2991208928 -0.0825641068 0.0303164936 141.9832986924 10.1707614898 -13.0057745208 -0.0824019296
40160 315154.16 113.8453689201 34.0897996388 3777342.675167 762636.4660858002 57.2921578772 0.0248904728 0.0460028159 142.1459124023 10.1478507158 -13.0607542336 -0.1190323783
40161 315154.23 113.8453766164 34.0897913738 3777341.777731 762637.2022444 57.2839406319 0.3318003844 0.095219162 142.3017917224 10.1380716902 -13.1082918236 -0.1031263592
40162 315154.3 113.8453843007 34.0897830727 3777340.876273 762637.9374106998 57.2812695028 0.4948639382 0.3034064066 142.4798848718 10.1160653061 -13.1832228633 0.0245432719
40163 315154.37 113.8453919543 34.0897747378 3777339.970968 762638.6698545 57.2869240232 0.4983228865 0.3554891834 142.633428411 10.0689488246 -13.2188231514 0.1226728439
40164 315154.43 113.8453985048 34.0897675647 3777339.191776002 762639.296844 57.2969884714 0.2527751848 0.4563486804 142.770163578 10.056871333 -13.2627920542 0.1584529326
40165 315154.49 113.8454050416 34.0897603621 3777338.409264 762639.9226630002 57.3017748753 0.1327593545 0.6147896917 142.8933439801 10.0305661089 -13.3384568237 0.0754485186
40166 315154.55 113.8454115736 34.089753128 3777337.623247 762640.5481459 57.3027180573 -0.1671297515 0.5929675241 143.0115252484 10.0457094888 -13.3853137844 -0.0071796912
40167 315154.61 113.8454181094 34.0897458741 3777336.835039 762641.17403 57.294920112 -0.1813798446 0.5501021513 143.1374058688 10.0553222824 -13.4408243954 -0.1397483859
40168 315154.67 113.8454246469 34.0897385964 3777336.044201999 762641.8001478 57.2839038605 -0.2730076372 0.5079449998 143.269744424 10.0606930795 -13.4768088435 -0.2048355893
40169 315154.73 113.8454311844 34.0897312994 3777335.251216002 762642.4263225 57.2694801381 -0.0883606241 0.4053343278 143.3930191008 10.0543057436 -13.4933635427 -0.2763460466
40170 315154.79 113.8454377139 34.0897239817 3777334.4559120014 762643.0518243 57.2587926714 0.1141680502 0.3260275461 143.5226221994 10.030388338 -13.5320221848 -0.1778457644
40171 315154.85 113.8454442287 34.0897166457 3777333.658542 762643.6760298002 57.2551024323 0.1659306011 0.2753767252 143.6442121992 10.0025187398 -13.5604347716 -0.0333058126
40172 315154.91 113.8454507218 34.0897092948 3777332.859458 762644.2982765002 57.2567779934 0.1284452868 0.2443495284 143.773429006 9.9730295069 -13.5931760624 0.0773912701
40173 315154.94 113.8454539615 34.089705613 3777332.459197 762644.6087833 57.2588735558 0.0138414042 0.2327081126 143.8427892966 9.9570580996 -13.6051816984 0.0644768598
40174 315155.0 113.8454604247 34.0896982426 3777331.657884 762645.228327 57.2633807063 -0.0631141146 0.2065156677 143.9946348859 9.9261675109 -13.6232182119 0.0425490498
40175 315155.06 113.8454668651 34.0896908572 3777330.854831 762645.845816 57.2662633806 -0.1599386506 0.200681157 144.1575230405 9.8861874529 -13.66142384 0.0411391124
40176 315155.12 113.8454732814 34.0896834585 3777330.050255 762646.4611137 57.2658151472 -0.2263770227 0.1400131522 144.3267127821 9.8537583405 -13.6801118565 -0.0521885976
40177 315155.18 113.8454796731 34.0896760464 3777329.244124 762647.0741856 57.2607384836 -0.1710259923 0.13415297 144.5042985047 9.8052519472 -13.7055709061 -0.1021969128
40178 315155.24 113.8454860315 34.0896686179 3777328.436081 762647.6842345998 57.2549430011 -0.1001762458 0.1143491187 144.6675144611 9.7542553205 -13.7374096305 -0.0943879846
40179 315155.3 113.8454923593 34.0896611761 3777327.626488 762648.2915024002 57.2494916031 -0.0312788604 0.1649598163 144.8267208997 9.7068725898 -13.7619166688 -0.0808403019
40180 315155.36 113.8454986554 34.0896537185 3777326.815058 762648.8958923002 57.245156371 -0.0287733927 0.2342187226 144.98535893 9.6609218558 -13.7967012773 -0.0559975206
40181 315155.42 113.8455049206 34.0896462472 3777326.002036 762649.4974678 57.2420892846 -0.0130203855 0.3182164552 145.1342676578 9.6129699687 -13.8182832913 -0.0526566051
40182 315155.48 113.8455111622 34.0896387626 3777325.187467 762650.0968985 57.2400558451 0.071257008 0.3340626922 145.3017771884 9.578918614 -13.8401528188 -0.0297165707
40183 315155.54 113.8455173804 34.0896312658 3777324.371493 762650.6942204002 57.2390464451 0.1418997308 0.3539763555 145.4686734224 9.5439545929 -13.8638138919 0.0006452178
40184 315155.6 113.8455235736 34.0896237601 3777323.554462 762651.2892494 57.2415678445 0.0684287874 0.3551361633 145.6486266714 9.5071057783 -13.8786969933 0.0680541903
40185 315155.66 113.8455297385 34.0896162422 3777322.736013 762651.8817135 57.2454106687 -0.0791854108 0.3445946835 145.8238965532 9.4545729604 -13.9059226936 0.0434593759
40186 315155.72 113.8455358774 34.0896087082 3777321.915701 762652.4718183002 57.2464170083 -0.1665976985 0.2701340576 145.9953047409 9.4206845892 -13.934492692 -0.0248533523
40187 315155.78 113.845541989 34.0896011586 3777321.093586 762653.0594551 57.2438411173 -0.1728163303 0.2186550335 146.1552852952 9.3731738206 -13.9619613788 -0.0867195557
40188 315155.84 113.8455480746 34.0895935956 3777320.269915 762653.6447293 57.2397466656 -0.2127160939 0.2003041481 146.3164826043 9.3371458372 -13.9839425216 -0.0852712161
40189 315155.86 113.8455500977 34.0895910705 3777319.994894 762653.8393363 57.2381614093 -0.2719463566 0.2243235677 146.3687186615 9.3263403251 -13.9998009901 -0.0867200031
40190 315155.92 113.8455561452 34.089583488 3777319.168968 762654.4211553 57.2327052336 -0.310544586 0.2406363344 146.5119560449 9.2772293162 -14.0244960807 -0.1135681808
40191 315155.98 113.8455621667 34.0895758886 3777318.341094 762655.0006264 57.2249602452 -0.2042266859 0.3038211427 146.6536488857 9.2409444179 -14.0578993277 -0.1790106873
40192 315156.04 113.8455681637 34.0895682724 3777317.511299 762655.5778869998 57.2166442992 -0.0073864011 0.3122687822 146.7897568291 9.2026038408 -14.0868053121 -0.1255450491
40193 315156.1 113.8455741408 34.0895606485 3777316.6805980015 762656.1533364 57.2115927143 0.1483129894 0.3655993358 146.9354901739 9.1717578967 -14.1007020638 -0.0282700478
40194 315156.16 113.8455800946 34.0895530126 3777315.848506 762656.7266734 57.2121656295 0.1625632102 0.3759204662 147.0919346826 9.1312623058 -14.1232851231 0.058830436
40195 315156.22 113.8455860277 34.0895453675 3777315.015334 762657.2981212 57.215660207 0.1325181853 0.3024698427 147.2442322228 9.1082843522 -14.1403284715 0.0687746675
40196 315156.28 113.8455919438 34.0895377109 3777314.180843 762657.8680330998 57.2195062768 0.0640497775 0.2387193817 147.4236264467 9.0772001409 -14.1669102301 0.0595003416
40197 315156.34 113.8455978348 34.0895300413 3777313.344843 762658.4356756 57.222624911 -0.0725000332 0.1422702811 147.5867673129 9.0413386198 -14.1876821362 0.0410310898
40198 315156.4 113.8456037013 34.0895223571 3777312.507169 762659.0010975002 57.2234530198 -0.2151287123 0.0997685819 147.7554859068 8.9959656357 -14.2216501351 -0.020831582
40199 315156.46 113.8456095399 34.0895146547 3777311.667394 762659.5640055998 57.219057858 -0.2231369529 0.0392466906 147.9090878045 8.9554070767 -14.2513971253 -0.1274495593
40200 315156.52 113.8456153514 34.0895069322 3777310.825321 762660.124465 57.2108454676 -0.1278408633 0.0789355763 148.0544207872 8.9121614198 -14.2960354154 -0.1512037366
40201 315156.58 113.8456211326 34.0894991933 3777309.98136 762660.6821798 57.2022846704 0.0162231125 0.151023995 148.1873043722 8.8655875759 -14.3202111487 -0.1285529673
40202 315156.64 113.8456268869 34.0894914404 3777309.135765 762661.2374586 57.1960985782 0.1515314423 0.2475845381 148.3279894561 8.8264586349 -14.3447392072 -0.0694283865
40203 315156.7 113.8456326187 34.0894836748 3777308.288701 762661.790698 57.1946871998 0.1863481657 0.3107634851 148.4790763645 8.7966049149 -14.3636003753 0.0116976658
40204 315156.76 113.8456383273 34.0894758996 3777307.440518 762662.3418242 57.1983498223 0.0721252157 0.3474051126 148.639687133 8.7634627167 -14.3813030654 0.0681872145
40205 315156.8 113.8456421212 34.089470708 3777306.874128 762662.7081752 57.2015633099 -0.0615607807 0.332541484 148.7530990262 8.74021999 -14.4034465207 0.064750064
40206 315156.86 113.8456477959 34.0894629088 3777306.023196 762663.2562425 57.2033378976 -0.1227814482 0.2957002781 148.9192267226 8.7100578568 -14.4292108755 -0.0393980598
40207 315156.92 113.8456534489 34.0894550921 3777305.170267 762663.8023576002 57.2009983333 -0.0649722436 0.2619754569 149.0839368263 8.6713293451 -14.4645761519 -0.0645989182
40208 315156.98 113.8456590757 34.0894472599 3777304.315538 762664.3461113 57.198016841 -0.0793858277 0.2488572918 149.2401485401 8.6279504986 -14.489119259 -0.0590684666
40209 315157.04 113.8456646791 34.0894394119 3777303.459007 762664.8877445 57.194446261 -0.105047881 0.2472644574 149.3792642803 8.5982532508 -14.5255779736 -0.060186352
40210 315157.1 113.8456702611 34.089431544 3777302.60021 762665.4274696 57.1887697671 -0.0549747151 0.3194375951 149.5180741927 8.5531646149 -14.5597971016 -0.1060766948
40211 315157.16 113.8456758164 34.0894236591 3777301.739463 762665.964783 57.1828418262 -0.0178794211 0.3925045372 149.644216744 8.5162358551 -14.5840676331 -0.0827045422
40212 315157.22 113.8456813484 34.0894157611 3777300.877194002 762666.4999836 57.1788244322 -0.0154482936 0.4472657963 149.7635329447 8.4795261715 -14.6095894618 -0.0590444877
40213 315157.28 113.8456868597 34.0894078516 3777300.013603 762667.0333050998 57.1759872511 0.0074028038 0.5515570002 149.8773414154 8.4520471473 -14.6288238216 -0.0533100422
40214 315157.34 113.8456923556 34.0893999284 3777299.148437 762667.5652542 57.1731111826 0.1342854481 0.5833079002 149.9920749652 8.4313763452 -14.652699045 -0.0377892819
40215 315157.4 113.8456978359 34.0893919958 3777298.282204 762668.0957885998 57.172159858 0.2079487981 0.5757778531 150.1068816679 8.4107158427 -14.6646805228 0.0100286737
40216 315157.46 113.8457033021 34.0893840551 3777297.415024 762668.6250407 57.174689794 0.1481723741 0.5562827803 150.2271187807 8.3852730342 -14.6860905484 0.0736743129
40217 315157.52 113.8457087525 34.0893761053 3777296.546806 762669.1528729999 57.178552404 -0.006208527 0.5282711932 150.3418549817 8.3628290816 -14.7023501916 0.0408897629
40218 315157.58 113.8457141876 34.0893681431 3777295.677168 762669.6793193001 57.1799922548 -0.1355354648 0.4920256542 150.4589670499 8.3364663214 -14.7296744132 -0.0101392349
40219 315157.64 113.845719605 34.0893601673 3777294.805971 762670.2041832 57.177438206 -0.1930801024 0.4061830005 150.5684712535 8.3112243735 -14.7526297776 -0.096635645
40220 315157.7 113.8457250087 34.0893521799 3777293.933451 762670.7278108002 57.1703840317 -0.0997233041 0.330206457 150.6845532286 8.2937886449 -14.7774921541 -0.1449044217
40221 315157.76 113.8457303969 34.0893441801 3777293.059514 762671.2500534 57.1624680357 0.0170183055 0.3028411412 150.7982866845 8.2633397368 -14.7918954508 -0.1189094715
40222 315157.82 113.845735765 34.0893361709 3777292.184491 762671.7704580999 57.1571292747 0.0883342861 0.3200692984 150.910148116 8.2291349113 -14.8100143525 -0.0653113992
40223 315157.88 113.8457411098 34.0893281481 3777291.30789 762672.2887697 57.1559848348 0.0576444022 0.3211711235 151.020222781 8.1911414959 -14.8397123028 -0.0012469903
40224 315157.89 113.8457419985 34.0893268096 3777291.161631 762672.3749576998 57.1559048518 0.0564868776 0.3179726313 151.0367892273 8.1881515372 -14.8443427185 -0.0050056663
40225 315157.95 113.8457473208 34.089318774 3777290.283559 762672.8912259 57.155222375 0.1101041628 0.2643489305 151.1461803073 8.1672314918 -14.8600010996 -0.0108450771
40226 315158.01 113.8457526322 34.0893107289 3777289.404403 762673.4065141 57.1555562112 0.1722909854 0.2220966132 151.2686656079 8.1476720583 -14.872330128 0.0284420459
40227 315158.07 113.8457579295 34.0893026783 3777288.524593 762673.9205165 57.1591114542 0.0428414816 0.190712296 151.3937769245 8.1261245023 -14.885329428 0.0727133236
40228 315158.13 113.8457632078 34.089294616 3777287.643444 762674.4327948001 57.1621326106 -0.1669594003 0.1398986189 151.5210478256 8.094494285 -14.9174216308 0.0378856188
40229 315158.19 113.8457684655 34.0892865404 3777286.760758 762674.9432226 57.1599075208 -0.2871337937 0.0927659157 151.6342193695 8.0622806214 -14.9397122805 -0.084199116
40230 315158.25 113.8457737028 34.0892784494 3777285.87632 762675.4518086 57.1520389086 -0.1992713282 0.0474969388 151.7359235312 8.0322809529 -14.9667182015 -0.152213107
40231 315158.31 113.8457789225 34.0892703486 3777284.990742 762675.9588062 57.1418826319 -0.0156400482 0.0480417667 151.8417108252 8.005317922 -14.9836912767 -0.1743736849
40232 315158.37 113.8457841239 34.0892622398 3777284.104236 762676.4641306 57.1348021217 0.0775568054 0.0874377137 151.9536814315 7.9756739575 -14.995378518 -0.0679280179
40233 315158.43 113.8457893005 34.0892541227 3777283.216741 762676.9672022 57.1342031201 -0.0644703821 0.1428836933 152.0573159202 7.9353336583 -15.0084419947 0.0174448709
40234 315158.49 113.8457944579 34.0892459972 3777282.328262 762677.4685202 57.1346304193 -0.170341631 0.194008568 152.1693960936 7.9110608312 -15.0296630464 -0.030709815
40235 315158.55 113.8457995966 34.0892378603 3777281.438472 762677.9681459 57.1324369311 -0.1215075195 0.1896541192 152.2858656355 7.8787012728 -15.0514658071 -0.0612724516
40236 315158.61 113.8458047197 34.089229717 3777280.54793 762678.4663499 57.1284098746 0.0312021118 0.1286370836 152.4104637006 7.8620696591 -15.0590136093 -0.0642773854
40237 315158.67 113.8458098281 34.0892215689 3777279.656819 762678.9632111 57.1264368622 0.08358523 0.0885433834 152.5496023781 7.8301456192 -15.0662667633 0.005705829
40238 315158.73 113.8458149134 34.0892134161 3777278.7651269985 762679.4579574 57.1279442711 -0.0785905211 0.0493938185 152.6853635854 7.7946267613 -15.0806183074 0.0459117359
40239 315158.79 113.8458199744 34.0892052534 3777277.8722809986 762679.9504941 57.1288375864 -0.259174594 0.018124358 152.8215974487 7.754577995 -15.0982260737 -0.0141386579
40240 315158.85 113.84582501 34.0891970803 3777276.978202 762680.4407103001 57.123961959 -0.2327301189 -0.0426166097 152.9472475889 7.7177145768 -15.1203132498 -0.1220162293
40241 315158.91 113.845830023 34.0891888967 3777276.082903 762680.9288712 57.1156699443 -0.0919633789 -0.0880158765 153.0772249364 7.684030249 -15.1365305392 -0.1548209182
40242 315158.97 113.8458350134 34.0891807086 3777275.187048998 762681.4149632 57.1083994424 0.0588472444 -0.0451934998 153.2085098886 7.6461095598 -15.1429321934 -0.0997424392
40243 315159.02 113.8458391504 34.0891738807 3777274.439959 762681.8180566998 57.1058563618 0.0899143501 0.0203489322 153.3210904799 7.6084078862 -15.1551503256 -0.0233682761
40244 315159.08 113.8458440922 34.0891656773 3777273.542283 762682.2997084 57.1065682247 0.0905465453 0.0129144993 153.4422662075 7.5655509984 -15.1700627833 0.0221993149
40245 315159.14 113.8458490117 34.0891574694 3777272.644047 762682.7793166 57.1082506366 0.1133350674 0.0033292927 153.5747440053 7.5355036534 -15.1739609838 0.0243065385
40246 315159.2 113.8458539082 34.0891492572 3777271.745274 762683.2568123002 57.1120629702 0.029977175 -0.0769607254 153.7073811822 7.4969946933 -15.1747755554 0.0792294422
40247 315159.26 113.8458587843 34.0891410458 3777270.846539 762683.7324239998 57.1157125393 -0.100891986 -0.1208940366 153.8512150317 7.4681850062 -15.1774308281 0.0301324979
40248 315159.32 113.8458636367 34.0891328287 3777269.9471160006 762684.2058644 57.1158960387 -0.1271297962 -0.128074377 154.0062844074 7.4198754553 -15.1931575592 -0.0258364831
40249 315159.38 113.8458684585 34.089124605 3777269.046883 762684.6764989998 57.1121094059 -0.0249409909 -0.1635302073 154.1437193132 7.3745271465 -15.2027954689 -0.0692053797
40250 315159.44 113.8458732473 34.089116376 3777268.145968 762685.1441077 57.1080822637 0.0977999508 -0.1310341556 154.2801841097 7.3163540601 -15.2114427842 -0.0607047412
40251 315159.5 113.8458780004 34.0891081444 3777267.244681 762685.6084261 57.1070396025 0.1168369274 -0.05377346 154.3991682875 7.2672987028 -15.218553445 -0.0137971153
40252 315159.56 113.8458827243 34.0890999107 3777266.343072 762686.070055 57.1074261712 0.1323906924 0.0263795348 154.5293763899 7.2293592444 -15.2266520506 -0.0022473551
40253 315159.62 113.8458874182 34.0890916766 3777265.441362 762686.5289151 57.1088051312 0.1905533728 0.0893540794 154.6657462971 7.1812831163 -15.2128238962 0.0227525699
40254 315159.68 113.8458920879 34.0890834437 3777264.539708 762686.9855334002 57.112161153 0.1454035909 0.1036124666 154.8169174715 7.1477143454 -15.204438045 0.0771283846
40255 315159.74 113.8458967273 34.0890752129 3777263.638215 762687.439347 57.1168275531 -0.0184700307 0.12083756 154.973917191 7.0917687751 -15.2070958403 0.0761540249
40256 315159.8 113.8459013387 34.0890669806 3777262.736473 762687.8905863 57.1195822898 -0.1434641861 0.1367869001 155.1246181658 7.0582866094 -15.2209699194 0.0305475399
40257 315159.86 113.8459059184 34.0890587463 3777261.834442 762688.338907 57.1176535534 -0.0428809687 0.0699761416 155.2724567408 7.0059967613 -15.2245621624 -0.0598527952
40258 315159.92 113.845910471 34.0890505124 3777260.932384 762688.7847181 57.11382489 0.2000418538 -0.0301004998 155.4227878312 6.9705796404 -15.2140580581 -0.0703276573
40259 315159.98 113.8459149966 34.0890422821 3777260.030647 762689.2280288 57.1133037889 0.3727597143 -0.0500452043 155.5858020057 6.9194707708 -15.2019619441 0.0250815152
40260 315160.04 113.8459194857 34.0890340531 3777259.128961 762689.6679625999 57.118167852 0.3334527183 -0.0498618777 155.7379335818 6.8623870378 -15.2060879073 0.1098529283
40261 315160.08 113.8459224589 34.0890285634 3777258.527381 762689.9594556999 57.1227417374 0.2300124906 -0.0466455677 155.8425223157 6.8313216348 -15.2091856073 0.1037390082
40262 315160.14 113.8459268874 34.0890203288 3777257.624918 762690.3938151 57.1289744545 0.2072295066 -0.0522527035 155.9938784514 6.7745444006 -15.2092461629 0.0709097081
40263 315160.2 113.8459312839 34.0890120931 3777256.7222629986 762690.8252135002 57.1329730013 0.2686872383 -0.0949951046 156.1495287285 6.731316735 -15.2101910078 0.0587535229
40264 315160.27 113.8459363748 34.0890024865 3777255.669244 762691.3249821998 57.137257725 0.2969056862 -0.1048401264 156.343551165 6.6728581744 -15.2094681842 0.0663018635
40265 315160.34 113.8459414212 34.0889928827 3777254.616425 762691.8206241998 57.1423829207 0.3809060405 -0.1566207521 156.550453616 6.6161542063 -15.210086433 0.0751354054
40266 315160.41 113.8459464207 34.08898328 3777253.563609 762692.3119293002 57.1497335778 0.3284987783 -0.2171691398 156.7621722507 6.5488037583 -15.2014912593 0.1215842119
40267 315160.48 113.84595137 34.0889736785 3777252.510798998 762692.7985946 57.1587153291 0.1326201161 -0.2881927589 156.9934878202 6.4820924276 -15.2112786457 0.1171184017
40268 315160.55 113.8459562678 34.0889640774 3777251.457898 762693.2805134 57.164802135 0.0389170922 -0.3714355656 157.2219983894 6.4114378278 -15.2057837145 0.0546522091
40269 315160.59 113.8459590434 34.0889585895 3777250.856006 762693.5537608 57.16652162 0.0115470076 -0.3745666465 157.3567812257 6.3745297523 -15.2125427056 0.0167034382
40270 315160.66 113.8459638539 34.088948982 3777249.802167 762694.0276341998 57.1674364377 -0.0229475805 -0.4136821257 157.5751563622 6.2962589714 -15.212115655 -0.0035949453
40271 315160.73 113.8459686083 34.0889393742 3777248.748148 762694.4963304 57.1681562653 -0.1874273861 -0.3533710813 157.7934506949 6.2224814376 -15.2146563632 0.0169099402
40272 315160.8 113.8459733049 34.0889297598 3777247.693258 762694.9597029 57.1668625884 -0.3748143625 -0.2851216223 158.0008910203 6.1443552168 -15.2383004329 -0.0491157819
40273 315160.87 113.8459779495 34.0889201414 3777246.637779 762695.4182955 57.159259689 -0.3240190749 -0.220726642 158.2144348473 6.0768509894 -15.2387668646 -0.1486722576
40274 315160.94 113.845982545 34.0889105214 3777245.582006 762695.8723522 57.1509290962 -0.2429589708 -0.0978077234 158.4288546988 6.01742396 -15.2327258088 -0.1014665188
40275 315161.01 113.8459870917 34.088900899 3777244.525838 762696.321918 57.1424496099 0.0527438066 -0.0466094369 158.6445227036 5.9667239945 -15.2398186959 -0.1024909492
40276 315161.06 113.845990313 34.0888940229 3777243.7710379986 762696.6406077 57.1391672874 0.1871093262 0.0728262546 158.8204196863 5.9031449423 -15.2511588334 -0.0427062885
40277 315161.13 113.8459947705 34.0888843982 3777242.71438 762697.081949 57.1419464881 0.2065013905 0.089860702 159.0413670455 5.8241780424 -15.2258602685 0.0895489694
40278 315161.2 113.8459991856 34.08887478 3777241.65834 762697.5193454 57.1497584805 0.1152400562 0.2254477822 159.281972617 5.7680950458 -15.2240107746 0.0915246221
40279 315161.27 113.8460035347 34.0888651551 3777240.60139 762697.9506694998 57.156067254 -0.2260491642 0.2019062674 159.497256902 5.6842337993 -15.252747103 0.0504784294
40280 315161.34 113.8460078466 34.0888555413 3777239.545569 762698.378522 57.1566141564 -0.1418928295 0.0370610533 159.7116899093 5.6508798236 -15.206849089 -0.0540991867
40281 315161.41 113.8460121115 34.0888459286 3777238.489754 762698.8020375 57.153684007 -0.0187654798 0.0232269451 159.9307787704 5.5665754935 -15.2284483284 -0.0448490898
40282 315161.48 113.8460163299 34.0888363231 3777237.434616 762699.2212383002 57.1485828152 0.1189593362 -0.0165116808 160.1186468794 5.5289339197 -15.1931265783 -0.0432065578
40283 315161.55 113.8460204936 34.0888267302 3777236.380739 762699.6353444002 57.1488610199 0.356984005 -0.0433748759 160.3127573845 5.4486129445 -15.1756742203 0.055288615
40284 315161.57 113.8460216735 34.0888239905 3777236.079727 762699.7527653001 57.1508805091 0.2896933702 0.0028018257 160.3651312748 5.4228696088 -15.1777839747 0.1107611005
40285 315161.64 113.8460257647 34.0888144137 3777235.027443 762700.1601262 57.1583454842 0.1292615469 0.091524902 160.5354241311 5.3416445074 -15.1478621886 0.0771659602
40286 315161.71 113.846029801 34.0888048545 3777233.976972 762700.5623646 57.167396633 -0.036371037 0.0903657016 160.7009493936 5.2684959288 -15.1282448616 0.1977698591
40287 315161.78 113.8460337943 34.0887953096 3777232.927988 762700.9605953 57.1735707018 -0.4993606929 0.1581120893 160.8570184477 5.2181114921 -15.0974191149 0.0161524036
40288 315161.85 113.8460377462 34.0887857827 3777231.8808800015 762701.3549405 57.1674005119 -0.282786165 0.2007533021 161.0135097419 5.157338899 -15.0618112609 -0.1371059622
40289 315161.92 113.8460416522 34.0887762686 3777230.835082 762701.7450176 57.1595005449 -0.1292241192 0.2622210856 161.1551138918 5.1116558797 -15.0457203867 -0.1200607773
40290 315161.99 113.8460455174 34.0887667811 3777229.7921339986 762702.131232 57.1520360783 0.1824158602 0.282906551 161.2924214979 5.0626735654 -15.0001053418 -0.0977350081
40291 315162.06 113.8460493439 34.0887573173 3777228.751718 762702.5138137 57.1519978959 0.3664886253 0.3313472383 161.4414373938 5.0126532843 -14.9631198983 0.0684185038
40292 315162.13 113.8460531251 34.0887478858 3777227.714764 762702.8921069 57.1633749055 0.10679323 0.3613312343 161.6024965591 4.9506467061 -14.9139248674 0.2011217516
40293 315162.2 113.846056864 34.0887384797 3777226.680522 762703.2664140002 57.175210055 -0.1679302146 0.352017165 161.7691393865 4.8976919788 -14.8795341475 0.1010846952
40294 315162.27 113.8460605601 34.088729094 3777225.648432 762703.6367015998 57.178772903 -0.261644122 0.3260716119 161.9258110458 4.8386276423 -14.8496323378 0.0078601417
40295 315162.34 113.8460642118 34.08871973 3777224.6186379986 762704.0028333 57.1771310456 -0.2419293286 0.2973437139 162.0683882246 4.7816996766 -14.8068197365 -0.0616332926
40296 315162.41 113.8460678218 34.088710391 3777223.5915089985 762704.365035 57.1732121166 -0.1730566142 0.3485310622 162.2008825471 4.7213204456 -14.7675797703 -0.0532161288
40297 315162.48 113.8460713864 34.0887010762 3777222.56695 762704.7229654002 57.1703798938 -0.2281356168 0.4571611555 162.3210229876 4.6625524352 -14.7303981352 -0.0293838549
40298 315162.55 113.8460749075 34.0886917931 3777221.545798002 762705.0767856 57.166285797 -0.0860761458 0.4842583981 162.4396678695 4.6123327111 -14.6679408082 -0.0667283496
40299 315162.62 113.8460783909 34.0886825492 3777220.528894 762705.4270011998 57.1633855011 0.1703107972 0.4782028013 162.5697188777 4.5670776663 -14.6048377424 -0.0133469731
40300 315162.69 113.8460818372 34.0886733548 3777219.517397 762705.7736386 57.1661843769 0.3342524549 0.451666044 162.7167151801 4.5094436365 -14.5213611685 0.0961483629
40301 315162.76 113.8460852383 34.0886642104 3777218.511331 762706.1159483001 57.1782213626 0.1357154603 0.3653174527 162.8571272025 4.4502684482 -14.449012664 0.2164658279
40302 315162.83 113.8460885972 34.0886551119 3777217.5102449986 762706.4542236 57.1898170505 -0.2314937978 0.3716050031 163.0021900914 4.3870146028 -14.3743080326 0.1093004765
40303 315162.9 113.846091906 34.0886460554 3777216.513699 762706.7877344 57.195562046 -0.3624635002 0.3355960566 163.1311813775 4.3224252527 -14.3088984904 0.0178255039
40304 315162.97 113.8460951712 34.0886370301 3777215.520497 762707.1171297 57.1945965309 -0.5114362473 0.4026647949 163.2462059978 4.2709963545 -14.2741460183 -0.0644239245
40305 315163.04 113.8460983961 34.0886280269 3777214.529642 762707.4427385002 57.1865345417 -0.3577154668 0.4579204973 163.3489314426 4.2186576379 -14.2402782208 -0.1598393064
40306 315163.11 113.8461015889 34.0886190374 3777213.5402339986 762707.7653368 57.1777013102 -0.0488632693 0.4833036816 163.4511357475 4.1901159277 -14.2168924678 -0.1223534098
40307 315163.18 113.8461047598 34.0886100693 3777212.553133 762708.0858464001 57.1715959012 0.1585137185 0.5591101545 163.5826830847 4.1551234116 -14.1845220011 -0.0575924046
40308 315163.25 113.8461079009 34.0886011255 3777211.568658 762708.4035281 57.1729799434 0.2344417567 0.5340829886 163.7313754292 4.1163922532 -14.136140967 0.0704741584
40309 315163.32 113.8461110117 34.0885922038 3777210.586558 762708.7183405 57.1810460454 0.0706040591 0.5067825141 163.9027352274 4.0714582874 -14.1121542784 0.1064021142
40310 315163.36 113.8461127719 34.0885871147 3777210.026313 762708.8966055 57.1855909778 -0.0431481917 0.4781351072 164.00300554 4.0432721885 -14.0896064215 0.0975441323
40311 315163.43 113.8461158235 34.0885782226 3777209.047341998 762709.2058605 57.1898045847 -0.0867123746 0.3610857576 164.1940887311 3.9930074022 -14.0586383282 0.0392303545
40312 315163.5 113.8461188321 34.0885693551 3777208.070997 762709.5110807 57.1923672902 -0.1972584039 0.2845356147 164.3917884634 3.9278650676 -14.0185432882 0.042970702
40313 315163.57 113.8461217891 34.0885605123 3777207.097251 762709.8114533002 57.1919041136 -0.2843187848 0.2737048279 164.5794592872 3.8567388826 -13.9769450557 -0.0182188869
40314 315163.64 113.8461246935 34.0885516941 3777206.126109 762710.1068927 57.1886330098 -0.1834550907 0.2885856982 164.7628971909 3.7860677266 -13.9395230528 -0.0703082255
40315 315163.71 113.8461275454 34.0885429046 3777205.15801 762710.3973952 57.1854009097 -0.0647128149 0.3352978181 164.9376984889 3.7232791484 -13.8886079992 -0.045720884
40316 315163.78 113.8461303518 34.0885341466 3777204.193291001 762710.6836042 57.1842597555 -0.0346976415 0.4417499485 165.1230150974 3.6642073509 -13.8389710621 -0.0126708148
40317 315163.85 113.8461331074 34.088525421 3777203.232049 762710.9650194 57.1857553422 0.0362210689 0.480110882 165.3054285913 3.5970912028 -13.7820931831 0.025028745
40318 315163.93 113.8461362097 34.0885154892 3777202.137821 762711.28217 57.189390094 -0.0432943325 0.4841152965 165.5297078576 3.5436913827 -13.7310174179 0.0547823945
40319 315164.01 113.8461392529 34.0885055966 3777201.047796 762711.5937521999 57.1930985022 -0.0668211348 0.4406254735 165.7477693984 3.4742081631 -13.6836979283 0.033406756
40320 315164.09 113.8461422425 34.0884957308 3777199.960609 762711.9002967 57.1949586514 0.0571572599 0.3825723184 165.9629811812 3.4128176737 -13.6605647682 -0.0031049951
40321 315164.17 113.8461451774 34.0884858848 3777198.8754839986 762712.2017315 57.1970338104 0.0810427488 0.3550367325 166.1662709297 3.3547817279 -13.6363814181 0.0368316651
40322 315164.25 113.8461480636 34.0884760588 3777197.792446 762712.4986082 57.2012519315 -0.0610007491 0.4088612032 166.3652574013 3.2933892614 -13.6122637796 0.0497111944
40323 315164.32 113.8461505404 34.0884674741 3777196.846112998 762712.7538426998 57.2039069226 -0.1599349491 0.4507906462 166.5015166492 3.2355775461 -13.5900574443 -0.0025229817
40324 315164.4 113.8461533306 34.0884576757 3777195.765899 762713.0417701 57.2019449705 -0.0693998954 0.488427919 166.633161541 3.1965845409 -13.5646648614 -0.0599030447
40325 315164.48 113.8461560843 34.0884478954 3777194.687588 762713.3262753 57.1980310259 0.0946016419 0.5427603592 166.7427587826 3.1569399871 -13.5429292948 -0.0457525281
40326 315164.56 113.8461588118 34.0884381408 3777193.612069 762713.6082755 57.1997296754 0.1079241596 0.5531524435 166.8491320955 3.1325308106 -13.5033147542 0.0567381754
40327 315164.64 113.8461615134 34.0884284087 3777192.538986 762713.8878199002 57.2040693387 0.1011109594 0.5363569488 166.9527882683 3.0993126005 -13.4703088053 0.0230943728
40328 315164.72 113.8461641935 34.0884186967 3777191.468066 762714.1653143001 57.2085526381 0.0313182061 0.5305898637 167.0661245098 3.0759149918 -13.4532769114 0.0586048573
40329 315164.8 113.8461668441 34.088409007 3777190.399558 762714.4400127 57.2116534663 0.0410803741 0.4990326951 167.1789155651 3.0369106999 -13.4159351079 0.0183760306
40330 315164.88 113.8461694637 34.0883993336 3777189.332763 762714.7118077 57.2141407607 -0.0360804361 0.5227761696 167.2902995742 3.0018360132 -13.3949291121 0.0095976018
40331 315164.96 113.8461720494 34.0883896762 3777188.267665 762714.9804175 57.2157905828 -0.1186093922 0.5519049509 167.3950892675 2.9615642293 -13.3772462569 0.0179178779
40332 315165.04 113.8461746063 34.0883800364 3777187.2044480015 762715.2463139 57.2155648125 -0.0328202596 0.5405617519 167.5094481235 2.9314101102 -13.3490743544 -0.0301929965
40333 315165.12 113.8461771371 34.0883704086 3777186.142499 762715.5097554 57.213815107 0.0832438045 0.5739701463 167.6253811337 2.9008262627 -13.3361488684 -0.0122489403
40334 315165.2 113.8461796402 34.0883608028 3777185.082921 762715.7705865 57.2152601071 0.1035451152 0.5961368183 167.7538097279 2.8689255799 -13.29895664 0.0516865124
40335 315165.28 113.8461821105 34.0883512166 3777184.025422 762716.0283133 57.2214109804 -0.1336638509 0.6396841175 167.881280886 2.8287870378 -13.2769988886 0.0728351937
40336 315165.36 113.8461845481 34.0883416462 3777182.969595 762716.2829823 57.2229770748 -0.1243327725 0.6194217864 168.0098981232 2.7941458457 -13.2573102716 -0.0346645772
40337 315165.44 113.8461869581 34.0883320896 3777181.915232 762716.5350549 57.2193683982 0.1770048999 0.562580529 168.1425752718 2.7651387858 -13.2356413428 -0.0545471393
40338 315165.52 113.8461893417 34.0883225541 3777180.863148001 762716.7846348 57.2188616777 0.2891031276 0.5867850228 168.2821511581 2.726381538 -13.1983951687 0.0415536159
40339 315165.6 113.8461916851 34.0883130406 3777179.813397 762717.0304231 57.228114727 0.069744861 0.5936517638 168.4095380015 2.6759217497 -13.172994078 0.1531298488
40340 315165.68 113.8461939983 34.0883035445 3777178.765498 762717.2733738002 57.235713427 -0.1466569081 0.5924038531 168.5363873909 2.6523798425 -13.1515606553 0.0288057147
40341 315165.76 113.8461962792 34.088294059 3777177.718696 762717.513306 57.235192271 0.0126257457 0.5632414791 168.65618238 2.6063955468 -13.1377183389 -0.0253090866
40342 315165.84 113.8461985357 34.0882845911 3777176.673776998 762717.7509348 57.2328808652 0.0604202774 0.577386555 168.7786305618 2.5912168178 -13.1085319315 -0.0285163692
40343 315165.92 113.8462007617 34.0882751414 3777175.630805 762717.9856949 57.233624489 0.0978041819 0.5912309768 168.9005941357 2.5429781963 -13.0875307283 0.0322118781
40344 315166.0 113.8462029568 34.0882657088 3777174.589649 762718.2175465 57.237179826 0.0082655524 0.6044577069 169.0195543705 2.5178399064 -13.0653131326 0.0316528594
40345 315166.08 113.8462051205 34.0882562955 3777173.550561 762718.4464365 57.2393195638 0.1106925916 0.5874939532 169.1388257996 2.4757751537 -13.0394913208 0.0118071898
40346 315166.16 113.8462072576 34.0882469008 3777172.513464 762718.6728121998 57.2410862148 0.1736689145 0.5717762285 169.2589258212 2.4570003635 -13.0157830235 0.0086974254
40347 315166.24 113.8462093677 34.088237525 3777171.4783910015 762718.8966377 57.2434490193 0.2598907342 0.5547421926 169.375497529 2.4150145314 -12.9829811085 0.0386000609
40348 315166.32 113.8462114479 34.0882281671 3777170.445231 762719.1176461 57.24955336 0.0357286604 0.5730620147 169.4868696734 2.3848560209 -12.963834664 0.0683754149
40349 315166.4 113.8462135024 34.0882188268 3777169.41396 762719.336228 57.254911202 -0.1486230995 0.5718356638 169.599378134 2.35599172 -12.945742874 0.0502021515
40350 315166.48 113.8462155292 34.0882095014 3777168.384268 762719.5522021998 57.2555362163 -0.2329382493 0.5692434617 169.7042272406 2.3253158558 -12.9171612813 -0.0534509152
40351 315166.56 113.8462175348 34.0882001882 3777167.35587 762719.7661884 57.2517335834 -0.1502382426 0.5598327843 169.8256595897 2.3030304517 -12.919308894 -0.0670408495
40352 315166.64 113.8462195133 34.0881908951 3777166.329646 762719.9776068 57.2478968911 0.0784152003 0.5252652254 169.9393889087 2.2686750719 -12.8684836846 -0.019308258
40353 315166.72 113.8462214665 34.088181619 3777165.305226 762720.1866449 57.2482893216 0.0418450371 0.5637044397 170.0600113073 2.2411440047 -12.8583796901 -0.018845379
40354 315166.8 113.8462233885 34.0881723611 3777164.28276 762720.3927313002 57.250118563 0.3571232887 0.4897672534 170.1822604919 2.2062719065 -12.8272659073 0.0539884882
40355 315166.88 113.8462252874 34.0881631166 3777163.261723001 762720.5966563 57.2545869015 0.2009503516 0.5620835731 170.3176904398 2.1740871042 -12.8071781615 0.0726247066
40356 315166.96 113.8462271485 34.0881538842 3777162.241922 762720.7970446 57.2621699525 0.1911941667 0.5752686942 170.447937411 2.129081384 -12.7979003144 0.1052315842
40357 315167.04 113.8462289814 34.0881446588 3777161.222829 762720.9948074 57.265919256 0.1725435605 0.5860050245 170.5887484504 2.1025957032 -12.7831745483 0.012150599
40358 315167.09 113.8462301143 34.0881388949 3777160.586083 762721.117237 57.2666770434 0.1806738241 0.6122321694 170.6851955931 2.0773600291 -12.7770315481 -0.0058710667
40359 315167.17 113.8462319021 34.0881296818 3777159.568243 762721.3107991 57.269442115 0.1210551766 0.6547694255 170.8486023003 2.0442519456 -12.7671608354 0.0589867772
40360 315167.25 113.8462336548 34.0881204745 3777158.55095 762721.5011061 57.2739597559 -0.0169145762 0.685810192 171.0105043538 1.9982433781 -12.7637292325 0.0601699061
40361 315167.33 113.8462353721 34.0881112701 3777157.533891 762721.6881340998 57.2745017474 -0.0117506696 0.7011485205 171.1692795412 1.9668375664 -12.7550342207 -0.0408601483
40362 315167.41 113.8462370588 34.0881020695 3777156.517176002 762721.8723254001 57.2718013367 0.1445600718 0.7051915396 171.3337272486 1.9275970669 -12.7567806186 -0.0175344667
40363 315167.49 113.8462387142 34.0880928752 3777155.501082 762722.0536058 57.271960129 0.1922861344 0.6908976863 171.501686295 1.8935783774 -12.7348282189 0.0446753146
40364 315167.57 113.8462403407 34.0880836914 3777154.486073 762722.2321901 57.2771474235 0.146394973 0.6756113238 171.6799075236 1.8580505186 -12.7338103705 0.0883789273
40365 315167.65 113.8462419324 34.0880745108 3777153.471328 762722.4075466999 57.281761081 0.0282701578 0.608397728 171.8538330281 1.8173044866 -12.7197810283 0.0509034241
40366 315167.73 113.8462434944 34.0880653364 3777152.457199 762722.580142 57.2843871061 0.0457791103 0.5258197758 172.0303906352 1.7864179327 -12.718503026 0.0251258167
40367 315167.81 113.8462450199 34.088056165 3777151.443308 762722.7493531 57.285158799 -0.016012155 0.5144254354 172.1789031755 1.7338091552 -12.7052019826 0.0157966679
40368 315167.89 113.8462465085 34.0880469982 3777150.429842 762722.9151528 57.2857846785 -0.1115324434 0.5294985325 172.3055508176 1.6992956139 -12.7047034683 -0.0082631255
40369 315167.97 113.8462479657 34.088037834 3777149.416573 762723.0780412 57.2839139849 0.0077588512 0.5686088267 172.421999024 1.6589298614 -12.7057362967 -0.0366040122
40370 315168.05 113.8462493979 34.0880286748 3777148.403795 762723.2386055002 57.2807048364 0.1601264641 0.5481439732 172.5349268513 1.6460555718 -12.6936794564 -0.0430992386
40371 315168.13 113.8462508148 34.0880195239 3777147.391896 762723.3977239 57.2801439157 0.2923847782 0.5528234303 172.6668942386 1.6229939888 -12.6817829914 0.0158042874
40372 315168.21 113.8462522033 34.088010382 3777146.380928 762723.554207 57.2858684724 0.2122546649 0.5311693368 172.7918661587 1.589725077 -12.6719273981 0.0921036873
40373 315168.29 113.8462535693 34.0880012454 3777145.370493 762723.7085839001 57.2926333398 -0.011550791 0.5190303991 172.9199269872 1.5615847818 -12.6629275398 0.0579774795
40374 315168.37 113.8462549075 34.0879921123 3777144.360368 762723.8603874 57.296071358 -0.0207753796 0.5222210429 173.0361354583 1.5297418811 -12.6617093539 0.0182651252
40375 315168.45 113.8462562196 34.0879829808 3777143.350354 762724.0097825 57.2951329788 0.0700891435 0.5542714771 173.153633301 1.500521568 -12.6633289659 -0.0405672709
40376 315168.53 113.8462575024 34.0879738539 3777142.340783 762724.1564437 57.2928247992 0.1926603597 0.5667903682 173.2639823823 1.4697787848 -12.6468065903 -0.0177090082
40377 315168.61 113.8462587674 34.0879647352 3777141.332075 762724.3014481999 57.2947673816 0.1665651972 0.5905225373 173.3878309949 1.4503605743 -12.6417118385 0.0511382592
40378 315168.69 113.8462600094 34.0879556229 3777140.324012 762724.4443084 57.300220171 0.0298610358 0.5885526407 173.5096414016 1.418144199 -12.6317667815 0.0802338135
40379 315168.77 113.8462612306 34.0879465118 3777139.316033 762724.5852389 57.3029561034 -0.0410773332 0.5313267229 173.6401957878 1.3989850252 -12.6294296822 -0.0146333847
40380 315168.85 113.8462624314 34.0879374012 3777138.308057 762724.7242889 57.3021685621 0.0338610444 0.4662801132 173.7729702744 1.3685157463 -12.6210943788 -0.008745474
40381 315168.93 113.8462636054 34.08792829 3777137.299939 762724.8608569 57.3006492946 0.0866169968 0.4663572501 173.8983746635 1.3412619757 -12.6397000158 -0.0310735881
40382 315169.01 113.8462647492 34.0879191797 3777136.291841 762724.9946459002 57.3004342625 0.0964226533 0.4790633971 174.0192711007 1.3021006948 -12.6292550389 -0.0114492279
