40903 315210.42 113.8433099938 34.0841492642 3776710.319827 762463.8168666 56.6002248498 -0.3110788525 0.5067924603 251.7224789411 -10.1949375176 -3.3366064648 0.0001194528
40904 315210.52 113.8432989373 34.0841462697 3776709.95909 762462.8051923 56.5953155085 -0.2633227168 0.4087525944 251.9087135709 -10.211948941 -3.31812076 -0.1033859229
40905 315210.62 113.8432878603 34.0841432933 3776709.600306 762461.7915576 56.5847770879 -0.0485798143 0.3765195166 252.1097224033 -10.2301787374 -3.2836428174 -0.1083286081
40906 315210.72 113.8432767585 34.0841403596 3776709.246199 762460.7755104 56.5789533621 0.0515761949 0.3797805437 252.2785181106 -10.2523461228 -3.2384634402 -0.0127788592
40907 315210.82 113.8432656429 34.084137457 3776708.895516 762459.7580859 56.580740856 -0.0754940226 0.4500820314 252.440438545 -10.2656782605 -3.2095525092 0.0293314047
40908 315210.92 113.8432545155 34.0841345837 3776708.548049 762458.7394786 56.5821423195 -0.1569756697 0.5215446419 252.6144306009 -10.2760131793 -3.1755137131 -0.0036416599
40909 315211.02 113.8432433805 34.0841317349 3776708.203276 762457.7201002 56.5789606292 -0.1995837968 0.5447293372 252.7862991899 -10.2752772127 -3.1528083964 -0.0361087823
40910 315211.12 113.8432322408 34.0841289124 3776707.861418 762456.7002082 56.5755070029 -0.2574650865 0.5595845547 252.9526291024 -10.2834820368 -3.1162728138 -0.0357607964
40911 315211.22 113.8432211022 34.0841261183 3776707.522713 762455.6803196 56.5709962258 -0.1790163717 0.5518230977 253.1153191048 -10.2748945199 -3.0857669179 -0.0496132171
40912 315211.32 113.8432099693 34.0841233489 3776707.186763 762454.6608943002 56.5650379127 0.0272594193 0.5425061451 253.2964202557 -10.2720433258 -3.057909464 -0.0573300962
40913 315211.42 113.8431988433 34.0841206148 3776706.854747 762453.6419831 56.5623137485 0.0562387389 0.5747952341 253.4706705211 -10.2644790098 -3.0138185346 0.0058174305
40914 315211.52 113.8431877289 34.0841179174 3776706.526827 762452.6240383 56.5662948322 -0.2385265072 0.5655289566 253.6334461116 -10.2529163715 -2.9780528071 0.0557508923
40915 315211.62 113.8431766266 34.0841152524 3776706.202547 762451.6071143 56.5689224862 -0.6224002205 0.6301507498 253.7935325954 -10.2503654194 -2.9407466895 -0.0296721526
40916 315211.72 113.8431655233 34.0841126173 3776705.881571 762450.5899992 56.5618434753 -0.7795781989 0.6104815682 253.9462318854 -10.2438630955 -2.912628437 -0.1167929402
40917 315211.82 113.8431544311 34.0841100073 3776705.563415 762449.5738349 56.5473184399 -0.581537362 0.5587675849 254.0948821415 -10.2317265933 -2.8855764111 -0.1607015738
40918 315211.92 113.843143349 34.0841074206 3776705.247874 762448.5585289 56.5306147682 -0.0738461604 0.4719644801 254.2471893262 -10.2223882857 -2.8572079715 -0.1430845083
40919 315212.02 113.8431322828 34.084104863 3776704.935594 762447.5445978 56.5210369537 0.4029967814 0.4492335269 254.4008805449 -10.1988380954 -2.8228058171 -0.0208406717
40920 315212.12 113.8431212498 34.0841023362 3776704.626828 762446.5336393 56.5284896921 0.3904085487 0.4080241434 254.5514898879 -10.1719864574 -2.7810706642 0.1496038033
40921 315212.22 113.843110237 34.0840998435 3776704.321901 762445.5244433002 56.5414450224 0.1794791991 0.4279644665 254.69175518 -10.1561058041 -2.7482230495 0.1016121916
40922 315212.32 113.8430992391 34.0840973831 3776704.020584 762444.5165202 56.5474447347 0.0901061803 0.4636369304 254.8247602225 -10.1420069619 -2.7135919484 0.0207737439
40923 315212.42 113.8430882563 34.084094952 3776703.722561 762443.5099091 56.5484052384 0.0775889251 0.5047113937 254.9542181938 -10.1283381397 -2.6803864495 -0.005907007
40924 315212.52 113.8430772943 34.084092548 3776703.427607 762442.5051265 56.5489404956 0.0215894923 0.5563042337 255.0853637834 -10.1082389578 -2.6505342406 0.015329761
40925 315212.62 113.8430663514 34.0840901689 3776703.135459 762441.5020298002 56.5514069935 -0.1050343629 0.5897558466 255.2250272433 -10.0966107609 -2.6252330139 0.0149224606
40926 315212.72 113.8430554256 34.084087816 3776702.846265 762440.5004328 56.5512549151 -0.2118624269 0.6346133596 255.3662259404 -10.0838002652 -2.5967154401 -0.0221801621
40927 315212.82 113.8430445184 34.0840854875 3776702.559826999 762439.5004757 56.5493687838 -0.2206800961 0.6038301699 255.5095015486 -10.0673607951 -2.5689181622 -0.044951979
40928 315212.9 113.8430358044 34.0840836429 3776702.332721 762438.7015504001 56.545500028 -0.0165280352 0.6165398749 255.6150705306 -10.0541278426 -2.5452417098 -0.0456273109
40929 315213.0 113.8430249277 34.0840813628 3776702.051733 762437.7042633 56.5412238222 0.0791415943 0.6153745316 255.7482709387 -10.034247819 -2.5137545205 -0.0176687208
40930 315213.1 113.8430140724 34.0840791099 3776701.773817 762436.7088603 56.5421780599 -0.0104629497 0.6286341805 255.8763852342 -10.0094923091 -2.4851374553 0.0458430424
40931 315213.2 113.8430032414 34.0840768827 3776701.498818 762435.715634 56.5456025051 -0.2225513433 0.6380650886 255.9945726745 -9.9884969026 -2.45837912 0.0099726816
40932 315213.3 113.8429924334 34.0840746788 3776701.226465 762434.7244495 56.5426035095 -0.1419578567 0.5654072169 256.1093175804 -9.9626736942 -2.4352602427 -0.0384566389
40933 315213.4 113.842981656 34.0840724946 3776700.95637 762433.736036 56.5388233773 -0.0853931316 0.5638466271 256.2176415179 -9.9332060598 -2.4004933989 -0.0075316274
40934 315213.5 113.8429709042 34.0840703427 3776700.689927 762432.7498843998 56.5374592776 -0.1635022689 0.6040884732 256.3077395663 -9.9121910386 -2.3725337932 0.0046490276
40935 315213.6 113.842960181 34.0840682116 3776700.425865 762431.7663113001 56.5377090443 -0.246216197 0.6520503092 256.3906051531 -9.8846184659 -2.3540322919 -0.0012815805
40936 315213.7 113.8429494784 34.0840661005 3776700.164085 762430.7845815 56.5346741751 -0.2026013728 0.6782818999 256.4562678574 -9.8670669271 -2.3272469473 -0.0488161009
40937 315213.8 113.8429387994 34.0840640014 3776699.90369 762429.8049915 56.5288763326 0.0062823706 0.6973110913 256.5207021923 -9.8408658538 -2.3227970499 -0.046775522
40938 315213.9 113.8429281455 34.0840619186 3776699.645163 762428.8276632 56.5259233574 0.1119640597 0.7151401689 256.591811777 -9.8200174749 -2.2992288704 -0.0050542164
40939 315214.0 113.8429175204 34.0840598517 3776699.388486 762427.8529548 56.5283656241 0.0131027109 0.6774916369 256.6688368119 -9.7865574291 -2.2842809 0.0507328796
40940 315214.1 113.8429069115 34.0840578065 3776699.134249 762426.8796670998 56.5325949155 -0.1854080999 0.6678599794 256.7684864327 -9.7725760139 -2.2599101982 0.0286872625
40941 315214.2 113.8428963172 34.0840557877 3776698.8829910015 762425.9076511 56.5323817907 -0.2637992708 0.6495146979 256.8674260768 -9.7573397747 -2.2387628021 -0.0321276187
40942 315214.3 113.8428857427 34.0840537876 3776698.633852 762424.9374007 56.5272075124 -0.1786381671 0.6186382076 256.9948892813 -9.7432008243 -2.2113982811 -0.0575501154
40943 315214.41 113.8428741341 34.0840516157 3776698.3629870014 762423.8721913 56.5202454897 -0.0323574102 0.6211496797 257.1431810649 -9.7181656249 -2.1829296003 -0.04809932
40944 315214.47 113.8428678128 34.0840504445 3776698.216768 762423.2921185 56.5182325588 -0.0212332161 0.625876007 257.222918846 -9.7129553846 -2.1654996119 -0.0117020161
40945 315214.58 113.8428562445 34.0840483244 3776697.951764 762422.2304738002 56.51846461 -0.1142556509 0.5693754983 257.375353324 -9.6908873619 -2.1328194347 0.0258344798
40946 315214.69 113.842844702 34.0840462249 3776697.689108 762421.1711457 56.5179694621 -0.147515672 0.5089558266 257.5428501724 -9.6672256208 -2.1111447796 -0.0147058447
40947 315214.8 113.8428331779 34.0840441587 3776697.430187002 762420.1134219 56.5151582472 -0.1701502557 0.4702204176 257.7149088163 -9.6546271009 -2.0743640285 -0.0264879984
40948 315214.91 113.8428216695 34.0840421289 3776697.175362 762419.0570276 56.5112540638 -0.0724949624 0.4400633394 257.876607576 -9.6387376892 -2.0414246455 -0.0379634567
40949 315215.02 113.8428101744 34.0840401274 3776696.923695 762418.0017801998 56.5066389125 0.1254198726 0.4359409621 258.0541070068 -9.6306017236 -2.0080310269 -0.0373511857
40950 315215.13 113.8427986988 34.0840381574 3776696.675589 762416.9482339001 56.5058115339 0.1060505903 0.5320418574 258.2079296065 -9.6134328046 -1.9618843425 0.0340849808
40951 315215.24 113.8427872364 34.0840362201 3776696.4311379986 762415.8958074 56.5104103386 -0.1679736187 0.568581684 258.3641469562 -9.6123467548 -1.942311072 0.0540915911
40952 315215.35 113.8427757807 34.0840343065 3776696.189341 762414.843918 56.5102770878 -0.2303617982 0.5856861397 258.5130883718 -9.6077662663 -1.9170203539 -0.0687132761
40953 315215.46 113.8427643239 34.0840324154 3776695.950025 762413.7918663 56.5010809731 0.0324780614 0.5530463858 258.686956911 -9.6083961386 -1.8942128911 -0.0834153775
40954 315215.57 113.8427528742 34.0840305527 3776695.713893 762412.7403809 56.4966001585 0.0557960443 0.5432479652 258.8587354532 -9.602875825 -1.8626061894 0.0224500907
40955 315215.68 113.8427414306 34.0840287199 3776695.481083 762411.6893654 56.5007678978 -0.1246777482 0.5045453893 259.0346637382 -9.6032117293 -1.8333368067 0.0351435348
40956 315215.79 113.8427299806 34.0840269206 3776695.25199 762410.6376519002 56.499753138 -0.1208823403 0.5250299451 259.1949186673 -9.6075723927 -1.7982942813 -0.0364796392
40957 315215.82 113.8427268566 34.0840264351 3776695.19008 762410.3506839002 56.4984292202 -0.0631466433 0.520677755 259.236659436 -9.6114331598 -1.7929396725 -0.0398844091
40958 315215.93 113.8427153971 34.0840246714 3776694.964903 762409.2979864002 56.4935452249 0.0714802097 0.5056487591 259.3914770468 -9.6169066312 -1.7639180886 -0.0290077987
40959 315216.04 113.8427039293 34.0840229294 3776694.742119 762408.2444564 56.4915636536 0.1546503455 0.5074909092 259.5326336125 -9.6231932909 -1.7486808795 -0.0006435964
40960 315216.15 113.8426924493 34.0840212131 3776694.522151 762407.1897189999 56.4928275514 0.0678952818 0.4817416231 259.6954081104 -9.6343496658 -1.7196143068 0.029356257
40961 315216.26 113.842680956 34.0840195201 3776694.304731 762406.1336875 56.4956692522 -0.0656420936 0.4397281466 259.8507017964 -9.6478985309 -1.7016719398 0.0192931741
40962 315216.37 113.8426694409 34.0840178517 3776694.08999 762405.0755575 56.4945528638 -0.1670335959 0.4501035177 260.0114246911 -9.6698602098 -1.666768065 -0.0359930232
40963 315216.48 113.8426579024 34.0840162134 3776693.87853 762404.0151743002 56.4895979613 -0.2012865195 0.4616690694 260.1578316788 -9.6846259794 -1.6455742195 -0.0356470198
40964 315216.59 113.8426463418 34.0840145959 3776693.669322 762402.9526971999 56.4844602374 -0.1563258352 0.4793748768 260.3185134883 -9.708735211 -1.6187973163 -0.0504673192
40965 315216.7 113.8426347563 34.0840130053 3776693.4630269986 762401.8878292 56.478261577 -0.1165545697 0.5076954214 260.4700510897 -9.7312035236 -1.5950541323 -0.0406210968
40966 315216.81 113.8426231446 34.0840114353 3776693.2589629986 762400.8204763002 56.4741092362 -0.149625134 0.5116056775 260.6267516181 -9.7559757701 -1.5733849645 -0.0160547089
40967 315216.92 113.8426115009 34.0840098902 3776693.057575 762399.7500966998 56.4703992279 -0.1481805445 0.5536039945 260.7732776558 -9.7852124907 -1.5498653659 -0.0369344839
40968 315217.03 113.8425998241 34.0840083662 3776692.858439 762398.6765877 56.4641253352 -0.056485987 0.5226712453 260.9256446366 -9.8084191408 -1.5323145183 -0.0502645254
40969 315217.14 113.8425881088 34.0840068598 3776692.661168 762397.5994736998 56.4607862476 -0.1010810982 0.5606221046 261.0751158349 -9.8417194327 -1.5051348187 -0.0203220913
40970 315217.21 113.8425806347 34.0840059145 3776692.53705 762396.9122562 56.459172586 -0.0792221286 0.5534822651 261.1660032651 -9.8604603138 -1.4929700798 -0.0206071365
