41693 315407.98 113.8402504945 34.083676551 3776650.000725 762182.7686345 56.5849910118 0.2370786505 0.3130611671 178.201740427 0.22637033 -7.3832386014 -0.0553033043
41694 315408.12 113.8402507979 34.083667145 3776648.957654 762182.8256755 56.579769629 0.3529927743 0.4837008244 178.4058632787 0.1926200531 -7.5246048686 -0.015027384
41695 315408.26 113.8402510657 34.0836575629 3776647.894947 762182.8799668 56.5818238528 0.2769662148 0.5761232092 178.6291784425 0.178570081 -7.6716182225 0.0252033305
41696 315408.39 113.8402512979 34.0836485017 3776646.889956 762182.9293657 56.5830695601 0.1957998731 0.5563692761 178.7486536182 0.168696346 -7.8009097976 -0.0029924263
41697 315408.52 113.8402514996 34.0836392817 3776645.867274 762182.9764352 56.5809070906 0.1226664797 0.7231477179 178.7965217533 0.1283535062 -7.9386966467 -0.0251518675
41698 315408.65 113.8402516876 34.0836299027 3776644.826902 762183.0227418 56.5792863667 0.0210956932 0.8318523041 178.8111900305 0.1491704152 -8.0769178316 -0.0056302054
41699 315408.78 113.8402518985 34.083620363 3776643.768763 762183.0716426999 56.5764103616 -0.044917709 0.8808910247 178.7997708943 0.166739232 -8.2118701184 -0.0442088687
41700 315408.91 113.8402521252 34.0836106642 3776642.692999 762183.1225036 56.5686000492 0.0517925331 0.8065861922 178.7580859401 0.179461885 -8.3448607541 -0.0677362423
41701 315409.03 113.8402523511 34.0836015743 3776641.684806 762183.1714108002 56.5623146603 0.1389553877 0.752640663 178.6942377832 0.1829632168 -8.4720882854 -0.0413586784
41702 315409.15 113.8402525693 34.0835923409 3776640.660683 762183.2200449002 56.558412509 0.1095437437 0.8026716494 178.6147194519 0.1829882395 -8.5924129439 -0.0223852834
41703 315409.27 113.8402528034 34.0835829818 3776639.622635 762183.2705432 56.5560844075 -0.0342912859 0.8285710873 178.5320846174 0.2049441681 -8.7039207374 -0.01381068
41704 315409.39 113.8402530682 34.0835735021 3776638.5712910006 762183.3242469 56.5526650269 -0.1527744209 0.8067333842 178.4619319455 0.2241548553 -8.8156026256 -0.0334303864
41705 315409.51 113.840253351 34.0835639026 3776637.50669 762183.379978 56.5446624709 -0.1508870726 0.8435319871 178.3736839621 0.2317601448 -8.9237327306 -0.0880172834
41706 315409.63 113.8402536442 34.0835541863 3776636.429164 762183.4370253 56.5339754941 -0.028396406 0.8975496782 178.2799568842 0.2418663381 -9.0314701882 -0.0684851967
41707 315409.75 113.8402539583 34.083544359 3776635.339366 762183.4963544002 56.5274268137 -0.0412528078 0.9615918291 178.1965182746 0.2651383048 -9.1350893647 -0.0445040771
41708 315409.86 113.8402542703 34.0835352562 3776634.329971 762183.5532535998 56.5213919869 -0.0309723869 0.9677830599 178.1441325354 0.2815020003 -9.221219133 -0.0387553959
41709 315409.97 113.8402545998 34.0835260641 3776633.310701 762183.6120373 56.516084116 -0.053034521 0.985964058 178.1044788495 0.2894022813 -9.310599036 -0.0534285581
41710 315410.08 113.8402549452 34.0835167822 3776632.28152 762183.6725684 56.5102987103 -0.0227462191 0.9375983165 178.0697978321 0.3035229002 -9.4016901873 -0.0594902132
41711 315410.19 113.8402552998 34.08350741 3776631.242324 762183.7342319002 56.5044805128 -0.0148087799 0.855335009 178.0219660686 0.315263059 -9.4886654103 -0.0421993628
41712 315410.3 113.8402556646 34.083497952 3776630.1936489986 762183.7970976 56.4995783754 -0.063695798 0.8903746831 177.9496920718 0.3163575839 -9.5765108508 -0.0316336663
41713 315410.41 113.8402560437 34.0834884111 3776629.135802 762183.861545 56.4951959299 -0.0708308098 0.8812265917 177.8486149435 0.3427104037 -9.6550130521 -0.0452889364
41714 315410.52 113.8402564575 34.0834787903 3776628.069173998 762183.9294376 56.4893254479 0.0267745115 0.8126809957 177.7479863686 0.3721883639 -9.735025987 -0.0693326622
41715 315410.63 113.8402568961 34.0834690892 3776626.993703 762183.9998675998 56.4828270683 0.2256110477 0.7558015188 177.6434195945 0.38910694 -9.8155617633 -0.0439114524
41716 315410.74 113.8402573593 34.083459311 3776625.909743 762184.0728154002 56.4790950995 0.2925624865 0.7770373358 177.5391950065 0.4072533932 -9.8968932167 0.0120122578
41717 315410.85 113.8402578353 34.083449455 3776624.817174 762184.1471744 56.4836840834 0.0687412387 0.8416145786 177.4321241328 0.4195031796 -9.976061119 0.0449895068
41718 315410.95 113.8402582897 34.0834404189 3776623.815547 762184.2170193002 56.4847429711 -0.0462464329 0.9581433802 177.3593099508 0.4392383006 -10.0564910889 -0.0213213211
41719 315411.05 113.840258761 34.0834313113 3776622.8060199986 762184.2886388 56.4792252891 0.0914040314 1.0399113933 177.3026333788 0.4471851623 -10.1390348706 -0.0859506332
41720 315411.15 113.8402592441 34.0834221337 3776621.788763 762184.361566 56.470662606 0.3307604111 1.1312484191 177.237407763 0.4551170449 -10.2122368825 -0.0502002884
41721 315411.25 113.8402597397 34.0834128961 3776620.764876 762184.4358263002 56.4698417224 0.3846751423 1.1781584439 177.1931468032 0.4734251475 -10.2723689311 0.0544778335
41722 315411.35 113.8402602555 34.0834035972 3776619.73424 762184.5121451998 56.4755345611 0.2378645725 1.242775247 177.1603247062 0.4887479476 -10.341666285 0.0484411058
41723 315411.45 113.8402607855 34.0833942375 3776618.696892 762184.5899620998 56.4784991257 0.2137610808 1.2010863069 177.1274471381 0.5005132966 -10.4102747431 0.0125392165
41724 315411.55 113.8402613278 34.0833848137 3776617.652459 762184.6691188002 56.4767539585 0.292936812 1.2189733191 177.089136972 0.5091238217 -10.4811871812 -0.0256698492
41725 315411.65 113.840261877 34.0833753282 3776616.601203 762184.7490954002 56.4763992103 0.2439835306 1.2328625381 177.0499833497 0.5197349653 -10.548685503 0.0139068015
41726 315411.75 113.840262436 34.0833657823 3776615.543257 762184.8301682 56.4796419078 0.151102042 1.2278670971 177.0186922908 0.5265688026 -10.6142423083 0.0438174641
41727 315411.85 113.8402630068 34.0833561754 3776614.478577 762184.9125207 56.479922696 0.1599343905 1.2285601223 177.0019969366 0.5324329744 -10.6872491583 -0.0297547019
41728 315411.95 113.8402635885 34.0833465065 3776613.407053 762184.9960653002 56.4756505946 0.380556743 1.2146786856 176.9873025082 0.5441014176 -10.7528308129 -0.0297704159
41729 315412.05 113.8402641757 34.0833367865 3776612.3298660014 762185.0802724 56.4760068385 0.3944972623 1.2050926229 176.9769357517 0.5517324657 -10.8054368262 0.0362998204
41730 315412.15 113.8402647702 34.0833270155 3776611.247032 762185.1653186998 56.4819909008 0.2681533356 1.1853515509 176.9740647076 0.5556578845 -10.8762063259 0.0638132499
41731 315412.25 113.8402653658 34.0833171848 3776610.157583 762185.250647 56.4857619302 0.171929123 1.1426751945 176.9541824216 0.5589718535 -10.9402875134 0.0263990222
41732 315412.35 113.8402659684 34.0833072915 3776609.06121 762185.3368130998 56.4843272269 0.2305310439 1.1146450644 176.9297458623 0.5668663165 -11.0147362287 -0.0265336886
41733 315412.45 113.8402665833 34.0832973403 3776607.958428 762185.4243012 56.4827875812 0.3100189389 1.1029085853 176.9162865369 0.5775384082 -11.0717851535 0.0042222097
41734 315412.54 113.8402671431 34.0832883358 3776606.960584 762185.5037758 56.4838685077 0.275180285 1.080520956 176.9103447944 0.5829366173 -11.128404653 0.0441080112
41735 315412.63 113.8402677079 34.0832792862 3776605.957739 762185.5838493 56.4863318028 0.16572461 1.0602725846 176.8990181243 0.5861764652 -11.1856062493 0.0392461988
41736 315412.72 113.8402682754 34.0832701897 3776604.949692 762185.6643174 56.4871229846 0.0850348653 1.0623285494 176.8820636077 0.5923383997 -11.2420999294 -0.0085244742
41737 315412.81 113.8402688452 34.0832610442 3776603.936213 762185.7451563 56.4838528484 0.1219272815 1.0879147571 176.8587974241 0.595019835 -11.2982360366 -0.0492363406
41738 315412.9 113.8402694223 34.0832518514 3776602.917505 762185.8268010998 56.4800871797 0.1624050267 1.0703501341 176.8409319431 0.603762355 -11.3590199451 -0.0282521879
41739 315412.99 113.8402700088 34.0832426128 3776601.893743 762185.9094649998 56.4785698066 0.0958126114 1.0685481782 176.8214967152 0.6106174991 -11.4153547761 -0.0082236777
41740 315413.08 113.8402706044 34.0832333231 3776600.864328 762185.9931317 56.4781756857 0.0364829866 1.0400165299 176.8072032663 0.6171958289 -11.4776492007 0.0064073671
41741 315413.17 113.8402712124 34.0832239796 3776599.828986 762186.0780988 56.4760782523 0.0445076998 0.9842071085 176.8031116974 0.6334353227 -11.5403417036 -0.0284609298
41742 315413.26 113.8402718253 34.0832145908 3776598.788622 762186.1636600002 56.4717457388 0.1066879459 0.9800727439 176.8061646551 0.6242492362 -11.5900720745 -0.0431166283
41743 315413.35 113.8402724351 34.0832051562 3776597.74316 762186.2490829 56.4684327096 0.14611677 0.9313314581 176.7990501375 0.6281954374 -11.6473730633 -0.0273426689
41744 315413.44 113.840273052 34.0831956773 3776596.692808 762186.3352916 56.4665090134 0.1472452172 0.8984072656 176.7954366726 0.6396031387 -11.7040311851 -0.0122714969
41745 315413.53 113.8402736671 34.0831861546 3776595.637588 762186.4214709002 56.4661934832 0.0533869473 0.9298369811 176.7774513498 0.6284047866 -11.756854611 0.0054523977
41746 315413.62 113.8402742851 34.0831765854 3776594.5772089986 762186.5080580999 56.4653780358 -0.0067216814 0.9032463213 176.7630981348 0.6465497418 -11.8170778362 -0.0249011336
41747 315413.71 113.8402749139 34.0831669697 3776593.511706 762186.595796 56.462248479 0.0609757265 0.9372343235 176.7659457364 0.6458374479 -11.8736271399 -0.0410033337
41748 315413.8 113.8402755426 34.0831573088 3776592.441188 762186.6836591999 56.4580711946 0.1151936133 0.8934278336 176.7530623856 0.6542013523 -11.9227430298 -0.0414810842
41749 315413.89 113.8402761827 34.0831476031 3776591.365723 762186.7727111998 56.4551433129 0.1622186922 0.8736018262 176.7457378078 0.6636569613 -11.9775635897 -0.0117450917
41750 315413.98 113.8402768276 34.0831378553 3776590.285595 762186.8623334002 56.4547782754 0.1084129654 0.8230300651 176.7326999041 0.6661580853 -12.0317147148 0.0075947997
41751 315414.07 113.8402774849 34.0831280628 3776589.200551002 762186.9532393 56.4542913316 0.0685935097 0.7709188111 176.7336736243 0.6837072644 -12.0870088633 -0.027736745
41752 315414.16 113.8402781474 34.0831182267 3776588.110665 762187.0447710998 56.4520370504 0.0854200585 0.6696456594 176.7375453412 0.681226497 -12.1389179001 -0.0389765999
41753 315414.25 113.8402788153 34.0831083475 3776587.016019 762187.1369213002 56.4484494822 0.1627017332 0.6315650853 176.7462393639 0.6864003746 -12.1956123924 -0.0482126113
41754 315414.34 113.8402794776 34.0830984288 3776585.916969 762187.2286821 56.4466651799 0.2027720885 0.6185473323 176.743495322 0.6753149585 -12.2420723094 0.0105280704
41755 315414.43 113.840280139 34.0830884724 3776584.813743 762187.3204763002 56.448831588 0.0530424883 0.6420300659 176.74871537 0.6758184044 -12.2874466081 0.0417435482
41756 315414.52 113.8402807988 34.0830784767 3776583.706148002 762187.4122425 56.4492887054 -0.0762567916 0.7380332343 176.7519857704 0.6702537487 -12.3369051269 -0.0083853293
41757 315414.61 113.840281451 34.0830684396 3776582.593941 762187.5034310998 56.4439866757 -0.0272870241 0.7988800357 176.7605387858 0.6689015517 -12.3897273131 -0.0708805679
41758 315414.7 113.8402821048 34.0830583645 3776581.477516 762187.5948899002 56.4366316544 0.0988144481 0.8402720981 176.779113918 0.6698873159 -12.4315703482 -0.0756248768
41759 315414.79 113.8402827599 34.0830482528 3776580.357027 762187.6865783002 56.4323007558 0.1878256685 0.8153131252 176.8074938379 0.6805158085 -12.4737998962 -0.0126065047
41760 315414.87 113.8402833469 34.0830392369 3776579.357985 762187.7686024 56.4328337554 0.1512481974 0.8381542057 176.8471190339 0.6729166486 -12.5115137252 0.0283664119
41761 315414.95 113.8402839255 34.0830301929 3776578.355796 762187.8499382 56.4336481439 0.1198400296 0.8543855418 176.8862094724 0.6652605728 -12.5541920314 0.008149996
41762 315415.03 113.8402844948 34.0830211213 3776577.350519 762187.9304932 56.4332148163 0.1110236071 0.8831443563 176.9162031124 0.6512384233 -12.587865874 -0.0143637891
41763 315415.11 113.8402850556 34.0830120186 3776576.34177 762188.0103689998 56.4315678403 0.1811220356 0.9076469464 176.9483361666 0.6453486034 -12.6351941874 -0.0121666368
41764 315415.19 113.8402856126 34.0830028897 3776575.330096 762188.0899659998 56.4305899013 0.2033191058 0.9530803197 176.9784512909 0.645806501 -12.6663711618 -0.0038730596
41765 315415.27 113.840286163 34.0829937361 3776574.315681 762188.1690295 56.4304863187 0.1966146131 0.9742038437 177.0120994265 0.6323179717 -12.6980513406 -0.0009742329
41766 315415.35 113.8402867138 34.0829845574 3776573.298469 762188.2482079002 56.43086416 0.2910475174 0.9153792227 177.0532790546 0.639764709 -12.737712431 0.0093914089
41767 315415.43 113.8402872615 34.0829753565 3776572.278788 762188.3271795 56.4320458099 0.2786235516 0.9095622594 177.090395431 0.6292809875 -12.765031936 0.0199119861
41768 315415.51 113.8402878037 34.0829661322 3776571.256492 762188.4056999 56.4348765081 0.2538145919 0.8609234932 177.1255247265 0.6242640791 -12.7996396216 0.048838614
41769 315415.59 113.8402883422 34.0829568854 3776570.231695 762188.4839605 56.4376220722 0.2594215729 0.853814797 177.167802514 0.6189182256 -12.8292819865 0.0474814724
41770 315415.67 113.8402888724 34.0829476152 3776569.204286 762188.5615154002 56.4395699138 0.218104069 0.834265069 177.2117158258 0.6076299844 -12.860508626 0.0246479245
41771 315415.73 113.840289268 34.0829406486 3776568.432171 762188.6195438 56.440404417 0.2828984581 0.8346396708 177.2399528726 0.6081954455 -12.8802390155 0.0108699186
41772 315415.81 113.8402897846 34.0829313421 3776567.400685 762188.6959618 56.4419231601 0.3665561358 0.8604506741 177.2779316626 0.5887750453 -12.9120474819 0.0351716363
41773 315415.89 113.8402902916 34.0829220162 3776566.367031 762188.7715554 56.4448795114 0.4102517655 0.8955891429 177.3150830596 0.581903035 -12.9412542717 0.0520137553
41774 315415.97 113.8402907917 34.0829126748 3776565.331633 762188.8465515 56.4503099229 0.3672519784 0.8988861698 177.3498272997 0.5717598767 -12.9590142868 0.079414204
41775 315416.05 113.8402912854 34.0829033142 3776564.294093 762188.9210274002 56.4559108121 0.2968652114 0.919332137 177.3806900294 0.5712886959 -12.9851915053 0.0611211772
41776 315416.13 113.8402917708 34.0828939364 3776563.254621 762188.9947810002 56.4596390016 0.1654812509 1.0019027174 177.4222864253 0.5602470172 -13.0120359412 0.0433243583
41777 315416.21 113.8402922449 34.0828845392 3776562.212963 762189.0675536 56.4623379884 0.0602281021 1.0121440096 177.4518874182 0.5485542304 -13.0374357026 0.0346110858
41778 315416.29 113.8402927175 34.0828751217 3776561.169061 762189.1402529002 56.4606627077 0.0585864531 1.0142060444 177.4874617193 0.5485215622 -13.0696948234 -0.0529228806
41779 315416.37 113.8402931848 34.0828656839 3776560.122883002 762189.2125196 56.4564178847 0.108998248 1.0364868564 177.5167809674 0.5410892668 -13.0912538945 -0.0480217514
41780 315416.45 113.8402936469 34.0828562318 3776559.075107 762189.2843538 56.4539159164 0.174078041 0.9931639209 177.5429810161 0.5370377648 -13.1136159432 0.0070318769
41781 315416.53 113.8402941114 34.0828467646 3776558.025654 762189.3564584 56.4549803948 0.032881299 0.9621288145 177.5644029013 0.542727843 -13.1302915855 0.0417336
41782 315416.61 113.8402945724 34.0828372843 3776556.9747440014 762189.4282757 56.4561607689 -0.0842478438 0.9491244811 177.5837481821 0.5294655101 -13.1479414821 0.0016730244
41783 315416.69 113.8402950301 34.0828277877 3776555.922024 762189.4998380998 56.4541697176 -0.1468003612 0.9296290217 177.6024779841 0.53318117 -13.1707845275 -0.0299110062
41784 315416.77 113.8402954817 34.0828182797 3776554.868007 762189.5708745 56.4492787924 -0.1267930411 0.8918275415 177.6142240005 0.5225431911 -13.1869145583 -0.0682523303
41785 315416.85 113.8402959339 34.0828087621 3776553.812939 762189.6419962 56.4437998533 -0.133803722 0.8511338251 177.6286604078 0.5271805107 -13.1960774236 -0.0518969707
41786 315416.93 113.8402963833 34.0827992421 3776552.757597 762189.7128699998 56.4394449815 -0.218852673 0.8408333983 177.6353310134 0.5167392017 -13.1997019996 -0.0421088207
41787 315417.01 113.8402968333 34.0827897196 3776551.701976 762189.7838028001 56.4351230394 -0.2422809509 0.7503473671 177.6453203665 0.5303115531 -13.1994380796 -0.046600399
41788 315417.09 113.840297286 34.0827801993 3776550.646603 762189.8549779998 56.4297978841 -0.2631433387 0.7417952605 177.6584196497 0.5202978752 -13.1878941479 -0.0692483443
41789 315417.17 113.8402977367 34.0827706862 3776549.592029 762189.9259534002 56.4230554821 -0.1705897181 0.661152843 177.666986051 0.5214824308 -13.1740229452 -0.0809751586
41790 315417.25 113.8402981834 34.0827611835 3776548.538594 762189.9965201998 56.4177464722 -0.1363898396 0.6937318267 177.6626711056 0.5074748756 -13.1627929957 -0.0465795927
41791 315417.33 113.8402986273 34.0827516924 3776547.486446 762190.0667981999 56.4139124248 -0.1163719746 0.6671652149 177.6504335102 0.514752777 -13.1418464585 -0.0401265144
41792 315417.41 113.8402990758 34.0827422117 3776546.435451 762190.1374646998 56.4111245619 -0.0559069903 0.6355922625 177.6426982172 0.5237865828 -13.1321975998 -0.0193958838
41793 315417.49 113.8402995261 34.0827327415 3776545.3856379986 762190.2082611 56.4087177813 -0.0246452912 0.690685426 177.6405096039 0.5198059209 -13.1184637581 -0.0150896503
41794 315417.57 113.8402999728 34.0827232898 3776544.337863 762190.2786721998 56.4070344186 -0.0142454767 0.6906028612 177.6271340232 0.5226098392 -13.0832847817 -0.0357083451
41795 315417.65 113.8403004213 34.0827138523 3776543.291678 762190.3492091 56.4069780568 0.0305980076 0.7661449784 177.6262803584 0.5215965562 -13.0735041539 0.0181001044
41796 315417.73 113.8403008656 34.0827044336 3776542.247553 762190.4192958 56.4079220118 -0.0777058069 0.8320390767 177.6140935099 0.5109133682 -13.0396986037 0.0228026188
41797 315417.81 113.8403013088 34.0826950298 3776541.205089 762190.4892331 56.408381151 -0.0256472763 0.8361758297 177.6033326269 0.5158238669 -13.0219808574 0.0042255665
41798 315417.89 113.8403017553 34.0826856396 3776540.164146 762190.5594389 56.407185955 -0.0344606064 0.8645132265 177.601026014 0.5115969209 -12.9963312932 0.0019495985
41799 315417.97 113.8403022054 34.0826762641 3776539.124841002 762190.6299294 56.4057831205 -0.0216640854 0.8529688949 177.5984486675 0.5216626957 -12.9800796987 -0.009626272
41800 315418.05 113.8403026545 34.0826669049 3776538.087336 762190.7002696998 56.4063411551 -0.1930890184 0.8343852059 177.5870519866 0.5166765278 -12.9621446119 0.0157443063
41801 315418.13 113.8403031026 34.0826575605 3776537.051475 762190.7704812 56.4041573238 -0.2221323044 0.8027694031 177.5911796359 0.5254923598 -12.9436336651 -0.0526314292
41802 315418.21 113.8403035519 34.0826482289 3776536.0170370014 762190.8407605998 56.4002504777 -0.1560726185 0.7846608639 177.5921472646 0.5252061657 -12.9273168778 -0.0472862345
41803 315418.29 113.8403039968 34.0826389121 3776534.9842300015 762190.9105874002 56.3956491174 -0.0053155342 0.8362145589 177.589240871 0.513084385 -12.9017012117 -0.0434451568
41804 315418.37 113.8403044321 34.0826296117 3776533.953223 762190.9794822 56.3929117322 0.1753925276 0.8688822382 177.5723469348 0.5136828986 -12.8789537024 0.0014167299
41805 315418.45 113.8403048691 34.0826203292 3776532.9241949986 762191.0484748 56.3927688282 0.3586221447 0.9506425187 177.5581305339 0.5104419975 -12.8522828792 0.0146130885
41806 315418.53 113.8403053055 34.0826110665 3776531.897372 762191.1173479998 56.3978557186 0.350591443 1.0090247045 177.5361661968 0.5118537264 -12.8260435282 0.1082668579
41807 315418.61 113.8403057471 34.082601825 3776530.872915 762191.1866394 56.4061415326 0.3209786379 1.0594040024 177.5154287909 0.5227503256 -12.7973920495 0.1144947091
41808 315418.69 113.8403061935 34.0825926008 3776529.850389 762191.2563196998 56.4141177395 0.2053184301 1.0786112337 177.4981952817 0.5231907396 -12.7732141713 0.0949587701
41809 315418.77 113.8403066461 34.0825833952 3776528.82994 762191.3265216999 56.4197987532 0.2162344668 1.0625330966 177.4871133141 0.5291170037 -12.7479241819 0.0642669817
41810 315418.85 113.8403071032 34.0825742063 3776527.811364 762191.3970773001 56.4231044315 0.2557619655 1.0558934093 177.4762275894 0.5375639985 -12.7211872186 0.0216953303
41811 315418.93 113.8403075627 34.0825650354 3776526.794791002 762191.4678056998 56.4268438174 0.251832053 1.0551922837 177.465947382 0.5363813341 -12.7003006412 0.0907533945
41812 315419.01 113.8403080199 34.0825558866 3776525.780653 762191.5382566 56.4322377918 0.2302490215 1.0518965534 177.4488701568 0.5367316603 -12.6615855317 0.0800708165
41813 315419.09 113.8403084739 34.0825467546 3776524.768385 762191.6083556998 56.437372175 0.1416101963 1.0531131371 177.4276736903 0.5364732754 -12.650427673 0.056604443
41814 315419.17 113.840308932 34.0825376426 3776523.758332 762191.678767 56.4409558913 0.0559798562 1.0044457693 177.4109056997 0.5439178974 -12.6142751698 0.0297806281
41815 315419.25 113.8403093947 34.0825285492 3776522.750373 762191.7495465 56.4446730139 -0.1544197017 0.9606716708 177.3900841622 0.5453093731 -12.6091623208 0.0450773775
41816 315419.33 113.8403098616 34.0825194775 3776521.7448160006 762191.8206548 56.4448098447 -0.1454472698 0.9043273732 177.3843902217 0.5521077534 -12.5562083696 -0.0402352975
41817 315419.41 113.8403103341 34.0825104184 3776520.740685 762191.8922339 56.4423484849 -0.2844361177 0.8311325845 177.3811884295 0.5563989669 -12.556100178 -0.0483804148
41818 315419.49 113.8403108071 34.0825013833 3776519.739212 762191.9637882 56.4376871688 -0.0480937833 0.7684616139 177.370997212 0.5529074349 -12.5069097621 -0.0447070277
41819 315419.57 113.8403112746 34.0824923654 3776518.73963 762192.0347851 56.4338058662 -0.1262457202 0.7984589519 177.3493090803 0.5455488044 -12.4877058106 -0.0363543381
41820 315419.66 113.8403117979 34.0824822512 3776517.618537 762192.1143095 56.4331483971 -0.076821699 0.8168368149 177.3220356279 0.5423845831 -12.4508789355 0.0492383952
41821 315419.75 113.840312322 34.08247217 3776516.501105 762192.193816 56.4340475854 -0.1195136179 0.8843491397 177.3087761012 0.5460835301 -12.405528268 0.0253237231
41822 315419.84 113.8403128502 34.0824621226 3776515.387427 762192.2735884 56.433787073 -0.1245458869 0.8888972226 177.2966573356 0.5556844612 -12.3608241402 -0.0184528302
41823 315419.93 113.8403133801 34.0824521108 3776514.277715 762192.3534083 56.4306972474 -0.0826823591 0.8982455204 177.28827945 0.5486096097 -12.3137252061 -0.0338809681
41824 315420.02 113.8403139093 34.0824421386 3776513.172392 762192.4330477 56.4289458115 -0.0656809053 0.8872547586 177.2693227709 0.5546294329 -12.2649118044 0.0092333975
41825 315420.04 113.8403140269 34.0824399277 3776512.927332 762192.4507215 56.4288307168 -0.0723851013 0.8963944354 177.262915439 0.550581204 -12.2552155147 0.0027222078
41826 315420.13 113.8403145621 34.0824300026 3776511.827244 762192.5307676998 56.428856601 -0.0918829591 0.8692167194 177.2557779009 0.554193022 -12.2023747676 -0.0053998609
41827 315420.22 113.8403150988 34.0824201206 3776510.731949 762192.6108155 56.4289541962 -0.1121911875 0.8941428411 177.2500179097 0.5535598945 -12.1494688857 -0.0026964479
41828 315420.31 113.840315631 34.0824102832 3776509.641597 762192.6903127 56.4277612669 -0.0842285808 0.8876641458 177.2363060608 0.5512522057 -12.0916975736 -0.0100204835
41829 315420.4 113.8403161609 34.0824004925 3776508.556416 762192.7694489 56.4271695223 -0.0855693306 0.9375084858 177.2178457544 0.5479798861 -12.0369364536 0.0012635251
41830 315420.49 113.8403166898 34.0823907506 3776507.476646 762192.8483471 56.4264807506 -0.0601127052 0.9404463835 177.2060600136 0.549935814 -11.9702350763 -0.0039065997
41831 315420.58 113.8403172218 34.0823810589 3776506.4024660015 762192.9273798 56.4265960176 -0.1000470791 0.9674136994 177.1901161382 0.5539124756 -11.9122936142 0.0075205011
41832 315420.67 113.8403177498 34.0823714187 3776505.333982 762193.005877 56.4267401677 -0.1255221527 0.9915701631 177.1736288499 0.5467954012 -11.8493648163 0.0047529389
41833 315420.76 113.840318281 34.0823618298 3776504.271199 762193.0845183 56.426019229 -0.1207644567 0.988452432 177.1580125034 0.5551185612 -11.7846982322 -0.0191685965
41834 315420.85 113.8403188122 34.0823522913 3776503.21401 762193.1629983 56.4244181225 -0.0899789147 1.0109095952 177.1475993905 0.5512889512 -11.7242010989 -0.0279103094
41835 315420.94 113.8403193423 34.0823428049 3776502.162596 762193.2412185002 56.4229522962 -0.0499873936 1.008971124 177.1315119598 0.5472565654 -11.6596915089 -0.0024729055
41836 315421.03 113.8403198727 34.0823333708 3776501.117 762193.3193033001 56.4231570996 -0.0690227794 1.00611793 177.1167183188 0.5531180019 -11.5951074612 0.0169215045
41837 315421.12 113.8403204065 34.0823239894 3776500.077244 762193.397538 56.4241900546 -0.0603167984 0.9629195635 177.1050916115 0.5500258836 -11.5311579878 0.0171219434
41838 315421.21 113.8403209454 34.0823146598 3776499.0432589985 762193.4760867 56.4243978886 -0.0441799186 0.9145283957 177.1025092803 0.5549753819 -11.4633164604 0.0033487561
41839 315421.3 113.8403214833 34.0823053823 3776498.01506 762193.5543772 56.4242964527 -0.0133548686 0.8485815046 177.0984973819 0.5524278595 -11.3995114963 0.0083194199
41840 315421.39 113.8403220205 34.0822961576 3776496.992711 762193.6324511998 56.4252776783 -0.0653121734 0.8423258416 177.0875198107 0.5499384572 -11.3338169355 0.0049588467
41841 315421.48 113.8403225511 34.0822869852 3776495.976143 762193.7097411 56.4256480569 -0.0082001619 0.8585763517 177.0781438778 0.5451041003 -11.2719946654 0.0073407994
41842 315421.57 113.8403230774 34.082277866 3776494.965483 762193.786478 56.4260222977 0.0653515344 0.9128988688 177.0721031705 0.5416433675 -11.2047265366 0.0040265092
41843 315421.66 113.8403235988 34.0822688014 3776493.960858 762193.8625946 56.4274103492 0.1329363507 0.9487047948 177.073466254 0.5334842443 -11.1354188764 0.0422112822
41844 315421.75 113.8403241176 34.0822597932 3776492.962485 762193.9382966999 56.4306696113 0.1319614119 1.0028039633 177.0620271133 0.532377654 -11.0657002096 0.0338846603
41845 315421.85 113.8403246869 34.0822498484 3776491.860303 762194.0215483 56.4349239534 0.1364264005 1.0379599539 177.0484248956 0.525944722 -10.9889510268 0.0467881388
41846 315421.95 113.8403252572 34.0822399725 3776490.765779 762194.1046787 56.4391962346 0.1327492184 1.1041137868 177.0434845338 0.5298387746 -10.9161426409 0.0432187705
41847 315422.05 113.8403258261 34.0822301546 3776489.677676 762194.1875066 56.4429907678 0.1460732017 1.1311016491 177.0456465387 0.5254909742 -10.8586519195 0.0285557739
41848 315422.15 113.8403263847 34.0822203909 3776488.595566 762194.2692091998 56.4467428951 0.1368374274 1.1495144785 177.0448000939 0.5244706298 -10.8027631143 0.0393364864
41849 315422.25 113.8403269415 34.0822106772 3776487.518994998 762194.3505974 56.4501652708 0.1613340024 1.1753623195 177.050704186 0.5148627341 -10.746368477 0.0317420208
41850 315422.35 113.8403274919 34.0822010177 3776486.448436 762194.4312265002 56.4535301756 0.1430244244 1.2009330512 177.0411065017 0.5141279395 -10.6804214042 0.0488162666
41851 315422.45 113.8403280391 34.0821914154 3776485.384206 762194.5113808 56.4572195336 0.1520095161 1.1820998183 177.037639614 0.5135786534 -10.6181633279 0.034073322
41852 315422.55 113.8403285912 34.082181877 3776484.327078 762194.5917931 56.4601139026 0.226155642 1.1819028941 177.0455315147 0.5147383512 -10.540517011 0.0271670996
41853 315422.65 113.840329139 34.082172406 3776483.277422 762194.6716038 56.4637050228 0.3077081373 1.1418075687 177.0533450328 0.5095221734 -10.4693087015 0.0412732818
41854 315422.75 113.8403296789 34.0821630068 3776482.2357230014 762194.7504584001 56.469080681 0.3439926407 1.128195653 177.0505086237 0.5035914879 -10.3850435516 0.0662496353
41855 315422.85 113.8403302139 34.0821536801 3776481.202049 762194.8286330998 56.475423961 0.3346160831 1.1535105702 177.0534022307 0.4959054372 -10.3042919358 0.0698594046
41856 315422.95 113.8403307466 34.0821444266 3776480.176486 762194.9063733001 56.4830281856 0.2625655511 1.1741775018 177.0588859692 0.4954497624 -10.2226516263 0.0831030627
41857 315423.05 113.8403312743 34.0821352453 3776479.1589339986 762194.9834293 56.4896532986 0.1992516335 1.1600184473 177.0524801091 0.4898315543 -10.1421441163 0.0563014989
41858 315423.15 113.8403318015 34.08212614 3776478.149813 762195.0602101998 56.4955267357 0.0972623181 1.1598502481 177.0356835862 0.4816730827 -10.0617249018 0.0572268093
41859 315423.25 113.8403323268 34.0821171044 3776477.148419 762195.1365893 56.499324101 0.0991447488 1.157627957 177.0084320864 0.4867813718 -9.990489844 0.0235787504
41860 315423.36 113.8403329104 34.082107249 3776476.056191 762195.2208906 56.5014493465 0.1337843413 1.1134762258 176.9794858806 0.4925368758 -9.8973596037 0.0243884925
41861 315423.47 113.8403334975 34.0820974826 3776474.97386 762195.3052374001 56.5047450298 0.0709474269 1.1319942881 176.9281957047 0.4949467587 -9.8094644436 0.042622936
41862 315423.58 113.8403340853 34.0820878045 3776473.9013269986 762195.3893721 56.5090603279 -0.0221386786 1.1365542144 176.8560480077 0.4965899988 -9.7190423027 0.0395701478
41863 315423.69 113.840334683 34.0820782205 3776472.8392550014 762195.4741340998 56.5112104192 -0.0473736209 1.1925701257 176.7743521678 0.5061927442 -9.6222602928 0.005288676
41864 315423.8 113.8403352898 34.0820687345 3776471.788088 762195.5594390002 56.5107717412 0.0301825471 1.1406346294 176.6824180484 0.5207590176 -9.5202412501 -0.0197647385
41865 315423.91 113.840335913 34.082059351 3776470.748335 762195.6459398002 56.5104251848 0.1388236884 1.1482607837 176.5874834448 0.5252182252 -9.4157699436 0.0221581333
41866 315424.02 113.8403365458 34.0820500716 3776469.720158 762195.7330044 56.5126088178 0.2047225323 1.0578614702 176.4995965053 0.5388582846 -9.3078851932 0.027665007
41867 315424.13 113.8403371935 34.0820409025 3776468.7042660015 762195.821104 56.5169519642 0.2103483541 1.0112777114 176.4090319822 0.5466760799 -9.1944679291 0.058158292
41868 315424.22 113.8403377244 34.0820334788 3776467.881771 762195.8930319 56.5222013071 0.1348468739 0.9809323411 176.3348158652 0.5429923794 -9.1105378135 0.061971147
41869 315424.34 113.8403384437 34.0820236903 3776466.7973300014 762195.9896515 56.5278267944 0.0834509553 0.9555558784 176.2469422967 0.5558966521 -9.0011887106 0.0259845133
41870 315424.46 113.840339171 34.0820140323 3776465.727374 762196.086614 56.531979505 0.0039060432 0.8729946367 176.1873372326 0.5636130273 -8.8693105412 0.0271283105
41871 315424.58 113.8403399101 34.082004503 3776464.671747 762196.1842606999 56.5343674459 -0.0531466264 0.7253191755 176.1475908712 0.5699468162 -8.7595954103 0.0362262468
41872 315424.7 113.8403406356 34.0819951091 3776463.631106 762196.2802373 56.5376032926 -0.2512750476 0.7890774341 176.072856862 0.5475771586 -8.6223047954 0.0017418877
41873 315424.82 113.8403413524 34.0819858498 3776462.605377 762196.3749995 56.5368286977 -0.1231281202 0.9368294858 175.9575660551 0.5611319564 -8.4983662072 -0.0271228613
41874 315424.94 113.8403420805 34.0819767295 3776461.595101998 762196.4703734 56.5340014426 0.1287300452 1.168671092 175.7830647358 0.5664331911 -8.3757043532 -0.0292335906
41875 315425.07 113.8403428979 34.0819670079 3776460.518329 762196.5758461 56.5334381787 0.1083942898 1.134063513 175.5016045329 0.605444158 -8.2262426282 0.0361783122
41876 315425.2 113.8403437733 34.081957451 3776459.459988 762196.6861676999 56.5436646808 -0.4656715369 1.1395218541 175.1235335771 0.6348637081 -8.1096611271 0.0820214478
41877 315425.25 113.8403441204 34.081953811 3776459.056923 762196.7294462 56.5468999418 -0.6576585894 1.1095015388 174.9589283187 0.6457155049 -8.0651047953 0.0499034797
41878 315425.38 113.8403450885 34.0819444344 3776458.018818 762196.8477749 56.5423306245 -0.6919863883 1.1035585041 174.5184790638 0.7175603002 -7.9553846628 -0.0952925194
41879 315425.51 113.8403461287 34.0819351788 3776456.994334 762196.9723786998 56.5271828165 -0.3633653619 1.1321177591 173.979932782 0.7655514596 -7.8649428637 -0.1216223342
41880 315425.64 113.8403472727 34.0819260041 3776455.979094 762197.106329 56.5153649179 -0.0817479862 1.0924246202 173.3901317294 0.8555729176 -7.8039360052 -0.0505901533
41881 315425.77 113.8403485237 34.0819169008 3776454.972047 762197.249932 56.5141171524 -0.0547548011 1.0803603501 172.7741195792 0.9215535205 -7.7475439735 0.0152844513
41882 315425.89 113.8403497689 34.0819085563 3776454.049194 762197.3906574 56.513794899 -0.0702799924 1.0933243565 172.2240808605 0.9851865744 -7.6993023879 -0.0080269323
41883 315426.02 113.8403512149 34.081899582 3776453.056975 762197.551871 56.5137351342 -0.1419466818 1.1534884811 171.6173328846 1.0654331387 -7.6349959955 0.0083974331
41884 315426.16 113.8403528958 34.0818899899 3776451.996789 762197.7366875998 56.5132381562 -0.1191128961 1.1581103746 171.018021608 1.1428116886 -7.5780168671 -0.0155245378
41885 315426.3 113.8403546877 34.0818804767 3776450.945639 762197.9314986 56.511325961 -0.0342145453 1.1143640158 170.4602754267 1.2149212136 -7.5076254213 -0.0015667371
41886 315426.44 113.8403565743 34.0818710415 3776449.9034 762198.1348201998 56.5091586821 0.0917015445 1.1063137804 169.9653182849 1.263238674 -7.4505294435 -0.0188162939
41887 315426.58 113.8403585395 34.081861683 3776448.869865 762198.3451614 56.5095413094 0.1709973453 1.1310068552 169.5370126947 1.3159994261 -7.3848712507 0.016745597
41888 315426.72 113.8403605878 34.0818523992 3776447.844841 762198.5629539002 56.5131521802 0.2012938437 1.0420261707 169.2486171029 1.3613155736 -7.333444116 0.0143034178
41889 315426.86 113.84036268 34.0818431869 3776446.827858 762198.7845675 56.5157269631 0.2724563533 0.9245675179 169.0977233017 1.3742237391 -7.2803537439 0.0217261886
41890 315427.0 113.8403647731 34.0818340425 3776445.818418 762199.0060619 56.5206925143 0.3914474097 0.8366819682 169.0624343851 1.3721138433 -7.2295007958 0.0509114287
41891 315427.14 113.8403668597 34.0818249742 3776444.817406 762199.2267135 56.5269432748 0.4451350252 0.7880789118 169.0882208804 1.3630771654 -7.1655044665 0.0443901449
41892 315427.28 113.8403689273 34.0818159767 3776443.824201 762199.445405 56.5346374121 0.4571098335 0.7071941177 169.2282606132 1.341791079 -7.1082378274 0.0608357988
41893 315427.42 113.840370952 34.0818070396 3776442.837581 762199.659942 56.5438120132 0.3446062268 0.6095445825 169.5215182219 1.304846017 -7.0693209197 0.0502161338
41894 315427.56 113.8403729009 34.0817981537 3776441.85646 762199.8673185002 56.5522734486 0.2066067943 0.519564508 169.9524790578 1.2402178912 -7.0378506531 0.07215412
41895 315427.71 113.8403748742 34.0817886816 3776440.810345 762200.0787551998 56.5604949659 0.1336388731 0.4628229547 170.5664443561 1.1635899648 -7.0006547677 0.0426826768
41896 315427.78 113.8403757459 34.0817842762 3776440.323689 762200.1728446998 56.5622001989 0.1070820663 0.4486181054 170.8691630383 1.1187750981 -6.9825987396 0.0027823406
41897 315427.93 113.8403775089 34.0817748672 3776439.284024 762200.3646691 56.5640723705 0.1555774597 0.4014604904 171.5360853131 1.0325768202 -6.9540493067 0.0113672257
41898 315428.08 113.8403791298 34.0817655026 3776438.248942 762200.5432388 56.5672738738 0.0832849475 0.3989519187 172.1902163802 0.9461018645 -6.9159203579 0.0205479083
41899 315428.23 113.8403806328 34.0817561808 3776437.218292 762200.7107909 56.5697811581 0.0298269639 0.3668702445 172.8096670302 0.867181212 -6.8841423222 0.0178745137
41900 315428.38 113.8403820102 34.0817469059 3776436.192527 762200.8665979 56.5711782165 0.0357721933 0.330575151 173.3065986804 0.8005922064 -6.8441250617 0.0092148462
41901 315428.53 113.8403832856 34.081737685 3776435.172497 762201.0128173 56.5709579242 0.0199363032 0.313305046 173.6573835601 0.7465583365 -6.8048507836 -0.0120626122
41902 315428.6 113.8403838579 34.0817333999 3776434.698417 762201.0788893001 56.5700398376 0.0743181694 0.3141477318 173.7928048236 0.7327786971 -6.7876883224 -0.014571756
41903 315428.75 113.840385045 34.0817242218 3776433.682908 762201.2168177 56.5688895471 0.1577937831 0.279331563 174.0478629839 0.7075707191 -6.8175303675 -0.0089434815
41904 315428.9 113.8403861976 34.0817149711 3776432.65926 762201.3517948001 56.5683625508 0.2459905015 0.2491820204 174.3105391888 0.6781962135 -6.8889003189 -0.0003769398
41905 315429.05 113.840387304 34.0817056178 3776431.624105002 762201.4828231998 56.5685201157 0.2582533563 0.2345980896 174.5349555466 0.6548949127 -6.9633662868 0.0167513087
41906 315429.2 113.840388378 34.0816961385 3776430.574873 762201.6112423 56.5709836697 0.2677150868 0.2535991256 174.6997864361 0.6451460205 -7.0620345863 0.0054727068
41907 315429.35 113.8403894385 34.0816865283 3776429.511085 762201.7388174 56.5704744468 0.4315297964 0.2680996733 174.850682982 0.6433208472 -7.1603186801 -0.0159369826
41908 315429.49 113.8403904213 34.0816774365 3776428.504631 762201.8576225998 56.5707507739 0.5026691043 0.2685355486 174.9900202705 0.6288974763 -7.2543113221 0.0154893378
41909 315429.63 113.8403913847 34.0816682243 3776427.484767 762201.9750112 56.5763296653 0.4620823066 0.2950383146 175.1282593244 0.6210021099 -7.348040582 0.052235488
41910 315429.77 113.8403923343 34.0816588887 3776426.451172 762202.091502 56.5829957928 0.4355653878 0.3212101133 175.2709868036 0.6114605521 -7.4522094421 0.0248755508
41911 315429.91 113.8403932694 34.0816494193 3776425.402686 762202.2070666 56.5842667306 0.4786630117 0.3236111939 175.4241348043 0.6031801059 -7.5544722751 0.0072015929
41912 315429.97 113.8403936656 34.0816453206 3776424.94884 762202.256295 56.5856836326 0.4859408889 0.3471508229 175.4838300578 0.5938654338 -7.6001301841 0.0361388374
41913 315430.11 113.8403945723 34.0816356677 3776423.879926 762202.3698026999 56.5919002723 0.5233275113 0.3388512491 175.6308406239 0.5865150259 -7.6952417631 0.052060796
41914 315430.24 113.840395394 34.0816266001 3776422.875737 762202.4736644 56.5956867384 0.5377366445 0.3852637435 175.7721315935 0.5723375736 -7.7751880428 0.0258759263
41915 315430.37 113.8403961951 34.08161744 3776421.861243 762202.5758981998 56.6004257444 0.5131167877 0.4190923901 175.9133819999 0.5582693386 -7.8532967815 0.0401753829
41916 315430.5 113.8403969771 34.0816081859 3776420.836252 762202.6766633 56.6071589962 0.4895752794 0.4154662385 176.0618710789 0.5447218623 -7.9360829215 0.0597476965
41917 315430.63 113.840397742 34.0815988363 3776419.800632 762202.7761396 56.6129958285 0.4356066517 0.4269419024 176.2145659437 0.5290578962 -8.0193956818 0.0361885794
41918 315430.76 113.8403984842 34.0815893914 3776418.754372 762202.8738215 56.6163092619 0.4477207039 0.4037652514 176.3891532586 0.5120975003 -8.0961498105 0.0094044718
41919 315430.89 113.840399199 34.0815798524 3776417.697602 762202.9692600998 56.6203131415 0.3817350076 0.4264047686 176.5546032294 0.4886554233 -8.1806000858 0.0234543977
41920 315431.02 113.8403998845 34.0815702202 3776416.630406 762203.0622774 56.6240117969 0.3636470353 0.4108072754 176.7212817471 0.4734868474 -8.2578572213 0.0251638111
41921 315431.15 113.8404005368 34.0815604909 3776415.552354 762203.1525273002 56.6278758515 0.2660160728 0.4043570286 176.8618545317 0.456492658 -8.3332688297 0.0296124142
41922 315431.21 113.8404008294 34.0815559706 3776415.051464 762203.1934941 56.6289006751 0.2767990548 0.4157291251 176.9199294973 0.4485355186 -8.3651394929 0.0193729562
41923 315431.33 113.8404013996 34.0815468766 3776414.043697 762203.2742028001 56.6301521324 0.2783358334 0.39412366 176.9997307328 0.437880759 -8.432699395 0.0045712981
41924 315431.45 113.840401961 34.0815377135 3776413.028247 762203.3543196998 56.6317324359 0.2345300945 0.3972275497 177.0729731773 0.431305098 -8.4999696309 0.016220842
41925 315431.57 113.8404025105 34.0815284732 3776412.004202 762203.4335716999 56.6327381236 0.2494991221 0.396018983 177.1449767173 0.4240827008 -8.5694756552 0.000779446
41926 315431.69 113.8404030528 34.0815191564 3776410.971644 762203.5123976 56.6333198799 0.2116243312 0.4367198762 177.2020413784 0.4134030391 -8.6418157592 0.0022321649
41927 315431.81 113.840403589 34.081509767 3776409.931015 762203.5908834002 56.632988167 0.2683987558 0.4040055842 177.2643806787 0.4149037307 -8.7058275843 -0.0086122179
41928 315431.93 113.8404041216 34.0815003096 3776408.882831 762203.6692361 56.6343215695 0.2872502207 0.418575182 177.3104340754 0.4091046503 -8.7676985475 0.022261652
41929 315432.05 113.8404046431 34.0814907852 3776407.827183 762203.7467867 56.6351759769 0.2406577273 0.3957691538 177.3466218521 0.4016685887 -8.831512327 -0.007157764
41930 315432.17 113.8404051626 34.0814811906 3776406.763742 762203.8243545998 56.6366636148 0.2616354773 0.4092358821 177.3521075559 0.4075315566 -8.8898837151 0.0228361111
41931 315432.29 113.8404056867 34.0814715347 3776405.693501 762203.9025457 56.638892591 0.2075827435 0.3567195397 177.33634551 0.4135843381 -8.9465341534 -0.0017608515
41932 315432.41 113.8404062221 34.0814618152 3776404.616244 762203.9819779 56.6386414282 0.2002095916 0.3530944168 177.3258761601 0.4184109202 -9.0032625894 0.0051204522
41933 315432.53 113.8404067633 34.0814520343 3776403.53218 762204.0621338 56.6404155372 0.1519809849 0.2505043349 177.3169826454 0.4296455061 -9.0614105489 0.0045546942
41934 315432.64 113.8404072653 34.0814430141 3776402.532435 762204.1363181998 56.6404773723 0.2108124961 0.2638572255 177.3060641038 0.4224544241 -9.1095466745 -0.01033009
41935 315432.75 113.8404077645 34.0814339428 3776401.527008 762204.2104014 56.6400357187 0.3158773697 0.269524224 177.2969490767 0.4269275583 -9.1653967091 -0.0088988536
41936 315432.86 113.8404082735 34.0814248216 3776400.516079 762204.285546 56.6393069392 0.3587100319 0.2555069905 177.2952654442 0.434775212 -9.2136323779 0.0005176311
41937 315432.97 113.8404087878 34.0814156551 3776399.500132 762204.3613225998 56.6434396468 0.2537144117 0.2398045461 177.3033553455 0.4362599585 -9.2593571814 0.0492456058
41938 315433.08 113.8404092963 34.0814064342 3776398.478135 762204.4367307 56.648248923 0.1736944976 0.2416988017 177.3400527273 0.4324821311 -9.3164328129 0.0095142214
41939 315433.19 113.8404098032 34.0813971553 3776397.449694 762204.5121655 56.646523511 0.2358379179 0.2074408901 177.3903309701 0.4325288562 -9.375206859 -0.0261983865
41940 315433.3 113.8404103031 34.0813878243 3776396.415447 762204.5871154 56.6457331423 0.184662026 0.1401118029 177.443540454 0.423253804 -9.4228892201 0.0168090779
41941 315433.41 113.8404107983 34.081378443 3776395.375613 762204.6617884 56.6489642188 -0.0191333875 0.1129298702 177.5062170522 0.4167542663 -9.4759106425 0.0270549814
41942 315433.52 113.8404112828 34.0813690079 3776394.329779 762204.735638 56.6485267505 -0.0325316858 0.0423814822 177.587030764 0.40861825 -9.53045644 -0.0532459812
41943 315433.63 113.8404117555 34.0813595186 3776393.277898001 762204.8085698001 56.641471629 0.1674661976 0.0538586825 177.6625712038 0.395093071 -9.581864562 -0.0709338699
41944 315433.74 113.8404122064 34.0813499811 3776392.22062 762204.8796319 56.6378041822 0.2859718842 0.0553912969 177.7278505626 0.3796300958 -9.6278357035 0.0018766284
41945 315433.85 113.8404126433 34.0813403968 3776391.1581 762204.9495518 56.6409595637 0.2505688549 0.1077448095 177.7850691804 0.3725912554 -9.675837868 0.0316665075
