42450 315528.21 113.8405625614 34.0813778589 3776395.7004269985 762218.6774854 56.6230157344 -0.1100112189 0.3911807197 357.952659764 -0.2732909552 8.2613009173 -0.0299534768
42451 315528.34 113.8405621668 34.0813875755 3776396.77773 762218.6110671 56.6182391113 -0.0493268592 0.4098934839 357.925389502 -0.2881356705 8.3224290438 -0.036025247
42452 315528.46 113.8405617995 34.0813966033 3776397.778669 762218.5492886 56.6144434353 0.039342848 0.4563911988 357.8711271387 -0.2847011192 8.3765595022 -0.0130332689
42453 315528.58 113.840561421 34.0814056897 3776398.786075 762218.4862997 56.6135941232 -0.0043383044 0.4705840005 357.8068807175 -0.3084724807 8.4286424402 -0.0189365821
42454 315528.7 113.8405610199 34.0814148422 3776399.800758 762218.4210215998 56.6115317335 -0.0309185847 0.482384796 357.7570557284 -0.3165198444 8.4940165703 -0.010779209
42455 315528.82 113.8405606072 34.0814240673 3776400.823469002 762218.3544441 56.6106001362 -0.0641338643 0.5245970787 357.719054612 -0.326288975 8.5698641172 -0.0103174071
42456 315528.94 113.8405601812 34.0814333748 3776401.855299 762218.2863908001 56.6075362889 0.0088999775 0.5641245373 357.6972906099 -0.3307813442 8.6445911165 -0.0414259938
42457 315529.06 113.8405597486 34.0814427605 3776402.895781 762218.2174788 56.6033275966 0.0709901764 0.565787495 357.6596785954 -0.3426350038 8.7090620026 -0.0262365806
42458 315529.18 113.8405592998 34.081452209 3776403.943195 762218.1468851998 56.6017739577 0.0417583921 0.5780826381 357.6246816425 -0.3448416 8.7823887273 -0.0148987909
42459 315529.3 113.8405588433 34.0814617358 3776404.9992699986 762218.0753366002 56.600898684 0.022048283 0.5846949585 357.5798824083 -0.3574335098 8.8532295702 -0.0025050731
42460 315529.42 113.840558369 34.081471342 3776406.064117 762218.0019015998 56.5988772679 0.0031664657 0.5971509171 357.5579084462 -0.3686896525 8.9290762622 -0.0308299505
42461 315529.54 113.8405578897 34.0814810274 3776407.137742 762217.9277524 56.5959181692 -0.0135478835 0.5919504743 357.5195947151 -0.3706536926 9.0052764852 -0.0195718179
42462 315529.66 113.8405573977 34.0814907905 3776408.219955 762217.8521978002 56.5935322959 -0.0239652964 0.5937081899 357.4937426014 -0.3818854967 9.074320459 -0.0322091278
42463 315529.77 113.8405569378 34.0814998116 3776409.219905 762217.7818878002 56.590194677 0.0113544765 0.6033686511 357.4635603063 -0.3863079146 9.1447042577 -0.0341865593
42464 315529.88 113.8405564676 34.0815089 3776410.227303 762217.7104292 56.5867503118 0.0161027753 0.6091668803 357.4430279663 -0.3969105007 9.2130817428 -0.0391439757
42465 315529.99 113.8405559927 34.08151805 3776411.241524 762217.6383456 56.5831029471 0.0042720566 0.6232888179 357.4132974925 -0.3996074512 9.2684450067 -0.0237363884
42466 315530.1 113.8405555094 34.0815272616 3776412.262557 762217.5652924 56.5813488094 -0.0338362623 0.6307373864 357.3862829514 -0.4074965982 9.3277632514 -0.0309700729
42467 315530.21 113.840555019 34.0815365364 3776413.290588 762217.4913895002 56.5784099484 0.0418572618 0.6423636076 357.3546870796 -0.4138643791 9.3913304812 -0.0397566529
42468 315530.32 113.8405545227 34.0815458781 3776414.326024 762217.4167382 56.5747485552 0.1230579733 0.6390370937 357.3254272291 -0.4215892628 9.465329141 -0.0285853092
42469 315530.43 113.8405540101 34.0815552876 3776415.368941 762217.3403706 56.5722019486 0.0917504347 0.6300260678 357.3073096806 -0.4346854406 9.5324948115 -0.0075272447
42470 315530.54 113.840553491 34.081564766 3776416.4194870014 762217.2631818 56.5718306396 0.0626295094 0.6391544972 357.2997175813 -0.4355442877 9.5985065232 -0.0091058083
42471 315530.65 113.8405529654 34.0815743165 3776417.478021 762217.18518 56.5705970377 0.1159052714 0.5923055101 357.298675654 -0.4466166393 9.6744929502 -0.0298201957
42472 315530.76 113.8405524331 34.0815839377 3776418.54439 762217.1063385998 56.5674667414 0.1294308102 0.591689675 357.295177227 -0.445601022 9.7446566266 -0.030665386
42473 315530.87 113.8405519054 34.0815936258 3776419.618192 762217.0277145002 56.5665839762 0.0832415327 0.5954139305 357.2897805811 -0.4430485604 9.8134685137 0.0023830198
42474 315530.98 113.84055137 34.0816033837 3776420.69971 762216.9481692 56.5660107667 0.0313863743 0.6171516348 357.2956538035 -0.4517467291 9.8756769289 -0.008559671
42475 315531.09 113.8405508286 34.0816132051 3776421.788274 762216.867872 56.5625645667 0.026035983 0.5970074242 357.3075514366 -0.4532145855 9.9447805007 -0.0425086772
42476 315531.2 113.8405502796 34.0816230972 3776422.884661 762216.7866519 56.5606092866 -0.0220033186 0.5658970256 357.3170951758 -0.4607769457 10.013300081 -0.005906241
42477 315531.3 113.8405497792 34.0816321493 3776423.887948 762216.7125165998 56.5587106012 -0.0535503014 0.5735771369 357.3342090716 -0.4530868115 10.0799386343 -0.0324265316
42478 315531.4 113.8405492814 34.0816412596 3776424.8977 762216.6384383 56.5542263379 -0.0048733622 0.5827780001 357.3513844697 -0.4548268064 10.14091824 -0.0575818564
42479 315531.5 113.8405487806 34.0816504246 3776425.913513 762216.5639124 56.5492965709 0.0612085669 0.5682596502 357.3857887389 -0.4589178682 10.2001489379 -0.0513886639
42480 315531.6 113.840548283 34.081659643 3776426.935267 762216.4895168 56.5458515277 0.0317712565 0.5740869463 357.4157414749 -0.4513742355 10.257550249 -0.0226993785
42481 315531.7 113.8405477947 34.0816689148 3776427.962962 762216.415818 56.544276814 0.0140281609 0.5945640177 357.4450049695 -0.4361353124 10.3187502923 -0.021098075
42482 315531.8 113.8405473113 34.0816782397 3776428.996573 762216.3424116 56.5418479974 -0.0010542334 0.5925763248 357.4665090847 -0.4409414861 10.3768397437 -0.0395644095
42483 315531.9 113.8405468264 34.0816876178 3776430.036083 762216.2686954002 56.5384635255 -0.0370368231 0.5720298033 357.4990118698 -0.443711241 10.4391912566 -0.0484861678
42484 315532.0 113.8405463423 34.0816970499 3776431.0815800014 762216.1948891 56.5349322734 -0.0301095014 0.5655846983 357.5274468758 -0.439770145 10.4993329904 -0.0483368151
42485 315532.1 113.840545858 34.0817065365 3776432.133126002 762216.1208922 56.5304150777 0.0238466642 0.5084417587 357.554566584 -0.4448662383 10.553691689 -0.0637888752
42486 315532.2 113.8405453714 34.0817160771 3776433.190664 762216.0465196 56.5254921988 0.0636735299 0.5161860133 357.5880300721 -0.4372555159 10.6126067636 -0.0495437093
42487 315532.3 113.8405448957 34.0817256674 3776434.253737998 762215.9730011 56.5234892424 0.0796671172 0.530292924 357.6160502053 -0.4265209245 10.6670824512 -0.0146821405
42488 315532.4 113.8405444241 34.0817353071 3776435.322315 762215.8997079 56.5220107492 0.0745537995 0.5431294815 357.6436085933 -0.425999498 10.72331588 -0.025329061
42489 315532.5 113.8405439568 34.081744996 3776436.396356 762215.8266657 56.5195871862 0.0906658604 0.5243383834 357.659202667 -0.4249206249 10.7779140372 -0.0236202595
42490 315532.6 113.8405434881 34.0817547333 3776437.47577 762215.7533359 56.517683317 0.0814903133 0.5384771585 357.6715451041 -0.4240534089 10.8306475756 -0.0241897866
42491 315532.7 113.8405430244 34.08176452 3776438.560675 762215.6803201 56.5162207931 0.0743575251 0.5854956143 357.6789604507 -0.4192048536 10.8871522036 -0.0166572536
42492 315532.8 113.8405425568 34.0817743566 3776439.651113 762215.6067935 56.514508795 0.0506529246 0.5726828848 357.6894574308 -0.4252597261 10.9462496464 -0.0136906317
42493 315532.9 113.8405420898 34.0817842408 3776440.746823 762215.5331723002 56.5128767062 -0.0018216715 0.6253906325 357.680982363 -0.4195251794 10.9977486556 -0.0145820883
42494 315533.0 113.8405416235 34.0817941757 3776441.848174 762215.4594518002 56.5103207799 -0.0588773516 0.6532418712 357.6660082514 -0.4263673816 11.0515154081 -0.0441440735
42495 315533.1 113.8405411552 34.0818041577 3776442.954742 762215.3854155 56.5058381334 -0.0319282703 0.6986076656 357.6469478111 -0.4294935181 11.1044897641 -0.0462836197
42496 315533.19 113.8405407275 34.0818131812 3776443.955044002 762215.318071 56.5019434374 0.0311906678 0.6712552311 357.6312931046 -0.4414413682 11.154096941 -0.0442831434
42497 315533.28 113.8405402902 34.0818222425 3776444.959511 762215.2497354 56.4985268479 0.0250617081 0.6921414028 357.6146290522 -0.4469889749 11.1952343884 -0.0364901485
42498 315533.37 113.840539847 34.0818313409 3776445.968087 762215.1807324 56.4972412996 -0.0065025938 0.6762851373 357.6031922 -0.4558597828 11.2431532222 -0.0079554764
42499 315533.46 113.8405393978 34.0818404788 3776446.981025 762215.1110547 56.494305606 0.0421882146 0.6721287957 357.5926695165 -0.4606945872 11.2877466088 -0.0570068155
42500 315533.55 113.8405389453 34.0818496556 3776447.998280002 762215.0409580999 56.4905401124 0.145019389 0.636407665 357.5865628107 -0.4621767712 11.3367338559 -0.0381418878
42501 315533.64 113.840538488 34.0818588683 3776449.019499 762214.9703060002 56.4885259895 0.1582909625 0.6240424712 357.5768063409 -0.4669514171 11.3815436829 -0.0120543378
42502 315533.73 113.8405380314 34.0818681143 3776450.044422 762214.8996113002 56.4897815138 0.0423710913 0.6254909765 357.5655645084 -0.4676329805 11.4211728657 0.0116301313
42503 315533.82 113.8405375716 34.0818773979 3776451.073499 762214.8285022 56.4895114768 -0.0127728906 0.6368787151 357.5590591966 -0.4726091297 11.468394599 -0.033014569
42504 315533.91 113.8405371082 34.0818867177 3776452.106591 762214.7569541 56.4861437576 0.0405902545 0.6822385193 357.5562754839 -0.4734279396 11.5122176643 -0.0498069607
42505 315534.0 113.8405366459 34.0818960732 3776453.143648002 762214.685398 56.4818057325 0.1176773429 0.6784799526 357.5527484192 -0.4729473152 11.5548442278 -0.0497920714
42506 315534.09 113.8405361762 34.0819054591 3776454.18406 762214.613071 56.4803248812 0.0803035126 0.6881853717 357.5493293826 -0.4809805293 11.5958958359 -0.0123192777
42507 315534.18 113.8405357031 34.0819148773 3776455.228045 762214.5403159 56.4813088523 -0.0303141425 0.7124365811 357.5503491501 -0.481277425 11.6384653584 0.0029847162
42508 315534.27 113.8405352294 34.0819243323 3776456.276123 762214.4674066999 56.4793338766 -0.0125560204 0.701080024 357.5546241057 -0.486042867 11.6847660598 -0.0501085341
42509 315534.36 113.8405347537 34.0819338258 3776457.328455 762214.3941795 56.4741792632 0.1068257802 0.7290701982 357.5715631097 -0.4804505418 11.7320297213 -0.0744012418
42510 315534.45 113.8405342818 34.0819433534 3776458.384586 762214.3212095002 56.4702633862 0.199427893 0.7254888655 357.5836366492 -0.4801718714 11.7702361828 -0.0396983885
42511 315534.54 113.8405338108 34.0819529147 3776459.444459 762214.248211 56.470641234 0.1277808605 0.7356193772 357.5921937481 -0.4770372849 11.8120008398 0.0126882271
42512 315534.63 113.8405333439 34.0819625081 3776460.507902 762214.1755024998 56.472764561 0.0519054215 0.7345681698 357.5896057819 -0.4752956082 11.8526780666 0.0192076529
42513 315534.72 113.8405328742 34.0819721364 3776461.575222 762214.1024124002 56.4729891764 0.0679824952 0.7389547825 357.598810601 -0.4778582898 11.8975642146 -0.0314097006
42514 315534.81 113.8405324019 34.0819817976 3776462.646173 762214.0289888 56.4704313362 0.1505116765 0.7080807469 357.612967815 -0.4826889618 11.9353478321 -0.0337379421
42515 315534.9 113.8405319264 34.0819914897 3776463.72055 762213.9551769 56.4693079079 0.1617827427 0.6655976536 357.6296421725 -0.4788846909 11.9713661371 -0.002389019
42516 315534.99 113.8405314524 34.0820012131 3776464.798411 762213.8814071 56.4704370275 0.1446673658 0.6527970193 357.6372774904 -0.4828675972 12.0099802096 0.0108462682
42517 315535.08 113.840530984 34.0820109726 3776465.880279 762213.8080430998 56.4714340419 0.1012327285 0.6386233538 357.6474957913 -0.4783499012 12.0508774681 -0.0100395986
42518 315535.17 113.8405305188 34.0820207695 3776466.966311 762213.7348563 56.471018225 0.0657486795 0.6628594939 357.6564532219 -0.475130634 12.0888026873 -0.0085441849
42519 315535.26 113.8405300602 34.0820306004 3776468.056144 762213.6621751 56.4699292481 0.0526476644 0.6879577511 357.6613485109 -0.4686586409 12.138483672 -0.0165830171
42520 315535.35 113.8405296025 34.0820404634 3776469.149524 762213.5894716 56.4682273623 0.0285114495 0.7243181931 357.6550381126 -0.4653951302 12.1749448798 -0.0093017473
42521 315535.44 113.8405291431 34.0820503581 3776470.246432 762213.5165168 56.4669519216 -0.0219716647 0.715577272 357.6417568577 -0.477028542 12.2161375955 -0.0210676475
42522 315535.53 113.8405286754 34.0820602845 3776471.346826 762213.442705 56.4642077414 -0.054997156 0.7521041681 357.6223964636 -0.4821761201 12.2492109429 -0.0462485054
42523 315535.62 113.8405282056 34.0820702438 3776472.45087 762213.3685865 56.4599669883 -0.0195546174 0.7529943139 357.6039828955 -0.484695333 12.2926555565 -0.0528240718
42524 315535.71 113.8405277243 34.0820802329 3776473.5582 762213.2933245 56.4558924101 -0.0109115337 0.7623928036 357.5870667608 -0.4970190662 12.3288297926 -0.0369410668
42525 315535.8 113.8405272401 34.0820902517 3776474.668807 762213.2176954 56.452945428 0.0437914162 0.7753415891 357.5680621123 -0.4985359497 12.3697722417 -0.0278072231
42526 315535.89 113.840526751 34.0821002995 3776475.782626 762213.1415271 56.4497181065 0.1347842742 0.7524310367 357.548557212 -0.506300843 12.4000096182 -0.0399127728
42527 315535.98 113.8405262559 34.0821103742 3776476.899419 762213.0647244 56.4482031204 0.1132577081 0.7649543147 357.5312341579 -0.5132246936 12.4280967126 -0.0244582644
42528 315536.07 113.8405257547 34.0821204764 3776478.019242 762212.9872751 56.447821849 0.1102999175 0.7443867891 357.5016618865 -0.5130911788 12.4646529567 -0.0301803737
42529 315536.15 113.840525303 34.0821294785 3776479.017098998 762212.9177895002 56.447804301 0.0889721713 0.7274728578 357.4773472162 -0.5264873229 12.4975934861 0.0066760412
42530 315536.23 113.840524841 34.0821385 3776480.017092 762212.8472861 56.4480608711 0.0466592852 0.7358606806 357.457718782 -0.5363993952 12.5257850942 -0.0029917523
42531 315536.31 113.840524378 34.082147545 3776481.0196879986 762212.7766263002 56.4476307724 -0.0257186169 0.7536613934 357.4317847981 -0.5341540711 12.5593982985 -0.0236055071
42532 315536.39 113.8405239083 34.0821566121 3776482.024724 762212.7052729 56.4453271609 0.0449860543 0.7071592945 357.410841673 -0.5460263388 12.5897001949 -0.0431532212
42533 315536.47 113.840523432 34.0821657 3776483.032046 762212.6332514 56.4429397406 0.0405797934 0.6902820966 357.383195799 -0.5535029339 12.6156663971 -0.0300057801
42534 315536.55 113.8405229491 34.0821748094 3776484.041736 762212.5605505 56.4416756257 -0.0031467229 0.6797393647 357.357411849 -0.5552639583 12.6484743233 -0.0204033634
42535 315536.59 113.8405227061 34.0821793719 3776484.547439 762212.5240341999 56.4408891918 0.0011456124 0.6800159309 357.3426801681 -0.5591537259 12.6647215006 -0.0241050936
42536 315536.67 113.8405222133 34.082188512 3776485.560518 762212.4503276 56.4385677967 0.0380586744 0.6532375018 357.325744282 -0.5725685061 12.6896247515 -0.0435610274
42537 315536.75 113.8405217169 34.082197672 3776486.575794 762212.3762201 56.4360685591 0.059918276 0.6205049315 357.3101927209 -0.5665697017 12.7106551415 -0.0316572761
42538 315536.83 113.8405212159 34.0822068524 3776487.59331 762212.301629 56.434258501 0.0327655993 0.6234028522 357.2973589228 -0.5774243477 12.7431168498 -0.0134504225
42539 315536.91 113.8405207169 34.0822160473 3776488.612457 762212.2271801998 56.433953546 -0.0230846296 0.6368078153 357.2829406183 -0.5660187673 12.7594627846 0.0111966159
42540 315536.99 113.8405202158 34.0822252551 3776489.633021 762212.1525007 56.431184534 -0.0095558727 0.6003735247 357.2709117139 -0.5798707896 12.7673110552 -0.0642256092
42541 315537.07 113.8405197082 34.0822344759 3776490.655016 762212.0771756 56.4283370543 -0.0019412958 0.6438340438 357.2599572598 -0.583633237 12.7951245188 -0.0345413423
42542 315537.15 113.8405192 34.082243701 3776491.677485 762212.0017793 56.4262018651 0.0444776325 0.6785974869 357.2421684875 -0.5773257013 12.7922507372 -0.0115743184
42543 315537.23 113.8405186886 34.0822529323 3776492.7006230014 762211.9260774 56.4254225278 0.0121927507 0.6688284828 357.22775091 -0.5870050437 12.8034358252 -0.0176309024
42544 315537.31 113.840518169 34.082262166 3776493.724015 762211.8496013002 56.4246883606 -0.0383217197 0.6958100422 357.2147218821 -0.5982061 12.8076718558 -0.008707103
42545 315537.39 113.840517648 34.0822714014 3776494.74759 762211.7730008 56.4239848573 -0.0646799252 0.7024134415 357.2059726661 -0.5938842571 12.8055158003 -0.0169222657
42546 315537.47 113.8405171207 34.0822806388 3776495.771384 762211.6958021999 56.4223148348 -0.0138251074 0.6957729561 357.2051818901 -0.6079210474 12.8106328215 -0.0390689095
42547 315537.55 113.8405165875 34.0822898785 3776496.7954050014 762211.6180608001 56.4195511844 0.0459746379 0.6830994315 357.2132253206 -0.6094290743 12.8125616353 -0.0439081287
42548 315537.63 113.8405160566 34.0822991167 3776497.819262998 762211.5405229002 56.418367085 0.0690934884 0.6867604437 357.2173771313 -0.6007048858 12.8100021205 0.0036467456
42549 315537.71 113.840515532 34.0823083532 3776498.842957 762211.4635835999 56.4196598893 0.0077073431 0.7064312534 357.2129426415 -0.5967526444 12.8101562507 0.0173552821
42550 315537.79 113.8405150109 34.08231759 3776499.866687 762211.3869688001 56.419987483 0.0315131151 0.6838792917 357.2030400329 -0.5961112944 12.8041921601 -0.0128706595
42551 315537.87 113.8405144919 34.0823268262 3776500.890358 762211.3105373002 56.4194091223 0.068589984 0.7416727315 357.1911009898 -0.5900777811 12.8064615635 -0.0021756493
42552 315537.95 113.8405139757 34.0823360596 3776501.913727 762211.2343839002 56.4196536709 0.0656437606 0.8094589417 357.1748622818 -0.5898127482 12.7985794078 -0.0122954271
42553 315538.03 113.8405134544 34.0823452924 3776502.937021 762211.1577612 56.4199116295 0.0650697086 0.8416422287 357.1638668001 -0.5959218688 12.806317067 -0.0004198738
42554 315538.11 113.8405129328 34.0823545225 3776503.9600059986 762211.0811116998 56.4202659698 0.0991317738 0.881363454 357.1590037107 -0.5997879105 12.7969721733 0.0130010779
42555 315538.19 113.8405124109 34.082363751 3776504.9828120014 762211.0044429 56.4211094482 0.0647090621 0.8857375799 357.1453231692 -0.6041420805 12.794394228 0.0126320997
42556 315538.27 113.8405118821 34.082372977 3776506.005331 762210.9271489 56.4226364037 -0.00233993 0.8555934344 357.1393811892 -0.6127911006 12.7924415722 0.0168805867
42557 315538.35 113.8405113496 34.0823822015 3776507.0276690014 762210.849513 56.4236250669 -0.1234974797 0.8253774974 357.130278074 -0.6149779823 12.7899695164 -0.0124681062
42558 315538.43 113.8405108161 34.0823914271 3776508.050126 762210.7717819 56.4226550683 -0.1676458257 0.7333414264 357.1160515185 -0.6164523999 12.7953364381 -0.0310062556
42559 315538.51 113.8405102771 34.0824006515 3776509.072438 762210.6935455 56.419152569 -0.0837500383 0.6398700293 357.0987795233 -0.625209391 12.7891232702 -0.0530715597
42560 315538.59 113.8405097325 34.0824098772 3776510.09487 762210.6147872 56.4153276924 -0.0581552858 0.5389855486 357.0790490318 -0.6336884873 12.7909988623 -0.053062776
42561 315538.67 113.8405091803 34.0824190993 3776511.116896 762210.5353444 56.413636501 -0.0530330581 0.5347194725 357.0732071074 -0.6372650747 12.7860613839 0.0067490855
42562 315538.75 113.840508631 34.0824283188 3776512.138639 762210.4561714 56.4129938222 -0.0039530476 0.5176372369 357.0737008737 -0.6334601103 12.7837209381 0.0033345437
42563 315538.83 113.8405080796 34.0824375364 3776513.160164 762210.3768153002 56.4112813584 0.1796034163 0.4993314468 357.0833651843 -0.6305620048 12.7745104879 -0.0248653992
42564 315538.91 113.8405075391 34.0824467506 3776514.181335 762210.2984718 56.4111651843 0.3463992879 0.5533504899 357.0813232926 -0.6219431542 12.771245777 0.0404218339
42565 315538.99 113.8405070073 34.0824559599 3776515.201983 762210.2209499001 56.4149021525 0.3671508691 0.6158919386 357.0741531674 -0.6097213325 12.7586447298 0.0800355588
42566 315539.07 113.8405064775 34.0824651621 3776516.221853 762210.1436338 56.4224782428 0.2608826502 0.6078215921 357.0553366848 -0.6097597404 12.7561580798 0.1159821196
42567 315539.15 113.840505932 34.0824743595 3776517.241152 762210.0648841 56.4297037506 0.0823999122 0.6493329474 357.0557067279 -0.625076909 12.7527173875 0.06483442
42568 315539.23 113.8405053838 34.0824835564 3776518.260385 762209.9858873 56.4331714334 -0.0544556099 0.6687734556 357.0589352326 -0.625486013 12.7582687833 0.0105238801
42569 315539.31 113.8405048316 34.0824927531 3776519.27959 762209.9065123 56.4324333547 0.0337866611 0.6072064519 357.0748710256 -0.6290380945 12.7574772686 -0.0337384747
42570 315539.39 113.8405042798 34.0825019496 3776520.298774 762209.827186 56.4300120464 0.0987492882 0.5081892696 357.080212637 -0.6273070829 12.7530037046 -0.0306978229
42571 315539.47 113.8405037224 34.0825111443 3776521.317741001 762209.7473434 56.4299039487 0.1026532447 0.3986779894 357.0854863192 -0.6371431621 12.7507629067 0.0215921358
42572 315539.55 113.8405031647 34.0825203353 3776522.336301 762209.6674839002 56.4334540339 -0.1197786461 0.3494416071 357.0898459104 -0.6340589351 12.7481957357 0.0408335145
42573 315539.63 113.8405026035 34.0825295266 3776523.354873 762209.587307 56.4358267058 -0.3452069908 0.3151438436 357.113354926 -0.6381031059 12.750705867 -0.0053414719
42574 315539.71 113.8405020468 34.0825387206 3776524.3737699986 762209.5075314 56.4327804744 -0.4331188309 0.2815411453 357.139039641 -0.6261004111 12.7506181292 -0.0790776568
42575 315539.79 113.8405015002 34.0825479193 3776525.393212 762209.4286743 56.4243438309 -0.3668195166 0.3039925954 357.1538674981 -0.6170415953 12.7621624327 -0.1300446872
42576 315539.87 113.8405009665 34.0825571192 3776526.412811 762209.3509991 56.4141228506 -0.2130502027 0.392832924 357.1546500729 -0.5994094546 12.7602114184 -0.1274025478
42577 315539.95 113.8405004437 34.0825663184 3776527.432369 762209.2743436 56.4062798871 -0.025177301 0.499486815 357.152121581 -0.588461992 12.7595716076 -0.0723798376
42578 315540.03 113.8404999201 34.0825755148 3776528.451615 762209.1976111998 56.4039589129 0.0205669703 0.56999984 357.16245972 -0.5969109578 12.7543127202 -0.0109579281
42579 315540.11 113.840499396 34.0825847147 3776529.471245 762209.1208285999 56.4038004037 0.0067489028 0.6222330394 357.1821904356 -0.6026209992 12.7452336094 0.0026640252
42580 315540.19 113.8404988737 34.082593913 3776530.490704 762209.044222 56.4052835777 -0.0779383487 0.6313560621 357.2009063194 -0.5984276361 12.7467110296 0.0027959531
42581 315540.27 113.8404983519 34.082603109 3776531.509896 762208.9676602 56.404652399 -0.1117076252 0.6542850729 357.2234357256 -0.5957955119 12.7449356394 -0.0206613651
42582 315540.35 113.8404978359 34.0826123022 3776532.528811 762208.8916471999 56.4023772134 -0.1133956185 0.6126129888 357.2452930864 -0.5898483945 12.7382542679 -0.0350218917
42583 315540.43 113.8404973234 34.0826214934 3776533.547501 762208.8159577 56.399849738 -0.112506165 0.6089933724 357.2673828915 -0.5836832508 12.7408308796 -0.0343823538
42584 315540.51 113.8404968152 34.0826306803 3776534.5657339985 762208.7406826002 56.3976708902 -0.1122024184 0.6121794038 357.2938120322 -0.580969719 12.7304389892 -0.0305709332
42585 315540.59 113.8404963124 34.0826398602 3776535.583199 762208.6659351998 56.3959748903 -0.1272893564 0.6125486455 357.3247879259 -0.5723200356 12.7137812006 -0.0244483503
42586 315540.67 113.8404958171 34.0826490339 3776536.599986 762208.5918906998 56.3938927064 -0.0905713252 0.6233266012 357.3570311212 -0.5636647817 12.7098424146 -0.035794033
42587 315540.75 113.8404953276 34.0826581973 3776537.615665 762208.5184146998 56.3909475878 0.0977042615 0.6119891887 357.3912351698 -0.5591172578 12.6880891914 -0.0448376943
42588 315540.83 113.8404948491 34.082667349 3776538.630057 762208.4459918 56.3900242737 0.1864327451 0.6552460582 357.4189580047 -0.5408073817 12.673254545 0.0094894823
42589 315540.91 113.8404943817 34.0826764868 3776539.642939 762208.3746349 56.3926128866 0.1979921317 0.6559795646 357.4377966035 -0.5324116137 12.6570147272 0.0593327962
42590 315540.99 113.8404939158 34.0826856093 3776540.654132 762208.3034675 56.3969321866 0.2059018301 0.6426090259 357.4556934256 -0.5366889392 12.6304404822 0.0631400283
42591 315541.07 113.8404934491 34.0826947175 3776541.663733002 762208.232267 56.4022242148 0.0725133976 0.6761897928 357.4840802016 -0.5311845955 12.6117976265 0.0515031153
42592 315541.15 113.8404929876 34.0827038069 3776542.671262 762208.1616018 56.4061018247 0.0657555134 0.615449505 357.5095943859 -0.5316613875 12.5947529745 0.0365666412
42593 315541.23 113.840492527 34.082712884 3776543.677425 762208.0910625998 56.4077648977 0.1061065108 0.5833304756 357.5356413646 -0.5219475284 12.5733835223 0.0116608285
42594 315541.31 113.8404920757 34.0827219462 3776544.681958 762208.0214249 56.4093675734 0.0872161958 0.5951244007 357.5458946633 -0.5102867225 12.5559452183 0.0237299122
42595 315541.39 113.840491628 34.0827309909 3776545.6845660014 762207.9521735 56.4111516355 0.143092038 0.5862885624 357.5598334355 -0.5148201136 12.5259132236 0.0177582806
42596 315541.47 113.8404911812 34.0827400176 3776546.685171 762207.8830673002 56.4137933124 0.1712427593 0.5953275187 357.5705067021 -0.5106803545 12.4993909639 0.0286217756
42597 315541.55 113.8404907391 34.082749027 3776547.683864 762207.8144475 56.4163696002 0.227032554 0.6010008339 357.5710509211 -0.501299862 12.479483348 0.0329525901
42598 315541.64 113.8404902432 34.0827591336 3776548.804198 762207.7374704998 56.4216034999 0.2406359401 0.5767750101 357.5623868103 -0.5066916195 12.434650503 0.0801653847
42599 315541.73 113.8404897511 34.082769212 3776549.9214 762207.6609252 56.4279823899 0.1995544262 0.5983607468 357.5469012308 -0.4970481659 12.4046486938 0.0723635025
42600 315541.82 113.8404892567 34.0827792594 3776551.035163 762207.5842752 56.4337840546 0.1880688942 0.5645772506 357.5303055804 -0.5060773008 12.3596610284 0.0655323903
42601 315541.91 113.840488758 34.0827892789 3776552.145809 762207.5073083 56.4385706009 0.1546985665 0.5443378218 357.5178135382 -0.5119924341 12.3275626076 0.0399113878
42602 315542.0 113.840488251 34.0827992663 3776553.252874 762207.429671 56.44283354 0.193795833 0.4593802842 357.5114667745 -0.5190111976 12.2850065703 0.0437585675
42603 315542.09 113.8404877417 34.0828092189 3776554.356076998 762207.3519366 56.4468938448 0.2238326335 0.4302188487 357.508249856 -0.5165821706 12.2406882112 0.0450176645
42604 315542.18 113.840487232 34.0828191317 3776555.45486 762207.2742793 56.4521935461 0.2386833669 0.3665407012 357.4991035927 -0.5165432536 12.1879906643 0.062775976
42605 315542.27 113.8404867257 34.0828290031 3776556.54906 762207.1970669002 56.4581929529 0.187739301 0.3356933276 357.487553668 -0.517878005 12.1379535999 0.0631801744
42606 315542.36 113.840486221 34.0828388316 3776557.638492 762207.1201425 56.4643973215 0.1647126362 0.318631177 357.4754498767 -0.5067491311 12.0845086905 0.0628260593
42607 315542.45 113.8404857199 34.082848616 3776558.723056 762207.0436729002 56.4692475284 0.1607960213 0.3334069573 357.4634008826 -0.5068867531 12.0283171852 0.0695039296
42608 315542.54 113.8404852182 34.0828583516 3776559.802193 762206.9673098002 56.4737158734 0.1827659475 0.3151659051 357.4482136529 -0.507760886 11.9680474169 0.0607264486
42609 315542.63 113.8404847169 34.082868033 3776560.875307 762206.8911473 56.4786245879 0.1152398068 0.329381333 357.4261099734 -0.5072169435 11.8957989306 0.0559793473
42610 315542.72 113.8404842141 34.0828776568 3776561.942041 762206.8150165 56.4833232509 0.0677245601 0.2917985017 357.4082984005 -0.511186276 11.8235946529 0.0440147717
42611 315542.81 113.8404837076 34.0828872167 3776563.001664 762206.7387543 56.4864898967 0.0193512807 0.2589686019 357.3854651605 -0.5189489525 11.7390142599 0.0263117375
42612 315542.9 113.8404831989 34.0828967096 3776564.053847 762206.6624876 56.4890548736 -0.023260409 0.2125275844 357.3725387396 -0.5153638915 11.6546350532 0.0255626165
42613 315542.99 113.8404826914 34.0829061306 3776565.098064 762206.5865507 56.4907571766 -0.0480406897 0.1818335721 357.3564599701 -0.5139680155 11.5640481581 0.0212128442
42614 315543.08 113.8404821795 34.0829154763 3776566.133902 762206.5104489 56.491801423 -0.0565859932 0.2038158262 357.344555404 -0.5184912183 11.464175068 0.0029383763
42615 315543.17 113.8404816755 34.0829247455 3776567.16128 762206.4353058 56.4923123419 -0.052567179 0.2288688655 357.3196254477 -0.5067947518 11.3695680219 -0.0057889614
42616 315543.26 113.8404811686 34.0829339339 3776568.179677 762206.3601449 56.493130683 -0.0402330734 0.2223054302 357.3077478419 -0.513312564 11.2733587446 0.0290015094
42617 315543.35 113.8404806632 34.082943041 3776569.189049 762206.285378 56.4953442635 -0.1031343343 0.2829879435 357.2804376772 -0.4996294991 11.1683459882 0.0244338576
42618 315543.44 113.8404801638 34.0829520666 3776570.189405 762206.2114096999 56.4970754124 -0.1221649562 0.2488382557 357.2437497878 -0.5092396738 11.0700194148 0.0160971796
42619 315543.49 113.8404798815 34.0829570442 3776570.741082 762206.1699833 56.497738489 -0.1396485785 0.2511180749 357.2375457391 -0.5141876846 11.0134369397 0.0149006622
42620 315543.59 113.8404793158 34.0829669219 3776571.835823002 762206.0872753002 56.4979965724 -0.1099460351 0.289772026 357.2082818534 -0.5080021573 10.8976808321 0.0072891552
42621 315543.69 113.8404787564 34.0829766938 3776572.918833 762206.0054657 56.4977571489 -0.0939952988 0.2860886809 357.1773788463 -0.5074939689 10.7812373994 0.0127824082
42622 315543.79 113.8404781906 34.0829863594 3776573.990046 762205.9233949 56.4986480186 -0.1191331512 0.2988640998 357.1543083943 -0.5107624178 10.6650500232 0.0218306806
42623 315543.89 113.8404776287 34.0829959187 3776575.049462 762205.8420103 56.5000509219 -0.1363275631 0.3061893226 357.132483401 -0.5100902966 10.5451315643 0.0044852051
42624 315543.99 113.8404770672 34.0830053732 3776576.097254 762205.7609908001 56.4998711115 -0.0998130704 0.3324086596 357.1103580407 -0.5040903122 10.4274590673 -0.0218509947
42625 315544.09 113.8404765162 34.0830147164 3776577.132712 762205.6812785999 56.4988787435 -0.0099194057 0.36294736 357.079327215 -0.502454531 10.3062935023 -0.0067563559
42626 315544.19 113.8404759716 34.0830239477 3776578.155775 762205.6025105 56.5004238728 -0.0270413024 0.3877488785 357.0486354193 -0.5036462204 10.1842117215 0.0309411403
42627 315544.29 113.8404754302 34.0830330714 3776579.166901 762205.5243665 56.5037228353 -0.0630929582 0.4129507387 357.0153748124 -0.4972032098 10.064853269 0.0348184863
42628 315544.39 113.8404748909 34.0830420882 3776580.166173 762205.4467368 56.5063677961 -0.0778177846 0.4324656223 356.9835925114 -0.4952025019 9.9491931196 0.0289252984
42629 315544.5 113.8404742973 34.0830518798 3776581.251289 762205.3617113002 56.5079854792 -0.1071290248 0.414671447 356.946302811 -0.5047807926 9.8111050649 0.0201202581
42630 315544.61 113.8404737015 34.0830615383 3776582.321629 762205.2768962 56.5094625847 -0.1333622612 0.467358885 356.9135765135 -0.4944226465 9.6802785689 0.0245285582
42631 315544.72 113.8404731128 34.0830710592 3776583.376719 762205.1931575 56.5105185099 -0.163778357 0.4308142037 356.878391946 -0.5013945948 9.5368847696 0.005630037
42632 315544.83 113.8404725169 34.0830804416 3776584.41642 762205.1091790998 56.510323788 -0.1366697639 0.4445785622 356.853950918 -0.4961300596 9.3949485606 0.000358282
42633 315544.94 113.8404719308 34.0830896843 3776585.440634 762205.0265468 56.5094723348 -0.164524322 0.4282339934 356.8179333326 -0.4898773286 9.2550342383 0.0020914337
42634 315545.05 113.8404713434 34.0830987824 3776586.448804 762204.9442258 56.5089586293 -0.183416587 0.4472835275 356.7947943698 -0.4928992949 9.1059104526 0.0032326615
42635 315545.17 113.8404707166 34.0831085427 3776587.530362 762204.8562316998 56.509010301 -0.2057241682 0.4956704989 356.7602950472 -0.4782158601 8.9506666602 -0.0177267071
42636 315545.29 113.8404700914 34.083118133 3776588.593056 762204.7689118 56.507996466 -0.1689223252 0.4958106637 356.7385575142 -0.4827581136 8.7943540133 0.0060509918
42637 315545.41 113.8404694749 34.0831275551 3776589.637114 762204.6829079002 56.5066584796 -0.1616751257 0.5261569844 356.7054942352 -0.4697076074 8.6372018339 -0.0127848288
42638 315545.53 113.8404688588 34.0831368068 3776590.662259 762204.5974681998 56.5056371624 -0.0799928249 0.5581610977 356.6941174433 -0.4738731618 8.483602481 0.0026778502
42639 315545.65 113.8404682488 34.0831459121 3776591.671171 762204.5130504002 56.5052397428 -0.0475063269 0.5443320565 356.6951069932 -0.4622712619 8.3610617977 -0.0084115431
42640 315545.78 113.8404675958 34.0831556187 3776592.7466980014 762204.4227991998 56.5063640447 -0.0344730771 0.5384305266 356.6823356187 -0.4559357038 8.2193418185 0.0357782319
42641 315545.91 113.8404669599 34.0831651608 3776593.80402 762204.334638 56.5086863358 -0.1253886525 0.5161063722 356.6600624829 -0.4490096761 8.0816036226 -0.0039849544
42642 315546.04 113.8404663302 34.0831745262 3776594.84174 762204.2475891 56.5088832146 -0.122390643 0.5255146694 356.6822995079 -0.449062716 7.9166287171 0.0024207142
42643 315546.17 113.84046571 34.0831837005 3776595.858289 762204.1620160999 56.5095279161 -0.0632863091 0.5095905 356.7411387685 -0.4273528259 7.7621851006 -0.0112661175
42644 315546.31 113.8404650753 34.0831933723 3776596.929997 762204.0735673 56.5091529433 0.0038274437 0.4992636706 356.792802917 -0.4033467899 7.5868833987 0.001411154
42645 315546.45 113.8404644709 34.0832028254 3776597.977518 762203.9885879002 56.5122268153 -0.1059997594 0.50226341 356.8275106814 -0.3879188793 7.4119431383 0.0199404896
42646 315546.59 113.8404638975 34.0832120593 3776599.000799 762203.9071411998 56.5159331718 -0.1910026457 0.5289353337 356.8566554784 -0.3796078196 7.2415002791 0.0160505756
42647 315546.73 113.8404633376 34.0832210684 3776599.999169002 762203.8276414 56.5169772739 -0.2498569977 0.5545501118 356.9180551137 -0.3723714489 7.0639645103 -0.0059189772
42648 315546.88 113.8404627638 34.0832304714 3776601.041205 762203.7456484998 56.5152306305 -0.2129280964 0.5585742696 356.9830047133 -0.3484478581 6.8668650233 -0.0116017825
42649 315547.03 113.8404622185 34.0832396114 3776602.0541300015 762203.6670893001 56.5132978056 -0.2313950762 0.6107688458 357.0422956289 -0.3257961519 6.6723527186 -0.0096020114
42650 315547.19 113.8404616664 34.0832490624 3776603.101554 762203.5869519 56.5128178 -0.2184052869 0.6749128525 357.0959484281 -0.305165227 6.4539265805 0.001776413
42651 315547.35 113.8404611287 34.0832582039 3776604.114671 762203.5090868 56.5115048299 -0.1979736187 0.6827580084 357.1626877701 -0.2961515404 6.2425725364 -0.0133699017
42652 315547.52 113.8404606015 34.0832675774 3776605.153559 762203.4314872 56.5093265874 -0.0873947655 0.7254325115 357.2126345138 -0.2659487535 6.0125947043 -0.0078911111
42653 315547.69 113.8404601046 34.0832765894 3776606.15241 762203.3577978002 56.5104251262 -0.1242676066 0.7433197056 357.275963982 -0.2555158953 5.7741222652 0.0105311359
42654 315547.87 113.8404596035 34.0832857552 3776607.168305998 762203.283237 56.5111297658 -0.0165322121 0.7013243122 357.3330017539 -0.2414267806 5.5521481606 0.0050723964
42655 315548.06 113.840459109 34.0832950856 3776608.202501 762203.2087882 56.5112291398 0.0167015226 0.6953432658 357.3963289884 -0.2327819063 5.3657491409 -0.0046929682
42656 315548.25 113.8404586333 34.0833040994 3776609.2016 762203.1370484 56.5142352469 -0.0065005319 0.7198005031 357.4539658223 -0.2166071651 5.1934884072 0.0153190415
42657 315548.45 113.8404581614 34.0833133173 3776610.223364 762203.0650306 56.5169745674 -0.0289887083 0.7515920079 357.5161237412 -0.2123917168 5.0739121427 -0.0105782178
42658 315548.47 113.8404581147 34.0833142288 3776610.324398998 762203.057905 56.5168912085 -0.0105578213 0.753132883 357.523006494 -0.2062637966 5.066769383 -0.0114130627
42659 315548.67 113.8404576612 34.0833232563 3776611.325078 762202.988178 56.5186337074 -0.0915566416 0.7384289811 357.5837451006 -0.194246387 4.98339317 -0.0077026173
42660 315548.88 113.840457222 34.083332583 3776612.358995 762202.9188436 56.5183266066 -0.1303009279 0.8226138424 357.6456079966 -0.1777730813 4.900580225 0.0159273846
42661 315549.09 113.8404567971 34.0833417521 3776613.375458 762202.8513141 56.5181856556 -0.1646055141 0.8488594767 357.7055973836 -0.1728862811 4.8171858738 -0.0148238517
42662 315549.3 113.8404563979 34.0833507743 3776614.375692 762202.7866101 56.5154248932 -0.1586067004 0.9324483681 357.736185853 -0.1613152033 4.7351721324 -0.010115715
42663 315549.52 113.8404559846 34.0833600691 3776615.406136 762202.7197651 56.5137348762 -0.163828713 0.9530726206 357.7381122969 -0.1662914818 4.6561473499 0.0001232166
42664 315549.74 113.8404555823 34.0833692057 3776616.419053 762202.6544282 56.5114587136 -0.1410456783 0.9741930254 357.7367955363 -0.1646118642 4.5757961609 -0.0226855754
42665 315549.97 113.8404551615 34.0833785842 3776617.458777 762202.5866273 56.5100516453 -0.1624357445 0.9432121755 357.7384725148 -0.1649455598 4.4903577247 -0.0036518281
42666 315550.2 113.8404547408 34.0833877902 3776618.479344 762202.5193763 56.5067104213 -0.1060741428 0.998357079 357.7345317701 -0.1585310292 4.4102633038 -0.0193341565
42667 315550.43 113.8404543138 34.0833968283 3776619.481267 762202.4520629002 56.5058811521 -0.1901876666 1.0029676048 357.7407855014 -0.1630741428 4.3280733763 -0.0022230228
42668 315550.67 113.8404538866 34.0834060859 3776620.507548 762202.3840446 56.5029317318 -0.1836019621 1.0274698571 357.7014070412 -0.1518907136 4.2438009754 -0.010903759
42669 315550.91 113.840453457 34.0834151591 3776621.5133589986 762202.3163798002 56.4999663169 -0.1572444639 1.0420339903 357.6668993087 -0.1559619915 4.1590469438 -0.0363151283
42670 315551.16 113.8404530163 34.0834244073 3776622.538566 762202.2471479 56.4963184372 -0.0876051014 1.0419662869 357.5913556837 -0.1534438741 4.0668415217 -0.0150934265
42671 315551.41 113.8404525722 34.0834334545 3776623.541454 762202.1782234 56.4958106 -0.0651391548 1.0265588459 357.5193248452 -0.1590061316 3.9797308024 -0.0117818621
42672 315551.67 113.8404521148 34.0834426548 3776624.5613050014 762202.1075961 56.4964528615 -0.1083988211 1.0713943174 357.435353394 -0.1544510045 3.8873051456 0.0002489676
42673 315551.94 113.8404516375 34.0834519754 3776625.594442 762202.0347658001 56.4948831368 -0.0629263649 1.0934590935 357.3717032038 -0.1643327147 3.7871894512 0.0038943499
42674 315552.21 113.8404511397 34.0834610624 3776626.6016089986 762201.9607569 56.4947260516 -0.0624016256 1.0869588077 357.3690455872 -0.1571811404 3.6893629494 -0.0140059728
42675 315552.49 113.8404506243 34.0834703071 3776627.626237 762201.8846403002 56.4893093323 0.0896329427 1.0184204086 357.416790618 -0.1661542667 3.6667886912 -0.0233775365
42676 315552.76 113.8404501222 34.083479312 3776628.624288 762201.8104930002 56.4896706371 0.1415783968 0.8829407545 357.5091950539 -0.163738339 3.7251888176 -0.0158111492
42677 315553.03 113.8404496535 34.0834885151 3776629.6444129986 762201.7388153 56.4871981703 0.3049850001 0.9085756685 357.5775756762 -0.156178678 3.8385731958 -0.0059314048
42678 315553.29 113.8404491989 34.0834976182 3776630.653476 762201.6687486002 56.4880483495 0.2119940069 0.9969793164 357.6763030651 -0.1527768664 3.9544904368 -0.0021505654
42679 315553.54 113.8404487488 34.083506633 3776631.652753 762201.5993719 56.4940433586 0.1436463655 0.8623670028 357.777622643 -0.1712976171 4.0673941524 0.0120561041
42680 315553.79 113.8404483202 34.0835159199 3776632.682289 762201.5311402 56.4911926538 0.2659382395 0.9028266492 357.8599299543 -0.1369704693 4.1958617308 -0.0266706254
42681 315554.03 113.84044794 34.0835251135 3776633.701582 762201.4676638 56.4895586753 0.3914754985 1.0022573814 357.8974261526 -0.1506507456 4.3088468066 0.014196189
42682 315554.27 113.8404475416 34.0835344908 3776634.741225 762201.4019425 56.4956021002 0.2529488051 1.0456420053 357.9628932997 -0.1362781659 4.3263603892 0.008677252
42683 315554.51 113.8404471814 34.083543753 3776635.768186 762201.3400995998 56.50017846 0.086381494 1.1011132154 357.9474235817 -0.1453422649 4.2104981381 0.0161604985
42684 315554.76 113.8404467887 34.0835530334 3776636.797086 762201.2752003 56.5051496029 -0.0588768524 1.0336703587 357.9418417147 -0.1287555125 4.0080176087 0.0020184369
42685 315555.02 113.840446426 34.0835620909 3776637.8013370014 762201.2137597 56.5055481289 -0.0564905529 1.1117070112 357.9371786935 -0.1223194951 3.7131272783 -0.0038519567
42686 315555.3 113.8404460246 34.083571221 3776638.813532 762201.1485239002 56.5056655537 0.015322193 0.9921255219 357.9426556733 -0.12965559 3.5039507598 -0.0022376664
42687 315555.6 113.8404456312 34.0835802574 3776639.815348 762201.084311 56.507765823 0.016684218 0.9341324231 357.9434132448 -0.1073821358 3.1563658533 -0.0007074682
42688 315555.94 113.8404452424 34.0835892616 3776640.813612 762201.020633 56.5105657922 0.0973791802 0.8587901708 357.9789999518 -0.0955829128 2.6924605224 0.007193191
42689 315556.36 113.8404448591 34.0835983052 3776641.816255002 762200.957328 56.51353293 0.168077399 0.827396649 358.0341550482 -0.0758054964 2.0983215905 -0.0076697182
42690 315556.94 113.8404444772 34.0836073138 3776642.815021 762200.8942673 56.5153824622 0.2922278784 0.8589034834 358.0877705814 -0.0437936625 1.3731328341 0.0069005321
42691 315560.03 113.840444094 34.0836145633 3776643.618563 762200.8365154 56.5120424712 0.4267433493 0.7933386762 358.1301528129 -0.0051986158 0.0059767313 -0.0166673627
42692 315567.75 113.8404439651 34.0836231776 3776644.574225 762200.7980316 56.5300998371 0.6654920479 0.7627926667 358.5017833807 -0.0361773633 1.604178929 0.0034531553
42693 315568.26 113.8404437593 34.0836322715 3776645.582905 762200.7509684 56.5442074081 0.4802026539 0.733141751 359.4696207224 -0.0174274445 2.2706056893 0.0315945726
42694 315568.69 113.840443746 34.083641292 3776646.583943 762200.7219084002 56.5553056188 0.2708788301 0.6879505773 0.698757899 0.0317198952 2.4083436755 -0.0075538762
42695 315568.96 113.8404438848 34.0836473455 3776647.256089 762200.7160394 56.5571136782 0.3185528509 0.683790774 1.6534714934 0.076775161 2.5977211375 0.001910352
42696 315569.33 113.8404443089 34.0836566004 3776648.284264 762200.7266451 56.5585652674 0.420059798 0.6150552973 3.1953819773 0.169220046 2.9719958683 0.0047557735
42697 315569.65 113.8404450236 34.0836657003 3776649.295978 762200.7645547 56.5597299868 0.3692217904 0.4765695943 4.8362695922 0.2817371001 3.3431051299 -0.0015669577
