42904 315816.7 113.8402134043 34.0836841287 3776650.74645 762179.3204155 56.526997922 -0.1662638428 1.4717041318 179.3024459679 0.0655202889 -6.9913501697 -0.0779409349
42905 315816.85 113.8402135137 34.0836746275 3776649.692311 762179.3598354 56.5146300113 0.2350328829 1.4110813843 179.2211946944 0.0688701689 -7.0839190998 -0.0940264169
42906 315817.0 113.8402136283 34.0836649994 3776648.624119 762179.4001228 56.508230797 0.3408746499 1.3902688031 179.117243906 0.0763422583 -7.1736856031 0.0439059671
42907 315817.03 113.840213654 34.0836630596 3776648.408908 762179.4084819 56.5102211209 0.2308106775 1.3900604603 179.0920542431 0.0816828089 -7.1946526479 0.0832717122
42908 315817.17 113.8402137941 34.0836539508 3776647.398406 762179.449521 56.5197415985 -0.1853614083 1.4845958794 178.9916292719 0.0834607183 -7.2775661133 0.018805392
42909 315817.31 113.8402139315 34.0836447252 3776646.374927 762179.4906719 56.5136393542 -0.4216475474 1.6949096832 178.8476262784 0.0987044012 -7.3715736329 -0.0879342822
42910 315817.45 113.8402141131 34.0836353916 3776645.3395839985 762179.5362423002 56.5059585981 -0.3814188522 1.6485520246 178.6897218532 0.1456941044 -7.4553934323 -0.0423765732
42911 315817.59 113.8402143472 34.0836259349 3776644.290712 762179.5870361 56.4899869682 0.1265176214 1.5709679222 178.5171552933 0.1604441269 -7.5542161425 -0.145599232
42912 315817.73 113.8402146133 34.0836163614 3776643.228958 762179.6411460999 56.4787835078 0.3862302385 1.5383782779 178.3837796388 0.1847525178 -7.6435508759 0.0167785253
42913 315817.87 113.8402149163 34.0836066816 3776642.155495 762179.6989957 56.4878942482 0.0062541395 1.3762201814 178.3162497133 0.2056235869 -7.7271940054 0.0481129405
42914 315818.0 113.8402152158 34.083597593 3776641.147641 762179.754692 56.4882606277 -0.1362485589 1.3505602803 178.3105619789 0.2055252486 -7.8114366803 -0.0436673632
42915 315818.13 113.8402155207 34.0835884044 3776640.128709 762179.8111955 56.4788070237 -0.0743031256 1.3924190852 178.2854788814 0.2071954807 -7.8931139694 -0.0679331429
42916 315818.26 113.840215834 34.0835791083 3776639.097855 762179.8688096 56.4747513793 -0.2419646781 1.4619436387 178.255272111 0.209872617 -7.9903724137 -0.0287651174
42917 315818.39 113.8402161512 34.0835696949 3776638.054001 762179.9271447 56.4702284466 -0.4177697499 1.5734702222 178.2204875806 0.2223033453 -8.0936456058 -0.0695249063
42918 315818.52 113.8402164908 34.0835601632 3776636.997081 762179.9879076 56.4596579224 -0.3324048319 1.5946899923 178.1876532102 0.2357421855 -8.1980245625 -0.0861346762
42919 315818.65 113.8402168508 34.0835505192 3776635.927737 762180.0509093 56.4470126405 -0.1215020367 1.5836345074 178.1635132265 0.2474879992 -8.2863054661 -0.0960048353
42920 315818.75 113.8402171348 34.0835430289 3776635.097221 762180.1002415 56.4391484372 0.0535943313 1.5184453375 178.1368634012 0.2554670775 -8.3508200877 -0.0584500097
42921 315818.87 113.8402174927 34.0835339603 3776634.091731 762180.1612744002 56.4347549481 0.1020290423 1.5057427617 178.1025869235 0.2603010508 -8.4323006799 -0.0128564745
42922 315818.99 113.8402178551 34.0835248062 3776633.076774 762180.2229769 56.434740494 -0.0092122471 1.446933399 178.0324360066 0.2692295528 -8.5125354463 -0.0069672166
42923 315819.11 113.8402182289 34.0835155671 3776632.052404 762180.286005 56.4346106341 -0.0766206481 1.4297900582 177.9458679123 0.2898933795 -8.5906958354 -0.0254107266
42924 315819.23 113.8402186194 34.0835062409 3776631.0184160015 762180.3508332 56.4281412512 0.039212699 1.3675778121 177.8535674661 0.3119305268 -8.6706015799 -0.0772712125
42925 315819.35 113.8402190399 34.0834968328 3776629.97541 762180.418691 56.4229665473 0.1285764286 1.296508633 177.7883251484 0.3309529602 -8.7406436542 -0.023843257
42926 315819.47 113.8402194787 34.0834873442 3776628.92353 762180.4884835 56.4228966711 0.0567946444 1.2081280887 177.7355569206 0.3394254264 -8.8170552983 0.0048829905
42927 315819.59 113.8402199303 34.0834777768 3776627.862934 762180.5597040999 56.4227201045 0.0620165449 1.2087716331 177.6965819504 0.3440877963 -8.8943041976 -0.0278454225
42928 315819.71 113.8402203809 34.083468128 3776626.79329 762180.6310829001 56.4192849612 0.1322068098 1.232228498 177.6571660154 0.3427874213 -8.9675082145 -0.02706611
42929 315819.83 113.8402208461 34.0834584016 3776625.715076002 762180.7040491 56.4173230575 0.1044596614 1.2582877173 177.6175432231 0.3631666223 -9.0411896418 0.0047578923
42930 315819.95 113.8402213243 34.083448596 3776624.628112002 762180.7784578 56.4186161701 0.0091530286 1.2280485199 177.5807029097 0.3732367969 -9.1105377069 0.0035928762
42931 315820.06 113.8402217779 34.0834395368 3776623.623913 762180.8483024 56.4169760812 -0.0077807805 1.224177356 177.5540818438 0.3855300921 -9.1776639299 -0.0252274079
42932 315820.17 113.8402222339 34.0834304182 3776622.613142 762180.9185423 56.413154739 -0.0116232471 1.1762883917 177.532921641 0.3959264589 -9.2410019852 -0.0501057131
42933 315820.28 113.8402227042 34.0834212344 3776621.595158 762180.9903016 56.4095705841 0.0430310364 1.1505347424 177.5187440042 0.3996485268 -9.2946534998 0.0005153162
42934 315820.39 113.8402231701 34.0834119829 3776620.569645 762181.0618721 56.4076184761 -0.053932968 1.2393353041 177.4931044589 0.3886998807 -9.3770662038 0.0169116828
42935 315820.5 113.8402236413 34.0834026634 3776619.5366050014 762181.1341343998 56.404598075 -0.1513595132 1.3482949776 177.4587951315 0.3994445893 -9.4481969411 -0.0402345007
42936 315820.61 113.8402241164 34.0833932801 3776618.496499 762181.2069545998 56.3990920847 -0.0237241515 1.4433327828 177.4282878689 0.4014554253 -9.5079741006 -0.0682822363
42937 315820.72 113.8402246091 34.083383828 3776617.448806 762181.2816152 56.3901980827 0.3654828138 1.4902840839 177.4276246154 0.4185682412 -9.5742935198 -0.0722468117
42938 315820.83 113.8402251107 34.0833743206 3776616.3949940014 762181.3572676 56.3907289021 0.4219408008 1.4784575626 177.433824223 0.4229702359 -9.6302826093 0.0899798033
42939 315820.94 113.8402256198 34.083364757 3776615.334955 762181.433782 56.4012767216 0.0692527643 1.4154349912 177.4313806007 0.4293596737 -9.6861760958 0.0837261616
42940 315821.05 113.8402261303 34.0833551338 3776614.268315 762181.5106149 56.403919735 -0.040138849 1.4368478642 177.4396803737 0.4257469278 -9.745022131 -0.0205587534
42941 315821.16 113.8402266271 34.0833454486 3776613.194758 762181.5863726998 56.3955530534 0.1627061982 1.4691924559 177.4447085356 0.4226071955 -9.8039155992 -0.0930890415
42942 315821.27 113.8402271216 34.0833357129 3776612.115594 762181.6620712 56.3892126577 0.3697422066 1.4872473873 177.4510655456 0.4262883708 -9.8506160338 2.7513e-06
42943 315821.38 113.8402276186 34.083325932 3776611.031411 762181.7381375999 56.3950788462 0.2738456146 1.4893249753 177.4505347931 0.4240684388 -9.8954013846 0.0826899643
42944 315821.49 113.8402281252 34.0833161048 3776609.942124 762181.8152410998 56.3997568274 0.2396072892 1.4849429518 177.4573258001 0.4370099826 -9.9428884145 0.0042450352
42945 315821.6 113.8402286365 34.083306232 3776608.847789 762181.8929176999 56.3996107131 0.2984331923 1.4508591795 177.470322794 0.4325125485 -9.983749049 -0.0041704898
42946 315821.7 113.8402291013 34.0832972199 3776607.848842 762181.9636441 56.4017430777 0.2426852559 1.4254185828 177.4718427912 0.441608073 -10.027530342 0.0270978599
42947 315821.8 113.8402295666 34.0832881713 3776606.845856 762182.0345245 56.4052440757 0.1312770955 1.426695936 177.4666110377 0.4363825338 -10.0631008735 0.0278125158
42948 315821.9 113.8402300302 34.0832790868 3776605.8388769985 762182.105366 56.4062886313 0.0024478187 1.4603884512 177.452899062 0.435945493 -10.1024650698 0.0136018404
42949 315822.0 113.8402304975 34.0832699654 3776604.827808 762182.1766573002 56.4056009464 -0.0589390806 1.5017090211 177.4443599122 0.439983476 -10.1475683515 -0.0129966325
42950 315822.1 113.840230966 34.0832608049 3776603.812408 762182.2481785 56.4010055028 0.0483025701 1.4989017427 177.4316158741 0.4435978759 -10.1905236717 -0.0508106392
42951 315822.2 113.8402314412 34.0832516112 3776602.793346 762182.3204321 56.3962659352 0.1630752052 1.4768639827 177.4151716375 0.4530154318 -10.2210076196 -0.0262474816
42952 315822.3 113.8402319237 34.0832423847 3776601.770659 762182.3934524 56.3958376385 0.1606244998 1.4306326854 177.4007378849 0.4602339276 -10.2583244592 0.0229901118
42953 315822.4 113.8402324183 34.0832331271 3776600.74455 762182.4676876 56.397514266 0.1391456836 1.3712305039 177.4007227406 0.4718922175 -10.291525032 0.0084871072
42954 315822.5 113.8402329188 34.0832238374 3776599.71489 762182.5425632 56.3973452542 0.2057022956 1.2336049951 177.3966069448 0.4770043016 -10.3269098699 -0.0153290754
42955 315822.6 113.8402334247 34.0832145157 3776598.681692 762182.6180390002 56.3963979604 0.2688050894 1.1665969453 177.3937430751 0.4754329037 -10.3634101749 0.005052345
42956 315822.7 113.840233924 34.0832051639 3776597.645148 762182.6930002 56.3985037589 0.1973345738 1.0946567189 177.3813705479 0.4690941283 -10.3967435348 0.0437650213
42957 315822.8 113.8402344293 34.0831957816 3776596.605226 762182.7686020002 56.4024100276 0.043879981 1.0888499234 177.3764199254 0.4798976718 -10.4336637862 0.0282242982
42958 315822.9 113.8402349346 34.0831863629 3776595.561266 762182.8443266 56.4018752873 0.0353784658 1.0668250599 177.3694374893 0.4753470975 -10.4740406278 -0.0358481357
42959 315823.0 113.8402354437 34.0831769116 3776594.513703 762182.920499 56.3986633997 0.088235699 1.0832119666 177.3670018105 0.4870757486 -10.505382315 -0.0221354274
42960 315823.1 113.8402359578 34.0831674293 3776593.462705 762182.9972202 56.3955682116 0.1511070718 1.0516134364 177.3758184684 0.4817543232 -10.5441088324 -0.0097690819
42961 315823.2 113.8402364785 34.0831579161 3776592.408297 762183.0746523001 56.394352695 0.1647612369 0.9740262569 177.3747541705 0.4954754777 -10.5809479452 0.0049920318
42962 315823.3 113.8402370031 34.0831483719 3776591.350457 762183.1525437 56.3944517374 0.1897144089 0.8869288385 177.376850339 0.4885167307 -10.615955895 0.0017704048
42963 315823.4 113.8402375314 34.0831387965 3776590.289167 762183.2308757 56.3945298493 0.175319602 0.8570689958 177.3765751618 0.4974362586 -10.6435459961 0.0002361677
42964 315823.5 113.8402380589 34.0831291885 3776589.22425 762183.3092295 56.394867043 0.1021362482 0.8427906728 177.3684904086 0.4940090131 -10.6825868604 0.0149894483
42965 315823.6 113.8402385883 34.0831195489 3776588.1558449985 762183.3878486998 56.3961189073 -0.0245500373 0.7840082906 177.3371569082 0.4991406679 -10.7194587335 0.0347455019
42966 315823.61 113.8402386417 34.0831185828 3776588.048761 762183.3957624 56.3962012539 -0.0470992614 0.7722629713 177.3324022239 0.5000508141 -10.7271497911 0.0221436144
42967 315823.71 113.8402391856 34.0831089049 3776586.976139 762183.4758471 56.3944091881 -0.0930230598 0.7895915213 177.2954054436 0.509239021 -10.768361454 -0.0471154672
42968 315823.81 113.8402397393 34.0830991906 3776585.8994910014 762183.5569524 56.3875248264 -0.0531168143 0.7793966644 177.2597112831 0.5278598282 -10.7986157434 -0.0645499783
42969 315823.91 113.8402403099 34.0830894428 3776584.819185 762183.6397135 56.3847189918 -0.2468754166 0.7550937386 177.245436252 0.5391320976 -10.8480801188 -0.0059738051
42970 315824.01 113.8402408813 34.0830796588 3776583.734849 762183.7226617 56.3815183192 -0.320665572 0.7238080363 177.2094662969 0.528382214 -10.8863644842 -0.0356020272
42971 315824.11 113.8402414462 34.0830698271 3776582.6452129986 762183.8051601999 56.3712069271 -0.1648646684 0.8069682366 177.1658657688 0.534314581 -10.9240027708 -0.128438599
42972 315824.21 113.8402420111 34.0830599594 3776581.551575 762183.8877678 56.3608762659 0.0009673939 0.7762183829 177.1182274936 0.5463712346 -10.9604780251 -0.0908857511
42973 315824.31 113.8402425987 34.0830500626 3776580.454772 762183.9725614 56.3568300111 0.1255635423 0.7920702843 177.1061968534 0.5624699065 -10.9955702765 -0.0050371025
42974 315824.41 113.8402431915 34.0830401343 3776579.354486 762184.0579354998 56.3556808066 0.1222851999 0.8059799486 177.0846710384 0.5606967029 -11.030208433 0.0133684581
42975 315824.51 113.840243785 34.0830301764 3776578.25091 762184.1434641 56.3557872958 -0.0190393481 0.8231192516 177.0496718333 0.5690418954 -11.0621047015 -0.0186919582
42976 315824.61 113.8402443842 34.0830201857 3776577.143709 762184.229618 56.3544005547 -0.123536169 0.9461221442 177.025303803 0.5656634591 -11.1007816284 -0.0548190878
42977 315824.7 113.8402449243 34.0830111651 3776576.144021 762184.3073257 56.3491376182 -0.0233130965 1.0128167194 177.0134444464 0.5688360964 -11.1290693065 -0.0668007588
42978 315824.79 113.8402454694 34.0830021175 3776575.141343 762184.3855689 56.3431887589 0.1399042591 1.0624989734 176.9985414863 0.5683613524 -11.1685815514 -0.0283781002
42979 315824.88 113.8402460203 34.082993048 3776574.136253 762184.4644209001 56.3395225285 0.3623570742 1.097694551 176.9876753614 0.5794068437 -11.1930681162 -0.0150022609
42980 315824.97 113.8402465761 34.0829839606 3776573.129193 762184.5437865 56.3431251496 0.2652436451 1.0604367 176.9816826456 0.5914843964 -11.2054400446 0.0505768789
42981 315825.06 113.8402471403 34.0829748542 3776572.120045 762184.6239828 56.3484767582 0.243620247 1.0620287102 176.9900921559 0.5898534101 -11.2348941248 0.0474981585
42982 315825.15 113.8402476927 34.0829657301 3776571.108898 762184.7031428 56.3503291812 0.3854412864 0.9917430855 176.987916928 0.5851324095 -11.2608013491 -0.0006143772
42983 315825.24 113.8402482511 34.0829565905 3776570.096043 762184.7829051998 56.3517257078 0.3997023645 0.9845519429 176.9875676376 0.5970104517 -11.2710325672 0.0345623322
42984 315825.33 113.8402488063 34.0829474391 3776569.081881 762184.8624059 56.3584284447 0.2241061657 1.0598633876 176.9841229999 0.5851545846 -11.290415435 0.1024219187
42985 315825.42 113.8402493561 34.0829382736 3776568.066126999 762184.9414508 56.365453924 -0.0198967039 1.1223228356 176.9811998146 0.5827569255 -11.3026687497 0.0503783864
42986 315825.51 113.8402499041 34.08292909 3776567.048372 762185.0203934 56.3656618772 -0.0767355754 1.1900621557 176.9785582667 0.5819385768 -11.3342932628 -0.030312492
42987 315825.6 113.8402504503 34.0829198914 3776566.028943 762185.0992035 56.3596302401 0.1392694227 1.2615671014 176.9771551841 0.581132029 -11.345776017 -0.0929745815
42988 315825.69 113.8402510013 34.0829106809 3776565.008208 762185.1785035 56.3549682638 0.3173047266 1.3449137489 176.9888137725 0.5858763223 -11.3565213311 0.0038627836
42989 315825.78 113.8402515532 34.082901466 3776563.986987 762185.2578948 56.3597593512 0.2666791393 1.3252525082 177.0012705904 0.5845677959 -11.3599962411 0.0999454011
42990 315825.87 113.840252111 34.0828922412 3776562.964672 762185.3378672 56.3667893531 0.025634142 1.3057936914 177.0080867585 0.5971640589 -11.3695897845 0.0374486231
42991 315825.96 113.8402526651 34.0828830039 3776561.940978 762185.4175301 56.3691489305 -0.0138078693 1.3231046848 177.0186781886 0.5859930355 -11.3920119083 -0.0047777421
42992 315826.05 113.8402532161 34.0828737558 3776560.916069 762185.4969476998 56.3664463852 0.0832937233 1.3223116082 177.036162037 0.5804206285 -11.4074359874 -0.0469257918
42993 315826.14 113.840253755 34.0828644959 3776559.889807 762185.5752788 56.3639347777 0.1562087128 1.2742496237 177.0508263089 0.5707084875 -11.4117270216 -0.005084873
42994 315826.23 113.8402542987 34.0828552286 3776558.862754 762185.6540785 56.3649838008 0.1051335203 1.2524668481 177.06623228 0.5897582015 -11.4225845659 0.0415671339
42995 315826.32 113.8402548358 34.0828459511 3776557.8345489986 762185.7322952 56.3672636962 0.0191171539 1.2934559993 177.0755758817 0.5628599679 -11.4367055452 0.0165618825
42996 315826.41 113.8402553688 34.0828366632 3776556.805169 762185.8101753 56.3684563069 -0.0654127983 1.248561656 177.093030599 0.5785527343 -11.4534887647 0.0115359674
42997 315826.5 113.8402559076 34.0828273617 3776555.774307 762185.8886263 56.3651210498 0.043175383 1.2178755485 177.1168123751 0.5702808234 -11.4673677885 -0.0464115682
42998 315826.59 113.84025644 34.0828180505 3776554.742345 762185.9665147 56.3627015529 0.1203097011 1.1636040123 177.1229172272 0.5687299149 -11.4773484874 0.002443151
42999 315826.68 113.840256974 34.0828087304 3776553.709405 762186.0445826 56.3626397289 0.1689799491 1.0633142518 177.137804353 0.5751070759 -11.4894187671 0.0276888515
43000 315826.77 113.8402575142 34.0827994019 3776552.675536 762186.1232422 56.3639062773 0.1854544193 0.947559543 177.1557256465 0.5738475261 -11.4992185077 0.0251220355
43001 315826.86 113.8402580539 34.0827900645 3776551.640696 762186.2018883 56.3663019864 0.1346090484 0.8136183036 177.1626866919 0.5792126323 -11.5097055816 0.0346437272
43002 315826.95 113.8402585919 34.0827807176 3776550.604788 762186.2804073001 56.3685595067 0.0003797371 0.7495705153 177.1699618943 0.5698613856 -11.5216627677 0.0101748539
43003 315827.04 113.8402591257 34.082771359 3776549.567563 762186.3585699998 56.3685886739 -0.040278685 0.7074288299 177.1741599002 0.5661860156 -11.5355418566 -0.0125552539
43004 315827.13 113.8402596663 34.0827619854 3776548.5287 762186.4374109 56.3666485753 -0.0510574485 0.6711950148 177.1705199173 0.5606595297 -11.5556465081 -0.0245667531
43005 315827.22 113.8402602082 34.0827526018 3776547.488731 762186.5164058 56.3631165735 0.0160215255 0.6757758047 177.1614872102 0.5640502573 -11.5669685552 -0.029610475
43006 315827.31 113.8402607472 34.0827432077 3776546.447585 762186.5951635998 56.3612292819 -0.0153693744 0.6776145112 177.1547520801 0.5625418346 -11.5764360342 0.0001463928
43007 315827.4 113.8402612914 34.0827338031 3776545.405294 762186.6744259 56.3601269713 -0.0557773087 0.7299201026 177.1530944428 0.567129531 -11.5922852574 -0.0109450979
43008 315827.49 113.8402618334 34.0827243889 3776544.361926 762186.7535195 56.3579254458 -0.0104121934 0.7289827887 177.136583049 0.5633607651 -11.6014131591 -0.0277078181
43009 315827.58 113.8402623802 34.0827149671 3776543.317724 762186.8330871 56.3550753444 0.0185351089 0.7679720438 177.1125649384 0.5749404058 -11.6113391954 -0.0294739406
43010 315827.67 113.8402629318 34.0827055378 3776542.2727089985 762186.9131121 56.3532598028 0.0175335069 0.805840703 177.0830682894 0.5725514613 -11.6189916506 -0.004387491
43011 315827.76 113.8402634871 34.0826961057 3776541.227393 762186.9934873 56.3532026326 -0.0493271542 0.8411340098 177.0543007781 0.5836432612 -11.6238206606 0.0134768505
43012 315827.85 113.8402640526 34.0826866683 3776540.18151 762187.0748283 56.3525028732 -0.0581790594 0.8678336047 177.0338616985 0.5912700451 -11.6287959538 -0.0083952133
43013 315827.94 113.8402646218 34.0826772266 3776539.13516 762187.1565214002 56.3502800288 -0.0115583004 0.8825448237 177.008770208 0.593757188 -11.6352163976 -0.0180137616
43014 315828.03 113.8402651966 34.0826677812 3776538.088417 762187.2387404002 56.3482304634 -0.0613677529 0.9150142691 176.9868391393 0.6037032374 -11.6405067127 -0.0099859877
43015 315828.12 113.8402657625 34.0826583256 3776537.040524 762187.3201661998 56.3469062019 -0.1231542645 0.9290668185 176.9574468677 0.6005218253 -11.6464808153 -0.0200054322
43016 315828.21 113.840266336 34.0826488662 3776535.992224 762187.4023109 56.3443181347 -0.109112137 0.9379908402 176.9431778393 0.6075625277 -11.6509091343 -0.0305741941
43017 315828.3 113.8402669147 34.0826394064 3776534.94389 762187.4849351 56.3403724721 -0.0119173082 0.9317398668 176.9353595245 0.6101696105 -11.6493533401 -0.0357190532
43018 315828.39 113.8402674955 34.0826299509 3776533.896035 762187.5677343 56.3375771595 0.0710398126 0.9818529844 176.9463600779 0.6097581523 -11.6402253247 -0.0129277172
43019 315828.48 113.8402680695 34.0826205068 3776532.84944 762187.6498795 56.3373133643 0.0855085412 1.0369501343 176.9636843109 0.5994640432 -11.6197153507 0.010255397
43020 315828.57 113.8402686385 34.0826110774 3776531.804445 762187.7315196998 56.3382007983 0.1450705708 1.0728290925 176.9892834848 0.5977954793 -11.5984451927 0.0151719716
43021 315828.66 113.8402692014 34.0826016629 3776530.761107 762187.8125422 56.3394294996 0.2677783339 1.089006822 177.0161024113 0.5893412453 -11.5847117786 0.0206421536
43022 315828.75 113.8402697588 34.0825922662 3776529.719718 762187.8930039002 56.3422924494 0.3175268262 1.1492615585 177.0446246927 0.5830616396 -11.5580725899 0.0611533931
43023 315828.84 113.8402703074 34.0825828893 3776528.680514 762187.9725909 56.3480843734 0.2254174956 1.1816055787 177.0777948403 0.5760014502 -11.5315477709 0.0781638015
43024 315828.93 113.8402708505 34.0825735297 3776527.64321 762188.051622 56.3541897051 0.1663600306 1.1747282298 177.1183378989 0.5724529248 -11.5075336322 0.0491078671
43025 315829.02 113.8402713923 34.082564193 3776526.608435 762188.1304619 56.3568750294 0.2598197948 1.1375479377 177.1691500201 0.567242259 -11.4907210498 0.0219156658
43026 315829.11 113.8402719185 34.082554877 3776525.575936 762188.2077879001 56.3592489371 0.3465408585 1.1117264738 177.2090550286 0.5471633966 -11.4597412259 0.0491578953
43027 315829.2 113.8402724405 34.0825455858 3776524.546165 762188.2846614 56.3657769272 0.3015794212 1.0509329797 177.2567786272 0.5459903415 -11.4347739701 0.0931599268
43028 315829.29 113.8402729534 34.0825363164 3776523.518792 762188.3606221 56.3733750954 0.2075391072 1.0098284122 177.3011827682 0.5314804817 -11.4034162695 0.092449995
43029 315829.38 113.8402734546 34.0825270668 3776522.493588 762188.4354355 56.3795624897 0.0971760407 0.9706387616 177.3421357625 0.5229339843 -11.3822216767 0.0599389132
43030 315829.47 113.8402739475 34.0825178361 3776521.470464 762188.5094337 56.3828672972 0.0346322489 0.9114439168 177.3807606424 0.5162510806 -11.3579656806 0.0108029036
43031 315829.56 113.8402744319 34.0825086222 3776520.449173 762188.5825954 56.3838945115 -0.0024138272 0.8864112203 177.4219951046 0.5039680808 -11.3405115425 0.0030067376
43032 315829.65 113.8402749071 34.0824994273 3776519.429973 762188.6548397 56.3843942592 -0.047376888 0.8299397254 177.4637713881 0.4985409061 -11.317366021 0.0107684062
43033 315829.74 113.8402753716 34.0824902498 3776518.412678 762188.7260475 56.3849994661 -0.1048820338 0.8301382429 177.5024793722 0.4831762671 -11.2951604076 0.0042753748
43034 315829.83 113.8402758266 34.0824810884 3776517.397142 762188.7963346 56.3844178021 -0.0733925674 0.8060533318 177.5305940352 0.4770968315 -11.2765966914 -0.0089269447
43035 315829.92 113.8402762756 34.0824719441 3776516.383491 762188.8660068002 56.3823877368 -0.0270257239 0.8241234306 177.548237551 0.4688002019 -11.2550167213 -0.018115165
43036 315830.01 113.8402767167 34.0824628191 3776515.37196 762188.9348942 56.3816108154 -0.1045727972 0.8676183959 177.5503499039 0.4629832107 -11.2259082602 0.0029778969
43037 315830.1 113.8402771565 34.0824537056 3776514.361696 762189.0036213 56.3813977977 -0.1677238423 0.8939696049 177.5477267237 0.4629047381 -11.215524012 0.005012963
43038 315830.19 113.8402776041 34.0824446084 3776513.353275 762189.0730257 56.3791280342 -0.0409995745 0.8496359261 177.5567875464 0.4644753663 -11.1907326192 -0.0209822556
43039 315830.28 113.8402780519 34.0824355294 3776512.346868 762189.1423865 56.3766103527 0.0459233564 0.8325474414 177.5563343589 0.4646185673 -11.1634768145 -0.0032686207
43040 315830.37 113.8402784998 34.0824264711 3776511.342756 762189.2116913 56.3770604553 0.0068452002 0.8107733951 177.5565787228 0.4631401943 -11.1443652959 0.0307286753
43041 315830.46 113.8402789466 34.0824174324 3776510.340817 762189.2808367 56.3782563154 -0.0910358426 0.7952657771 177.5472267307 0.4658345401 -11.1130270206 -0.0105606376
43042 315830.55 113.8402793928 34.0824084105 3776509.340735 762189.349875 56.3784799334 -0.1091667016 0.802284467 177.5446477205 0.4622879696 -11.1050625084 0.0122681978
43043 315830.64 113.840279835 34.0823994079 3776508.3427949985 762189.4184815 56.3765259264 -0.1551551893 0.8644153519 177.5433263613 0.4562537959 -11.0710366934 -0.0351294132
43044 315830.74 113.840280319 34.0823894251 3776507.236175 762189.4939811998 56.3745156378 -0.2538793323 0.9422310066 177.5412034851 0.4549037014 -11.0452340136 -0.005590394
43045 315830.84 113.8402808037 34.0823794633 3776506.131894 762189.5694731999 56.371441775 -0.2428146896 1.00078618 177.5406853006 0.4489982416 -11.0278601291 -0.0108323092
43046 315830.94 113.8402812862 34.0823695233 3776505.030021 762189.6446989998 56.36769321 -0.2719894115 1.0865245905 177.5423169994 0.4474557393 -11.0140334185 -0.0133981839
43047 315831.04 113.8402817641 34.0823596057 3776503.93062 762189.7194278 56.363467969 -0.2506286128 1.1660046871 177.5432517993 0.4411280731 -10.9818709506 -0.032454649
43048 315831.14 113.8402822402 34.0823497067 3776502.8332879986 762189.7939281998 56.3588728653 -0.208490121 1.1954319696 177.5559659068 0.4514606358 -10.9528211634 -0.0555106617
43049 315831.24 113.8402827187 34.0823398314 3776501.738584 762189.8685829 56.353157022 0.0956343483 1.1647843411 177.5659497052 0.4478283304 -10.9275292773 -0.0387634447
43050 315831.34 113.8402832003 34.0823299864 3776500.647257 762189.9434283002 56.3508503521 0.416942452 1.0546234327 177.5689406924 0.4553524562 -10.8914631531 0.0339927145
43051 315831.44 113.8402836897 34.0823201742 3776499.559584 762190.0188945 56.3578970013 0.449717994 0.9946546608 177.5608192134 0.4586230484 -10.856466421 0.1082089626
43052 315831.54 113.8402841725 34.0823103942 3776498.475474 762190.09365 56.3698283127 0.2067265704 0.9886103026 177.535826606 0.449402495 -10.8205147447 0.1377480035
43053 315831.64 113.8402846543 34.0823006402 3776497.394245 762190.1682357 56.3801510455 -0.0682119758 0.9928649835 177.5027422823 0.4486663416 -10.7983352616 0.078402823
43054 315831.74 113.8402851356 34.0822909074 3776496.31536 762190.2427143 56.3821276501 -0.2304054523 1.0534790045 177.4634261513 0.458517881 -10.7732370722 -0.0126388651
43055 315831.84 113.8402856203 34.0822811977 3776495.239053 762190.3174316 56.3784011556 -0.1676696998 1.1066020081 177.4384953678 0.4538320428 -10.7369503526 -0.0414839021
43056 315831.94 113.8402861168 34.0822715102 3776494.165242 762190.3931658001 56.3736715056 -0.087865608 1.1623052828 177.441752281 0.4737021522 -10.7203058185 -0.0153043889
43057 315832.04 113.8402866128 34.0822618492 3776493.094374 762190.4687705 56.3698979942 0.0936159201 1.2048043639 177.4376838008 0.4573582587 -10.6912128331 0.0001814956
43058 315832.14 113.8402870991 34.0822522214 3776492.027161 762190.5433837 56.3701761207 0.1165668058 1.274494174 177.4134931457 0.4474579982 -10.6610295972 0.0419273793
43059 315832.24 113.840287587 34.0822426211 3776490.962994002 762190.6180601 56.3723340016 0.0675677105 1.3387308232 177.3860314118 0.4551451636 -10.6321326556 0.0329940407
43060 315832.34 113.8402880784 34.0822330481 3776489.901876 762190.6929721999 56.3732002685 0.1007258846 1.4227228383 177.3693241245 0.455562742 -10.6031042704 0.0299054629
43061 315832.44 113.8402885755 34.0822235035 3776488.843925 762190.7683205 56.3741205018 0.137283793 1.4350583579 177.3615641542 0.4660590328 -10.5700975293 0.0231724542
43062 315832.54 113.8402890729 34.082213987 3776487.789088 762190.8436146999 56.376378404 0.1372117364 1.4715652503 177.3529938909 0.4604511633 -10.5376267781 0.0351887704
43063 315832.64 113.8402895706 34.0822044986 3776486.7373730014 762190.9188465 56.3797553638 0.1439146714 1.4759702783 177.3440226431 0.4637829611 -10.5066141941 0.0431691597
43064 315832.74 113.8402900692 34.0821950376 3776485.68871 762190.9940765002 56.3823881662 0.2015166566 1.4795069135 177.3384278525 0.4657677946 -10.4706935209 0.0344515357
43065 315832.84 113.8402905705 34.0821856056 3776484.64326 762191.0694689 56.3856649445 0.2329640386 1.4964613761 177.3474405219 0.4683545981 -10.437780768 0.0485501751
43066 315832.94 113.8402910646 34.0821762032 3776483.601077 762191.1441085 56.3903739378 0.2546580077 1.5171895147 177.354416411 0.4521573837 -10.4050905252 0.0498812324
43067 315833.04 113.8402915546 34.0821668283 3776482.561938 762191.2182797 56.3949949779 0.2152498302 1.5533843856 177.3608397785 0.4547026483 -10.3774729414 0.0339249127
43068 315833.14 113.8402920321 34.0821574757 3776481.525243 762191.291222 56.3981907144 0.2599298628 1.5959930789 177.3643345362 0.4437654184 -10.3503901595 0.0108011635
43069 315833.24 113.8402925042 34.0821481529 3776480.491846 762191.3635845 56.4014673922 0.2816240613 1.6259922404 177.3651021792 0.4441304447 -10.315285291 0.0438659255
43070 315833.34 113.8402929749 34.0821388599 3776479.461748 762191.435725 56.4066091562 0.2839455128 1.6231265838 177.374026337 0.4435619703 -10.2804236865 0.0435321782
43071 315833.44 113.8402934477 34.0821295927 3776478.434519 762191.5079772 56.4106179755 0.3154399546 1.5859468617 177.3893490359 0.4455008951 -10.2610595073 0.0258740604
43072 315833.54 113.8402939189 34.0821203575 3776477.4108339986 762191.5799819998 56.4157613236 0.231544225 1.5795842235 177.4034333081 0.4420151257 -10.2223570086 0.0440006145
43073 315833.64 113.8402943823 34.0821111495 3776476.390147 762191.6511784 56.4219993651 0.1335454054 1.559781869 177.4188529385 0.4434453101 -10.1888774738 0.0321622615
43074 315833.74 113.840294847 34.082101968 3776475.372406 762191.7224213 56.426808727 0.0697710611 1.5535135623 177.4441496027 0.4398982556 -10.1615847708 0.0271701832
43075 315833.84 113.8402952997 34.0820928104 3776474.357292 762191.7924745 56.4273966216 0.1221773584 1.5340021983 177.4584707217 0.4196634172 -10.1390862794 0.0119176271
43076 315833.94 113.8402957496 34.0820836816 3776473.345357 762191.8621823002 56.429230636 0.100898692 1.5327501237 177.4748308831 0.4201741299 -10.1049143811 0.0577854544
43077 315834.04 113.8402961946 34.0820745794 3776472.336367 762191.9313578 56.43279259 0.0414730297 1.5193368293 177.4914198672 0.4204663707 -10.0773318375 0.0365931535
43078 315834.14 113.8402966418 34.0820655008 3776471.3299980015 762192.0006705 56.4348905617 0.0741273882 1.5290004313 177.5190284853 0.416339436 -10.0460113428 0.0067164182
43079 315834.24 113.8402970783 34.082056447 3776470.326356 762192.0689044001 56.4349046331 0.118720913 1.5562584508 177.5403574327 0.4015381513 -10.0200360363 -0.0004150629
43080 315834.34 113.8402975081 34.0820474207 3776469.325752 762192.1364428 56.436301183 0.075728653 1.6013244038 177.5616079032 0.40244132 -9.9919174788 0.0277838163
43081 315834.45 113.8402979689 34.0820375232 3776468.228544 762192.2095325 56.439281771 0.0130100905 1.7089003449 177.5842121153 0.3841449601 -9.9591918247 0.0185914581
43082 315834.56 113.840298421 34.0820276553 3776467.134596 762192.2817231 56.4397921376 0.0831500537 1.7407580663 177.604523726 0.3872767236 -9.9304006755 -0.003717989
43083 315834.67 113.8402988717 34.0820178191 3776466.044167 762192.3536915998 56.439941911 0.0970145912 1.8150369283 177.6301540802 0.3788620333 -9.8960849411 0.0133207927
43084 315834.78 113.8402993142 34.0820080153 3776464.957311 762192.4248059 56.442115603 0.0366477146 1.8173141069 177.6540249989 0.3811918599 -9.8635197981 0.0326917334
43085 315834.89 113.8402997574 34.0819982427 3776463.873914 762192.4958834002 56.4452866083 -0.0211022166 1.7892749679 177.6895779944 0.3706799429 -9.8350111862 0.0197676385
43086 315835.0 113.8403001955 34.0819884993 3776462.79375 762192.5663982 56.4450757876 0.0497786474 1.7011338397 177.7203916119 0.3747799043 -9.8034886438 -0.0099727955
43087 315835.11 113.8403006261 34.0819787922 3776461.717595 762192.6361097 56.4443145236 0.130001098 1.6969695755 177.7503027459 0.3534137433 -9.7723020695 0.0048215559
43088 315835.22 113.8403010428 34.081969121 3776460.645385 762192.7044218002 56.4454254005 0.1020541347 1.6615176384 177.7723178255 0.3556067829 -9.7356271252 0.0295257289
43089 315835.33 113.8403014646 34.0819594807 3776459.576611 762192.7731239998 56.4494402893 -0.0101470008 1.6108477214 177.7808714867 0.3586993743 -9.7133181539 0.0284476708
43090 315835.44 113.8403018791 34.0819498688 3776458.510982 762192.8410533002 56.4509571772 -0.1229083144 1.4264635685 177.7536627309 0.3614293402 -9.6822478557 0.012776638
43091 315835.55 113.8403023158 34.0819402841 3776457.448425 762192.9109501998 56.4501706809 -0.2191221468 1.3858398503 177.7346964519 0.3651598358 -9.6544967457 -0.0041500332
43092 315835.66 113.8403027377 34.0819307251 3776456.38868 762192.9794051999 56.4465710158 -0.2232150315 1.3205863881 177.6902107846 0.3638731884 -9.62724765 -0.0413530775
43093 315835.77 113.8403031838 34.081921195 3776455.3321980014 762193.0499965 56.4426629581 -0.1285687104 1.2368413162 177.6882035811 0.3810392093 -9.597969277 -0.0481272071
43094 315835.88 113.84030362 34.081911691 3776454.278599 762193.1196002 56.4363309741 0.0978700115 1.210302478 177.6618567701 0.3634452176 -9.5669948866 -0.0330374268
43095 315835.99 113.840304059 34.0819022208 3776453.228752 762193.1893545 56.437053985 0.045465485 1.111657696 177.6379321546 0.3713021263 -9.5407337615 0.0292751118
43096 315836.1 113.8403045033 34.0818927836 3776452.182584 762193.2595019002 56.4410214024 -0.12051492 1.0949292389 177.6059098202 0.3669722941 -9.50346364 0.0390836074
43097 315836.21 113.8403049647 34.0818833734 3776451.139455002 762193.3311395 56.4404940298 -0.1070876393 1.0493525432 177.5910520714 0.3886260668 -9.4796296853 -0.0387655254
43098 315836.32 113.8403054288 34.0818739938 3776450.0997339985 762193.4029330999 56.4370078212 0.0217269719 0.9939464965 177.5711904786 0.3852008621 -9.4412671322 0.0053862121
43099 315836.43 113.8403058927 34.0818646433 3776449.063227 762193.4746202 56.4346967796 0.0499792526 0.9362984447 177.5361887194 0.3877713745 -9.4201349516 -0.007593044
43100 315836.54 113.8403063579 34.0818553269 3776448.030526 762193.5463229 56.435242353 0.066545438 0.9575877502 177.4860346232 0.3805580184 -9.3822442614 0.0178394447
43101 315836.65 113.8403068291 34.0818460429 3776447.001423 762193.6184843002 56.436497801 0.1304851434 0.9134190065 177.4347242335 0.3989472929 -9.3430526575 0.0179053106
43102 315836.76 113.8403073119 34.0818367935 3776445.976192 762193.6916000998 56.4373278338 0.142536094 0.9670282353 177.3875570549 0.3961871159 -9.3117847604 0.0094249814
43103 315836.87 113.8403077921 34.0818275797 3776444.954909 762193.764367 56.4400590537 0.150716228 1.0081097893 177.3291611304 0.4055770466 -9.2717079655 0.0254579983
43104 315836.98 113.8403082874 34.0818184035 3776443.9378370014 762193.8384227 56.4429869466 0.1618953486 1.016393494 177.2861785304 0.413088794 -9.2372822915 0.0126518998
43105 315837.09 113.8403087863 34.081809273 3776442.925838 762193.9126606 56.4460758353 0.1211552789 1.1243951146 177.2377098041 0.4112500265 -9.1914675504 0.0458655138
43106 315837.2 113.8403092868 34.0818001875 3776441.918849 762193.9869098002 56.449047274 -0.0322232469 1.2277034039 177.1949434235 0.4151954534 -9.1500213771 0.0349385048
43107 315837.31 113.840309794 34.0817911418 3776440.916285 762194.0616501998 56.4513402572 -0.1416038859 1.2938940304 177.1612384744 0.4250259518 -9.1111516293 0.0115675968
43108 315837.42 113.8403103118 34.0817821385 3776439.918464 762194.1372462 56.4512664825 -0.0596831185 1.2914061145 177.1496775119 0.4297467817 -9.069955113 -0.0158233379
43109 315837.54 113.8403108815 34.0817723669 3776438.835506 762194.2200011 56.446931662 0.1633804856 1.2703625233 177.1721251105 0.4315239951 -9.0162398921 -0.0392965396
43110 315837.66 113.8403114486 34.0817626533 3776437.758978 762194.3023382 56.446969701 0.2598662556 1.2326176764 177.2356546732 0.4240024408 -8.9629295314 0.0549721638
43111 315837.78 113.8403119959 34.0817529998 3776436.689068 762194.382662 56.4535326688 0.2271269898 1.2237709022 177.2908491673 0.4043508294 -8.9067026656 0.0358887763
43112 315837.9 113.8403125238 34.081743402 3776435.6252910006 762194.4610165 56.458223124 0.2328679121 1.2263662546 177.3436802021 0.3958289849 -8.8543640917 0.0310445762
43113 315838.02 113.8403130359 34.0817338632 3776434.568012 762194.5377426 56.4635764454 0.0614604237 1.2549607954 177.3889203469 0.3789191529 -8.798366742 0.0509174491
43114 315838.14 113.8403135252 34.0817243803 3776433.516891 762194.6121805002 56.4678561259 -0.0590033192 1.3110433737 177.4383783653 0.3720814931 -8.7460174059 0.0225305747
43115 315838.26 113.8403139972 34.0817149554 3776432.472154 762194.6848404 56.4682863671 -0.118016135 1.313772282 177.4921676726 0.3654877652 -8.6928281786 -0.0098165937
43116 315838.38 113.8403144631 34.0817055978 3776431.4348739986 762194.7567343 56.4663086617 0.0057804663 1.278671891 177.5556783923 0.3633260967 -8.6240478038 -0.0348282474
43117 315838.5 113.8403149124 34.0816963145 3776430.405801 762194.8268652 56.463117579 0.1662041099 1.3000121031 177.6060825845 0.3351622457 -8.5517571792 -0.0120406548
43118 315838.62 113.8403153414 34.0816871113 3776429.385559 762194.8948821 56.4662822969 0.090133633 1.3129540852 177.6328704691 0.3325519958 -8.4786538286 0.0477321238
43119 315838.74 113.8403157691 34.081677986 3776428.37396 762194.9625303 56.4715807978 0.0558602371 1.318465552 177.6420289699 0.3316085315 -8.4075732826 0.0326614383
43120 315838.86 113.8403161884 34.0816689346 3776427.370546 762195.0291688001 56.4722491922 0.0286335012 1.3318333681 177.6279174436 0.3258201268 -8.3383004424 -0.0030171291
43121 315838.99 113.840316645 34.0816592146 3776426.293025 762195.1013266 56.4726100219 0.0437264241 1.3843274013 177.6201006725 0.3266252022 -8.2651662708 0.0181196301
43122 315839.12 113.8403170945 34.0816495714 3776425.2240019985 762195.1725858 56.4749442497 0.042463527 1.3965042292 177.6116201139 0.3249074293 -8.1892432833 0.0079797116
43123 315839.25 113.8403175549 34.0816400048 3776424.163517 762195.2446147 56.474805912 0.1332643351 1.3869792488 177.6085746704 0.3274620691 -8.1183990715 -0.0083819169
43124 315839.38 113.8403180023 34.0816305232 3776423.112425 762195.3151872 56.4757310841 0.1797509083 1.4038490385 177.5899595501 0.3169783296 -8.0457004639 0.0229022515
43125 315839.51 113.8403184553 34.0816211278 3776422.070916998 762195.3860044002 56.4793905728 0.1487848216 1.384064932 177.5773724064 0.3238765364 -7.9719368452 0.0352565302
43126 315839.64 113.8403189069 34.0816118176 3776421.038854 762195.4564321 56.4830039591 0.1690204078 1.3495462067 177.5602412842 0.3226690834 -7.9027614905 0.0229853144
43127 315839.77 113.840319359 34.0816025932 3776420.016322 762195.5266418002 56.4852157179 0.1453050084 1.3189805564 177.5497922066 0.3223427942 -7.8269106239 0.0153116469
43128 315839.9 113.8403198047 34.081593459 3776419.003792 762195.5959794002 56.488787326 0.0064668877 1.3779908437 177.5199468647 0.312479769 -7.7456067332 0.0327678286
43129 315840.03 113.8403202396 34.0815844226 3776418.002074 762195.6640136999 56.4920735844 -0.1566634519 1.4808473332 177.5112515416 0.3071900615 -7.6549357636 0.0094446348
43130 315840.17 113.8403207139 34.0815748066 3776416.936138 762195.7374841998 56.4935934124 -0.1437806304 1.5128833978 177.5290867736 0.3164551107 -7.5588793532 -0.0072815465
43131 315840.31 113.8403211805 34.0815653193 3776415.884469 762195.8098426 56.488286471 0.1006888852 1.458758478 177.527345862 0.3062645857 -7.4515268686 -0.0467014462
43132 315840.45 113.8403216381 34.0815559697 3776414.848054 762195.8809437 56.4866945045 0.242388108 1.5038923334 177.5338004505 0.294655593 -7.3451501016 0.0181180458
43133 315840.59 113.8403220853 34.0815467613 3776413.827285 762195.9506455 56.492902128 0.1945179455 1.4627148334 177.5587176195 0.3055456493 -7.2319876768 0.0370203152
43134 315840.73 113.8403225351 34.0815376907 3776412.821808 762196.0201698001 56.4987918502 0.1463904856 1.3473109442 177.6006178085 0.2998666197 -7.1248772496 0.0199586462
43135 315840.88 113.8403229949 34.0815280909 3776411.757636 762196.0922503 56.5018025814 0.1858440345 1.2652303642 177.6585825478 0.2885688935 -7.0475489696 0.0316033726
43136 315840.93 113.8403231479 34.0815249142 3776411.405483 762196.1161766 56.5032612747 0.1846141346 1.257420518 177.6905814031 0.2866428948 -7.0246958787 0.0268630603
43137 315841.08 113.8403235889 34.0815154558 3776410.356956 762196.1860819 56.5083454773 0.163949625 1.1821864451 177.7761021214 0.2654928321 -6.9554947182 0.018002458
43138 315841.23 113.8403240152 34.0815061103 3776409.320921 762196.25428 56.5115498714 0.1187240979 1.1706102449 177.8743339598 0.2547960012 -6.885794649 0.0103477528
43139 315841.38 113.8403244125 34.08149686 3776408.295373 762196.3195084 56.5148143843 0.0732334916 1.1704973339 177.9658930236 0.2338726799 -6.8095475158 0.0246150149
43140 315841.53 113.840324787 34.0814877026 3776407.28007 762196.3823419 56.5185749149 0.0118020842 1.1717719084 178.0541484908 0.2259861322 -6.7389559613 -0.0011484348
43141 315841.68 113.840325139 34.0814786395 3776406.275181 762196.4428162 56.5188007411 -0.0275968948 1.2280456571 178.145078351 0.2102097523 -6.6765457015 0.0094032667
43142 315841.84 113.8403254892 34.0814690862 3776405.215886 762196.5046249002 56.5194345126 -0.0905695478 1.2640669633 178.2585447428 0.1987751668 -6.5902305581 0.0084133002
43143 315842.0 113.8403258159 34.0814596772 3776404.172542 762196.5638243 56.5185454916 -0.0074662417 1.2334582844 178.436342953 0.1778079433 -6.4783990847 -0.0154640115
43144 315842.16 113.8403261017 34.0814504286 3776403.1468980014 762196.6187541998 56.5164658008 0.1207265603 1.1557587436 178.7011735185 0.1590329558 -6.3569080539 -0.0234082878
43145 315842.32 113.8403263257 34.0814413434 3776402.139233 762196.6674646 56.5160175534 0.0370961397 1.1711870497 179.0984979396 0.1009353407 -6.2484974411 0.0130792238
43146 315842.49 113.8403264583 34.0814318662 3776401.087815 762196.7089506 56.5198450424 -0.2437773856 1.2156302643 179.7605751854 0.0382419453 -6.1420117183 0.0066157785
43147 315842.66 113.8403264648 34.0814225086 3776400.049357 762196.738423 56.5207855245 -0.3428502581 1.1305362181 180.6992400113 -0.0436232651 -6.0832301874 -0.013187112
43148 315842.76 113.8403263773 34.0814170498 3776399.443333002 762196.7471910998 56.5187506666 -0.3654555181 1.0828905204 181.3930224897 -0.1169434741 -6.0458817041 -0.0239597375
43149 315842.93 113.840326033 34.0814078425 3776398.420658998 762196.7438026 56.5107738962 -0.2731567824 1.0342881828 182.8391214322 -0.2608777228 -5.9841477469 -0.060124434
