43203 315851.09 113.8399379994 34.0812354472 3776378.292661 762161.4444095 56.907341796 0.5242129531 0.9326539152 285.454213871 -8.2016879829 2.2685681536 0.0151327191
43204 315851.21 113.8399272649 34.0812379459 3776378.54241 762160.4454725 56.910702398 0.5313781601 1.0473997467 285.6797877045 -8.2869244466 2.339832672 0.0369109723
43205 315851.33 113.8399164136 34.0812405053 3776378.798583 762159.4355603 56.9164597159 0.4767956664 1.1175744723 285.7275109361 -8.3818471519 2.3803653942 0.0535636516
43206 315851.45 113.8399054365 34.0812430868 3776379.056891 762158.4139640002 56.9198060911 0.5494154902 1.1119114063 285.7679703535 -8.4766838079 2.3924734852 0.0167008476
43207 315851.57 113.839894339 34.0812456985 3776379.318242 762157.3811513 56.92312425 0.6266729357 1.0794057652 285.8160724302 -8.5693066925 2.4315831698 0.0471537258
43208 315851.69 113.8398831233 34.0812483406 3776379.582668 762156.3373369002 56.9296456548 0.5660796113 1.028380738 285.8783694919 -8.6585886154 2.4606926644 0.0583767526
43209 315851.81 113.8398717861 34.0812510308 3776379.852121 762155.2821528001 56.9364210302 0.4950663449 1.0037065567 285.9583956701 -8.7557778315 2.5066054009 0.0653598538
43210 315851.92 113.8398612838 34.0812535319 3776380.102721 762154.3046469 56.9419582738 0.5154000988 0.9992839016 286.0872010977 -8.8458691415 2.5405491184 0.0317963317
43211 315852.03 113.8398506807 34.0812560803 3776380.358317 762153.3176906002 56.9437526837 0.5883122816 0.9738477422 286.2217542365 -8.9248465758 2.5947890466 0.0239178339
43212 315852.09 113.8398448659 34.0812574891 3776380.499734 762152.7763998 56.9458521213 0.5819608951 0.998234452 286.3038539998 -8.9646644694 2.6149890062 0.0546146146
43213 315852.2 113.8398341333 34.0812601148 3776380.763577 762151.7772429 56.9535171352 0.4876841954 1.0177312399 286.4419797206 -9.052911268 2.6733226565 0.0745104638
43214 315852.31 113.8398232971 34.0812627894 3776381.032581 762150.7683756 56.9595950451 0.5098642267 1.0074822149 286.581392881 -9.1415655437 2.7153614174 0.0363485681
43215 315852.42 113.8398123544 34.0812655102 3776381.30644 762149.7495271 56.9616831429 0.6261001368 1.0245775898 286.7374478962 -9.2266131749 2.7692695073 0.0168694653
43216 315852.53 113.8398013127 34.0812682846 3776381.586 762148.7213622 56.966339522 0.6476027331 1.0169896357 286.8825231608 -9.3105626579 2.819360579 0.075987523
43217 315852.64 113.8397901732 34.0812711077 3776381.8707 762147.6840263002 56.9758978225 0.4932284336 1.0560540625 287.0341849617 -9.3919758425 2.8778532252 0.087367597
43218 315852.75 113.8397789356 34.0812739878 3776382.161488 762146.6374551 56.9825492185 0.4391348633 1.0394320841 287.1605864296 -9.4758067462 2.9261152701 0.0459784223
43219 315852.86 113.8397675936 34.0812769104 3776382.456707 762145.5811104998 56.9853882734 0.5464166142 1.0410453017 287.2766806694 -9.561702733 2.9725319418 0.0263816075
43220 315852.96 113.8397572 34.0812796104 3776382.729665 762144.6130354998 56.9879580364 0.621468245 1.0214012119 287.3548568104 -9.633600843 3.0108590672 0.0372293944
43221 315853.06 113.8397467281 34.0812823382 3776383.00551 762143.6376316 56.9940562285 0.6025179463 0.9919860066 287.4538459412 -9.7020939621 3.0427593669 0.0783214897
43222 315853.16 113.8397361876 34.0812851002 3776383.284972 762142.6558026 57.0017032325 0.5670394185 0.932323827 287.5467500594 -9.7752159473 3.0860279532 0.064640313
43223 315853.26 113.8397255728 34.0812878953 3776383.567926 762141.6669997 57.0081751468 0.6296138866 0.8991544472 287.647468183 -9.8391165906 3.1180863772 0.0668586485
43224 315853.27 113.8397245076 34.0812881768 3776383.596424 762141.5677661998 57.0087239202 0.6164172054 0.9006098925 287.6584220449 -9.8452965409 3.1232921043 0.0590544052
43225 315853.37 113.8397138069 34.0812910179 3776383.8842629986 762140.570896 57.0134248389 0.7118245644 0.8715701572 287.7491131707 -9.9315043886 3.1806950943 0.0592562411
43226 315853.47 113.8397030152 34.0812938997 3776384.176376 762139.5654892 57.0202983823 0.7241421738 0.8588884217 287.8440721634 -10.0152123393 3.2160366568 0.1016755597
43227 315853.57 113.839692136 34.0812968227 3776384.472831 762138.5518881 57.0297943028 0.6777954374 0.8708259237 287.9395428131 -10.0939430511 3.2703159932 0.0917716113
43228 315853.67 113.8396811619 34.0812997875 3776384.773689 762137.5293794002 57.0372533128 0.7511849643 0.8449562341 288.0349326946 -10.1905322598 3.3110627404 0.052818075
43229 315853.77 113.8396700879 34.0813027931 3776385.078817 762136.4975301998 57.0430234214 0.8318725402 0.8498374547 288.1326653003 -10.273393356 3.361668836 0.0702590638
43230 315853.87 113.8396589243 34.0813058444 3776385.388793 762135.4572638002 57.053224626 0.7392004538 0.8086448044 288.2173254145 -10.358238591 3.4042984606 0.129314496
43231 315853.97 113.8396476615 34.081308934 3776385.702757 762134.4077176 57.0645959238 0.606721215 0.8140006924 288.3145730362 -10.450117359 3.4534528046 0.0896114668
43232 315854.07 113.8396363036 34.0813120655 3776386.021129 762133.3492678 57.071388484 0.6377431922 0.7728929788 288.3974565579 -10.5399705724 3.4947708496 0.0375803353
43233 315854.16 113.8396259956 34.0813149169 3776386.311113 762132.3886197 57.0748457974 0.6862222862 0.7999634035 288.4681650784 -10.6220657208 3.5472838432 0.0546752112
43234 315854.25 113.839615612 34.0813178094 3776386.605456 762131.4208715 57.0810230719 0.6627344224 0.7634762126 288.5043709312 -10.6977885665 3.5834386686 0.0870170204
43235 315854.34 113.8396051453 34.0813207255 3776386.902218 762130.4453766 57.0883153137 0.5837961171 0.7676474161 288.548496792 -10.7838531931 3.6108850049 0.0543012404
43236 315854.43 113.8395945964 34.0813236728 3776387.202227 762129.4621981 57.0932541909 0.5113223492 0.7392089984 288.5743220701 -10.8734486913 3.6518252788 0.0346909339
43237 315854.52 113.8395839686 34.0813266449 3776387.504777 762128.4716455998 57.0980308689 0.4324894269 0.7663529352 288.6098142737 -10.9538151079 3.6873816149 0.0519146965
43238 315854.61 113.8395732555 34.0813296481 3776387.810567 762127.4731286998 57.1018933402 0.4076395681 0.7650821266 288.6290879308 -11.0417783149 3.7248568123 0.032243952
43239 315854.67 113.8395660655 34.0813316642 3776388.015858 762126.8029824998 57.1017790614 0.5106476608 0.7660026818 288.6465982378 -11.0952343655 3.7410400388 -0.0170161172
43240 315854.76 113.8395552159 34.0813347152 3776388.3266 762125.7917115 57.1018692795 0.6987610416 0.8095867695 288.6554459558 -11.175996093 3.7867818291 0.0212888726
43241 315854.85 113.8395442923 34.0813377914 3776388.639953 762124.7735340998 57.1071693618 0.7340888713 0.823918437 288.6656847977 -11.2510695169 3.8075380783 0.0897791266
43242 315854.94 113.8395332961 34.0813408883 3776388.955407 762123.7485818 57.1172131365 0.5799647295 0.8716962693 288.6832313641 -11.3234381467 3.8408833302 0.1185849283
43243 315855.03 113.8395222298 34.0813440071 3776389.273118 762122.7171015 57.1266956767 0.4300620821 0.8333395676 288.6963428894 -11.3979029071 3.8555567482 0.0893014808
43244 315855.12 113.8395110963 34.0813471494 3776389.593269 762121.6793323002 57.1315134736 0.4245201062 0.8196023535 288.7224988472 -11.4705579753 3.8871918417 0.0142833973
43245 315855.21 113.8394998925 34.0813503166 3776389.915993 762120.6349984 57.1308590006 0.5813895098 0.7441735049 288.7645383019 -11.538868494 3.9141222493 -0.0096561843
43246 315855.3 113.8394886224 34.0813535056 3776390.240976 762119.5844681999 57.1332827462 0.6196044041 0.7259283202 288.8306809746 -11.6011250754 3.9502862875 0.0617470216
43247 315855.39 113.8394772943 34.0813567266 3776390.569367 762118.5284926 57.1412236094 0.5116396629 0.6955690946 288.8981766439 -11.6610473908 3.9863439961 0.1027549404
43248 315855.48 113.8394659069 34.0813599783 3776390.901003 762117.4669404002 57.1484041493 0.4682355836 0.6830771602 289.0035293849 -11.719849934 4.0258340176 0.0560684593
43249 315855.57 113.8394544635 34.0813632652 3776391.236402 762116.4001209 57.1520487536 0.5256597684 0.6741561463 289.1396342351 -11.7759372346 4.0740986721 0.0329095942
43250 315855.66 113.8394429689 34.0813665923 3776391.5761339986 762115.3284354 57.1553348666 0.5542780234 0.6835011764 289.2949208173 -11.8269416139 4.1256104136 0.0465802622
43251 315855.74 113.8394327127 34.0813695883 3776391.882289 762114.3721314998 57.1605742751 0.5099984066 0.6606768633 289.4321074886 -11.8679703813 4.1801162685 0.0832253302
43252 315855.82 113.8394224173 34.0813726173 3776392.192023 762113.4121094 57.1661901828 0.5099580382 0.6551926771 289.5909083778 -11.9137712099 4.2232275553 0.0574162357
43253 315855.9 113.8394120832 34.0813756841 3776392.505846 762112.4483901998 57.1706825988 0.4897826766 0.6475593095 289.7663342111 -11.9606794439 4.2734949066 0.0452765047
43254 315855.97 113.8394030109 34.0813783972 3776392.78365 762111.6022803 57.1738835527 0.5766229605 0.6001273045 289.9419679311 -11.998201982 4.3218133986 0.0433904281
43255 315856.05 113.8393926118 34.0813815372 3776393.105429 762110.6323393 57.1785366647 0.5915056423 0.5996051173 290.1346897977 -12.0226324411 4.3867461045 0.0690706734
43256 315856.13 113.839382184 34.0813847185 3776393.431711 762109.6596160998 57.1841679336 0.6045296035 0.610683634 290.3409621179 -12.0663854953 4.4490840922 0.0854619631
43257 315856.21 113.8393717272 34.0813879455 3776393.762996 762108.6840768 57.1912471196 0.5702435918 0.5931842945 290.5445945415 -12.0941490829 4.5136465157 0.0792577888
43258 315856.29 113.8393612372 34.0813912158 3776394.099003 762107.7053402 57.1971365884 0.5806547357 0.5692453367 290.75100872 -12.1355844259 4.5692683381 0.0650437829
43259 315856.37 113.8393507169 34.0813945314 3776394.43996 762106.7236633 57.2026897129 0.6124066218 0.5808107977 290.958068341 -12.1667788218 4.6372989774 0.0788783328
43260 315856.45 113.8393401682 34.0813978923 3776394.785867 762105.7392283 57.2091761231 0.5595563977 0.5343277148 291.1632874325 -12.2034612013 4.6906175728 0.0840666674
43261 315856.53 113.839329593 34.0814012954 3776395.136398 762104.7522124002 57.2165474985 0.505642561 0.5459622394 291.3781943902 -12.2292851031 4.7596781018 0.0856997816
43262 315856.61 113.8393189958 34.0814047472 3776395.492265 762103.7630133 57.2224837849 0.4743176775 0.4950645164 291.5787994834 -12.2529590266 4.8184676874 0.0628303642
43263 315856.69 113.8393083736 34.08140824 3776395.852632 762102.771383 57.2270099278 0.5012034879 0.4953507956 291.7803577176 -12.2805660337 4.8808110017 0.0436909446
43264 315856.77 113.8392977347 34.0814117792 3776396.218095 762101.7780643002 57.2312449552 0.5137789114 0.507657787 291.9569765287 -12.301254034 4.9418719236 0.0743799705
43265 315856.85 113.8392870772 34.0814153573 3776396.587833 762100.7829023001 57.2365722358 0.4475030184 0.5414562174 292.127267186 -12.3109091802 4.9902764417 0.0670184989
43266 315856.93 113.8392763996 34.0814189758 3776396.961992 762099.7857702 57.2426945753 0.3759374365 0.5912850076 292.2723851764 -12.3506832295 5.0457173688 0.0758418979
43267 315857.01 113.8392657019 34.0814226276 3776397.339812 762098.7866783001 57.2466170778 0.4039893145 0.6118250297 292.4166136706 -12.3660011202 5.0904093602 0.0430310459
43268 315857.09 113.8392549902 34.0814263162 3776397.721665 762097.7861810002 57.2496522246 0.4143400529 0.6666856317 292.548882572 -12.378199569 5.1377259409 0.035531658
43269 315857.17 113.839244261 34.0814300374 3776398.107094 762096.7839588 57.25289746 0.479349677 0.7213590834 292.6923734128 -12.4034034111 5.1815342981 0.0612563843
43270 315857.25 113.839233518 34.0814337906 3776398.496043 762095.7803721 57.2560705207 0.6920921451 0.7315332909 292.8362980542 -12.409775201 5.2263602356 0.0650099155
43271 315857.33 113.8392227628 34.0814375709 3776398.887969998 762094.7755714002 57.2639116254 0.6331469184 0.7252689992 292.9944902427 -12.4257728635 5.2585223328 0.1417124519
43272 315857.41 113.839212001 34.0814413795 3776399.283016002 762093.7700752 57.2765370142 0.4676510219 0.6895780485 293.1537248574 -12.4304974831 5.3064963227 0.1506149575
43273 315857.49 113.839201224 34.0814452183 3776399.681378 762092.7630856 57.285861535 0.3889740924 0.6381771667 293.322652608 -12.4567148235 5.3449516 0.0940996628
43274 315857.57 113.8391904357 34.0814490892 3776400.083276 762091.754948 57.2893245034 0.4217929784 0.5474851406 293.4867546768 -12.4597507984 5.3889475581 0.034357366
43275 315857.65 113.8391796395 34.0814529941 3776400.488926002 762090.7459785999 57.2922707004 0.4959043714 0.5301241607 293.6498139565 -12.4702183295 5.4367063728 0.0554575697
43276 315857.73 113.839168841 34.0814569385 3776400.898948 762089.7366791 57.2970445296 0.4881573547 0.5303923524 293.7978196304 -12.4707428924 5.4945501315 0.0630804492
43277 315857.81 113.8391580378 34.0814609146 3776401.312476 762088.7268386 57.3035513675 0.5279001547 0.546895432 293.9558765789 -12.483932272 5.5260022271 0.0947644031
43278 315857.89 113.8391472307 34.0814649204 3776401.729292 762087.7165531 57.3112360723 0.3824793436 0.6077358859 294.1189064477 -12.4810537013 5.5779252862 0.0948023599
43279 315857.97 113.8391364201 34.0814689592 3776402.149768 762086.7058371998 57.3176920349 0.3682805268 0.5989181446 294.2819001219 -12.4894126545 5.6195617778 0.0806991999
43280 315858.01 113.8391310117 34.0814709914 3776402.361414 762086.2001635 57.3198980829 0.3427029023 0.5985546827 294.3548854725 -12.4922045128 5.6434997191 0.0313697107
43281 315858.09 113.8391201957 34.0814750781 3776402.787193 762085.1888003 57.323337567 0.369686318 0.6213976192 294.4904045708 -12.4941394731 5.6906424744 0.0406371653
43282 315858.17 113.8391093734 34.0814791931 3776403.216084 762084.1767725 57.326177937 0.3880597645 0.6535629669 294.6246992899 -12.5007065341 5.7288046389 0.0384534795
43283 315858.25 113.8390985455 34.0814833364 3776403.648112002 762083.1641434 57.3299628049 0.3877541662 0.6705571074 294.7490007499 -12.5099519502 5.7615683822 0.0497194698
43284 315858.33 113.8390877081 34.0814875007 3776404.082436 762082.1505715002 57.3342345748 0.441368527 0.7042227761 294.8951057824 -12.5191543335 5.7950707822 0.0466599359
43285 315858.41 113.8390768673 34.0814916944 3776404.520022 762081.1365894 57.3404290099 0.4480545798 0.6355206647 295.0188952844 -12.5211690375 5.8336647785 0.1046117154
43286 315858.49 113.8390660182 34.0814959121 3776404.960251 762080.1217800998 57.3472914109 0.3568502215 0.6444394999 295.1325335697 -12.5321961842 5.8711921298 0.0570007117
43287 315858.57 113.8390551638 34.0815001609 3776405.403915 762079.1063699998 57.3531144587 0.4171308698 0.6584989596 295.2131715306 -12.536643275 5.9161491416 0.0857077005
43288 315858.65 113.839044299 34.0815044296 3776405.849761 762078.0899511 57.3577036755 0.3670215209 0.6531268875 295.2829507778 -12.5531877112 5.9314639367 0.0272019165
43289 315858.73 113.8390334227 34.0815087169 3776406.297641 762077.0724059 57.3631734922 0.3573970732 0.7114715634 295.339163481 -12.5682660119 5.9607220746 0.1053858111
43290 315858.81 113.8390225357 34.0815130212 3776406.74738 762076.0538221998 57.3679012088 0.2585566972 0.7392253259 295.3909281386 -12.5765031595 5.9761793563 0.0360059721
43291 315858.89 113.839011635 34.0815173425 3776407.198968 762075.0339201002 57.3719845368 0.2861108635 0.7437494588 295.4300898015 -12.597989726 6.005244883 0.0584224623
43292 315858.97 113.8390007176 34.0815216749 3776407.65175 762074.0124361 57.3735444425 0.3033797853 0.7415494567 295.4621295374 -12.6143537668 6.0162828319 0.0064910302
43293 315859.05 113.8389897854 34.0815260205 3776408.10596 762072.9895588 57.3762870403 0.3210166522 0.7826296 295.4725967042 -12.6309015302 6.0404737829 0.0618139277
43294 315859.13 113.8389788358 34.0815303769 3776408.561321 762071.9650285 57.3800832704 0.3428235159 0.7568195649 295.48000603 -12.6449773997 6.0477424145 0.0399675473
43295 315859.21 113.8389678685 34.0815347397 3776409.017353 762070.9388536 57.3843557537 0.3747706042 0.7269824185 295.4785755925 -12.6689493818 6.0581228051 0.0605512281
43296 315859.29 113.838956881 34.0815391066 3776409.473776 762069.9107991002 57.3889326779 0.3887786965 0.6999683624 295.4785796932 -12.6940633592 6.0587324495 0.0664552515
43297 315859.37 113.8389458756 34.081543478 3776409.930658 762068.8810715 57.3932739049 0.4678408042 0.6351535428 295.483671424 -12.714506758 6.0634927202 0.0618927793
43298 315859.45 113.838934853 34.0815478524 3776410.387835 762067.8497496998 57.3992730258 0.491184782 0.5901045126 295.4987491376 -12.733359851 6.0631382992 0.0837727489
43299 315859.53 113.8389238186 34.0815522393 3776410.846361 762066.8173051998 57.4075855194 0.4151144086 0.5928453682 295.4976059402 -12.7424914384 6.0934474204 0.1289144728
43300 315859.61 113.8389127682 34.081556637 3776411.306049 762065.7833454 57.414082489 0.3210709919 0.6165967136 295.4884682668 -12.7675874096 6.0962985749 0.0572210252
43301 315859.69 113.8389017023 34.0815610444 3776411.766774 762064.7479223 57.4192845188 0.3616963279 0.6456007049 295.4726952601 -12.7853828635 6.1209011175 0.0709058146
43302 315859.77 113.8388906167 34.0815654551 3776412.227814 762063.7106732 57.4225734454 0.3179315936 0.7028207077 295.4698142494 -12.807625646 6.1185422035 0.0237856441
43303 315859.85 113.8388795152 34.0815698729 3776412.689602 762062.671932 57.4262554506 0.3372155719 0.7403252539 295.4668749319 -12.8243225095 6.1288722174 0.0592232284
43304 315859.93 113.8388683951 34.0815742948 3776413.151798001 762061.6314585 57.4303955343 0.3545592434 0.74724713 295.4701243201 -12.8433862231 6.1388858361 0.0457867717
43305 315860.01 113.8388572583 34.0815787244 3776413.614802 762060.5894285998 57.4343527034 0.3263974298 0.7665423975 295.4646009995 -12.867340348 6.1449959226 0.0388282822
43306 315860.09 113.8388461016 34.0815831598 3776414.0783980014 762059.54553 57.437139092 0.4778789348 0.7758770572 295.4693235357 -12.8842093453 6.1501477641 0.0399617267
43307 315860.16 113.8388363263 34.0815870455 3776414.484539 762058.6308965 57.4409292564 0.5693932908 0.7472205726 295.4734121684 -12.8996127114 6.1517751233 0.0735433622
43308 315860.23 113.8388265386 34.0815909326 3776414.890806 762057.7151076 57.4476733515 0.575014407 0.7092105668 295.4832900639 -12.9134485443 6.1588860702 0.1335542512
43309 315860.3 113.8388167424 34.0815948258 3776415.297723002 762056.7985226 57.4552328102 0.5425416901 0.6948405505 295.4854022879 -12.9236747143 6.1710976846 0.1073948957
43310 315860.37 113.8388069356 34.0815987233 3776415.705088 762055.8809436 57.4624374919 0.6492530916 0.6468614202 295.4910197656 -12.9374960334 6.1783001425 0.0984378264
43311 315860.44 113.8387971212 34.0816026263 3776416.113053 762054.9626356999 57.470734355 0.6557857798 0.6289575851 295.4889948326 -12.9472009908 6.1929279692 0.1384519257
43312 315860.51 113.8387872967 34.0816065327 3776416.521365 762054.0433925998 57.4795237333 0.5593929088 0.6323588159 295.488409015 -12.9646717808 6.1891655604 0.1346717797
43313 315860.58 113.8387774632 34.0816104431 3776416.930097 762053.123305 57.488387051 0.544620802 0.6405888893 295.4860352219 -12.9720314492 6.2024987238 0.117435709
43314 315860.65 113.8387676193 34.0816143589 3776417.3393910006 762052.2022415 57.4964654166 0.4266568414 0.6077842835 295.4810506846 -12.9913694537 6.2043799931 0.1055247426
43315 315860.72 113.8387577629 34.0816182753 3776417.748741002 762051.2800231 57.5027964907 0.4129802172 0.5924712248 295.4848803495 -13.0022833743 6.2059090999 0.0667321964
43316 315860.79 113.8387478949 34.0816221985 3776418.158803 762050.3567128 57.5082847979 0.3840473981 0.596162585 295.4832555318 -13.0235205373 6.2213007047 0.0888886732
43317 315860.86 113.8387380146 34.0816261254 3776418.569245 762049.4322576 57.512281701 0.3840747452 0.5777836501 295.4820438377 -13.0385204224 6.2228913113 0.0557288876
43318 315860.93 113.8387281258 34.0816300571 3776418.980192 762048.506999 57.5160585623 0.4155137392 0.5946919427 295.4854804902 -13.047961145 6.2337452576 0.0610590438
43319 315861.0 113.8387182262 34.0816339928 3776419.391568 762047.5807289 57.5207626009 0.4441253234 0.579850927 295.4905483883 -13.0609626113 6.2365790144 0.0819826832
43320 315861.07 113.8387083195 34.0816379355 3776419.803691 762046.6537839002 57.5264027482 0.4043765809 0.5877294091 295.4879248867 -13.0674433359 6.2503110583 0.0854391275
43321 315861.14 113.8386984021 34.0816418827 3776420.216296 762045.7258349 57.5312297754 0.4159674326 0.5799503784 295.4911478991 -13.086048367 6.2531164648 0.0583797577
43322 315861.21 113.8386884761 34.0816458335 3776420.629272 762044.7970828 57.5365749514 0.4368887776 0.5662987117 295.4869408799 -13.0963087691 6.2642639722 0.0849209627
43323 315861.28 113.8386785383 34.0816497887 3776421.042715 762043.8672311 57.5418254826 0.3628670328 0.6001049532 295.4887534509 -13.1168265857 6.2686846149 0.0918339334
43324 315861.35 113.8386685888 34.081653747 3776421.456467 762042.9362875 57.5451649269 0.4395038595 0.581516746 295.4950265017 -13.1260367544 6.2687978427 0.0461396126
43325 315861.42 113.8386586298 34.0816577105 3776421.870764 762042.0044505 57.5499795694 0.4437926147 0.5732400605 295.5074301403 -13.1405857768 6.2825516879 0.0915180123
43326 315861.49 113.8386486613 34.0816616807 3776422.285793 762041.0717095 57.5556579996 0.3267138844 0.5948133643 295.5201327109 -13.1549147393 6.2980549276 0.0929070122
43327 315861.56 113.8386386839 34.0816656579 3776422.701571 762040.138131 57.5601080507 0.3139239227 0.5794612148 295.5268095996 -13.1663095493 6.3017359501 0.0365637055
43328 315861.63 113.8386286946 34.0816696418 3776423.118062998 762039.2034346998 57.5633472735 0.3771731932 0.5796892425 295.5378381459 -13.1832338481 6.3135872959 0.043195161
43329 315861.7 113.8386186959 34.0816736313 3776423.535146 762038.2678507 57.5662256526 0.4016051187 0.5648619927 295.5489991916 -13.1966132889 6.3224950004 0.0447118331
43330 315861.77 113.838608687 34.081677625 3776423.952672 762037.3313131 57.5703373318 0.4490365505 0.5578983643 295.5671456694 -13.2086434764 6.3348732737 0.0749638873
43331 315861.84 113.8385986701 34.0816816246 3776424.370835 762036.3940148002 57.5755070494 0.3924022272 0.5271219062 295.5840658273 -13.2155668923 6.3430056421 0.0666950741
43332 315861.91 113.8385886429 34.0816856289 3776424.789488 762035.4557587 57.5811504507 0.3910984365 0.5063884289 295.6028238897 -13.2312704748 6.3520844622 0.0725766554
43333 315861.98 113.8385786097 34.0816896419 3776425.209095 762034.5169122 57.5876917299 0.2566151643 0.5214873961 295.6076329467 -13.2387211169 6.3671641582 0.0673138318
43334 315862.05 113.8385685622 34.0816936624 3776425.629498998 762033.576729 57.5901823631 0.2512957973 0.5209366053 295.6174685066 -13.2510844357 6.3679327993 0.0089676557
43335 315862.12 113.8385584991 34.081697692 3776426.050875 762032.6350753 57.591313717 0.3098793989 0.5496548037 295.6220904188 -13.2713488814 6.3933094486 0.0025944201
43336 315862.19 113.8385484295 34.0817017268 3776426.472804 762031.6928007 57.5933562741 0.3400362749 0.6316895679 295.6346911822 -13.2809745049 6.4029691299 0.0669658643
43337 315862.26 113.8385383512 34.0817057666 3776426.895276 762030.7497143 57.596282836 0.3156950854 0.6884387092 295.6375573865 -13.2854659728 6.4046830782 0.0560940943
43338 315862.33 113.8385282657 34.0817098138 3776427.318548002 762029.8059397 57.5996704353 0.4840457735 0.6692309002 295.6423274658 -13.2997191083 6.4115991952 0.0501572208
43339 315862.4 113.8385181704 34.0817138606 3776427.741741 762028.8612621998 57.6060948437 0.4563557404 0.6888078778 295.6566785202 -13.3201805565 6.4169231824 0.131700906
43340 315862.47 113.8385080693 34.0817179079 3776428.1649839985 762027.9160437 57.6130086761 0.4121483401 0.6710809597 295.6705409515 -13.3176026515 6.411565647 0.0929061481
43341 315862.54 113.8384979585 34.0817219586 3776428.588582 762026.9699172 57.620660576 0.4962011283 0.6098955964 295.6817927649 -13.3313282649 6.4181318993 0.09682235
43342 315862.61 113.8384878402 34.0817260145 3776429.012726 762026.0230866 57.6274948921 0.3844870969 0.6071644468 295.6809938539 -13.3442696357 6.4302334896 0.0920574815
43343 315862.68 113.8384777152 34.0817300737 3776429.4372230014 762025.0756278002 57.6332807476 0.369612904 0.5884075181 295.6646819271 -13.3523108124 6.4293563657 0.068877967
43344 315862.75 113.8384675811 34.0817341381 3776429.862283 762024.1273153 57.6376008848 0.3536119519 0.6236320432 295.6234948424 -13.3670208954 6.4427117586 0.0582228037
43345 315862.82 113.8384574366 34.0817382025 3776430.287312 762023.1780396 57.6408385672 0.3625259454 0.617136943 295.5727254429 -13.3811084492 6.4310027235 0.0511649244
43346 315862.89 113.8384472805 34.0817422603 3776430.711569 762022.2277105 57.6447285861 0.3644885228 0.6188064961 295.5216731973 -13.3913393786 6.4208369141 0.0654485688
43347 315862.96 113.8384371112 34.0817463127 3776431.135209 762021.276184 57.6495909635 0.3287536352 0.5824127175 295.4705587828 -13.4171508195 6.4084360442 0.0745675737
43348 315863.03 113.8384269283 34.0817503577 3776431.557981 762020.3234132 57.6536131892 0.3292777776 0.5438518431 295.424129728 -13.4280735306 6.4027253703 0.0515499567
43349 315863.1 113.8384167288 34.0817544 3776431.980418 762019.3691277 57.6569289882 0.3852306847 0.5100946148 295.3762664938 -13.4526606158 6.3932339995 0.054733846
43350 315863.17 113.8384065189 34.0817584384 3776432.402387 762018.4138978 57.6608103849 0.364317195 0.5303848553 295.3210388755 -13.4599071952 6.3966253396 0.0649471801
43351 315863.24 113.8383963005 34.0817624754 3776432.824191 762017.4578761999 57.6652089208 0.4005435001 0.4968674461 295.2539350608 -13.4738975465 6.3852463997 0.0694155314
43352 315863.31 113.8383860686 34.081766507 3776433.245348002 762016.5006347 57.670361707 0.3560447038 0.5661608893 295.1837493299 -13.4928721116 6.3896005448 0.0828605942
43353 315863.38 113.8383758257 34.0817705349 3776433.666072 762015.5423848 57.6745728431 0.3542267058 0.5840880349 295.1025390852 -13.507426234 6.370763104 0.0519595829
43354 315863.45 113.8383655671 34.0817745541 3776434.085793 762014.5827131 57.6787570286 0.4268379805 0.6538195105 295.0281617394 -13.5257507132 6.3615587906 0.0623867048
43355 315863.52 113.8383552946 34.0817785676 3776434.504841 762013.6217733001 57.682927289 0.4269769984 0.6556012215 294.9394011035 -13.5509076504 6.3454955905 0.0660718992
43356 315863.59 113.8383450054 34.0817825657 3776434.922144002 762012.6593434 57.6879237248 0.4478810179 0.6594751391 294.8646314021 -13.5719050996 6.3183033898 0.0840096785
43357 315863.66 113.8383347026 34.081786555 3776435.338429 762011.695679 57.6937425788 0.408834202 0.6648039124 294.7872526364 -13.5884814364 6.3107894864 0.0820129464
43358 315863.72 113.8383258599 34.081789967 3776435.694397 762010.8686292 57.6983292718 0.446241461 0.6471171269 294.7237422807 -13.6034933912 6.2966205878 0.0650924511
43359 315863.79 113.83831553 34.0817939401 3776436.108814 762009.90251 57.7034906419 0.5029119575 0.6587531945 294.6476433006 -13.6229602342 6.286889231 0.0736484195
43360 315863.86 113.8383051876 34.0817979063 3776436.522439 762008.9352691 57.7092875484 0.4591576852 0.6647299278 294.5620627791 -13.6419823226 6.2715021591 0.0956426326
43361 315863.93 113.8382948337 34.0818018628 3776436.934956 762007.9669877 57.7165587992 0.375951232 0.7076901205 294.4764046782 -13.6547781794 6.2576558013 0.1026907318
43362 315864.0 113.8382844641 34.0818058126 3776437.346687 762006.9972774 57.7225841898 0.310146148 0.7724292238 294.3918385905 -13.6788039213 6.2458368236 0.074450547
43363 315864.07 113.8382740796 34.0818097555 3776437.757625 762006.0262183001 57.7262871973 0.3334266671 0.7798102843 294.3025407892 -13.6979756826 6.234645305 0.0362381738
43364 315864.14 113.8382636783 34.0818136902 3776438.167598998 762005.0536269 57.7292569773 0.363345775 0.7553443281 294.2139743535 -13.7234583758 6.2180252914 0.0555315795
43365 315864.21 113.8382532596 34.0818176105 3776438.575935 762004.0794818002 57.7326401239 0.3527565019 0.7808040779 294.1245937916 -13.7432715798 6.1990883441 0.0519685367
43366 315864.28 113.8382428268 34.0818215206 3776438.983092 762003.1040631 57.7363262568 0.4853984909 0.757261085 294.0344492086 -13.7606146662 6.1776526914 0.0558517329
43367 315864.35 113.8382323765 34.0818254202 3776439.389057 762002.1270535 57.7417166987 0.4851074085 0.7910156619 293.9437780305 -13.7852018001 6.1708755637 0.1092376198
43368 315864.42 113.8382219154 34.08182931 3776439.793893 762001.1490828 57.7483900301 0.4615089663 0.7628330022 293.8397849011 -13.7952230344 6.1480290934 0.1146851821
43369 315864.49 113.8382114384 34.0818331865 3776440.197217 762000.1696867 57.7567510987 0.3572901422 0.8485231139 293.7322749176 -13.8187202336 6.1288858625 0.1087272954
43370 315864.56 113.8382009471 34.081837055 3776440.599619 761999.1889935002 57.7617130931 0.3940761164 0.8837421231 293.6180161042 -13.837377648 6.1096798129 0.0488631627
43371 315864.63 113.8381904403 34.081840909 3776441.000361 761998.2069085998 57.7663388997 0.3812233749 0.8948812631 293.5062909902 -13.8550455946 6.0894874692 0.0765464486
43372 315864.7 113.8381799199 34.0818447465 3776441.399254 761997.2236311 57.7711810693 0.2816394829 0.8763041636 293.3910625262 -13.8749253907 6.0611510693 0.0640386535
43373 315864.77 113.8381693829 34.0818485617 3776441.7956199986 761996.2388798002 57.7750245975 0.2889825008 0.8519599605 293.2828936199 -13.8981056478 6.0218669565 0.0348303168
43374 315864.84 113.838158834 34.0818523607 3776442.190153 761995.2530761 57.77775524 0.3024193013 0.8069107664 293.1786859071 -13.9091217412 6.0048816554 0.0420487762
43375 315864.91 113.8381482746 34.0818561404 3776442.582532 761994.266376 57.7803969905 0.3635936395 0.7552623036 293.075065358 -13.9182630444 5.9677759015 0.0472732646
43376 315864.98 113.8381377117 34.0818599066 3776442.973393 761993.279383 57.7851293385 0.3339894615 0.7378651508 292.9632301523 -13.9245370195 5.957206291 0.0812333813
43377 315865.05 113.8381271467 34.0818636561 3776443.362392 761992.2922522 57.7909597428 0.253741121 0.7396981064 292.8404964402 -13.9296314558 5.925749014 0.0802331241
43378 315865.12 113.8381165819 34.0818673839 3776443.748994 761991.3052041 57.7960516289 0.2320755036 0.7691147681 292.7209614308 -13.924873936 5.8932785284 0.0349026919
43379 315865.19 113.8381060181 34.0818710895 3776444.133133 761990.3183154 57.8001904506 0.3211715543 0.7560473054 292.606729758 -13.9243357422 5.8488853588 0.0551455228
43380 315865.26 113.8380954559 34.0818747713 3776444.514633 761989.3316566 57.8048519632 0.2840780414 0.7688123098 292.5009121896 -13.9216527122 5.8188415504 0.0720009886
43381 315865.33 113.8380848982 34.0818784315 3776444.893739 761988.3454696998 57.8102184078 0.2797584933 0.7443841874 292.3967855898 -13.9142198804 5.7812702812 0.0974178889
43382 315865.4 113.8380743452 34.0818820692 3776445.270369 761987.3597987 57.8158845799 0.201335971 0.7821370224 292.3008434334 -13.9018159704 5.7529478612 0.0838160236
43383 315865.47 113.8380637998 34.0818856911 3776445.645267 761986.3748670998 57.8206949197 0.2566671141 0.7701041274 292.2047246626 -13.897393745 5.7232388326 0.0703192443
43384 315865.54 113.8380532611 34.0818892927 3776446.017928 761985.3906232 57.8254486201 0.1814803069 0.8014462149 292.1166499895 -13.88613114 5.6946625768 0.068916001
43385 315865.61 113.838042736 34.0818928758 3776446.3885699986 761984.4076841 57.8287482439 0.2719207696 0.785506234 292.0276039432 -13.8673114721 5.6612918844 0.0336212571
43386 315865.68 113.8380322173 34.0818964397 3776446.757095 761983.4253998002 57.8327340707 0.2953243555 0.8019409543 291.9481685763 -13.8576365395 5.6368126833 0.0681481
43387 315865.75 113.8380217126 34.0818999832 3776447.123395 761982.4444716 57.8371992353 0.3106309093 0.7879116778 291.868627128 -13.8393573343 5.6009303001 0.0579224638
43388 315865.82 113.8380112163 34.0819035081 3776447.487653 761981.4643795 57.8430088013 0.283921128 0.8214417583 291.795226089 -13.827717985 5.575906758 0.1109755378
43389 315865.89 113.8380007338 34.0819070162 3776447.850082 761980.4856126 57.8484852901 0.1794670938 0.8041849166 291.7118864499 -13.8114206108 5.5480765555 0.0645627606
43390 315865.96 113.8379902607 34.0819105055 3776448.210445 761979.5077701 57.8537247581 0.2354081525 0.7750240313 291.6340748718 -13.7971568157 5.5133928774 0.0701836105
43391 315865.98 113.8379872696 34.0819114996 3776448.313095 761979.2285024 57.8553025434 0.1344398707 0.7988253055 291.6104788136 -13.7977465989 5.5103297492 0.0762731677
43392 315866.05 113.8379768087 34.081914967 3776448.671058 761978.2518618 57.8589009279 0.1523195578 0.7826666218 291.531571663 -13.7791212277 5.479584867 0.0511600804
43393 315866.12 113.8379663547 34.081918417 3776449.027118 761977.2759015 57.862593431 0.036278722 0.7986408886 291.4564596184 -13.7689681139 5.4554468294 0.0522035177
43394 315866.19 113.8379559111 34.0819218504 3776449.381349 761976.3009565 57.8646650091 0.0301056154 0.7571276967 291.3799787063 -13.7564965965 5.429102962 0.0118668395
43395 315866.26 113.8379454745 34.0819252658 3776449.73361 761975.3267143002 57.8652937114 0.0765388873 0.7625599159 291.3110724693 -13.7471417136 5.3986867629 -0.0043878655
43396 315866.33 113.8379350495 34.0819286675 3776450.084376 761974.3535844 57.8654847974 0.1935549431 0.7226787745 291.2414734292 -13.7302114823 5.3808129478 0.008305078
43397 315866.4 113.8379246376 34.0819320503 3776450.433083999 761973.3817175 57.8678819332 0.1935716502 0.684358711 291.1756070876 -13.7109575728 5.3458126985 0.0600706871
43398 315866.47 113.8379142397 34.0819354158 3776450.779908 761972.4112053 57.8723744908 0.1221206862 0.700585841 291.1187413967 -13.6955250393 5.3243763707 0.0600148958
43399 315866.54 113.8379038529 34.0819387704 3776451.125537 761971.4417481 57.8765070606 0.0585947784 0.6498328347 291.0590346447 -13.6827006945 5.3041635091 0.0534198046
43400 315866.61 113.8378934791 34.0819421072 3776451.469241 761970.4735461 57.8796854988 -0.0347534124 0.6054013469 291.0067667716 -13.6635818473 5.2736486874 0.0395541151
43401 315866.68 113.8378831162 34.0819454331 3776451.81175 761969.5063823 57.8806622326 -0.0438619409 0.5813266279 290.9529117004 -13.6503475648 5.2594245488 -0.0095325765
43402 315866.75 113.8378727629 34.0819487451 3776452.152756 761968.5401526998 57.8794405339 0.0145801625 0.5557434817 290.9037475925 -13.6366936201 5.2385882064 -0.0317110492
43403 315866.82 113.8378624238 34.0819520469 3776452.492659 761967.5752566998 57.878205183 0.040248093 0.5674551264 290.8534194407 -13.6142597352 5.2252120265 -0.0055937879
43404 315866.89 113.8378520976 34.0819553361 3776452.831195 761966.6115993 57.878947434 -0.0531660488 0.6059379959 290.7973328601 -13.5962412528 5.2017339596 0.033948545
43405 315866.96 113.8378417856 34.0819586169 3776453.168834 761965.6492744002 57.8795145862 -0.125253444 0.6219306378 290.7367607803 -13.5764866722 5.1911705302 0.0029533311
43406 315867.03 113.8378314838 34.0819618826 3776453.504819 761964.687943 57.8796310853 -0.1384853794 0.6270116121 290.6840858672 -13.5730612661 5.1645325329 0.0092601495
43407 315867.1 113.8378211844 34.081965131 3776453.8389 761963.7268830999 57.87770708 -0.1483615723 0.6654271454 290.64148583 -13.5560665786 5.1485018406 -0.0046863576
43408 315867.17 113.8378108958 34.0819683659 3776454.1715089986 761962.7668608002 57.8752242308 -0.1156845382 0.6326821473 290.5921591223 -13.5456975429 5.1175966075 -0.0096760702
43409 315867.24 113.8378006189 34.0819715884 3776454.502769 761961.8079617 57.874128961 -0.2049242392 0.6177979582 290.5469871919 -13.5343529384 5.1096938162 -0.0181994537
43410 315867.31 113.837790354 34.0819748003 3776454.832894 761960.8502031 57.8726865929 -0.3275366157 0.5611045517 290.4799369946 -13.5155632836 5.0826605003 -0.0414897212
43411 315867.38 113.8377800986 34.0819779958 3776455.161212 761959.8933723002 57.8696058178 -0.3621875908 0.5301836991 290.41254108 -13.5001721252 5.0554634561 -0.0986681772
43412 315867.45 113.8377698485 34.0819811788 3776455.488157 761958.9370666 57.86277935 -0.2036951876 0.551062773 290.3381363765 -13.5014202169 5.0408263959 -0.1329646671
43413 315867.52 113.83775961 34.0819843442 3776455.813184 761957.9818877 57.8558359388 0.0021471263 0.525825308 290.2619956612 -13.4781130663 5.0113804017 -0.0756629128
43414 315867.59 113.8377493849 34.0819874953 3776456.136658 761957.027986 57.853357478 0.0824924064 0.5273497592 290.1800642305 -13.4610741169 4.9886489879 0.0041376188
43415 315867.66 113.8377391744 34.0819906271 3776456.458019 761956.0754978 57.8559792321 0.0713336793 0.5536840917 290.0989104675 -13.4394979987 4.958446423 0.0734573569
43416 315867.73 113.8377289775 34.0819937448 3776456.777862 761955.1243029 57.8601550022 -0.1108235848 0.5798951683 290.0113147923 -13.422547051 4.9346232099 0.0587215652
43417 315867.8 113.8377187921 34.0819968453 3776457.095817 761954.1742348 57.8623004612 -0.1742750302 0.6279708608 289.9293066296 -13.4107381637 4.9071971984 0.0066978128
43418 315867.83 113.8377144312 34.0819981698 3776457.23162 761953.7674622 57.86262393 -0.2402914015 0.6431163847 289.8919938536 -13.3996079231 4.899251454 0.0015854409
43419 315867.91 113.8377028095 34.0820016854 3776457.591963 761952.6834823001 57.8594053285 -0.1103908063 0.6118794757 289.7991466136 -13.3893473398 4.8622137347 -0.0535420479
43420 315867.99 113.8376912011 34.0820051751 3776457.949465 761951.6008034 57.8548557917 -0.0850058382 0.6487718277 289.7101829571 -13.3663404876 4.833541778 -0.0493642994
43421 315868.07 113.8376796122 34.0820086414 3776458.3044199985 761950.5200028 57.8521973668 -0.0114195625 0.6099852399 289.6213969101 -13.3535207937 4.7982695789 -0.0100053713
43422 315868.15 113.8376680425 34.0820120818 3776458.656543 761949.4410505 57.8525666129 -0.0765537693 0.5822974779 289.5316178385 -13.3328330133 4.7647675001 0.0180090948
43423 315868.23 113.8376564878 34.0820155007 3776459.006333 761948.3635560998 57.8528561881 -0.128060703 0.5945234347 289.4431837421 -13.3166653947 4.7349337131 -0.0004044761
43424 315868.31 113.8376449477 34.0820189005 3776459.354024 761947.2874640998 57.8517003544 -0.1428319023 0.5901261253 289.3546569615 -13.2984408679 4.7083893681 -0.0242039941
43425 315868.39 113.8376334213 34.0820222796 3776459.699462998 761946.2127091999 57.849438821 -0.1018491197 0.5879912081 289.2685973279 -13.2859870216 4.6756488343 -0.0100967649
43426 315868.47 113.8376219117 34.0820256366 3776460.0425 761945.1395664002 57.8472162038 -0.0906340958 0.6070382425 289.1770041768 -13.2605225413 4.6500804996 -0.0170658071
43427 315868.55 113.8376104165 34.0820289756 3776460.383561 761944.0678049 57.8449553177 -0.0442813564 0.5633452618 289.0746372204 -13.2494715152 4.6143956778 -0.0094811858
43428 315868.63 113.8375989357 34.0820322869 3776460.721597 761942.9974667 57.8440351766 -0.0822139502 0.5725332521 288.977685915 -13.2313800538 4.5824911728 -0.0016100038
43429 315868.68 113.8375917672 34.082034347 3776460.931831 761942.3291797 57.8438791921 -0.1178408148 0.5681285683 288.9171532869 -13.2198877642 4.5706875197 -0.0032087311
43430 315868.76 113.8375803077 34.0820376218 3776461.26587 761941.2609108002 57.843410749 -0.1447634746 0.5526827257 288.817179858 -13.2054613465 4.5313168083 -0.0037380904
43431 315868.84 113.8375688628 34.0820408776 3776461.597829 761940.1940573001 57.842079021 -0.2327536767 0.5586957325 288.7133726109 -13.1896171941 4.5105664907 -0.0570788328
43432 315868.92 113.8375574296 34.0820441117 3776461.927414 761939.128348 57.8391022077 -0.1666405749 0.5842669537 288.6096570581 -13.181725025 4.4810255586 -0.0404040114
43433 315869.0 113.8375460106 34.0820473266 3776462.25491 761938.0640181998 57.8349164389 -0.0823198831 0.5431093245 288.4971847352 -13.1614490983 4.4508362499 -0.0546697217
43434 315869.08 113.8375346004 34.08205051 3776462.578925 761937.0005901 57.8319246331 -0.0744986784 0.5328344609 288.3982864327 -13.1507355728 4.4014990874 -0.0239420782
43435 315869.16 113.8375232051 34.0820536709 3776462.900487 761935.9386066998 57.8306387598 -0.0333799088 0.5425412724 288.2960117559 -13.1301010235 4.37989376 -0.0082345239
43436 315869.24 113.8375118239 34.0820568096 3776463.219614 761934.8779926999 57.8305954179 -0.0592613664 0.5440695517 288.1968535018 -13.1159008394 4.3438842609 -0.0005846372
43437 315869.32 113.8375004577 34.0820599278 3776463.536508 761933.8188246 57.8303645076 -0.0404547705 0.5412436757 288.0946529281 -13.0973463936 4.3218441124 -0.0088123674
43438 315869.4 113.837489106 34.0820630237 3776463.850973 761932.7610686999 57.8302949797 -0.0549419342 0.5681382907 287.9886442862 -13.0853244593 4.2848955781 0.0060112875
43439 315869.48 113.8374777705 34.0820660998 3776464.16327 761931.704875 57.8300430514 -0.0827003647 0.5647853039 287.8807501512 -13.0657074598 4.2574061408 -0.0182441344
43440 315869.56 113.8374664462 34.082069149 3776464.472624 761930.6497932 57.8287881399 -0.0408870811 0.5694469882 287.7861740216 -13.051243897 4.2209339729 -0.0180614219
43441 315869.64 113.8374551373 34.0820721778 3776464.7797449986 761929.596199 57.8273170842 -0.051935017 0.522555819 287.6844725127 -13.0316488771 4.1930050404 -0.0264241899
43442 315869.72 113.8374438408 34.0820751799 3776465.0839370014 761928.5438276 57.8266467657 -0.064139011 0.5305778656 287.5927072711 -13.0226070603 4.1586273107 -0.0019642004
43443 315869.8 113.8374325598 34.0820781632 3776465.386079 761927.4929429 57.8260703711 -0.0804672593 0.4749566046 287.4931240478 -13.0020639932 4.1313351128 -0.0143923448
43444 315869.88 113.8374212919 34.082081124 3776465.685762998 761926.4433498002 57.8257058607 -0.1165330969 0.4697045026 287.4025017088 -12.9888936955 4.0990592484 -0.0194491708
43445 315869.96 113.8374100387 34.0820840667 3776465.983471 761925.3951563 57.824904318 -0.0542345598 0.4550126229 287.3093182735 -12.9705835827 4.0771660643 -0.0159449824
43446 315870.04 113.8373987984 34.0820869868 3776466.278708 761924.3482366998 57.8233927786 -0.0901594189 0.4532345115 287.2228881377 -12.9583562763 4.0366054707 -0.0251879382
43447 315870.12 113.8373875676 34.0820898818 3776466.571177 761923.3022594 57.8226988604 -0.066214173 0.4501487918 287.1258174523 -12.9432481731 4.0176236121 -0.015393213
43448 315870.2 113.8373763534 34.0820927569 3776466.861491998 761922.2578788 57.8215999864 -0.1074737883 0.491156345 287.0305310889 -12.9238888298 3.9807272243 -0.0416276294
43449 315870.28 113.8373651547 34.0820956159 3776467.150053 761921.2149850002 57.8206845978 -0.038840321 0.5044950018 286.9322684452 -12.9048017987 3.9686747952 -0.0106626918
43450 315870.36 113.8373539712 34.0820984523 3776467.436145 761920.1735633 57.8195368964 -0.0443219798 0.5331856809 286.8344509888 -12.8842320184 3.9245413283 -0.0192142668
43451 315870.37 113.8373525739 34.0820988053 3776467.471742 761920.043452 57.8192438986 -0.0087420315 0.534568085 286.8245646772 -12.8858776299 3.9245075353 -0.030672348
43452 315870.45 113.8373414055 34.0821016178 3776467.755214 761919.0034895 57.8187505128 0.0414982474 0.5620824275 286.725250346 -12.8695438227 3.9037757062 0.0096061399
43453 315870.53 113.8373302534 34.082104408 3776468.036269 761917.9651154998 57.8196933921 -0.1122833166 0.5790576691 286.6282054354 -12.8471851775 3.8614096312 0.0136908503
43454 315870.61 113.837319117 34.082107176 3776468.314891998 761916.9282493 57.8217122639 -0.2337169657 0.5627227728 286.5464642327 -12.8372093991 3.8400819205 0.0177173856
43455 315870.69 113.8373079909 34.0821099247 3776468.591394 761915.892398 57.819202912 -0.326118085 0.5379878591 286.4646008358 -12.8168996197 3.803755327 -0.0498869513
43456 315870.77 113.8372968761 34.0821126529 3776468.865653 761914.8576536998 57.8129715761 -0.1924131613 0.5368657347 286.4005957959 -12.8103073379 3.782472427 -0.0878711296
43457 315870.85 113.8372857777 34.0821153707 3776469.138808 761913.824447 57.8071715087 -0.1434089619 0.537362 286.3210995375 -12.7902716082 3.7688805571 -0.0352087904
43458 315870.93 113.8372746978 34.0821180712 3776469.410079 761912.7930138 57.8047234835 -0.2495651472 0.5245768253 286.2469389415 -12.7699720301 3.7435019813 -0.0106210352
43459 315871.01 113.8372636325 34.0821207546 3776469.679499 761911.7629754002 57.8031119397 -0.2485024441 0.5386535499 286.1691403224 -12.7553595793 3.7197226822 -0.0233468773
43460 315871.09 113.8372525802 34.082123429 3776469.9479519986 761910.7341715 57.7984018689 -0.2837401686 0.5765333101 286.0918038762 -12.7322551481 3.6989823195 -0.0862270794
43461 315871.17 113.8372415401 34.0821260879 3776470.214714 761909.7065368 57.7918769307 -0.0750736055 0.5116288159 286.0265236673 -12.7247498434 3.6691155392 -0.0770673205
43462 315871.25 113.8372305164 34.0821287256 3776470.47917 761908.6804815 57.7877251888 -0.0323151946 0.5059493031 285.9626470833 -12.7007015123 3.6457252057 -0.0257588991
43463 315871.33 113.8372195101 34.0821313496 3776470.742144 761907.6560736 57.7866456043 -0.0536761067 0.491870625 285.8950248637 -12.679258596 3.6279291603 -0.0078423705
43464 315871.35 113.8372167611 34.0821320031 3776470.807619 761907.4002154 57.7868014667 -0.027998128 0.4878767506 285.8779448439 -12.6768292753 3.6233267318 0.0118252151
43465 315871.43 113.837205778 34.0821346074 3776471.068471 761906.3780113001 57.7872899175 -0.0976923179 0.5089604691 285.8078757267 -12.6559898293 3.6029786074 0.0062605932
43466 315871.51 113.8371948099 34.0821372001 3776471.328071 761905.3572303002 57.7863885639 -0.0897395631 0.5307485115 285.7263866946 -12.6364327553 3.5854912798 -0.0212014753
43467 315871.59 113.8371838587 34.082139778 3776471.5860730014 761904.3380607 57.7851467989 -0.0795252364 0.5726236678 285.6247599134 -12.6179754457 3.5680935694 -0.0052353779
43468 315871.67 113.8371729217 34.0821423371 3776471.842031 761903.3202548 57.7835969711 -0.1597777856 0.604900759 285.5193232197 -12.6026204116 3.5302953849 -0.0260375103
43469 315871.75 113.837161999 34.0821448715 3776472.095279 761902.3038437 57.7820165912 -0.1123849312 0.5895295969 285.4221227156 -12.5884797915 3.4999833447 -0.0147913831
43470 315871.83 113.8371510888 34.0821473849 3776472.3462269986 761901.288655 57.779763639 -0.1915309045 0.5942634848 285.3211439125 -12.5717123907 3.472516982 -0.0247382015
43471 315871.91 113.8371401924 34.0821498756 3776472.594694 761900.2748118 57.7765713371 -0.1478251669 0.5676049388 285.2292470034 -12.5573201873 3.4412710026 -0.0431028243
43472 315871.99 113.8371293092 34.0821523451 3776472.84084 761899.2622493 57.7735695057 -0.0986126014 0.4984782874 285.1381189376 -12.5429752457 3.4119566808 -0.0297027134
43473 315872.07 113.8371184426 34.0821547934 3776473.084679 761898.2512861999 57.7712446554 -0.1567869145 0.5446116875 285.0487772141 -12.5217939887 3.3855840318 -0.0326634762
43474 315872.15 113.837107593 34.0821572261 3776473.326832 761897.2419345998 57.7693550382 -0.1232735893 0.5134652632 284.9568462466 -12.5068062891 3.3672488806 -0.0366154888
43475 315872.23 113.8370967564 34.0821596391 3776473.566826 761896.2338534 57.7678788593 -0.188379465 0.5420873477 284.8649226857 -12.4934891854 3.3386353485 -0.0126121244
43476 315872.31 113.8370859354 34.0821620336 3776473.80481 761895.2272696998 57.7651058417 -0.125684834 0.555231011 284.7777899352 -12.4723879416 3.3142095361 -0.0630392071
43477 315872.39 113.8370751273 34.0821644122 3776474.041072 761894.2219194998 57.7622699933 -0.1043478228 0.5758912314 284.6937374754 -12.4559707666 3.2880408058 -0.0194575871
43478 315872.47 113.8370643349 34.0821667723 3776474.275306 761893.2180755 57.759891578 -0.1104351665 0.5813558799 284.6091337997 -12.4412074213 3.2663435836 -0.0388225442
43479 315872.55 113.8370535579 34.0821691142 3776474.507565 761892.2157196 57.7588603916 -0.1154229138 0.5666413091 284.5232226518 -12.4210112679 3.2394586045 -0.0081937688
43480 315872.63 113.837042796 34.0821714378 3776474.737832 761891.2148101998 57.7579661561 -0.2280365234 0.6003716743 284.442937491 -12.4041971355 3.2165756708 -0.0124563307
43481 315872.71 113.8370320497 34.0821737481 3776474.966666002 761890.2153791 57.7556702299 -0.181374415 0.576689157 284.3596770865 -12.3852332594 3.192161043 -0.0443601681
43482 315872.79 113.8370213177 34.0821760395 3776475.193437998 761889.2173237 57.7520424295 -0.1255590014 0.5725422144 284.278720855 -12.3705059526 3.1684678706 -0.0604403625
43483 315872.87 113.8370106004 34.0821783144 3776475.418414 761888.2206821 57.7479381906 0.0653987923 0.6071317146 284.2053639661 -12.3517923907 3.1511652954 -0.04226013
43484 315872.95 113.8369999022 34.0821805725 3776475.6415800015 761887.2258634 57.7466477919 0.132797109 0.5889655004 284.1293539643 -12.3280141541 3.1222955207 0.0142809638
43485 315873.03 113.8369892229 34.0821828099 3776475.862493 761886.2328428002 57.7499187877 0.0085841684 0.5815346394 284.0611942731 -12.3045090046 3.0944085766 0.0460639096
43486 315873.11 113.8369785547 34.0821850338 3776476.0819440014 761885.2408869 57.7526566191 -0.0304915794 0.6268421251 283.9902322462 -12.289337273 3.0808841845 0.0119844601
43487 315873.19 113.8369679031 34.0821872479 3776476.300342 761884.250501 57.7529668845 -0.0421852797 0.6597340498 283.9086298093 -12.2732054212 3.0693200795 -0.019431592
43488 315873.2 113.8369665736 34.0821875238 3776476.327551 761884.1268845998 57.7527562287 -0.0145912841 0.6650985917 283.8982982927 -12.2643539634 3.0639875621 -0.0271861175
43489 315873.28 113.8369559404 34.0821897202 3776476.544037998 761883.1382523002 57.7518600328 -0.0252778251 0.7349723072 283.802932886 -12.2483168545 3.0327473031 -0.0085194335
43490 315873.36 113.8369453264 34.0821919017 3776476.75891 761882.1514348 57.7521938384 -0.0855829538 0.7924731367 283.6907543086 -12.2302077586 3.0231049014 0.0094395855
43491 315873.44 113.8369347267 34.0821940614 3776476.971414 761881.1660084 57.7523079822 -0.2180908477 0.8120169849 283.5726906186 -12.2136968762 2.9728044204 -0.0125779932
43492 315873.52 113.8369241389 34.0821961956 3776477.181111 761880.1817615 57.7513738899 -0.2923554628 0.8291744489 283.4673332898 -12.2054709489 2.9512236002 -0.0224206752
43493 315873.6 113.836913562 34.0821983075 3776477.388353 761879.1985846999 57.7478365805 -0.3260286721 0.7712458373 283.37247258 -12.1921305391 2.9161341945 -0.059745585
43494 315873.68 113.8369029969 34.0822003926 3776477.592667 761878.2165792 57.7423849404 -0.245087061 0.7043795769 283.2809620097 -12.1744140261 2.8816499459 -0.0593716004
43495 315873.76 113.8368924436 34.0822024642 3776477.7954980014 761877.2357073001 57.7363986941 -0.11466068 0.7092509409 283.1873062174 -12.1561931999 2.8696662981 -0.0701218385
43496 315873.85 113.8368805923 34.0822047752 3776478.021576 761876.1342502 57.7305538524 0.0822520624 0.6739344472 283.0815608604 -12.1304055625 2.8339457985 -0.0585298444
43497 315873.94 113.8368687629 34.0822070651 3776478.245367 761875.0348674 57.7292799708 0.2273582837 0.7522753839 282.9816247056 -12.1024417258 2.8148426295 0.037780886
43498 315874.03 113.8368569598 34.0822093346 3776478.4669699986 761873.9379769 57.7341339905 0.1120906965 0.7799798328 282.8881002242 -12.0784538958 2.7836394467 0.0734508962
43499 315874.12 113.8368451832 34.0822115912 3776478.6871980014 761872.84358 57.7403088762 0.0020044383 0.7680680661 282.8052319352 -12.0694046248 2.7562408328 0.0605514364
43500 315874.21 113.8368334225 34.0822138274 3776478.905209 761871.7507139 57.7424338609 0.0310799724 0.8350721019 282.7390372437 -12.0498462843 2.7528531655 0.0207125064
43501 315874.3 113.836821684 34.0822160506 3776479.121833 761870.6599343 57.7434184644 -0.0326746826 0.7730807679 282.6489756087 -12.029752591 2.7143535351 0.0274738783
43502 315874.39 113.8368099579 34.0822182501 3776479.335863 761869.5703728001 57.7437192686 -0.1300576621 0.8334525006 282.5724354579 -12.0145309064 2.7010260752 -0.0321214472
43503 315874.48 113.8367982451 34.0822204385 3776479.548691 761868.4820756 57.7402674826 -0.0871699627 0.7934101666 282.489695099 -12.0047854759 2.6733354181 -0.0562340061
43504 315874.57 113.8367865436 34.0822226049 3776479.759105 761867.394886 57.7365461756 0.0077837658 0.7763832579 282.4256109319 -11.9926130866 2.6549055827 -0.0333467342
43505 315874.66 113.8367748467 34.082224757 3776479.967948002 761866.3081677 57.7356526349 0.039488985 0.7414828495 282.3577210528 -11.9871607346 2.6336625117 0.0173170323
43506 315874.75 113.8367631641 34.0822268935 3776480.175093 761865.2228210998 57.7374603171 -0.0197015249 0.7101180393 282.2882241337 -11.9783642127 2.6202701124 0.02450367
43507 315874.84 113.8367514863 34.0822290184 3776480.380968 761864.137945 57.7379306033 0.0039324907 0.6767333102 282.2196916985 -11.9690841263 2.6031405625 -0.007084855
43508 315874.93 113.836739817 34.0822311288 3776480.58525 761863.0539051999 57.7370965304 0.0625309901 0.6459052471 282.1531735552 -11.965241873 2.5852174899 -0.0154116785
43509 315875.02 113.8367281545 34.0822332262 3776480.788112 761861.9705351 57.7373495437 0.0328449336 0.6169045379 282.0851761228 -11.9512264718 2.5700849937 0.0126540856
43510 315875.11 113.8367164923 34.0822353046 3776480.988864 761860.8872481999 57.7388418596 -0.0716055332 0.6036988026 282.0183231242 -11.949817929 2.5513279689 0.0094804905
43511 315875.15 113.8367113096 34.082236225 3776481.077717 761860.4058444998 57.7396120066 -0.1329439613 0.5841626568 281.9838515695 -11.9510273312 2.5506119235 0.0067000786
43512 315875.24 113.8366996529 34.0822382835 3776481.276269 761859.3231249001 57.738988216 -0.1162926088 0.5434387867 281.9119799289 -11.9483069707 2.524266832 -0.0243650222
43513 315875.33 113.836687995 34.0822403281 3776481.473287 761858.2403377 57.7360503869 -0.0769356757 0.5258070541 281.8371662504 -11.946491402 2.5149133439 -0.05187143
43514 315875.42 113.836676339 34.0822423601 3776481.6689019985 761857.1577636999 57.7334498297 -0.1170254707 0.4898389293 281.7600776148 -11.9460309897 2.4894511914 -0.0303854233
43515 315875.51 113.8366646813 34.0822443772 3776481.862864 761856.0750826 57.7322065905 -0.1384637813 0.5064965047 281.6936796931 -11.9471260908 2.4823162864 -0.0145685255
43516 315875.6 113.836653019 34.0822463848 3776482.055758 761854.9920043 57.7295865882 -0.1014978779 0.487154881 281.6223881943 -11.9549284679 2.465225939 -0.0424217982
43517 315875.69 113.8366413529 34.082248381 3776482.247376 761853.9086172 57.7268647226 -0.1366791329 0.4941599925 281.5441208204 -11.9621106168 2.455125802 -0.0277475419
43518 315875.78 113.8366296827 34.0822503648 3776482.437616002 761852.8248808002 57.7247363599 -0.1823325573 0.4737840654 281.460509587 -11.9661472822 2.4415299779 -0.031692381
43519 315875.87 113.8366180036 34.0822523328 3776482.626072 761851.7403778002 57.7210599799 -0.1493970533 0.4729331119 281.3839281981 -11.9801657702 2.4148104231 -0.0611457988
43520 315875.96 113.8366063175 34.0822542871 3776482.812989 761850.6552642 57.7160600275 -0.1331248661 0.4476203043 281.314242309 -11.9865671474 2.3993475221 -0.0532407017
43521 315876.05 113.8365946246 34.0822562274 3776482.998331 761849.5695646999 57.7119929986 0.0182753609 0.4082475136 281.2431314234 -11.9912746424 2.3842929668 -0.0340230798
43522 315876.14 113.8365829261 34.0822581589 3776483.182691002 761848.483383 57.7102572266 0.0087756151 0.4074926721 281.1607919959 -11.9992708558 2.3732861857 -0.0212548199
43523 315876.23 113.8365712185 34.0822600777 3776483.365619 761847.3963976 57.709932074 0.0301037658 0.3942316296 281.0817803167 -12.0120765728 2.3606392315 0.0048050541
43524 315876.32 113.8365595011 34.0822619839 3776483.547125 761846.3085460998 57.7100041276 0.0565054885 0.4008997159 281.0027288231 -12.0202095012 2.3457039409 0.0004401324
43525 315876.41 113.8365477771 34.0822638776 3776483.72722 761845.2201203 57.7100994298 0.0487200212 0.4451088939 280.9148665086 -12.0229723126 2.3296897607 -0.0013161388
43526 315876.5 113.8365360399 34.0822657608 3776483.906117 761844.1305158002 57.7103239186 -0.0138567654 0.4372206777 280.8056195585 -12.0443661755 2.3116883184 -0.0038212256
43527 315876.59 113.8365242846 34.0822676235 3776484.082689 761843.0392951 57.71026114 -0.035619131 0.4395455243 280.6968860483 -12.0671852034 2.287751807 -0.0062770249
43528 315876.68 113.8365125072 34.0822694704 3776484.257457 761841.9460834 57.7095235623 -0.0851677294 0.4314011502 280.5874220916 -12.0877589908 2.2659552076 -0.012032394
43529 315876.77 113.836500707 34.0822712992 3776484.430164 761840.8508218002 57.7076628245 -0.0862231289 0.4346565888 280.4851995399 -12.1159337753 2.2455106796 -0.0286250316
43530 315876.86 113.8364888793 34.0822731177 3776484.601652 761839.7530577 57.7044067429 -0.0788531194 0.4676195593 280.3793062122 -12.141882301 2.2371618456 -0.0415352704
43531 315876.95 113.8364770278 34.0822749201 3776484.771289 761838.6531431 57.701121768 -0.0761351371 0.4517210012 280.2681623443 -12.1667373585 2.2092185883 -0.0368799146
43532 315877.04 113.8364651478 34.0822767109 3776484.939563 761837.5506281 57.6983227441 -0.0862819278 0.5102212688 280.1578468378 -12.1960675833 2.2075685614 -0.0381409419
43533 315877.12 113.8364545694 34.0822782968 3776485.08844 761836.5689365 57.6956787147 -0.0540230432 0.4867808866 280.0638802174 -12.2205858479 2.1771539506 -0.0357767162
43534 315877.21 113.8364426412 34.0822800645 3776485.254030002 761835.4620544 57.6926630493 0.0123694409 0.5227221324 279.9667691404 -12.2488773299 2.162415955 -0.0354865096
43535 315877.3 113.8364306868 34.0822818202 3776485.418226 761834.3527746998 57.690418113 0.0192759366 0.5107259843 279.8648355392 -12.2749013519 2.1466238506 -0.0189841485
43536 315877.39 113.8364187071 34.0822835618 3776485.580789 761833.2412096999 57.6898362832 -0.0093430529 0.5516746573 279.760635532 -12.3058801551 2.1301551141 -0.0054724864
43537 315877.47 113.8364080357 34.0822851007 3776485.724217 761832.2510787 57.6891195308 -0.0396491001 0.5974245152 279.6664039119 -12.3234601847 2.1161326048 -0.0148119665
43538 315877.55 113.836397342 34.0822866256 3776485.866029 761831.2589272 57.687468457 0.0376341528 0.5815585669 279.5832105384 -12.3559670935 2.0970794917 -0.0332974875
43539 315877.63 113.836386627 34.0822881374 3776486.006336 761830.2648577 57.6855134582 0.0707369325 0.6006953556 279.5010696363 -12.3695987465 2.0762736298 -0.0260052078
43540 315877.71 113.8363758924 34.0822896394 3776486.1454980015 761829.2689951 57.6847507516 0.0327536867 0.6063504638 279.4209913284 -12.3975344524 2.0632584057 -0.0112091376
43541 315877.79 113.8363651382 34.0822911321 3776486.283586 761828.2713663002 57.6845379276 0.0738427526 0.5866315852 279.3324694483 -12.4225764525 2.0513662015 -0.0118950947
43542 315877.87 113.8363543662 34.0822926122 3776486.420228 761827.2721247 57.6845780006 0.054412466 0.5910359483 279.245982394 -12.4415699478 2.0375548814 -0.0040203359
43543 315877.95 113.8363435755 34.0822940822 3776486.555696 761826.2711871 57.684338415 0.0810541351 0.6071506483 279.1635480363 -12.4643985809 2.0235934368 -0.00585877
43544 315878.03 113.8363327667 34.0822955394 3776486.689694002 761825.2686216999 57.6840202659 0.1024621005 0.5840784505 279.0812529591 -12.4814693751 2.0014154911 -0.0026573059
43545 315878.06 113.8363287108 34.082296084 3776486.739742 761824.8924173 57.6841396336 0.0670563061 0.5957425997 279.0568365086 -12.487237789 2.0053906713 -0.0002120773
43546 315878.14 113.8363178867 34.0822975286 3776486.872299 761823.8884736 57.6849175896 0.0600805211 0.5745507669 278.9732274693 -12.5092025021 1.9850087953 0.0076190154
43547 315878.22 113.8363070456 34.0822989607 3776487.003445 761822.8830061 57.6848500771 0.0353361804 0.5863544383 278.898911129 -12.52680172 1.9757874422 -0.0193544944
43548 315878.3 113.836296187 34.0823003846 3776487.133621 761821.8759363001 57.6835290538 0.0894645896 0.5792075623 278.8208764674 -12.5425029299 1.9597804674 -0.0123647053
43549 315878.38 113.8362853149 34.0823017959 3776487.262372 761820.8676720002 57.6824675938 0.1267465043 0.5965044333 278.7466235742 -12.5564376135 1.9418252837 -0.0099704499
43550 315878.46 113.8362744272 34.0823032002 3776487.390305 761819.8579766 57.6826324435 0.0844201056 0.5826434081 278.6678039578 -12.5766850971 1.9353339975 0.010239075
43551 315878.54 113.8362635272 34.0823045924 3776487.516863 761818.8471915 57.6828452684 0.1097693122 0.5623971756 278.5877838511 -12.5882643017 1.9126503048 0.011019103
43552 315878.62 113.8362526124 34.0823059742 3776487.642225 761817.8350631 57.6834510127 0.1623835426 0.5782112526 278.5114919063 -12.6081756116 1.9033141103 0.005652751
43553 315878.7 113.8362416859 34.0823073454 3776487.766389 761816.8218889 57.6838394497 0.2401390594 0.5731995527 278.4315999451 -12.6178870645 1.8847364556 0.0070283059
43554 315878.78 113.8362307475 34.082308703 3776487.889016001 761815.8076655 57.6854487518 0.2446397798 0.5756583678 278.3603058853 -12.6306215046 1.8670344157 0.0218017134
43555 315878.86 113.8362197996 34.0823100509 3776488.010528 761814.7925846998 57.6888175607 0.2900851618 0.5781959074 278.2858959543 -12.6475095205 1.8551130807 0.03950823
43556 315878.94 113.8362088417 34.0823113879 3776488.130818 761813.7766234998 57.6924105557 0.2725663564 0.5868609497 278.2143685998 -12.6551555707 1.8398774595 0.0394698221
43557 315879.02 113.8361978735 34.0823127169 3776488.250183 761812.7597327 57.6961411843 0.3186140445 0.5797034253 278.1402667147 -12.6726195096 1.8310380264 0.0513647808
43558 315879.03 113.8361965018 34.0823128822 3776488.26501 761812.6325556998 57.6967182243 0.3052077763 0.5863350023 278.1302379088 -12.6719862014 1.8271831664 0.0566159574
43559 315879.11 113.836185524 34.0823141897 3776488.381976 761811.614845 57.7016784036 0.2815388605 0.5758394612 278.0615377419 -12.6799086109 1.8064405065 0.0545704275
43560 315879.19 113.8361745341 34.0823154872 3776488.497791 761810.5960445 57.7057519546 0.3325695647 0.5787063709 277.9884162133 -12.6925579478 1.7919802335 0.0223331051
43561 315879.27 113.836163534 34.0823167732 3776488.612303 761809.5763404 57.7097266447 0.3993842657 0.585985733 277.9176075924 -12.7059509079 1.7801361499 0.0442276837
43562 315879.35 113.836152525 34.0823180498 3776488.725764 761808.5558409998 57.7146262564 0.4440745522 0.5932300151 277.8396234177 -12.7117970561 1.7665282268 0.0622779627
43563 315879.43 113.8361415082 34.0823193138 3776488.837788 761807.5346649998 57.7211460732 0.443002439 0.5867372088 277.757139005 -12.722989854 1.745479164 0.0798161977
43564 315879.51 113.8361304818 34.0823205667 3776488.948571 761806.5126348 57.7286869595 0.4294395765 0.6333172727 277.6764652354 -12.7339358539 1.7342415989 0.0964244491
43565 315879.59 113.8361194509 34.0823218092 3776489.058173 761805.4902225998 57.7359020542 0.4845286718 0.6304938647 277.5931825881 -12.7328992428 1.7156371893 0.0787371407
43566 315879.67 113.8361084122 34.0823230379 3776489.166236 761804.4671291 57.7434446272 0.4779944996 0.6650286936 277.5146319781 -12.743706709 1.6963935846 0.0887588625
43567 315879.75 113.8360973702 34.0823242527 3776489.272751 761803.4437739998 57.7509495113 0.4659995351 0.6810867755 277.4326135102 -12.7448913883 1.6764665686 0.1021917498
43568 315879.83 113.8360863225 34.0823254562 3776489.377991 761802.4199229998 57.7591410913 0.3770551344 0.7041253356 277.3537014099 -12.7531747559 1.6630311199 0.091465679
43569 315879.91 113.8360752693 34.0823266476 3776489.481871 761801.3956146 57.7669902081 0.3721699911 0.7229729354 277.2706234323 -12.7630137189 1.6454560614 0.0868091939
43570 315879.99 113.8360642081 34.0823278259 3776489.584278 761800.3705958 57.7726902468 0.3700772145 0.7283651862 277.1870372211 -12.7719617456 1.6266863529 0.0455186206
43571 315880.07 113.8360531395 34.0823289923 3776489.685351 761799.3449340998 57.777622764 0.3915166342 0.7192942311 277.1042537681 -12.7787289218 1.6079257791 0.064790329
43572 315880.15 113.8360420638 34.0823301477 3776489.785183 761798.3186513 57.7827919703 0.3785774461 0.7286003521 277.0192279192 -12.7849305084 1.5896629747 0.0739940187
43573 315880.23 113.8360309804 34.0823312923 3776489.883792 761797.2916923 57.7885277104 0.3624377522 0.7226683146 276.9305153278 -12.7932150737 1.5728110912 0.0651829577
43574 315880.31 113.8360198907 34.0823324226 3776489.9808 761796.2641901999 57.7943719477 0.3344768198 0.7052533777 276.844567505 -12.8002705364 1.5548704944 0.0800583463
43575 315880.39 113.8360087926 34.0823335385 3776490.076186 761795.2359619002 57.7995733386 0.2820306883 0.7173842478 276.7531453022 -12.8117876946 1.5348339066 0.0514881498
43576 315880.47 113.8359976875 34.0823346406 3776490.170034 761794.2071289001 57.8038836755 0.323488319 0.7029876912 276.6627285116 -12.823054307 1.5156056384 0.0447433405
43577 315880.55 113.8359865748 34.0823357272 3776490.262132 761793.1776422 57.8071594564 0.3538980394 0.6801827104 276.5786717314 -12.8265070013 1.4875587065 0.0485789694
43578 315880.63 113.8359754568 34.0823368007 3776490.352771 761792.1477087 57.8109188331 0.4200247618 0.6516669318 276.4931058285 -12.8348387933 1.4772088843 0.0605756201
43579 315880.71 113.835964336 34.0823378615 3776490.441982 761791.1175463 57.8170927931 0.360228151 0.6774938915 276.4055843675 -12.8292527659 1.4574087397 0.1017881676
43580 315880.79 113.8359532165 34.0823389111 3776490.52996 761790.0875503 57.8235575687 0.3249388921 0.689333577 276.3083333415 -12.8290709838 1.44090668 0.0812206539
43581 315880.86 113.8359434922 34.0823398168 3776490.605547 761789.186825 57.8283682857 0.366302113 0.7099719992 276.230446127 -12.822988033 1.4220851796 0.0468964619
43582 315880.94 113.8359323864 34.0823408405 3776490.690683 761788.1581612 57.8332890058 0.3526626978 0.7823580634 276.1341337118 -12.8061044114 1.4052158472 0.0852054864
43583 315881.02 113.835921296 34.0823418439 3776490.773613 761787.130997 57.8379861834 0.4557996654 0.7520599131 276.0410633425 -12.7924554783 1.3707789834 0.0694230481
43584 315881.1 113.835910226 34.0823428321 3776490.8549 761786.1057515 57.845989801 0.3225496688 0.7699704581 275.9345940799 -12.7632073097 1.3525920639 0.1012693284
43585 315881.18 113.8358991717 34.0823438 3776490.933981 761785.0820221999 57.8537171399 0.3012671633 0.7261352832 275.8383820949 -12.7501212267 1.3243019668 0.0712923044
43586 315881.26 113.8358881313 34.0823447488 3776491.01097 761784.0596384 57.8596543539 0.405946584 0.6839734277 275.7435802341 -12.736034887 1.2990553947 0.0743387982
43587 315881.34 113.8358771114 34.0823456783 3776491.085885 761783.0392049 57.8651966192 0.3786867056 0.6642786946 275.6431836826 -12.6992388527 1.2711302055 0.0683072714
43588 315881.42 113.8358661091 34.0823465926 3776491.159145 761782.0204426999 57.8717131838 0.3484885881 0.6434128087 275.5327319429 -12.6881918666 1.2504251924 0.0913668616
43589 315881.5 113.8358551311 34.0823474885 3776491.230429 761781.0039748 57.8790167542 0.3209953269 0.6382526327 275.4109032513 -12.6584428655 1.219756971 0.0864313507
43590 315881.58 113.8358441723 34.0823483639 3776491.299491 761779.9893560002 57.8852361208 0.3317055745 0.6129905072 275.2979421779 -12.6352878219 1.1948844308 0.0700180219
43591 315881.66 113.8358332401 34.0823492176 3776491.366201998 761778.9772524 57.8910570275 0.3232259037 0.5958086642 275.1849796611 -12.6017226296 1.1631964979 0.0798950697
43592 315881.68 113.8358305119 34.0823494273 3776491.382482 761778.7246788 57.8925797865 0.3190220216 0.5733142068 275.1560334373 -12.5906763245 1.1541400405 0.076516856
43593 315881.76 113.8358196139 34.0823502549 3776491.446393 761777.7158226 57.8988869982 0.2920580509 0.590316684 275.0402739654 -12.5590079271 1.1313919898 0.0745207439
43594 315881.84 113.835808748 34.082351065 3776491.508445 761776.7099705 57.9050643733 0.2839155476 0.5603543243 274.9098222738 -12.524226638 1.1009137879 0.0765241124
43595 315881.92 113.8357979194 34.0823518506 3776491.567874 761775.7076429 57.9108369472 0.3012529506 0.6168763524 274.7950529561 -12.4732653864 1.0736820989 0.0716099077
43596 315882.0 113.8357871314 34.0823526199 3776491.625598 761774.7091181999 57.9162273742 0.3170697458 0.6272457067 274.6700297415 -12.4249830974 1.0479698469 0.0725603775
43597 315882.09 113.8357750508 34.0823534506 3776491.686825 761773.5910504 57.9230801081 0.3455743654 0.5605022274 274.5410916586 -12.3560859214 1.0027257047 0.0728832799
43598 315882.18 113.8357630312 34.0823542479 3776491.744495 761772.4787106 57.9306915095 0.3667800232 0.6346409824 274.4150770706 -12.2929416809 0.9755723591 0.0858883387
43599 315882.27 113.8357510855 34.0823550274 3776491.800382 761771.3732503002 57.9392049853 0.2592468985 0.5774144869 274.2712442368 -12.2082995299 0.9479220825 0.1098635037
43600 315882.36 113.8357392096 34.0823557697 3776491.852319 761770.2743473002 57.9487334266 0.1080521694 0.5798519948 274.1351485304 -12.1417167554 0.8988423006 0.0876560331
43601 315882.45 113.8357274031 34.0823564895 3776491.901935 761769.1819301 57.95262725 0.1806716817 0.6092397024 273.9954438092 -12.0661186395 0.8774812431 0.0170544883
43602 315882.49 113.8357221775 34.0823568002 3776491.923025 761768.6984439 57.9533364493 0.2422640225 0.6133931968 273.9377757028 -12.0386397624 0.8537572188 0.0128415683
43603 315882.58 113.8357104781 34.0823574789 3776491.9683550014 761767.6160313 57.9568581348 0.3382450855 0.6264624425 273.8031388241 -11.9571369541 0.8208006107 0.0615551893
43604 315882.67 113.8356988608 34.0823581324 3776492.011101 761766.541292 57.9647692135 0.2922860191 0.6742982013 273.665120513 -11.872612576 0.7890756567 0.098013529
43605 315882.76 113.8356873298 34.0823587588 3776492.051068 761765.4745929 57.9737148751 0.2389758834 0.6946757051 273.5261569183 -11.7790235091 0.7530728986 0.0735925142
43606 315882.85 113.8356758868 34.0823593544 3776492.087834 761764.4161175 57.9809350781 0.2323709994 0.7132006215 273.4025451907 -11.6914435341 0.7195565854 0.0708098961
43607 315882.94 113.8356645335 34.0823599238 3776492.121924 761763.3660117 57.9873082936 0.2313816827 0.6803400133 273.2969750649 -11.5969828686 0.6905267223 0.0768991694
43608 315883.03 113.8356532703 34.0823604682 3776492.1534730014 761762.3242925 57.9936721958 0.199583383 0.6431496742 273.2033408257 -11.5049089173 0.6606761133 0.0741859098
43609 315883.12 113.8356420935 34.0823609927 3776492.183036 761761.2906221 57.9991721828 0.2312491021 0.6260422386 273.1207126297 -11.4253487906 0.6399280305 0.0520439853
43610 315883.21 113.8356309863 34.0823615003 3776492.210898 761760.2634216999 58.0043928837 0.2555487921 0.580852747 273.0615734235 -11.3609935172 0.6163993531 0.0671761995
43611 315883.3 113.8356199388 34.0823619942 3776492.237396 761759.2417868 58.0105234273 0.2456919159 0.5614645711 273.0087407292 -11.3029589455 0.6018353432 0.0527469712
43612 315883.39 113.8356089525 34.0823624794 3776492.263076 761758.2258178 58.0159912584 0.2899989959 0.5342953682 272.9642401392 -11.2404634615 0.5945915487 0.0597455323
43613 315883.48 113.835598028 34.0823629552 3776492.287882 761757.215595 58.0217511989 0.3020002613 0.5437580033 272.9260745692 -11.1745061119 0.5811899267 0.0609885968
43614 315883.57 113.8355871669 34.0823634223 3776492.311878 761756.2112465998 58.0281407414 0.276060772 0.5500390184 272.8838876296 -11.1063966019 0.574394826 0.0676219943
43615 315883.67 113.8355751865 34.0823639327 3776492.337817 761755.103412 58.0361175295 0.225641027 0.5694364687 272.8394139426 -11.013391616 0.5615862696 0.0838805167
43616 315883.77 113.8355633093 34.0823644291 3776492.362469998 761754.0051485 58.0430415701 0.2235673814 0.5567594261 272.7977880909 -10.9174627766 0.5462608992 0.0521723333
43617 315883.87 113.8355515408 34.082364912 3776492.385897 761752.9169665 58.0489386926 0.217545283 0.6026915125 272.7605004534 -10.8155080572 0.5328553138 0.0592796431
43618 315883.97 113.8355398786 34.0823653878 3776492.408802 761751.8386223002 58.0547021562 0.1838444683 0.5865411257 272.7095953327 -10.7200752276 0.5206121324 0.0585798037
43619 315884.07 113.8355283225 34.0823658463 3776492.4300690014 761750.7701277 58.0614824519 0.1890465871 0.6070364072 272.668274041 -10.6208085789 0.4994965301 0.0645869373
43620 315884.17 113.8355168666 34.0823662935 3776492.450343 761749.7109182 58.0672831852 0.2079728096 0.6330342925 272.6264331152 -10.5270658776 0.4949512041 0.0431397504
43621 315884.27 113.8355055157 34.0823667278 3776492.4694449985 761748.6614466 58.0727824606 0.2166673952 0.6334819104 272.5888896187 -10.4301847678 0.4769251037 0.0639010687
43622 315884.37 113.8354942688 34.0823671499 3776492.487464 761747.6216157 58.0796723757 0.180104463 0.6143636379 272.5465860867 -10.3358411568 0.4682638348 0.0770623271
43623 315884.47 113.8354831272 34.0823675615 3776492.504589 761746.591539 58.0861682519 0.2029662424 0.6173141321 272.4933775179 -10.2398820052 0.4569174315 0.0651505431
43624 315884.57 113.8354720884 34.0823679611 3776492.520644998 761745.5709930002 58.0919271726 0.2015600382 0.626874641 272.4101046658 -10.1479617731 0.4415800295 0.0513842575
43625 315884.67 113.8354611401 34.0823683424 3776492.534898 761744.55886 58.0977683701 0.2139284367 0.6440565468 272.2960380696 -10.0694232488 0.4191981219 0.0671564329
43626 315884.69 113.8354589604 34.0823684166 3776492.537542 761744.35736 58.0989454417 0.2110587456 0.6415791799 272.2681436445 -10.0525101736 0.4147489765 0.0549293777
43627 315884.79 113.8354481103 34.0823687708 3776492.549043 761743.3543836 58.1051481441 0.2083666484 0.6063661652 272.1395492805 -9.9764582026 0.3815977209 0.050581706
43628 315884.9 113.835436274 34.0823691295 3776492.558519 761742.2603156 58.1114918031 0.252207073 0.6032953674 272.0227229535 -9.8839989221 0.3551296502 0.0571782387
43629 315885.01 113.835424556 34.0823694674 3776492.565989 761741.1772469 58.117912435 0.2407344662 0.5729975361 271.9034637942 -9.7786825969 0.3326527503 0.0469617668
43630 315885.12 113.8354129724 34.0823697775 3776492.570708 761740.1066656 58.1245538639 0.2383035204 0.5553987914 271.7857881537 -9.665800473 0.3086694688 0.0717970196
43631 315885.23 113.8354015254 34.0823700639 3776492.573161 761739.0487759 58.1319006123 0.2378365515 0.5840417107 271.6708466669 -9.55165535 0.2860044563 0.0618233734
43632 315885.34 113.8353902194 34.0823703284 3776492.573535 761738.0039745999 58.1375539461 0.2880380906 0.5590568667 271.5738028258 -9.4277643642 0.2616949982 0.0367180453
43633 315885.45 113.8353790564 34.082370571 3776492.571854 761736.9724438002 58.1448547393 0.2584169595 0.5166423357 271.4948091825 -9.3106489015 0.2410822728 0.0689568506
43634 315885.56 113.8353680346 34.0823707954 3776492.568504 761735.9540051 58.1525989603 0.262682158 0.4909475121 271.4255342554 -9.1880945403 0.2265587841 0.0643471782
43635 315885.67 113.8353571543 34.0823710121 3776492.564671 761734.9486572 58.1596852234 0.2430390858 0.5277316724 271.3588212437 -9.0751018722 0.2178273966 0.0540139257
43636 315885.79 113.8353454451 34.0823712296 3776492.558802 761733.8667702 58.1664477019 0.2687230621 0.4663582755 271.2940820869 -8.9412339874 0.1952590333 0.0563379894
43637 315885.91 113.8353339067 34.0823714326 3776492.551758 761732.8006964001 58.1748259887 0.2160538348 0.4713151734 271.2298741236 -8.8167618353 0.1887280581 0.0744481173
43638 315886.03 113.8353225183 34.0823716217 3776492.543558 761731.7485134 58.1820554752 0.2095647079 0.459899731 271.1771456296 -8.7180924128 0.1748844484 0.0386686451
43639 315886.15 113.8353112668 34.0823718085 3776492.535454 761730.7089854 58.1884205723 0.1970644034 0.4790902622 271.1321559905 -8.6140348472 0.1668610016 0.0548416839
43640 315886.27 113.8353001483 34.0823719872 3776492.526785 761729.681759 58.1953028208 0.1438612024 0.4190875042 271.0777865854 -8.496682723 0.1519643414 0.0462355755
43641 315886.39 113.8352891928 34.08237215 3776492.5167769985 761728.669637 58.2009896422 0.1736398681 0.4061553031 271.0351867224 -8.3651361279 0.1477308958 0.0464399867
43642 315886.52 113.8352775311 34.0823723175 3776492.505485 761727.5922851 58.2066294728 0.1791506339 0.3558607938 270.9813449225 -8.2072802919 0.1328511546 0.0462516534
43643 315886.65 113.8352661046 34.0823724747 3776492.493642 761726.5366811 58.2124670977 0.1491983389 0.3975803671 270.9220925932 -8.0330277982 0.1311810382 0.0506702705
43644 315886.78 113.8352549281 34.0823726184 3776492.480947 761725.5042114998 58.2193016428 0.1578090478 0.3758516646 270.8565917896 -7.8488174349 0.1071259371 0.0423546729
43645 315886.91 113.8352440293 34.0823727448 3776492.467045 761724.4974345 58.2245263206 0.1981223181 0.4119949458 270.7985946214 -7.6401628678 0.1065663795 0.0153886537
43646 315887.05 113.835232613 34.0823728745 3776492.452189 761723.4428611 58.2306092549 0.1758148745 0.419130868 270.726145466 -7.4189822263 0.0910521492 0.0316840117
43647 315887.19 113.8352215575 34.0823729854 3776492.436162 761722.4216648 58.2389673861 0.1956465828 0.4030126317 270.6651014594 -7.1845357003 0.0791624798 0.0622254368
43648 315887.34 113.835210112 34.082373093 3776492.418765 761721.3644621 58.2474546833 0.1498409678 0.4037441079 270.5960536568 -6.9327844296 0.0704625659 0.0371635874
43649 315887.36 113.8352086171 34.0823731064 3776492.416426 761721.2263826 58.248208438 0.1606330654 0.3720505383 270.585621847 -6.8941982713 0.0684022458 0.0327084792
43650 315887.51 113.8351976528 34.0823731906 3776492.39767 761720.2136891999 58.2544871969 0.1630895456 0.3520904052 270.5342939719 -6.6225002923 0.0604982426 0.0443660391
43651 315887.67 113.8351864439 34.0823732766 3776492.378487 761719.1783988002 58.2637545401 0.1128204123 0.4118411623 270.4851302604 -6.341435972 0.0504896394 0.0424907344
43652 315887.84 113.835175072 34.0823733502 3776492.357519 761718.128101 58.2689314717 0.1193562086 0.3711447624 270.4471567684 -6.0406278879 0.034195002 0.0282903287
43653 315888.01 113.8351642051 34.0823734182 3776492.337219 761717.1244456 58.2770745736 0.0920575609 0.3657613389 270.4074529666 -5.788968562 0.0296058403 0.0498354915
43654 315888.19 113.835153194 34.0823734862 3776492.316547 761716.1074777 58.2829399677 0.0260834617 0.391163878 270.412474396 -5.5225640452 0.0355676611 0.0136810985
43655 315888.38 113.8351421371 34.08237356 3776492.2964 761715.0862693002 58.287109551 -0.0897360824 0.4236917595 270.4181865871 -5.2400951278 0.0241567853 0.0226809096
43656 315888.58 113.8351311467 34.082373617 3776492.274563 761714.0712402 58.2940120585 -0.0991433144 0.3938218852 270.4406979258 -4.9197259339 0.032529319 0.017147511
43657 315888.8 113.8351198804 34.082373691 3776492.2539 761713.0306966 58.2913889093 0.0283683766 0.4794950669 270.3928277276 -4.5451380775 0.031338277 -0.0118340261
43658 315889.04 113.8351086584 34.0823737308 3776492.22956 761711.9943375 58.2956548827 0.0501689908 0.3843159943 270.2827379906 -4.099298475 0.0111647303 0.0361904499
43659 315889.3 113.8350978221 34.0823737783 3776492.207072 761710.9935769 58.301260368 0.0483196272 0.3832677045 270.1838295453 -3.5943453397 0.0066714168 0.0164301441
43660 315889.61 113.8350867782 34.0823737915 3776492.180231 761709.9737524 58.3065649988 0.07093329 0.3118124068 270.0936934219 -2.982704595 -0.007281967 0.0099507529
43661 315890.0 113.8350758097 34.0823737939 3776492.152387 761708.960921 58.311816032 0.1049871961 0.3029047401 269.9820514759 -2.2277219589 -0.0145753713 0.0067144474
43662 315890.52 113.8350649518 34.0823737841 3776492.123479 761707.9583361 58.3140237806 0.231080967 0.2592732035 269.876623499 -1.6797085841 -0.0171101467 0.0108680749
43663 315891.3 113.8350541013 34.0823737475 3776492.091617 761706.9565204 58.3171751602 0.2626820951 0.1911600986 269.7942384786 -0.9536369662 -0.0111814484 0.004284216
