44307 316105.81 113.8405319431 34.0813220865 3776389.432375 762216.0222649 56.7004783228 -0.0506589878 0.258965131 358.7983301957 -0.0682880579 4.9916308667 -0.0262029623
44308 316106.01 113.8405317282 34.0813312266 3776390.446161 762215.9742144 56.6974333553 -0.1220474192 0.2597191637 358.3353693578 -0.1186019513 5.1367867453 -0.0160462297
44309 316106.21 113.8405313923 34.0813406558 3776391.491721 762215.9141010002 56.6928083198 -0.1650564938 0.2482568995 357.999390589 -0.1581264964 5.3068159162 -0.0401564956
44310 316106.4 113.8405310015 34.0813499046 3776392.517123 762215.8494764 56.6859698882 -0.1259667397 0.2781308378 357.6402961887 -0.19197314 5.4821519433 -0.0271734266
44311 316106.58 113.8405305456 34.0813589426 3776393.518959 762215.7794907 56.6799563374 -0.0683719635 0.264343731 357.3378906373 -0.2449579158 5.652066204 -0.0476205795
44312 316106.76 113.8405300084 34.081368273 3776394.553041 762215.7010998002 56.671686654 0.0543699782 0.1703183485 357.1784296571 -0.2732222659 5.8388107059 -0.0344559269
44313 316106.93 113.8405294609 34.0813773568 3776395.559722 762215.622509 56.6681515686 0.0263021419 0.1380539635 357.0610544433 -0.2833849075 6.008698469 -0.0140350873
44314 316107.1 113.8405288832 34.081386709 3776396.596122 762215.5403087 56.6630134648 0.1082439221 0.1728073322 356.9548696604 -0.3144688441 6.1873075165 -0.0160275837
44315 316107.26 113.8405282869 34.0813957584 3776397.5988589986 762215.457329 56.6584691294 0.2045943547 0.1374785731 356.8762965468 -0.3447142782 6.3557148917 -0.0274219653
44316 316107.42 113.8405276606 34.081405041 3776398.6274089986 762215.3708444 56.6546860952 0.2472413643 0.0909886139 356.8352749374 -0.3521611327 6.5035409401 -0.020296871
44317 316107.58 113.8405270214 34.0814145205 3776399.677768 762215.2825737 56.6539761704 0.1747850287 0.1268519941 356.7888177164 -0.3615257356 6.6264055229 0.0201897136
44318 316107.73 113.8405264027 34.0814235551 3776400.678808002 762215.1975659 56.654769294 0.0932752807 0.1370183956 356.7738232706 -0.3701203267 6.7294817951 -0.0082139599
44319 316107.88 113.8405257716 34.0814327257 3776401.694914 762215.1109898002 56.6499677124 0.1175315723 0.0919894754 356.7948903483 -0.3770103349 6.8235370649 -0.0249850706
44320 316108.03 113.8405251366 34.0814420079 3776402.7233940014 762215.0237196998 56.6489064814 0.0703913054 0.0720205201 356.8477221666 -0.3743151209 6.896303776 -0.0014166496
44321 316108.18 113.8405245274 34.0814513684 3776403.760631 762214.938575 56.6461552894 0.1358999927 0.0806083091 356.9234808749 -0.3630821646 6.9553694339 -0.0212345141
44322 316108.33 113.8405239259 34.0814608059 3776404.806425 762214.8539129002 56.6440523043 0.0931073247 0.0545569516 356.9945110659 -0.3636346826 7.0075586416 -0.0023143743
44323 316108.48 113.8405233271 34.0814703123 3776405.859881 762214.7692894 56.6442804951 -0.0126631021 0.0579960307 357.0703845932 -0.3530615654 7.0590147726 0.0110813663
44324 316108.63 113.8405227525 34.0814798759 3776406.91974 762214.6867226 56.6432984592 -0.0440001705 0.1000667837 357.1391573785 -0.3472122202 7.0976836334 -0.027788435
44325 316108.78 113.840522188 34.0814895117 3776407.987636 762214.6048613002 56.637309216 0.0899258002 0.1659577834 357.2219057429 -0.3371241136 7.1648095692 -0.0431478147
44326 316108.92 113.8405216648 34.0814985838 3776408.993092 762214.5285583 56.6349259988 0.0648349512 0.1614154863 357.2898102345 -0.3369405598 7.2231297807 0.0022887916
44327 316109.06 113.8405211484 34.0815077406 3776410.007953 762214.4526156 56.6334488811 0.0684759344 0.1699131684 357.3546393468 -0.3354501662 7.2934780343 -0.0064112388
44328 316109.2 113.8405206422 34.0815169823 3776411.032273 762214.3773580998 56.6327187903 0.0603357164 0.222755868 357.4140366686 -0.3266404772 7.3591613995 -0.0066929934
44329 316109.34 113.8405201371 34.0815263107 3776412.066206 762214.3019346999 56.6301159756 0.0460947811 0.2321280214 357.4914253307 -0.3254440924 7.4277450427 -0.0271438939
44330 316109.48 113.8405196316 34.0815357282 3776413.110035 762214.2261925 56.6281114118 0.0865312479 0.2344216006 357.5569751484 -0.321813753 7.49757916 0.014142492
44331 316109.62 113.8405191423 34.0815452283 3776414.1630690014 762214.1517021 56.6273046322 0.0511461091 0.2063634269 357.6209941518 -0.3126142828 7.561197938 -0.026427773
44332 316109.76 113.840518659 34.0815548091 3776415.2250809986 762214.0775053 56.6237021023 0.053622652 0.2062894019 357.6865001023 -0.3153174909 7.6234837049 -0.0080201674
44333 316109.9 113.8405181819 34.0815644543 3776416.294247 762214.0036927 56.6252425378 -0.0505488209 0.1933591853 357.7589833651 -0.3031761953 7.6720967141 -0.0004950456
44334 316110.03 113.8405177479 34.0815734631 3776417.292902 762213.9358159 56.6219691522 -0.0670826903 0.1452083758 357.8198422991 -0.2982120242 7.712048498 -0.042404849
44335 316110.16 113.8405173355 34.081582518 3776418.296729 762213.8697967 56.6185052125 -0.0259519211 0.1557279596 357.8751125138 -0.2883152884 7.745076861 -0.0144330702
44336 316110.29 113.840516934 34.0815916198 3776419.305777 762213.8046381 56.6160315163 0.0564636079 0.1666380857 357.9272821724 -0.2845808136 7.7896751623 -0.0247398089
44337 316110.42 113.8405165361 34.0816007662 3776420.319799 762213.7396705 56.613921388 0.0590721344 0.1764883009 357.9709713776 -0.2829446956 7.8309113089 -0.0123946713
44338 316110.55 113.8405161501 34.0816099628 3776421.33942 762213.6756539 56.6130389106 0.0688006753 0.2255782575 358.0114745914 -0.2689958309 7.8735120843 0.0036877256
44339 316110.68 113.8405157688 34.0816192128 3776422.364972 762213.6118992 56.6139244996 -0.0767084635 0.2474484938 358.0478206641 -0.2716555087 7.9158383486 -0.0058556573
44340 316110.81 113.8405153877 34.0816285117 3776423.395955 762213.5480148002 56.6129711205 -0.1591560639 0.261944309 358.0773060184 -0.2687147623 7.9534167011 -0.013638117
44341 316110.94 113.8405150141 34.0816378402 3776424.430239 762213.4847382 56.6101446403 -0.2229133273 0.2684028677 358.0726675593 -0.2726924298 7.9641400233 -0.0268446911
44342 316111.07 113.8405146383 34.0816471643 3776425.464039 762213.4212581 56.6052483171 -0.1703607226 0.3299056241 358.0468845629 -0.2653232057 7.948513746 -0.0431729568
44343 316111.2 113.8405142672 34.0816564688 3776426.495667 762213.3582876 56.5994679974 -0.0524856863 0.3217471237 357.9801330231 -0.2761527775 7.9336918512 -0.0233706163
44344 316111.33 113.8405138795 34.081665749 3776427.52456 762213.2938504 56.5964153521 -0.0292231647 0.3341340012 357.9273468198 -0.2819986558 7.9108332306 -0.010092927
44345 316111.46 113.8405134839 34.0816750022 3776428.550429 762213.2287658001 56.595513978 -0.070427014 0.3685165354 357.86903924 -0.2906839135 7.8862039012 -0.0079361096
44346 316111.59 113.8405130803 34.0816842278 3776429.5732269986 762213.1630359 56.5945775341 -0.1336307369 0.3946406344 357.8127938642 -0.2988514117 7.8654175493 -0.0146338864
44347 316111.72 113.8405126655 34.0816934216 3776430.592456 762213.0963613002 56.5927282833 -0.2244132746 0.4079540123 357.7590622139 -0.3045859589 7.8361014664 -0.0145203628
44348 316111.85 113.8405122405 34.0817025903 3776431.608875 762213.0288289002 56.589718842 -0.2227285402 0.4249173126 357.7093102307 -0.3093572517 7.8148340898 -0.0221831434
44349 316111.98 113.840511809 34.0817117434 3776432.623552 762212.9607369 56.5843094084 -0.1728896287 0.4533235172 357.6624531964 -0.3151473474 7.8128703483 -0.0522639976
44350 316112.11 113.8405113757 34.0817208852 3776433.636971 762212.8925181 56.5793292029 -0.0812862772 0.4633020232 357.6142884835 -0.3194256133 7.7986899509 -0.0154787968
44351 316112.24 113.8405109386 34.0817300121 3776434.648718 762212.8239951 56.5773363169 -0.0333502702 0.5013856401 357.5633726212 -0.3227032879 7.7781421574 -0.0114062421
44352 316112.37 113.840510498 34.0817391256 3776435.658976998 762212.7551890998 56.5754641146 -0.0388981712 0.5135906073 357.4960005002 -0.3302522269 7.7679891856 -0.0133630215
44353 316112.5 113.8405100348 34.0817482336 3776436.668568 762212.6843118 56.5743933665 -0.1234386817 0.4701862664 357.4358437133 -0.3474216588 7.7754454358 -0.0014957561
44354 316112.63 113.8405095532 34.0817573545 3776437.679539 762212.6116991 56.5736739542 -0.1391367244 0.3954429519 357.3742881457 -0.358030477 7.7969684774 -0.0125373904
44355 316112.76 113.8405090603 34.0817665077 3776438.694059 762212.5379424 56.5698869843 -0.0088353523 0.3814432425 357.3313341745 -0.3600305117 7.8189879039 -0.0495352452
44356 316112.89 113.8405085597 34.081775698 3776439.71269 762212.4633593 56.5644588256 0.0667415478 0.3621827948 357.2806643067 -0.3722126128 7.8581934696 -0.0277320178
44357 316113.02 113.8405080439 34.0817849241 3776440.735251 762212.3872550002 56.5649547316 0.0185343489 0.3836519597 357.2398247037 -0.3764616259 7.8921962704 0.0274940426
44358 316113.15 113.840507532 34.0817941897 3776441.762197 762212.3114011999 56.5658854796 -0.0412202175 0.4418736642 357.1834582888 -0.3761361856 7.9233483528 -0.017879584
44359 316113.28 113.8405070021 34.0818034987 3776442.793923 762212.2337471 56.5634128386 -0.0410633431 0.4538173637 357.1390702115 -0.3903875971 7.9657552646 -0.0213173637
44360 316113.41 113.8405064572 34.0818128547 3776443.830821 762212.1545571 56.5615799846 -0.084407311 0.4562052939 357.0875881828 -0.4009327226 8.0070182096 -0.0095240232
44361 316113.54 113.8405059049 34.0818222632 3776444.873528 762212.0745260002 56.5598708214 -0.14860993 0.4444199412 357.0382869895 -0.4132105009 8.0541360613 -0.0316015095
44362 316113.67 113.8405053301 34.0818317258 3776445.922187 762211.9922544 56.5554102389 -0.1166730324 0.3890015895 357.0012016769 -0.4255117192 8.1003282605 -0.0384935138
44363 316113.8 113.8405047384 34.08184125 3776446.977629 762211.9082300002 56.5504215574 -0.0113209106 0.3409411034 356.9755595735 -0.4340699809 8.1498595144 -0.0303961234
44364 316113.93 113.8405041493 34.0818508276 3776448.039009 762211.8242750998 56.5472398642 0.0779020939 0.3691680719 356.9702303646 -0.4227318119 8.1881046508 -0.0230301687
44365 316114.06 113.8405035595 34.0818604522 3776449.1056 762211.7401120998 56.545609219 0.095780167 0.3595029843 356.9795902864 -0.4310584255 8.2310133503 -0.0088338745
44366 316114.19 113.840502969 34.0818701278 3776450.177856 762211.6557344 56.5463085678 0.0685365629 0.3699246383 356.9955748928 -0.4247809071 8.2744454628 0.0095194361
44367 316114.32 113.8405023869 34.0818798468 3776451.254938 762211.5719916 56.5475340653 0.0332075059 0.406265908 357.0286286577 -0.4206716281 8.3091729699 -0.0081448177
44368 316114.44 113.8405018529 34.081888863 3776452.254158 762211.4948611 56.5464894986 0.0250921361 0.4019545166 357.0885985772 -0.4181593759 8.3573772925 -0.0346525017
44369 316114.56 113.8405013203 34.0818979308 3776453.25911 762211.4176993 56.5455669388 -0.014210993 0.4033560824 357.1463073195 -0.4143464328 8.4040776764 -0.0012922846
44370 316114.68 113.8405008009 34.0819070526 3776454.270075 762211.3415909002 56.5450997353 0.0030982469 0.4304265386 357.2145224901 -0.3991155715 8.4538950565 -0.006298199
44371 316114.8 113.8405002945 34.0819162297 3776455.287224 762211.2665141998 56.5421673721 0.0079199059 0.3965875614 357.2835444222 -0.399258621 8.5009023656 -0.0296496071
44372 316114.92 113.8404997927 34.0819254539 3776456.309602 762211.1917144 56.5404048907 -0.0280839459 0.393199139 357.3582530343 -0.3863734157 8.5516946864 -0.0161804812
44373 316115.04 113.8404993108 34.08193473 3776457.337807 762211.1185968 56.5397793502 -0.0071736458 0.4081865664 357.4214746416 -0.3757619648 8.596647446 -0.0101825135
44374 316115.16 113.8404988181 34.0819440557 3776458.371471 762211.0443254 56.5364989378 0.1259353512 0.4209596423 357.4997710102 -0.3708849736 8.6387875454 -0.0238142268
44375 316115.28 113.8404983365 34.0819534236 3776459.409854 762210.9709514 56.5338114984 0.1039473695 0.3751808304 357.5701596306 -0.3655542387 8.6807516588 0.0095626962
44376 316115.4 113.8404978605 34.0819628396 3776460.453589 762210.897945 56.5354300877 0.0046806977 0.3470598515 357.6324951229 -0.3579927971 8.7265550321 0.021276244
44377 316115.52 113.840497403 34.0819723128 3776461.503724 762210.8264646998 56.5359607842 -0.0266827681 0.3379569178 357.6818649135 -0.3443175028 8.7840883709 -0.0279120597
44378 316115.64 113.840496951 34.0819818482 3776462.560765 762210.7553041 56.532002748 0.0115796611 0.335509504 357.7164457811 -0.3457567605 8.8427098247 -0.0443289992
44379 316115.76 113.8404965002 34.0819914437 3776463.624489 762210.6840689002 56.5287785828 0.055093371 0.3232703418 357.7187768966 -0.3425660752 8.8974532571 -0.013863944
44380 316115.88 113.8404960465 34.082001101 3776464.695066 762210.6123765998 56.5279233856 0.0412501567 0.2779947974 357.7216325649 -0.3516344948 8.9554101809 -0.0083525644
44381 316116.0 113.8404955825 34.0820108218 3776465.772657 762210.5395372 56.5254228506 0.0314523492 0.2203603041 357.7333169963 -0.3491689672 9.015936399 -0.0361488795
44382 316116.12 113.8404951177 34.0820206047 3776466.857133 762210.4664311998 56.5242892727 0.057263414 0.2028167855 357.7067158337 -0.3525078238 9.0717283865 0.0041976348
44383 316116.23 113.8404946846 34.0820296308 3776467.857717 762210.3985809 56.5223073233 0.0767508169 0.2233129331 357.6651966639 -0.3650090566 9.1318723008 -0.0237679125
44384 316116.34 113.8404942426 34.0820387092 3776468.864068 762210.3297582 56.5192835387 0.1685113419 0.2543551752 357.6135519294 -0.3732799206 9.1804984025 -0.0161705803
44385 316116.45 113.8404937883 34.0820478392 3776469.876115 762210.2596366998 56.5193993198 0.1627170697 0.2831128728 357.5718404498 -0.3775342753 9.229303546 0.0161768697
44386 316116.56 113.8404933202 34.0820570221 3776470.89401 762210.1880760002 56.5203035446 0.0613208812 0.2683420234 357.5244084458 -0.3929296199 9.2862584931 0.018610703
44387 316116.67 113.8404928386 34.0820662606 3776471.918026 762210.1151028002 56.5212259777 -0.0818329898 0.2828819735 357.4764013253 -0.4009293451 9.3428742826 0.0020767431
44388 316116.78 113.840492349 34.0820755497 3776472.947651 762210.0412293 56.519526124 -0.1338705322 0.2685877845 357.4295824828 -0.4158845946 9.3943094505 -0.029674697
44389 316116.81 113.840492212 34.0820780921 3776473.229444002 762210.0207306999 56.5182622317 -0.1027345981 0.2576516267 357.419695539 -0.418345491 9.4090861814 -0.0429255027
44390 316116.92 113.8404916992 34.0820874449 3776474.266071 762209.9445243 56.5125712659 -0.0022571098 0.2524409505 357.3915527867 -0.4285520267 9.4584207177 -0.0486688071
44391 316117.03 113.8404911843 34.0820968416 3776475.307561 762209.8679767 56.5069160555 0.171915292 0.2655692046 357.3529866387 -0.4306901845 9.4951017722 -0.0248829058
44392 316117.14 113.8404906682 34.0821062756 3776476.353192 762209.7912127 56.5068856683 0.1417965359 0.2732728107 357.3145326898 -0.4367849319 9.5342569122 0.0274112336
44393 316117.25 113.8404901477 34.0821157485 3776477.403131 762209.71392 56.5086331703 0.0633120645 0.2737357323 357.2707724355 -0.4412764362 9.5726536953 0.0188221451
44394 316117.36 113.8404896095 34.0821252632 3776478.457662 762209.6348646 56.5089827646 0.008161589 0.2960730505 357.2340600871 -0.4559569115 9.619056692 -0.014210772
44395 316117.47 113.8404890636 34.0821348187 3776479.516696 762209.5549714002 56.5063476628 0.0676483421 0.3114908009 357.1987754913 -0.4601922924 9.6589294235 -0.0225994335
44396 316117.58 113.840488504 34.0821444156 3776480.580292 762209.4736891999 56.5039400542 0.111678875 0.2958340158 357.1670556978 -0.4786872151 9.7017447482 -0.0111311361
44397 316117.69 113.8404879401 34.0821540583 3776481.64896 762209.3918565 56.5030830568 0.0767051762 0.2829531751 357.1281667322 -0.4773758117 9.750350131 0.0065724966
44398 316117.8 113.8404873617 34.0821637532 3776482.723389 762209.3085347 56.5029096408 -0.0352419724 0.3008394054 357.0949074607 -0.4924802163 9.8039303293 0.0049653517
44399 316117.91 113.8404867771 34.0821735027 3776483.803852 762209.2244716998 56.5018322906 -0.0806410013 0.2839197368 357.0618729915 -0.493671557 9.8610293893 -0.0264874591
44400 316118.02 113.8404861765 34.0821833123 3776484.89095 762209.1387397 56.4983144188 -0.0194755811 0.2228903431 357.0461863592 -0.5123596117 9.9256918238 -0.0415585341
44401 316118.13 113.8404855659 34.082193183 3776485.984804 762209.0519056999 56.4929391127 0.0718337863 0.1997609018 357.0450621874 -0.5071168853 9.9848834274 -0.0303360155
44402 316118.23 113.8404850084 34.0822022089 3776486.985035 762208.9725721 56.4900584435 0.0963045171 0.1820017544 357.0526174825 -0.515344316 10.0427902252 -0.0022195785
44403 316118.33 113.8404844519 34.0822112826 3776487.990573 762208.8931835998 56.489812946 0.054876454 0.1912831077 357.0643888582 -0.5108563015 10.0939052486 -0.0090423886
44404 316118.43 113.8404838974 34.0822204068 3776489.001719998 762208.8138301 56.4886450497 0.0419812603 0.2166520945 357.0680904812 -0.5126427461 10.1470237888 -0.0229860934
44405 316118.53 113.8404833448 34.0822295776 3776490.018057 762208.7345059 56.4867870538 0.0925239969 0.2598503934 357.0762902765 -0.5053846701 10.2006626322 -0.002052201
44406 316118.63 113.8404827894 34.0822387939 3776491.039426 762208.6547796 56.4848777168 0.112429788 0.2364905404 357.0784847028 -0.5223157948 10.2486956824 -0.0006467911
44407 316118.73 113.8404822273 34.0822480529 3776492.065513 762208.5743125 56.4846708476 0.0955983386 0.2659171582 357.090372302 -0.5129506925 10.2968438838 0.01887495
44408 316118.83 113.8404816719 34.0822573544 3776493.096343 762208.4943219 56.4845359763 0.0690588126 0.2561438821 357.0918646759 -0.5167391449 10.343619224 0.0043095604
44409 316118.93 113.8404811066 34.0822666999 3776494.132018 762208.4132848 56.4831284229 0.0470249531 0.2544806737 357.106480124 -0.5207175309 10.3923505193 -0.0121232679
44410 316119.03 113.8404805429 34.0822760877 3776495.172405 762208.3322665 56.481260349 0.0217824667 0.2098538179 357.104924004 -0.5234405714 10.4380590784 -0.0225374957
44411 316119.13 113.8404799714 34.082285514 3776496.217028 762208.2504064002 56.4794706255 0.0262044288 0.1963678213 357.109660116 -0.53046043 10.4809575402 -0.0215377035
44412 316119.23 113.8404793993 34.0822949834 3776497.26645 762208.1683578 56.4767714758 0.1188666828 0.1928452734 357.1181785439 -0.5230323811 10.5296251869 -0.02025932
44413 316119.33 113.8404788251 34.0823044923 3776498.320238 762208.0859959002 56.4743513577 0.2040171688 0.1635364485 357.1279660541 -0.528493915 10.5713073952 -0.0021143799
44414 316119.43 113.8404782525 34.0823140381 3776499.378138 762208.0036693001 56.4737855811 0.2090119353 0.1572603052 357.1307693854 -0.5214987207 10.6128367185 0.0111094422
44415 316119.53 113.8404776795 34.0823236188 3776500.439902 762207.9212021 56.4752802364 0.2081122633 0.164455096 357.1313798139 -0.528347645 10.6482379878 0.0332138541
44416 316119.63 113.840477107 34.082333233 3776501.505381 762207.8386685002 56.4773868201 0.1625510349 0.1617254943 357.1363946712 -0.5242191814 10.6856382963 0.0107835872
44417 316119.73 113.8404765303 34.08234288 3776502.574493 762207.7556498002 56.4776187977 0.1059805862 0.1186967421 357.1397526849 -0.5357654852 10.7218956351 0.0027379466
44418 316119.83 113.8404759502 34.0823525603 3776503.647292 762207.6722139 56.4778576614 0.0052155449 0.0946079306 357.1498333811 -0.5346534284 10.7604313991 -0.0076031259
44419 316119.93 113.8404753678 34.082362274 3776504.723794 762207.5884633 56.4765712908 -0.0217737394 0.0233936463 357.1623822881 -0.5424086345 10.7952615598 -0.0285036471
44420 316120.03 113.8404747826 34.0823720247 3776505.804388 762207.5043345002 56.4723487869 0.0213372322 0.0018432862 357.1916370015 -0.5291474145 10.8381548415 -0.0539996367
44421 316120.13 113.8404742102 34.0823818112 3776506.888992 762207.4212871 56.4686732292 0.0617836985 0.0095669488 357.2060817396 -0.5326787339 10.8723868484 -0.0235798172
44422 316120.23 113.8404736496 34.0823916306 3776507.977287 762207.3392164 56.4682047246 0.0078952971 0.0669407175 357.2205537985 -0.5110355438 10.9116850107 0.0042527382
44423 316120.33 113.8404730924 34.0824014846 3776509.069414 762207.2573639 56.4670532132 -0.0064792001 0.126356741 357.2313637527 -0.5180805221 10.9480857533 -0.0141417853
44424 316120.43 113.8404725371 34.0824113737 3776510.165454 762207.1755707 56.4648871412 0.0465004454 0.2102590836 357.243594333 -0.5092872644 10.9878358181 -0.0299952623
44425 316120.53 113.8404719802 34.0824212962 3776511.265194 762207.0935337 56.4621291757 0.182914694 0.2093940463 357.254552592 -0.5215524433 11.0244746182 0.0008016079
44426 316120.63 113.8404714196 34.0824312504 3776512.368442 762207.0110524 56.4623156879 0.1986031309 0.2177835877 357.2791436634 -0.5177215367 11.0598364572 0.0217712156
44427 316120.73 113.8404708567 34.0824412338 3776513.474912 762206.9282648001 56.4651202299 0.1419888834 0.1243235993 357.3016752263 -0.5258917965 11.0885696166 0.0465996034
44428 316120.82 113.8404703444 34.0824502441 3776514.473531 762206.8531584 56.4677976072 0.0730362869 0.0407643226 357.3316449112 -0.525889134 11.1180645123 0.0154032178
44429 316120.91 113.8404698378 34.0824592799 3776515.474996 762206.7784997 56.4676721385 0.0540692798 -0.0329751783 357.3471702779 -0.5208812898 11.1504932315 -0.0129639095
44430 316121.0 113.8404693341 34.0824683372 3776516.478856 762206.7040366002 56.4658608045 0.1422133504 -0.0750006726 357.3700957358 -0.5123293219 11.1779544914 -0.0170477531
44431 316121.09 113.8404688355 34.08247741 3776517.484445 762206.6300047 56.4647659669 0.0902985964 -0.1457944664 357.3838638822 -0.5143900701 11.1930218459 -0.0210584017
44432 316121.18 113.8404683345 34.0824865013 3776518.49208 762206.555688 56.465947004 0.0690747577 -0.1496822858 357.3995593974 -0.5099159461 11.2252917457 0.0308345535
44433 316121.27 113.8404678417 34.0824956141 3776519.502128 762206.4820664 56.467046232 0.0735925671 -0.1653327393 357.4097961414 -0.5009186418 11.2544110023 0.0022398084
44434 316121.36 113.8404673483 34.0825047493 3776520.514651 762206.4083193 56.4666843936 0.0274656381 -0.1801166195 357.4272133329 -0.5079835987 11.2804116062 -0.0086193831
44435 316121.45 113.8404668565 34.0825139067 3776521.529651 762206.3346464002 56.4663658747 -0.070413031 -0.1525922658 357.4485359579 -0.4952958546 11.3093254508 -0.0181919418
44436 316121.54 113.8404663682 34.0825230884 3776522.547354 762206.2612294 56.4652086478 -0.1434576102 -0.1657215655 357.4631023341 -0.5030474831 11.3359188787 -0.0246468483
44437 316121.63 113.8404658806 34.082532293 3776523.567598 762206.1878010002 56.461683563 -0.164971373 -0.1501695494 357.4821763022 -0.4938921791 11.3671216384 -0.0614460189
44438 316121.72 113.8404653996 34.0825415191 3776524.590243 762206.1149180002 56.4566030465 -0.0717791947 -0.1134149243 357.4903616636 -0.4906264953 11.389240433 -0.0586576959
44439 316121.74 113.8404652929 34.0825435716 3776524.817751 762206.0987263 56.4552205801 -0.0155775504 -0.088505854 357.4967218654 -0.4911420805 11.3931590674 -0.07319141
44440 316121.83 113.8404648193 34.0825528203 3776525.842934 762206.0264633 56.450747204 0.1171881679 -0.0271393585 357.5074495505 -0.4812229068 11.413368795 -0.0472116648
44441 316121.92 113.8404643479 34.0825620836 3776526.869732 762205.9543449002 56.4495242126 0.13808222 -0.0090740356 357.5173247056 -0.4834144209 11.4286216467 0.0192007042
44442 316122.01 113.8404638739 34.0825713607 3776527.898061 762205.8819538 56.4522629157 0.062757403 0.0671781685 357.5343759521 -0.482617215 11.4506712502 0.0417203819
44443 316122.1 113.84046341 34.0825806523 3776528.928014 762205.810445 56.45332273 0.0610877858 0.0994384411 357.5491697192 -0.4780313741 11.466030424 -0.0150757338
44444 316122.19 113.8404629429 34.0825899589 3776529.959637 762205.738597 56.4510411304 0.1072721763 0.0981149826 357.573953669 -0.4828819239 11.4824807078 -0.0275980224
44445 316122.28 113.8404624814 34.0825992782 3776530.992676 762205.6672273001 56.4498268766 0.1286800574 0.1253805154 357.5878798367 -0.4754149923 11.5018536184 0.0183577005
44446 316122.37 113.8404620234 34.0826086077 3776532.026859 762205.5961491 56.4517509406 -0.0283822349 0.1563734105 357.6029617643 -0.4716788306 11.5123030967 0.0244702149
44447 316122.46 113.8404615677 34.0826179483 3776533.062279 762205.5252431 56.4528311761 -0.1639295986 0.1252701511 357.6201833748 -0.4728541262 11.5257756712 -6.21478e-05
44448 316122.55 113.84046111 34.0826273006 3776534.098992 762205.4541275 56.4507561577 -0.1645223905 0.1338578192 357.6432709968 -0.4700762331 11.543845803 -0.0346776912
44449 316122.64 113.8404606597 34.0826366617 3776535.136702 762205.3836609998 56.4450180978 0.0065927329 0.1415024565 357.6626774247 -0.4607184236 11.5492405838 -0.0724031301
44450 316122.73 113.8404602113 34.0826460284 3776536.175037 762205.3133577 56.4397122692 0.2142106464 0.1679040425 357.6874276634 -0.463517507 11.5503458326 -0.0210049225
44451 316122.82 113.8404597732 34.0826553954 3776537.213427 762205.2439993002 56.4393865708 0.322243219 0.221880953 357.7052551597 -0.4412778308 11.5525021926 0.0270127171
44452 316122.91 113.8404593399 34.082664761 3776538.251683 762205.1750899 56.4436550243 0.2692831577 0.2433407344 357.720952672 -0.4511373664 11.54720119 0.0604631769
44453 316123.0 113.8404589064 34.0826741268 3776539.28996 762205.1061579002 56.4493430117 0.1396944739 0.2553100394 357.7437687111 -0.4432851828 11.5480041474 0.0542569332
44454 316123.09 113.8404584741 34.0826834949 3776540.328492 762205.0373358001 56.4530325094 0.0959167607 0.2091851141 357.7659349539 -0.4500243329 11.549202914 0.023489093
44455 316123.18 113.8404580404 34.0826928662 3776541.367376 762204.968371 56.4538985463 0.1654927279 0.2214039643 357.7988469065 -0.4386569394 11.5532477924 -0.0057093501
44456 316123.27 113.8404576187 34.0827022385 3776542.406391 762204.9005145001 56.4540028917 0.216856709 0.1848888017 357.8168108464 -0.4288989194 11.5523008232 0.011573743
44457 316123.36 113.8404571981 34.0827116098 3776543.445317 762204.8327578 56.4567120196 0.1639318324 0.2193708456 357.8409531972 -0.4321293257 11.5541565837 0.0352510518
44458 316123.45 113.8404567897 34.0827209812 3776544.484278 762204.7661273001 56.4605718544 0.0801015323 0.2150597961 357.8521406563 -0.4181892786 11.5544652299 0.054890551
44459 316123.54 113.8404563764 34.0827303534 3776545.523303 762204.6990473 56.4618368233 0.0815669356 0.1744492551 357.8785128898 -0.4239246303 11.5562233474 0.002250491
44460 316123.63 113.8404559666 34.0827397261 3776546.5624050014 762204.6322835998 56.4617218878 0.1730254627 0.1050369568 357.9019616102 -0.4303940514 11.5554153926 -0.0153398567
44461 316123.72 113.840455556 34.0827490969 3776547.601292 762204.5654558 56.46196514 0.2466584825 0.0922550578 357.9271229734 -0.4171394765 11.5497559338 0.0182395487
44462 316123.81 113.8404551565 34.0827584664 3776548.640065 762204.499654 56.4632566487 0.3660478284 0.0567983157 357.9371612014 -0.4075173088 11.545372739 0.0093089277
44463 316123.9 113.8404547573 34.0827678331 3776549.678525 762204.4338850002 56.4675592361 0.357655604 0.0507049213 357.9502876189 -0.4111193695 11.5398982766 0.0697254393
44464 316123.99 113.8404543628 34.0827771958 3776550.716557 762204.3685743 56.4746202221 0.2486918994 0.034780472 357.9442046447 -0.4062088662 11.5398162495 0.0751624237
44465 316124.08 113.840453965 34.0827865575 3776551.754467 762204.3029545 56.480634423 0.1287910665 0.0346722755 357.920699775 -0.4100183707 11.5373936558 0.045196709
44466 316124.17 113.8404535604 34.08279592 3776552.792444 762204.2366982 56.4831254715 0.1031005855 -0.0283408694 357.8879901324 -0.4193093375 11.5416464094 0.0192968079
44467 316124.26 113.8404531405 34.0828052814 3776553.830272 762204.169041 56.4833646258 0.1184477649 -0.0720952229 357.8511754822 -0.4350650797 11.54196508 0.0077141579
44468 316124.35 113.8404527157 34.0828146409 3776554.86786 762204.1009331 56.4838326396 0.1613045087 -0.1285912052 357.8073210477 -0.4329907111 11.5345716998 0.0102758094
44469 316124.44 113.8404522815 34.0828239986 3776555.905242 762204.0319664001 56.4843663638 0.2572133347 -0.203637355 357.7594121638 -0.453058442 11.5282538506 0.0122564001
44470 316124.53 113.8404518385 34.0828333527 3776556.94219 762203.9622024 56.48701886 0.2608388502 -0.2095271459 357.7165981392 -0.4480370992 11.524814471 0.0445340665
44471 316124.62 113.84045139 34.0828427032 3776557.978733 762203.8919314 56.4908838589 0.2015804113 -0.2991829817 357.6614541382 -0.4679248241 11.5222129865 0.0508284538
44472 316124.71 113.8404509266 34.0828520504 3776559.014859 762203.8203031998 56.4947967576 0.2241091595 -0.2506748163 357.6218920476 -0.4785411854 11.5203208685 0.031162485
44473 316124.8 113.8404504653 34.0828613959 3776560.05081 762203.7488641 56.4965492217 0.3579192246 -0.2729600957 357.5773749308 -0.4745227014 11.5217631583 0.0287234887
44474 316124.89 113.84044999 34.0828707359 3776561.086113 762203.6761553 56.4998290911 0.3629716232 -0.2869537471 357.5451873865 -0.4892384897 11.5101868365 0.0627313068
44475 316124.98 113.8404495134 34.0828800714 3776562.120912 762203.6033471 56.5067741182 0.1631038987 -0.2928050273 357.5029700546 -0.4866953353 11.5058038979 0.0921673495
44476 316125.07 113.8404490219 34.0828894059 3776563.155567 762203.5291512 56.5124392761 -0.0140814116 -0.3284149157 357.4844911092 -0.5074539763 11.5047198299 0.0357500083
44477 316125.16 113.8404485178 34.0828987452 3776564.190718 762203.4537941 56.5121196676 0.0067300446 -0.3222867184 357.4839727917 -0.5067818579 11.5081421432 -0.0328271568
44478 316125.25 113.8404480152 34.0829080856 3776565.225994 762203.3785587 56.5082181524 0.1676147315 -0.3323528021 357.4858073842 -0.5054688954 11.5125876797 -0.0372611841
44479 316125.34 113.8404475173 34.0829174239 3776566.261051 762203.3037684 56.5067376168 0.2276878862 -0.3367711022 357.4744634268 -0.5008549411 11.5053330834 0.015589621
44480 316125.43 113.8404470186 34.0829267589 3776567.295735 762203.2289152 56.5105590969 0.1138129557 -0.2938349555 357.4647079024 -0.5012386122 11.5033039899 0.0657517098
44481 316125.52 113.8404465204 34.0829360934 3776568.330364 762203.1541122 56.5148236649 0.0206472221 -0.2765306602 357.4580022727 -0.4980097384 11.5065132838 0.0306813739
44482 316125.61 113.8404460148 34.0829454277 3776569.364966002 762203.0786225002 56.5150023242 0.038793467 -0.3015966719 357.4548858531 -0.514814937 11.5043927062 -0.007689403
44483 316125.7 113.8404455096 34.0829547606 3776570.399405998 762203.0031763002 56.5133539233 0.0975327825 -0.2655243841 357.4504321808 -0.502753037 11.4984605512 -0.012463271
44484 316125.79 113.8404450086 34.082964092 3776571.433686 762202.9281129001 56.5121321706 0.1118816614 -0.2843756986 357.4387910637 -0.5122670684 11.4925012323 0.0038578094
44485 316125.88 113.8404445005 34.0829734196 3776572.4675300014 762202.8524166 56.51294869 0.0729342015 -0.288684364 357.4396264653 -0.5064518301 11.4919039139 0.0108432641
44486 316125.97 113.8404439918 34.0829827438 3776573.500987 762202.7766725002 56.5142162563 0.0582447878 -0.32436346 357.4350123385 -0.5155918145 11.4831272301 0.0148107377
44487 316126.06 113.8404434848 34.0829920642 3776574.5340370014 762202.7010949 56.5149074849 0.0466275349 -0.2841823852 357.4472749685 -0.5101690672 11.4834971991 0.0092665718
44488 316126.15 113.8404429949 34.0830013813 3776575.566764 762202.627114 56.5149942022 0.1523816385 -0.3329057378 357.4564528743 -0.5036220836 11.480159682 0.012063615
44489 316126.24 113.8404425026 34.0830106914 3776576.5987019986 762202.5529224 56.5155308954 0.2479218664 -0.2934294837 357.4866711692 -0.5038797333 11.4702250162 0.0112936612
44490 316126.33 113.8404420246 34.0830199927 3776577.629708 762202.4800823001 56.5180722158 0.2760825678 -0.2949801957 357.5257250471 -0.4862990536 11.4551887818 0.0382258025
44491 316126.42 113.8404415504 34.0830292853 3776578.659752 762202.4076252 56.5228216611 0.2168285569 -0.2515373844 357.5819598379 -0.4799977058 11.4437508261 0.0641019326
44492 316126.51 113.840441094 34.0830385695 3776579.6889120014 762202.3368347 56.5279165506 0.1377201924 -0.2185890838 357.6243668926 -0.4603757624 11.4332689119 0.0481980327
44493 316126.6 113.8404406463 34.0830478466 3776580.717299 762202.2668665998 56.5312726591 0.0689275646 -0.1641388096 357.6689483244 -0.4586607278 11.4256628153 0.0253878141
44494 316126.69 113.8404402078 34.083057114 3776581.744646 762202.1977834002 56.5327760549 0.1257306752 -0.1312114736 357.7142324244 -0.4440250054 11.41704409 0.0203237728
44495 316126.78 113.8404397768 34.0830663712 3776582.770872 762202.1294207 56.533630644 0.1587601739 -0.1322229324 357.759258739 -0.4437766863 11.3992540426 0.0111454171
44496 316126.87 113.8404393539 34.0830756148 3776583.795608 762202.0618434 56.5359669505 0.1057434738 -0.0762857072 357.8098245049 -0.4299219458 11.3795003463 0.0191820562
44497 316126.96 113.8404389431 34.0830848438 3776584.818764 762201.9954335998 56.5385789415 0.0995218768 -0.0340854592 357.8557790588 -0.4219540667 11.3624333107 0.0214154479
44498 316127.05 113.840438543 34.0830940598 3776585.840492 762201.9300566999 56.5404853541 0.079093592 0.0113021092 357.9014474964 -0.4033872827 11.341442272 0.0194329712
44499 316127.14 113.8404381546 34.0831032615 3776586.860671 762201.8657926999 56.5423721662 0.0162502392 0.0191063625 357.9405252307 -0.3968989942 11.3274776106 0.0352901119
44500 316127.23 113.8404377696 34.0831124449 3776587.878825 762201.8019101 56.5441215662 -0.0065618046 0.0673804721 357.9870852836 -0.3893608766 11.3053642476 0.0156368186
44501 316127.32 113.8404373988 34.0831216133 3776588.895356 762201.7393805998 56.5442858916 0.0224531612 0.0542305594 358.0226769087 -0.3785012358 11.2899038616 0.0116603717
44502 316127.41 113.8404370297 34.083130765 3776589.910037 762201.6770614 56.5444965353 0.028665515 0.0921667177 358.0639460284 -0.3742037951 11.2658348931 0.0073536008
44503 316127.5 113.8404366734 34.0831398957 3776590.922413 762201.6159854998 56.5450137295 0.0527368572 0.0741869877 358.0867772063 -0.3669653848 11.2342319574 -0.0066348487
44504 316127.59 113.8404363204 34.0831490007 3776591.931956 762201.5552952 56.5455298312 0.0787471911 0.1058124427 358.1051495522 -0.3595286503 11.1998982477 0.0059694132
44505 316127.68 113.8404359745 34.0831580724 3776592.937819 762201.4953598 56.5472354852 0.0371095761 0.1144519533 358.0986651096 -0.3515978041 11.1568836522 0.0358797081
44506 316127.77 113.8404356285 34.083167102 3776593.9390050014 762201.4355481 56.5500760535 -0.042098436 0.1378482871 358.0739891216 -0.3600240291 11.098398826 0.0314477036
44507 316127.87 113.8404352422 34.0831770807 3776595.045418 762201.3690884 56.5524373008 -0.0723194638 0.1729666669 358.0155732247 -0.354887864 11.0362479762 0.0158451506
44508 316127.97 113.8404348484 34.0831870001 3776596.145229 762201.3021133002 56.5519868536 0.0004209948 0.181657661 357.9077301207 -0.373042883 10.9664327659 -0.0070711752
44509 316128.07 113.8404344352 34.0831968614 3776597.2385370014 762201.2335323001 56.5520720268 -0.0073119593 0.2171855797 357.7718808622 -0.3911369863 10.9104587419 0.0080746607
44510 316128.17 113.8404339887 34.0832066805 3776598.3270910014 762201.1620069002 56.5530942576 -0.0227206788 0.1942259396 357.6302991904 -0.431126426 10.8727965891 0.0183660828
44511 316128.27 113.840433511 34.0832164682 3776599.412071 762201.0876957 56.5539333736 -0.0280264317 0.237090638 357.4979068969 -0.4443146276 10.8421807655 0.0117587833
44512 316128.37 113.8404330123 34.0832262256 3776600.493629 762201.0115392 56.5535525475 -0.0285123072 0.2322242241 357.3535089789 -0.4731850194 10.810170467 0.001718453
44513 316128.43 113.8404326983 34.0832320642 3776601.140776 762200.9645282 56.5535809603 -0.0322982605 0.2672593786 357.2728392107 -0.4879343438 10.7833332072 0.008882789
44514 316128.53 113.8404321609 34.0832417714 3776602.216669 762200.8849535999 56.553489753 -0.0068187097 0.2937650679 357.146250482 -0.5052559097 10.7518027467 -0.0021879765
44515 316128.63 113.8404315936 34.0832514433 3776603.28857 762200.8027218998 56.5538655017 -0.0062934346 0.3239600726 357.0479057206 -0.5364022927 10.7095758654 0.0030885326
44516 316128.73 113.8404310093 34.0832610808 3776604.356609 762200.7190278001 56.5536399484 0.0382694322 0.3297280129 356.9548733378 -0.542562685 10.6712980961 -0.012441169
44517 316128.83 113.8404304046 34.0832706789 3776605.420226 762200.6335757 56.5535349622 0.1001680313 0.3430413824 356.8841815217 -0.5614749269 10.6250433276 0.0038617316
44518 316128.93 113.8404297885 34.0832802334 3776606.478976 762200.5472058002 56.5552158505 0.1420854865 0.3405484632 356.8366248836 -0.5684319926 10.5747030027 0.0239596573
44519 316129.03 113.8404291671 34.0832897372 3776607.532080998 762200.4604984 56.5576652205 0.1632215256 0.3535357071 356.8124414724 -0.5701432099 10.5121098608 0.0253062612
44520 316129.13 113.8404285445 34.0832991759 3776608.577952 762200.3738863001 56.5618394278 0.1063756356 0.3634352786 356.8013632297 -0.5710715028 10.4376521764 0.0345476414
44521 316129.23 113.840427928 34.0833085449 3776609.616115 762200.2880551999 56.5661401283 0.0144855316 0.3925056162 356.80003513 -0.5696625579 10.3567047464 0.0355698002
44522 316129.33 113.840427317 34.0833178296 3776610.644925 762200.2029864 56.5697351862 -0.0223162375 0.4071999094 356.8142658104 -0.5545126288 10.2542838797 0.0341282453
44523 316129.43 113.8404267176 34.0833270171 3776611.662989 762200.1192846998 56.5717881927 -0.0473478947 0.4274345316 356.8237707775 -0.5501981001 10.1429206196 0.0196077418
44524 316129.53 113.8404261287 34.0833360976 3776612.669201999 762200.0368876 56.5735861715 -0.105816743 0.4700289408 356.8481687181 -0.5314595127 10.0209361088 0.0235349738
44525 316129.64 113.8404254974 34.0833459566 3776613.761702 762199.9481776 56.5747227427 -0.1204668293 0.4898869112 356.8694691253 -0.5233961813 9.8788910077 0.0098326918
44526 316129.75 113.8404248759 34.0833556756 3776614.838689 762199.8607995998 56.5747775054 -0.1313920036 0.5272714161 356.8997552036 -0.5129795849 9.7386699092 -0.0124231331
44527 316129.86 113.8404242698 34.083365256 3776615.900336 762199.7752681 56.5744972816 -0.1245264158 0.5091132198 356.9279878616 -0.5063571421 9.5927497888 0.0101410115
44528 316129.97 113.8404236749 34.0833746926 3776616.946053 762199.691214 56.5753155108 -0.1764818727 0.5725868727 356.9657837062 -0.487705994 9.4529187365 0.0020621328
44529 316130.08 113.8404231031 34.0833839868 3776617.976032 762199.609741 56.5747886626 -0.1599026163 0.5447523389 356.9873637614 -0.4737256734 9.3010542221 -0.0104176887
44530 316130.19 113.8404225438 34.0833931313 3776618.989419 762199.5298774998 56.5742917294 -0.1932967039 0.6414495303 357.0143456787 -0.4583312145 9.143578184 -0.0041794817
44531 316130.31 113.8404219591 34.0834029318 3776620.075544 762199.4456455 56.5742992228 -0.2137066244 0.6744260329 357.0430007895 -0.447626498 8.9710929681 -0.0009029062
44532 316130.43 113.8404213797 34.0834125412 3776621.140482 762199.3624936999 56.5744877979 -0.2496288759 0.7082511028 357.084047345 -0.4408950966 8.7924958045 0.0001510882
44533 316130.55 113.8404208241 34.083421962 3776622.184548 762199.2821245 56.5725817354 -0.2213506197 0.690410591 357.122117876 -0.4183891891 8.620715036 -0.0306702259
44534 316130.67 113.840420283 34.0834311857 3776623.206771 762199.2036959 56.5720918784 -0.2119765223 0.6541996494 357.1725909101 -0.4091447881 8.4306028127 0.0026035966
44535 316130.79 113.8404197607 34.0834402126 3776624.207208 762199.127613 56.5727205239 -0.2941296631 0.5904130974 357.2405603151 -0.3935143689 8.2579018807 -0.0133497265
44536 316130.92 113.8404192239 34.0834497681 3776625.266269 762199.0485606998 56.5712641077 -0.277675121 0.5360345432 357.3077224529 -0.371397922 8.0562551054 -0.0215796047
44537 316131.05 113.840418719 34.0834590852 3776626.298948 762198.9731909998 56.5703394292 -0.2171585138 0.5210353575 357.3738763792 -0.3509593314 7.8540088872 -0.0007683823
44538 316131.18 113.8404182296 34.0834681669 3776627.305549 762198.8999779 56.568283719 -0.1956460525 0.4714497016 357.4447417071 -0.3405160211 7.6468756325 -0.0144677831
44539 316131.32 113.840417727 34.0834776885 3776628.360941998 762198.8241904002 56.568362603 -0.2044058032 0.390987789 357.5105881194 -0.3203715789 7.4430272453 0.0048155891
44540 316131.46 113.8404172524 34.0834869614 3776629.3888 762198.7517517 56.5690592723 -0.2242974892 0.3618219726 357.5650590341 -0.3014858573 7.2486026771 0.0015559342
44541 316131.6 113.8404168 34.0834959803 3776630.388521 762198.682145 56.567993422 -0.1563624569 0.3733967052 357.569401865 -0.2905981856 7.0489237682 -0.0111131997
44542 316131.75 113.8404163341 34.083505363 3776631.428597 762198.6101774998 56.5661565354 -0.1323754199 0.4438850344 357.4713507707 -0.2856127334 6.8291070035 -0.0041303617
44543 316131.9 113.8404158669 34.0835144254 3776632.433107 762198.5390707 56.5679541882 -0.0287603665 0.5625076828 357.3465156755 -0.2883478149 6.5827604377 0.0257058183
44544 316132.06 113.8404153545 34.0835237261 3776633.463954 762198.4630552 56.569756479 0.0363576339 0.5843652303 357.1983961423 -0.2969944115 6.315800613 -0.0102226721
44545 316132.23 113.8404147992 34.0835331634 3776634.509847 762198.3826638 56.5707705794 0.0817059533 0.6313955772 357.0290419323 -0.2996479633 6.0216864593 0.0353889381
44546 316132.4 113.8404142474 34.0835421663 3776635.507547 762198.3039335 56.5768956868 0.016912418 0.7170136153 356.9043217776 -0.2954217025 5.7497144087 0.0341744365
44547 316132.58 113.8404136638 34.0835512232 3776636.511151 762198.2220944 56.5806981353 -0.0074611795 0.8301870085 356.8326163854 -0.2853980988 5.4383626499 0.0111959782
44548 316132.61 113.8404135703 34.0835526845 3776636.673088 762198.2089493 56.5812324732 -0.0240419292 0.8386185967 356.8187869508 -0.283788322 5.3901111676 0.0199632081
44549 316132.81 113.840412947 34.0835620729 3776637.713373998 762198.1224236 56.5833973885 0.0388395272 0.8859082594 356.7463589763 -0.2712495371 5.0473928215 0.0130735454
44550 316133.02 113.8404123288 34.0835712412 3776638.7292660014 762198.0370561 56.5860119257 0.0707264578 0.9198047511 356.6776041623 -0.2547859172 4.6565841278 0.0092452116
44551 316133.25 113.8404117278 34.0835804057 3776639.744766 762197.9532785999 56.5911573721 -0.0300244179 0.9849869391 356.6048211997 -0.2437840315 4.1936264638 0.0254478035
44552 316133.51 113.8404110939 34.0835895792 3776640.7611879986 762197.8664434 56.5959814554 -0.0452134673 0.9462948446 356.548239552 -0.2110872282 3.6388431891 0.023101456
44553 316133.82 113.8404104496 34.0835987921 3776641.781951 762197.7785218002 56.5995758185 -0.0509832142 0.8615287993 356.4884613073 -0.1800398462 2.970631075 0.0010993214
44554 316134.21 113.8404097851 34.083607912 3776642.792343 762197.6890165 56.6013414385 -0.0073413389 0.7322517559 356.4504874723 -0.1342709515 2.241204569 0.003472
44555 316134.78 113.8404091094 34.083616981 3776643.797053 762197.598641 56.6022122586 0.0169899059 0.6799161799 356.4121966249 -0.0810631728 1.340145362 -0.0027206328
44556 316160.64 113.8404086418 34.0836255051 3776644.741834 762197.5291625998 56.5870337589 0.3996865806 0.5776989209 356.3850632986 -0.0463417861 0.6893713894 -0.0179024061
44557 316161.37 113.8404078981 34.0836345037 3776645.738555 762197.4327205 56.5941987662 0.6977186618 0.5305740805 356.3942357569 -0.1365130613 2.137459883 0.0084636031
44558 316161.77 113.8404071673 34.0836436853 3776646.755619 762197.3369090002 56.6001349278 0.6029453145 0.4918926289 356.392058136 -0.192088738 2.9444079777 0.002956646
44559 316162.09 113.840406445 34.0836529528 3776647.782244 762197.2416149002 56.606101187 0.565335204 0.4843276275 356.4229727888 -0.2151324389 3.4832969234 0.0201950383
44560 316162.37 113.8404057272 34.0836622549 3776648.812721 762197.1466396998 56.609516303 0.5293888677 0.3865852492 356.4418436334 -0.2387976701 3.8943916403 0.0040654477
44561 316162.62 113.8404050376 34.0836713902 3776649.8247589986 762197.0547704 56.6131046638 0.4840287918 0.4691897622 356.4746833779 -0.2442091836 4.2283400358 0.0090568817
