44606 316171.27 113.8402773437 34.0836914842 3776651.7268839986 762185.2017634 56.6482364275 0.3786911516 -0.062256031 173.6720359522 0.7774279331 -7.1990575275 -0.023844735
44607 316171.41 113.8402785232 34.0836822506 3776650.705197 762185.3391638 56.6426571887 0.441994661 -0.0393598454 173.805946282 0.7973702587 -7.4644280971 -0.0245080504
44608 316171.55 113.8402797215 34.0836726842 3776649.646631 762185.4793294001 56.639425545 0.4602403296 -0.1047027743 173.9356190991 0.8050825524 -7.7381202835 -0.0026546088
44609 316171.68 113.8402808541 34.0836634754 3776648.627579 762185.6123299 56.6357279886 0.550365504 -0.2502294673 174.0329913953 0.8302722785 -8.0038208058 -0.01818995
44610 316171.81 113.840282014 34.0836539543 3776647.573927 762185.7488072 56.6338419989 0.4872412723 -0.3486039187 174.1557656097 0.8375170355 -8.2646163015 0.0157623012
44611 316171.93 113.8402830931 34.0836449079 3776646.572761 762185.876363 56.6332472349 0.450458412 -0.4030832565 174.2941881334 0.8455824147 -8.4894860485 0.0027612995
44612 316172.05 113.8402841813 34.0836356315 3776645.546086 762186.0054724 56.6315839179 0.4446831664 -0.4466781173 174.4785602021 0.8428642846 -8.6928410833 -0.0192905956
44613 316172.17 113.8402852735 34.0836261246 3776644.493841 762186.1356508002 56.6271678098 0.4955607262 -0.4406619494 174.6587915453 0.8257200053 -8.8968370227 -0.0148361747
44614 316172.22 113.8402857228 34.083622098 3776644.048139 762186.1895675 56.6263178019 0.4880066315 -0.3780256322 174.7506555588 0.821863935 -8.9848058202 0.0002100502
44615 316172.33 113.8402866863 34.083613103 3776643.052382 762186.306283 56.6247247346 0.4436556768 -0.2132824228 174.95712369 0.7833724526 -9.1729501442 0.0149493139
44616 316172.44 113.8402876219 34.0836039271 3776642.036469 762186.4209905 56.6233549584 0.3120348162 -0.1535657283 175.165191044 0.7793573704 -9.3507961728 0.0116029681
44617 316172.55 113.840288544 34.08359458 3776641.0015199985 762186.5349775 56.6212780354 0.1796351938 -0.0494190646 175.3828736474 0.7505477 -9.5223079754 -0.0190440936
44618 316172.66 113.8402894305 34.0835850664 3776639.948008 762186.6461891999 56.615489305 0.2047501238 -0.0008397738 175.5750115532 0.7299722615 -9.6868568297 -0.0682027922
44619 316172.77 113.8402903054 34.0835753834 3776638.875664 762186.7568526 56.6064644083 0.3089047535 0.0266005657 175.7907042419 0.7127410476 -9.8561295164 -0.0598981299
44620 316172.88 113.8402911512 34.0835655347 3776637.78486 762186.8653414 56.6018078597 0.2432490533 0.0067955475 175.9679604945 0.6982087494 -10.020003765 -0.0105022802
44621 316172.98 113.8402918991 34.0835564426 3776636.777774 762186.9624589002 56.5986764757 0.2249458599 0.0879774653 176.1318055612 0.6700547859 -10.1668087964 -0.0282861307
44622 316173.08 113.8402926159 34.0835472123 3776635.755258 762187.0571278002 56.5924924584 0.3254816651 0.1231443697 176.2838782384 0.6510612993 -10.3178014695 -0.0621531745
44623 316173.18 113.8402933154 34.0835378414 3776634.717105 762187.150625 56.5867557889 0.3739318825 0.1790881753 176.4435581258 0.6377312994 -10.4654677764 -0.0239499913
44624 316173.28 113.840293989 34.0835283374 3776633.664108 762187.2421496 56.5855248645 0.2559949516 0.1856381505 176.5935804929 0.6130012905 -10.61206241 0.0113131648
44625 316173.38 113.8402946481 34.0835186986 3776632.596123 762187.3327513002 56.5839966098 0.1647034576 0.2257293013 176.7456474793 0.6009445412 -10.7651469023 -0.0330863192
44626 316173.41 113.8402948414 34.0835157803 3776632.272753 762187.3596098 56.5827720752 0.153870915 0.2551282972 176.7949588337 0.5911932011 -10.8115149172 -0.0352392056
44627 316173.51 113.8402954626 34.0835059638 3776631.184945 762187.4472578 56.5752556082 0.2167621294 0.2623714016 176.932917661 0.5654815434 -10.9610398225 -0.0766397416
44628 316173.61 113.8402960717 34.0834960122 3776630.082115 762187.5342104 56.5680834604 0.2989551013 0.3166404828 177.0742426747 0.5532272175 -11.1095557189 -0.0380002363
44629 316173.7 113.8402965953 34.083486943 3776629.076985 762187.6105339002 56.5642814962 0.3433388761 0.3603161311 177.1760564039 0.527013283 -11.2360658054 -0.022956487
44630 316173.79 113.8402971094 34.0834777708 3776628.060404 762187.6863135998 56.5609532185 0.3762816648 0.3930463322 177.2790382937 0.5259921908 -11.3642173343 -0.0263222226
44631 316173.88 113.8402976087 34.0834684987 3776627.032701 762187.761023 56.5584539296 0.3992434954 0.4082329645 177.3658677294 0.5065550457 -11.4856505097 -0.0080719671
44632 316173.97 113.8402980996 34.0834591273 3776625.993945 762187.8352705998 56.5565046417 0.3888091535 0.4418271283 177.4293139259 0.4998467153 -11.6125021681 -0.0048261607
44633 316174.06 113.84029858 34.0834496507 3776624.943496 762187.9088704 56.5550204851 0.4042392095 0.4562307667 177.4573777188 0.4902285101 -11.7408912111 0.0034026531
44634 316174.15 113.8402990634 34.0834400753 3776623.882092 762187.9830502 56.5545283165 0.368656712 0.4707250569 177.4546544811 0.4993236592 -11.8590381243 0.0015676079
44635 316174.24 113.8402995517 34.0834304003 3776622.809644 762188.0579902 56.5533326697 0.3847583312 0.5036367174 177.4226601775 0.5023666425 -11.9821931002 -0.0083515786
44636 316174.33 113.8403000528 34.0834206242 3776621.726012 762188.1344226 56.5507333316 0.4733113078 0.5368211517 177.3593541724 0.5270668127 -12.1079342012 -0.0317722523
44637 316174.42 113.8403005704 34.0834107482 3776620.631339 762188.2126906 56.5490300339 0.6302133347 0.609712414 177.270897685 0.5342971316 -12.22843024 0.0123787525
44638 316174.51 113.8403011113 34.0834007791 3776619.526383 762188.2934014 56.551051192 0.6094553211 0.6418930291 177.1523340166 0.5755291684 -12.3373139929 0.0535055568
44639 316174.6 113.8403016835 34.0833907162 3776618.411104 762188.3772843998 56.5560705094 0.4459947778 0.6933439464 177.0240026191 0.5961273992 -12.4585485708 0.0607239906
44640 316174.68 113.8403022203 34.083381689 3776617.410675 762188.4547019 56.5590376714 0.3347622102 0.6567071028 176.9198669709 0.6423146731 -12.5671905419 0.021488624
44641 316174.76 113.8403027908 34.0833725838 3776616.401668 762188.5354846 56.557931901 0.3717816614 0.6264248441 176.8498251492 0.6664426006 -12.6747585965 -0.0343686344
44642 316174.84 113.8403033806 34.0833634 3776615.383993 762188.6182747 56.5547959832 0.5301697721 0.5558343548 176.7957549923 0.6957523187 -12.7885836691 -0.0302036116
44643 316174.92 113.8403039904 34.0833541393 3776614.357842 762188.7031559 56.5531949746 0.6352877277 0.5547038045 176.7784415731 0.7049191696 -12.8880488275 0.0081965648
44644 316175.0 113.8403046045 34.0833448066 3776613.323702 762188.7886663 56.5563547453 0.5929655055 0.4907835503 176.7556118565 0.7140657504 -12.9850839214 0.0734811816
44645 316175.08 113.8403052256 34.0833354024 3776612.281647 762188.8750343 56.5621529324 0.4624229925 0.5517385016 176.7494537773 0.7092834181 -13.0889686777 0.0588145967
44646 316175.16 113.8403058396 34.0833259272 3776611.231703 762188.9609601998 56.5645553619 0.414035084 0.5676614894 176.7378187074 0.7131033222 -13.1823812984 0.0142865583
44647 316175.24 113.8403064674 34.0833163874 3776610.174618 762189.0483687 56.5640905267 0.3748363228 0.5658749313 176.7490777654 0.7334824706 -13.2663801295 0.0018833206
44648 316175.32 113.8403070955 34.0833067841 3776609.110480998 762189.1359934 56.5634226045 0.3427602068 0.5647542895 176.7496974221 0.727457165 -13.3576406965 -0.0070660483
44649 316175.4 113.8403077313 34.0832971214 3776608.039776 762189.2245236 56.5624115439 0.3819243798 0.564541855 176.7610417571 0.7395003176 -13.4382665278 -0.0039358291
44650 316175.48 113.8403083663 34.0832874 3776606.962555 762189.3131529002 56.5612118235 0.4373147266 0.5648188727 176.7659544673 0.7335332418 -13.5184458371 -0.0011100416
44651 316175.56 113.8403090061 34.0832776221 3776605.879086 762189.4023952 56.5617545471 0.3863689947 0.5359524544 176.771534088 0.746678243 -13.5945943648 0.0347860835
44652 316175.64 113.8403096485 34.0832677882 3776604.789399 762189.4920592 56.5643509291 0.2254859445 0.5373154246 176.7748206024 0.7416764473 -13.6725097002 0.0423191651
44653 316175.72 113.8403102937 34.0832578977 3776603.69344 762189.5821529998 56.5646801302 0.1340106509 0.5412500236 176.7861484461 0.7497154761 -13.7490417706 -0.0161566745
44654 316175.8 113.8403109398 34.08324795 3776602.59113 762189.6725112 56.5595894493 0.2047354836 0.5244064044 176.8118400785 0.7458682789 -13.8318627764 -0.0828297645
44655 316175.88 113.8403115856 34.0832379526 3776601.483311 762189.7629883002 56.5539319795 0.2968083281 0.4983927947 176.8480920116 0.7456476517 -13.889381755 -0.0305824461
44656 316175.96 113.8403122237 34.0832279084 3776600.370275 762189.8529017 56.552593967 0.2163802621 0.5528819633 176.8779675202 0.7303014834 -13.9554326478 0.0100802095
44657 316176.04 113.8403128548 34.0832178202 3776599.252336 762189.9423066998 56.5519992048 0.1851910765 0.5937579286 176.9065578565 0.730535477 -14.0194815269 -0.0052321712
44658 316176.12 113.8403134865 34.0832076833 3776598.129002 762190.0319085999 56.5509844543 0.1229952586 0.603723699 176.9320459668 0.7221372028 -14.0774485231 -0.0087512227
44659 316176.2 113.8403141182 34.0831975054 3776597.001108 762190.1216489 56.5480339117 0.1503311697 0.6559141314 176.9636259755 0.7263639122 -14.1267366021 -0.0422773599
44660 316176.28 113.8403147407 34.0831872868 3776595.868679 762190.2106604 56.5445405347 0.2148319876 0.6850659882 176.9889719065 0.707417455 -14.1947717841 -0.0321832855
44661 316176.36 113.8403153636 34.0831770327 3776594.732314 762190.2998175998 56.5426007453 0.2324531449 0.6943284116 177.0156843092 0.7187900006 -14.2382091844 0.0044822804
44662 316176.43 113.8403159045 34.0831680312 3776593.734751 762190.3775358001 56.5419550287 0.1915399077 0.760710002 177.0351362133 0.7050514606 -14.2764254412 -0.0209556041
44663 316176.5 113.8403164398 34.083159002 3776592.734084 762190.4548219 56.5416285023 0.2696645487 0.7640383622 177.05369719 0.7050267504 -14.3241481944 0.0049265492
44664 316176.57 113.8403169753 34.0831499467 3776591.730538 762190.5322056 56.5419828994 0.0561546763 0.7949160723 177.072356901 0.6996447308 -14.3643576186 0.0199955795
44665 316176.64 113.8403175091 34.0831408671 3776590.724278 762190.6095118 56.5410588039 0.0220712647 0.7986841036 177.0894667781 0.7048825563 -14.400971054 -0.0395569657
44666 316176.71 113.8403180433 34.0831317601 3776589.714986 762190.6869452 56.5378257567 0.0347013358 0.8140214279 177.1125007089 0.6959030434 -14.4461876719 -0.0598875009
44667 316176.78 113.8403185755 34.0831226307 3776588.7032 762190.7642534 56.5317394687 0.105067558 0.7679880777 177.1299190426 0.7048798936 -14.47722175 -0.0690080713
44668 316176.85 113.8403191099 34.08311348 3776587.689052 762190.8418350002 56.5271781636 0.1807085761 0.8044600888 177.1562840749 0.6960052846 -14.5106212198 -0.0370642851
44669 316176.92 113.8403196366 34.0831043034 3776586.672017 762190.9187841 56.5251036594 0.209780613 0.7822315213 177.1692206604 0.6925398704 -14.5532560108 -0.0176377839
44670 316176.99 113.8403201664 34.0830950984 3776585.651836 762190.9961043 56.5253705764 0.1872108084 0.7946245691 177.1919191391 0.700384954 -14.605829084 0.0250366826
44671 316177.06 113.8403206879 34.0830858602 3776584.627945 762191.072771 56.5258995704 -0.002736012 0.8243418595 177.2035968112 0.6808094833 -14.6576452191 0.0079710162
44672 316177.13 113.8403212044 34.0830765849 3776583.5999300014 762191.1490770002 56.5241001276 -0.0444738905 0.7763291758 177.2229943799 0.687465816 -14.7083449387 -0.0404823194
44673 316177.2 113.8403217214 34.0830672783 3776582.568448 762191.2255366 56.5187380603 -0.046763775 0.7329962007 177.24437149 0.6865849284 -14.7573627798 -0.0950651327
44674 316177.27 113.8403222399 34.0830579402 3776581.533467 762191.3022271 56.5099766739 0.0999787806 0.6868484574 177.2688757864 0.6916257524 -14.8039220622 -0.1201198338
44675 316177.33 113.8403226822 34.0830499134 3776580.643812998 762191.3678383002 56.5033331923 0.2195828021 0.6725520295 177.2872846967 0.6799933449 -14.8396477462 -0.0802176247
44676 316177.4 113.8403231935 34.0830405235 3776579.603059 762191.4440217 56.4998904383 0.2284738533 0.6526021554 177.293191552 0.6816370328 -14.8844832822 -0.0068135949
44677 316177.47 113.840323705 34.0830311075 3776578.559415 762191.5203011 56.4998293947 0.1967377042 0.6775890581 177.3001487686 0.6748139664 -14.9240933678 0.0230813524
44678 316177.54 113.8403242135 34.0830216641 3776577.512721 762191.5963945 56.5000912528 0.1995444919 0.6749078644 177.3041987819 0.6804233506 -14.973113122 -0.0005897456
44679 316177.61 113.8403247266 34.0830121925 3776576.4629129986 762191.6729973 56.4990418861 0.2343415865 0.693552233 177.3214621091 0.6775304587 -15.016614547 -0.0016233991
44680 316177.68 113.8403252351 34.0830026954 3776575.410257 762191.7492571998 56.4982237089 0.2632802202 0.6413069934 177.3276973758 0.6800398402 -15.0560990559 -0.0011079273
44681 316177.75 113.8403257476 34.0829931704 3776574.354518 762191.8259714 56.4981805813 0.2521420653 0.621824457 177.338937676 0.6829226362 -15.1011240905 0.0106051012
44682 316177.82 113.8403262563 34.0829836189 3776573.295835 762191.9024178 56.4987424556 0.2085779861 0.5845178155 177.3430665808 0.6747309158 -15.1400607829 0.0264780448
44683 316177.89 113.8403267695 34.0829740403 3776572.234147 762191.9793556 56.4992810786 0.1085081976 0.5451181553 177.3525437653 0.681878738 -15.1855107958 0.0115303946
44684 316177.96 113.8403272827 34.0829644336 3776571.169351 762192.0563870998 56.4972121995 0.1314437383 0.4718694607 177.3642125743 0.6805644912 -15.2303718887 -0.0355717195
44685 316178.03 113.8403277979 34.0829547993 3776570.101486 762192.1336893 56.4928718805 0.2497376154 0.4355667142 177.3768248601 0.6825961131 -15.272186042 -0.0424902648
44686 316178.1 113.8403283153 34.0829451422 3776569.031093 762192.2112582 56.4901109273 0.3449531351 0.3543066061 177.3771841386 0.6793661988 -15.31458903 -0.0084731996
44687 316178.17 113.8403288346 34.0829354624 3776567.9582 762192.2890785999 56.491608548 0.3410833097 0.326505266 177.3825509539 0.6850566612 -15.3509457544 0.0637759537
44688 316178.24 113.8403293538 34.0829257585 3776566.882626 762192.3669609 56.4945359416 0.3485518709 0.3192763146 177.3889746087 0.6810120706 -15.3912175018 0.0391823009
44689 316178.31 113.8403298735 34.0829160311 3776565.804442 762192.4449665998 56.4970110469 0.4423139119 0.2403563853 177.4011111222 0.6846614371 -15.4271593597 0.0434068305
44690 316178.38 113.8403303937 34.0829062795 3776564.723581 762192.523095 56.5008512652 0.3598572543 0.189175404 177.4058904945 0.6815352931 -15.4678695252 0.0818858529
44691 316178.45 113.8403309146 34.0828965051 3776563.640181 762192.6013515 56.5053292783 0.2402277209 0.1295667324 177.4089634641 0.6893128674 -15.4992844058 0.0613408885
44692 316178.52 113.8403314355 34.0828867041 3776562.553835 762192.6796883 56.5077985385 0.0764617899 0.1064623015 177.4190351452 0.6823900528 -15.5480763176 0.0068499213
44693 316178.59 113.8403319563 34.0828768751 3776561.4643809986 762192.7581084 56.5045746127 0.0570964535 0.0280940746 177.4250063532 0.6900227685 -15.5878273166 -0.0788723367
44694 316178.66 113.8403324785 34.0828670188 3776560.371903 762192.8367366998 56.4987909412 0.0499880473 -0.0044484144 177.4318031254 0.6841199819 -15.6342002728 -0.0751098204
44695 316178.73 113.8403329994 34.0828571352 3776559.2763870014 762192.9153346998 56.4918592917 0.1180801732 -0.0309037179 177.4332155506 0.6864307613 -15.6733339958 -0.0895779054
44696 316178.8 113.8403335193 34.0828472259 3776558.178023 762192.9939181 56.4868572298 0.1569774226 -0.0134048497 177.4373281374 0.6795634001 -15.7154168457 -0.038347696
44697 316178.87 113.8403340349 34.0828372928 3776557.077 762193.0721761 56.4843074391 0.1672139616 0.020048993 177.4342178365 0.6802616118 -15.7484133415 -0.0181674636
44698 316178.94 113.8403345493 34.0828273357 3776555.973316 762193.1504019 56.4837143868 0.1665370892 0.0646956837 177.4295667757 0.6738798134 -15.7896838723 0.0087604991
44699 316179.01 113.8403350631 34.0828173572 3776554.867247 762193.2286285 56.483268518 0.1073004597 0.1342432666 177.4240603072 0.678450409 -15.8179200901 -0.0020013371
44700 316179.08 113.8403355784 34.0828073534 3776553.758388 762193.3070784998 56.4828441553 0.0512955361 0.1661539636 177.417293922 0.6789455143 -15.8576747783 0.0017848428
44701 316179.15 113.8403360962 34.0827973221 3776552.646478 762193.3858493 56.4799447078 -0.0808235904 0.2471159949 177.4140766106 0.6897416167 -15.9079130292 -0.0496196337
44702 316179.22 113.8403366176 34.0827872695 3776551.532204 762193.4650100998 56.4735197592 0.0359096785 0.2740442235 177.4165992129 0.6876028214 -15.9337284218 -0.0984848225
44703 316179.29 113.8403371402 34.0827771944 3776550.415449 762193.544355 56.4673684277 0.0921978407 0.293425681 177.4185567393 0.6944778675 -15.9676391327 -0.0741100018
44704 316179.36 113.8403376646 34.0827670995 3776549.296494 762193.6239209 56.4628314301 0.1546377202 0.3357888557 177.4195929268 0.6857668931 -15.9984838211 -0.018771641
44705 316179.43 113.8403381876 34.0827569859 3776548.175461 762193.7034212 56.4615539024 0.0691154398 0.3394293958 177.4136447671 0.692147638 -16.0304263881 0.0139931326
44706 316179.5 113.8403387158 34.0827468543 3776547.052438 762193.783458 56.4601209732 0.0666573435 0.3911083484 177.4196685474 0.6930471673 -16.0558551334 -0.028240113
44707 316179.57 113.8403392417 34.082736703 3776545.9272300014 762193.8633384 56.4574588975 0.1873295541 0.3917630517 177.4227515436 0.6955141937 -16.0836075717 -0.0407785188
44708 316179.64 113.8403397691 34.0827265361 3776544.8002949986 762193.943414 56.4556399193 0.2743451093 0.4177980454 177.4323031612 0.6904008146 -16.112764908 -0.001868492
44709 316179.71 113.8403402951 34.082716354 3776543.671669 762194.0233931 56.4567426657 0.2710710473 0.4071455921 177.4356586653 0.6951912205 -16.1344105531 0.0484409906
44710 316179.78 113.840340824 34.0827061594 3776542.541669002 762194.1036906998 56.4604592724 0.1165458265 0.4112445965 177.4449865232 0.6939931483 -16.1548159459 0.0586563907
44711 316179.85 113.8403413509 34.0826959534 3776541.410392 762194.1838395002 56.4626979008 -0.0187219033 0.3596257799 177.4489992013 0.6970784016 -16.1671094371 0.0176879055
44712 316179.92 113.8403418812 34.0826857383 3776540.278115 762194.2643173998 56.460582138 -0.082861684 0.3260962381 177.4596282671 0.6965581998 -16.1806451483 -0.0517619013
44713 316179.99 113.8403424126 34.0826755172 3776539.145178 762194.3449244002 56.4552656114 -0.0525676397 0.2756546462 177.4705856881 0.7030501682 -16.1847939169 -0.0772958195
44714 316180.06 113.8403429391 34.0826652973 3776538.012355 762194.4250807 56.4501806013 -0.0535958219 0.2702769949 177.4794209271 0.6909079187 -16.1878849518 -0.0603505716
44715 316180.13 113.8403434588 34.0826550793 3776536.87973 762194.5045952 56.4457302643 -0.0252528023 0.2823436386 177.4840615904 0.6888180161 -16.1851498802 -0.054876903
44716 316180.2 113.8403439735 34.0826448719 3776535.748262 762194.5836175 56.44268227 0.0933565518 0.3208583555 177.4924643761 0.6769516333 -16.1638296349 -0.0173632877
44717 316180.27 113.8403444832 34.0826346715 3776534.6175589985 762194.6621539 56.4422581447 0.2091289812 0.348898747 177.498141507 0.676452525 -16.1505219787 0.0261484596
44718 316180.34 113.8403449922 34.0826244832 3776533.488205 762194.7405925 56.4459047457 0.256684294 0.3486422073 177.5117453866 0.6723662002 -16.1307308477 0.0891360537
44719 316180.41 113.8403455012 34.0826143096 3776532.360479 762194.8189885998 56.4530516947 0.1526956726 0.3043723164 177.5251036383 0.6781980989 -16.1083858901 0.1104718274
44720 316180.48 113.8403460122 34.0826041483 3776531.2341269986 762194.8975226998 56.4589549378 0.0537320864 0.1882693877 177.5436303171 0.6748721654 -16.0924225443 0.063613714
44721 316180.55 113.8403465274 34.0825939962 3776530.1087940014 762194.9764177 56.4608704094 0.0346263784 0.0701567773 177.5676507456 0.6830730572 -16.077206745 0.016197995
44722 316180.62 113.8403470404 34.0825838561 3776528.984802 762195.0550812 56.4611338498 0.05051602 -0.0809563539 177.5855433613 0.6747005974 -16.0564670149 0.0086421379
44723 316180.69 113.8403475501 34.0825737295 3776527.862292 762195.1333868 56.4609903954 0.0948650217 -0.1692433862 177.5987160654 0.6713135255 -16.0324199199 -0.0017334584
44724 316180.76 113.8403480525 34.0825636171 3776526.741336 762195.2109854999 56.4613695173 0.1461952354 -0.2195337885 177.6056894104 0.6559865969 -16.0143956236 0.0236259285
44725 316180.83 113.8403485495 34.0825535191 3776525.621968 762195.2880369 56.4633677285 0.1602616427 -0.2207344939 177.6112433614 0.6584372819 -15.9841625855 0.0388382964
44726 316180.9 113.8403490406 34.0825434345 3776524.50407 762195.3644924 56.466508436 0.1153159186 -0.2069384646 177.6167200446 0.6411085169 -15.9706548288 0.066086486
44727 316180.97 113.8403495253 34.0825333675 3776523.38812 762195.4403170998 56.4706463581 -0.0492769596 -0.1615351488 177.616076871 0.6402950717 -15.9354191584 0.0450687739
44728 316181.04 113.8403500058 34.0825233161 3776522.273872 762195.5157023001 56.4726327592 -0.0894250953 -0.1417784556 177.6122982873 0.6286363994 -15.9180010631 0.0045868881
44729 316181.11 113.8403504853 34.0825132747 3776521.1607410014 762195.5909617 56.4712289739 -0.1680539857 -0.0619929292 177.613108091 0.6311943151 -15.8974565681 -0.0324396839
44730 316181.18 113.8403509636 34.08250325 3776520.049465 762195.6660582 56.4673903584 -0.0420087903 -0.0365471841 177.6135630559 0.6296978603 -15.8663666976 -0.0669969536
44731 316181.25 113.8403514405 34.0824932415 3776518.93998 762195.7409696998 56.4639557647 0.0519983178 0.0095779504 177.6159046882 0.6294953254 -15.8433273091 -0.02552783
44732 316181.32 113.8403519171 34.082483251 3776517.832486 762195.8158064998 56.463014191 0.1016702701 0.0320903734 177.6171546173 0.6259231049 -15.8092407952 0.019420455
44733 316181.39 113.8403523931 34.0824732783 3776516.726968 762195.8905366998 56.465042226 0.0886649648 0.0962964661 177.6215492624 0.6282565681 -15.7819500367 0.0517887069
44734 316181.46 113.8403528675 34.0824633198 3776515.623026 762195.9650625 56.4674744466 0.0737167527 0.1351272812 177.626515917 0.6230992012 -15.761422599 0.0439108793
44735 316181.53 113.8403533396 34.0824533774 3776514.520863 762196.0393372 56.4696366778 0.0531796269 0.1566218361 177.6296928071 0.6226535875 -15.7347920127 0.0478233364
44736 316181.6 113.8403538113 34.0824434509 3776513.420465 762196.1135226 56.4720991738 -0.084570589 0.1710422118 177.6260865351 0.6219311959 -15.7090079884 0.0420014023
44737 316181.67 113.8403542848 34.0824335386 3776512.321648 762196.1878278 56.4722109521 -0.1156681245 0.203784961 177.6152691555 0.6274739207 -15.6894148086 -0.0207780484
44738 316181.74 113.8403547595 34.0824236416 3776511.224529 762196.2621968002 56.4700053204 -0.0656491699 0.2045066221 177.5972064448 0.6271714889 -15.665617766 -0.0344395178
44739 316181.81 113.8403552375 34.0824137636 3776510.1295199986 762196.3368204002 56.4672194365 -0.0193330629 0.2157949946 177.5720056562 0.6367942488 -15.6286945245 -0.0270778722
44740 316181.88 113.8403557189 34.082403906 3776509.036795 762196.4116873 56.4662981741 -0.0293545029 0.2128028297 177.5362820858 0.639773779 -15.5997843941 0.0098764729
44741 316181.95 113.840356207 34.0823940736 3776507.946883 762196.4870939 56.4673877843 -0.1422731384 0.1940045255 177.49207432 0.656338815 -15.5564573872 0.0215566733
44742 316182.02 113.8403567043 34.0823842639 3776506.85951 762196.5632838 56.4674512483 -0.2095346653 0.1763852703 177.4513494717 0.6640514202 -15.5210070934 -0.0138485666
44743 316182.09 113.8403572094 34.0823744777 3776505.774764 762196.6401185 56.4653958837 -0.2042878354 0.1412380262 177.4005615226 0.6781308605 -15.4763808851 -0.045986496
44744 316182.16 113.840357723 34.0823647185 3776504.693031 762196.7176575 56.4615928819 -0.0982995095 0.1433091201 177.356201759 0.6821993013 -15.4309723619 -0.0574772043
44745 316182.23 113.840358243 34.0823549919 3776503.614944998 762196.7956835999 56.4585199356 0.0300564475 0.1378228373 177.3023346593 0.6951010012 -15.3739928453 -0.0230969833
44746 316182.3 113.8403587703 34.0823453014 3776502.540883 762196.8742705998 56.4576100698 0.0928173732 0.1685700686 177.2513721625 0.7020225849 -15.3168510587 0.0106058331
44747 316182.37 113.8403593037 34.0823356501 3776501.471176 762196.953312 56.4605930448 0.0830351179 0.1797179626 177.1940946607 0.7115777368 -15.2505871085 0.0668890642
44748 316182.42 113.8403596907 34.0823287806 3776500.709815 762197.0102406 56.4640529528 -0.0039569603 0.1884791539 177.1554712981 0.7211021001 -15.2092680185 0.0777139157
44749 316182.49 113.8403602403 34.0823191981 3776499.647789 762197.090553 56.4684102628 -0.1454027658 0.2251069934 177.0989522473 0.7368885118 -15.1423940984 0.0548969017
44750 316182.56 113.8403607989 34.0823096613 3776498.590861 762197.1715608 56.4696449852 -0.071576981 0.3084292384 177.0450548654 0.7434019013 -15.0648068523 -0.0024974025
44751 316182.63 113.8403613601 34.0823001742 3776497.539455 762197.2526598 56.4690982094 0.0754948509 0.4135201649 176.9791997445 0.7482269695 -14.9785585314 0.0001911104
44752 316182.7 113.8403619252 34.0822907436 3776496.494325 762197.3339331 56.4702389017 0.2041323878 0.4906500529 176.9076631191 0.7539788105 -14.8908559625 0.0445967466
44753 316182.77 113.8403624986 34.0822813728 3776495.455854 762197.4157943 56.4756862512 0.1823812037 0.5193039822 176.8329991198 0.7667508289 -14.7909436989 0.115961377
44754 316182.84 113.8403630871 34.0822720614 3776494.4240230015 762197.4988672 56.4835952669 0.0321036015 0.5559555276 176.7759362893 0.7873581593 -14.6988915595 0.1163045041
44755 316182.91 113.8403636868 34.0822628083 3776493.398681 762197.582792 56.4909424679 -0.0810117515 0.4584082746 176.7289344143 0.8021814363 -14.6077483342 0.0868279771
44756 316182.98 113.8403643028 34.0822536133 3776492.379825 762197.6680467 56.4955125572 -0.1426519579 0.3920617725 176.6992595579 0.821348663 -14.5138822461 0.0499813231
44757 316183.05 113.8403649235 34.082244474 3776491.367167 762197.7535636 56.4965484636 -0.0862338712 0.3484781014 176.6635253027 0.8192567121 -14.4312126901 -0.004465736
44758 316183.12 113.8403655386 34.082235393 3776490.360978 762197.838385 56.496289053 0.0644926204 0.2759817117 176.6249842049 0.8235417158 -14.3330788155 -0.0043165465
44759 316183.19 113.8403661532 34.0822263717 3776489.361392 762197.9229719 56.4976849342 0.0897800234 0.2491851407 176.5810672487 0.8214636907 -14.242699116 0.0418885769
44760 316183.27 113.8403668568 34.0822161345 3776488.227111 762198.0195241 56.502495314 0.0474233973 0.2213444427 176.5267940626 0.8281928966 -14.1322445161 0.0732059515
44761 316183.35 113.8403675661 34.0822059751 3776487.101476 762198.1163669 56.5083264718 -0.0600948979 0.2265742891 176.4769342226 0.8308665971 -14.0294918232 0.0675535335
44762 316183.43 113.8403682811 34.0821958898 3776485.9840730014 762198.2135055 56.5115970234 -0.0287732323 0.1988117682 176.4148780431 0.8432994155 -13.9258259702 0.0340032651
44763 316183.51 113.8403690048 34.0821858693 3776484.873886 762198.3112591 56.5135173462 0.0149177953 0.2186355962 176.3246002133 0.8500970198 -13.8519343175 0.0200505708
44764 316183.59 113.8403697379 34.0821758961 3776483.768974 762198.4097181999 56.5148386331 0.137156428 0.2322585699 176.1869466683 0.8693521747 -13.7918674653 0.0176163257
44765 316183.67 113.8403704916 34.082165967 3776482.669018 762198.5099564998 56.5175231118 0.2156537252 0.2244018314 176.0248241434 0.8967544925 -13.7310752744 0.0550620533
44766 316183.75 113.8403712775 34.082156079 3776481.573692 762198.613033 56.5226100422 0.2406185891 0.2138490617 175.8541811789 0.9406657447 -13.6783554075 0.0730203089
44767 316183.83 113.8403720989 34.0821462299 3776480.482775 762198.7192705 56.5294005331 0.1783017811 0.2089525016 175.6748529288 0.9765375627 -13.6258955564 0.0998868896
44768 316183.91 113.8403729547 34.0821364136 3776479.395594 762198.8285821 56.5364534902 0.0660357387 0.1582182506 175.479538811 1.0238248439 -13.5824690524 0.083191779
44769 316183.96 113.8403735094 34.0821302961 3776478.718121 762198.8986770002 56.5401418796 -0.0512795007 0.1123374137 175.3548853893 1.0490676702 -13.5528164287 0.0623835565
44770 316184.04 113.8403744299 34.0821205348 3776477.6372050014 762199.0138012 56.543112793 -0.1481677003 0.0421071854 175.1456762619 1.0959025085 -13.5041319316 0.020764993
44771 316184.12 113.8403753982 34.0821108079 3776476.560229 762199.1332253 56.5411355505 -0.0555601815 0.0157981026 174.9318696724 1.1389493176 -13.4622095131 -0.0451029498
44772 316184.2 113.8403764016 34.0821011145 3776475.4870589986 762199.2557818001 56.5378422746 0.1368603553 -0.0062884171 174.7073078025 1.1781157161 -13.4110215318 -0.0182085565
44773 316184.28 113.8403774434 34.0820914586 3776474.418158 762199.3817774998 56.5381949078 0.2304157831 -0.0023060203 174.4833217723 1.2287890175 -13.3611469684 0.0426218986
44774 316184.36 113.8403785249 34.0820818416 3776473.353667 762199.5113151999 56.5436647097 0.2538020821 0.0514716519 174.2630473252 1.2681027945 -13.3032769367 0.0987486386
44775 316184.44 113.8403796418 34.0820722597 3776472.293174 762199.6440158002 56.550681103 0.2070492154 0.1548391833 174.0482492856 1.3085515566 -13.2600903409 0.0815517489
44776 316184.52 113.840380795 34.0820627122 3776471.2365769986 762199.7799584002 56.556740731 0.2700365837 0.1661429779 173.834483465 1.3553245769 -13.2117672764 0.0784662512
44777 316184.6 113.8403819884 34.0820531999 3776470.184005 762199.9195114998 56.562714139 0.2349699797 0.2137343508 173.6378370587 1.3991311772 -13.1637264936 0.0782571041
44778 316184.68 113.8403832202 34.0820437204 3776469.135163 762200.0624998 56.5689808596 0.1313521112 0.163821327 173.4766157239 1.4470626159 -13.1175877813 0.0890972358
44779 316184.76 113.8403844919 34.0820342725 3776468.08992 762200.2090857 56.5741409892 0.0066638233 0.0782890728 173.3691206543 1.4867356993 -13.0769032213 0.0523249187
44780 316184.84 113.8403857887 34.082024851 3776467.047691 762200.3578989998 56.576775522 -0.1069730816 -0.0247726803 173.2924494405 1.5084264992 -13.043200235 0.0197608428
44781 316184.92 113.8403871012 34.0820154557 3776466.008391 762200.5080895 56.576639602 -0.1663964333 -0.1132169321 173.2239164082 1.5245436378 -13.0028514632 -0.0196688524
44782 316185.0 113.840388417 34.082006084 3776464.971736 762200.6585053002 56.5749716302 -0.2345030868 -0.1411672495 173.1471681461 1.5125585508 -12.9726099449 -0.0137032864
44783 316185.08 113.8403897438 34.0819967414 3776463.938322 762200.8098459 56.572228957 -0.207177835 -0.2361232546 173.0556922394 1.5443647283 -12.9372931558 -0.0483400628
44784 316185.16 113.8403910899 34.0819874287 3776462.908288 762200.9628823001 56.5677649705 -0.009332054 -0.2218415161 172.9822187344 1.551270387 -12.8968814514 -0.0495094202
44785 316185.24 113.8403924502 34.0819781422 3776461.881191 762201.1171474 56.5626720926 0.417561644 -0.3134970549 172.9277544943 1.5793288573 -12.8589232961 -0.0245397456
44786 316185.32 113.8403938251 34.0819688913 3776460.858088 762201.2726446999 56.5663999636 0.5557717008 -0.2792218642 172.8967533608 1.5758363962 -12.7988033468 0.1310311171
44787 316185.4 113.8403951907 34.0819596777 3776459.839099 762201.4271777 56.5816244502 0.164290305 -0.2248872048 172.8439741561 1.5705400016 -12.7561430459 0.2135350904
44788 316185.48 113.8403965539 34.0819504966 3776458.823706 762201.5813791 56.5942409467 -0.1330532151 -0.1268272488 172.7950170604 1.5699435419 -12.7161146058 0.0717211405
44789 316185.56 113.8403979112 34.0819413442 3776457.811494998 762201.7349529 56.5962580582 -0.3176593723 0.0491172256 172.749743141 1.5530027358 -12.6745638412 -0.0243258421
44790 316185.64 113.8403992666 34.0819322276 3776456.803243 762201.8882415999 56.5907560317 -0.0111872799 0.1071325116 172.7127013834 1.5622039684 -12.6169128475 -0.0990408695
44791 316185.72 113.8404006355 34.0819231533 3776455.799721 762202.0426468998 56.5840680543 0.2761292097 0.0240273654 172.7089520859 1.5848636156 -12.5516502864 -0.0647164315
44792 316185.8 113.8404020158 34.0819141296 3776454.801844 762202.1979469 56.5854195058 0.5286181942 -0.0321629544 172.7570645238 1.5849006405 -12.477903708 0.0843365767
44793 316185.88 113.8404033816 34.0819051605 3776453.809982 762202.3517354998 56.5975716952 0.2546940952 -0.0756064494 172.828822773 1.5623913391 -12.4001596249 0.2073285317
44794 316185.97 113.8404048962 34.0818951364 3776452.701426 762202.5225203 56.6131002335 -0.0630575794 -0.1649443388 172.9385191821 1.5245092259 -12.3178244999 0.1586069977
44795 316186.06 113.8404063678 34.0818851812 3776451.6004160014 762202.6891311 56.620198153 -0.3471477536 -0.1737690896 173.0324420562 1.4836678814 -12.2285296788 0.0280297714
44796 316186.15 113.8404077931 34.0818752972 3776450.507175 762202.8512341 56.6177654974 -0.3636854627 -0.1491915501 173.1105628516 1.4339386561 -12.1434668009 -0.0578741798
44797 316186.24 113.8404091925 34.0818654842 3776449.42175 762203.0107371998 56.6094152406 -0.1507920624 -0.2665241677 173.1984804178 1.4298583106 -12.0526881487 -0.0882457281
44798 316186.33 113.8404105803 34.0818557478 3776448.344805 762203.1689328002 56.6050926205 -0.0687608468 -0.3849207588 173.2980867195 1.4086748651 -11.9564776415 -0.0020454559
44799 316186.42 113.8404119466 34.0818460886 3776447.276361 762203.3248933002 56.6071296996 -0.1317968277 -0.5759235295 173.3970866842 1.3914965379 -11.8629309333 0.0472033228
44800 316186.51 113.8404132925 34.0818365048 3776446.216243 762203.4787509 56.6101412578 -0.1024843551 -0.7629447197 173.5123053366 1.3692393792 -11.7712896648 0.0240188231
44801 316186.56 113.8404140271 34.081831212 3776445.6307519986 762203.5629134 56.610173271 -0.0078001905 -0.867010804 173.5777732477 1.3481793613 -11.7220598813 -0.0086229288
44802 316186.65 113.840415321 34.0818217423 3776444.583158 762203.7116118 56.6093651866 0.160838114 -1.0587679395 173.6959359991 1.3053938825 -11.6304108989 0.0001913544
44803 316186.74 113.8404165787 34.081812339 3776443.542838 762203.8567634 56.6123527279 0.2581056102 -1.033416755 173.8314196332 1.2631088456 -11.5554111288 0.0608788914
44804 316186.83 113.8404177785 34.0818029964 3776442.509098 762203.9963803 56.6188309351 0.2929082485 -0.865472528 173.9818821641 1.1924618514 -11.4814295047 0.0831228426
44805 316186.92 113.8404189339 34.081793713 3776441.481825 762204.1317107 56.6264230739 0.2510138017 -0.802045801 174.1796362279 1.16878279 -11.4151147052 0.0854203531
44806 316187.01 113.840420046 34.0817844901 3776440.461157 762204.2628594 56.6346632764 0.0850231213 -0.6363698331 174.4043782811 1.1056617492 -11.3351015129 0.0939993287
44807 316187.1 113.8404210924 34.0817753355 3776439.44789 762204.3877338 56.642114915 -0.1929650671 -0.5347433547 174.6239014105 1.0478782823 -11.2488440566 0.0609424769
44808 316187.19 113.8404220878 34.0817662549 3776438.442711 762204.5076634 56.6452508932 -0.4043513092 -0.3745862956 174.8646458659 0.9915209493 -11.1546340492 0.0009820878
44809 316187.28 113.8404230271 34.08175725 3776437.445785 762204.6221827 56.6429471104 -0.465806129 -0.218177933 175.1149555085 0.9372405998 -11.0645390996 -0.0677322062
44810 316187.34 113.8404236233 34.0817512907 3776436.78598 762204.6956246998 56.6387514481 -0.3586509983 -0.1514965813 175.2834794195 0.9020661361 -10.9953161887 -0.0919952662
44811 316187.44 113.8404245545 34.0817414415 3776435.695333 762204.812008 56.6300660167 0.012644702 -0.0282036844 175.5401009713 0.8214916197 -10.8717440821 -0.0658833911
44812 316187.54 113.8404254114 34.0817317047 3776434.616979 762204.921177 56.6298595201 0.0514828519 0.1154172166 175.7717027235 0.7691115562 -10.7386275596 0.0214501509
44813 316187.64 113.840426212 34.0817220873 3776433.551729 762205.0247728 56.6365920501 -0.1683397386 0.2305282092 175.990404279 0.7189224427 -10.5998835092 0.0748982597
44814 316187.74 113.8404269647 34.0817125938 3776432.500103 762205.1235763001 56.6420927979 -0.3453741363 0.2954074947 176.2017578473 0.6786932582 -10.4672333514 0.0288438202
44815 316187.84 113.8404276817 34.0817032264 3776431.462378 762205.2186872 56.6407075217 -0.2475955404 0.1943164854 176.3909162148 0.642511704 -10.327899167 -0.03759114
44816 316187.94 113.8404283582 34.0816939921 3776430.439323 762205.3096475998 56.6374748601 -0.0547411566 0.0882140128 176.5595889889 0.6097141409 -10.1755928426 -0.0158747866
44817 316188.04 113.8404289929 34.0816848917 3776429.4310199986 762205.3963328 56.6368070943 0.1385951284 0.0195142403 176.7152175964 0.5612709222 -10.0286078497 0.0183328332
44818 316188.15 113.840429642 34.0816750405 3776428.339428 762205.4866705 56.6413945388 0.1725545235 -0.0397369203 176.8561226732 0.5337241002 -9.8614082158 0.0734912972
44819 316188.26 113.840430259 34.0816653323 3776427.263626 762205.5735995999 56.6493561892 0.12999288 -0.1532444716 176.9709566884 0.5141191588 -9.7331770649 0.0856346863
44820 316188.37 113.8404308535 34.0816557503 3776426.201774 762205.6580604998 56.6576207895 0.0624743873 -0.2286506963 177.0744289667 0.486280956 -9.6114171867 0.062108515
44821 316188.48 113.8404314168 34.0816462935 3776425.1537339985 762205.7392561998 56.6627735188 0.0780379868 -0.2468537685 177.1551599975 0.4589316343 -9.4780616471 0.0489603279
44822 316188.59 113.8404319478 34.0816369757 3776424.121035 762205.8170363002 56.6663199486 0.0796835021 -0.1647442239 177.1798152904 0.4340840744 -9.3324444049 0.0285176957
44823 316188.7 113.8404324549 34.081627815 3776423.105714 762205.8921265 56.670320238 0.1519494167 -0.0997450723 177.15566705 0.4238249875 -9.1589903348 0.0607676735
44824 316188.82 113.8404330121 34.0816180145 3776422.019518 762205.9738160998 56.6764764572 0.1205658672 -0.0874747673 177.1068863341 0.4392754276 -8.9737853113 0.0640266207
44825 316188.94 113.8404335793 34.0816084233 3776420.956569 762206.0557886 56.6830905648 0.1548874116 -0.1809068065 177.0591160268 0.4429276446 -8.7722224395 0.061493172
44826 316189.06 113.8404341536 34.0815990514 3776419.917986 762206.1377386998 56.6899412954 0.1127671807 -0.2517360092 176.9899248843 0.4476018375 -8.5610835991 0.0790876978
44827 316189.18 113.8404347317 34.0815899051 3776418.904442 762206.2193380998 56.6967793442 0.0811241115 -0.2970368706 176.8857087824 0.4453561813 -8.3500673264 0.0607387762
44828 316189.31 113.8404353591 34.0815802682 3776417.8365839985 762206.3070139 56.7035147781 -0.033130109 -0.2868554416 176.7608623896 0.4448609915 -8.100320284 0.0620601569
44829 316189.44 113.8404359891 34.0815709198 3776416.800738 762206.394032 56.7093873872 -0.1232173233 -0.2238790127 176.6605646279 0.4405069286 -7.8610074076 0.0487895761
44830 316189.57 113.8404366199 34.0815618638 3776415.797352 762206.4802165999 56.7124683382 -0.0780708345 -0.2657100456 176.5537165939 0.4465871923 -7.5996438071 0.0257945162
44831 316189.71 113.8404373055 34.0815524417 3776414.753479 762206.572597 56.7150520878 -0.1109802945 -0.2431402675 176.470132466 0.4391154416 -7.3332156525 0.0306897833
44832 316189.85 113.8404379686 34.0815433658 3776413.747973 762206.6618327 56.7186294179 -0.2040481818 -0.2112043971 176.3822289339 0.4273687878 -7.0528447623 0.0351619953
44833 316190.0 113.8404386787 34.0815340344 3776412.714219 762206.7562028002 56.7223913968 -0.2465658654 -0.1831122636 176.3202205976 0.4331416001 -6.7566052137 0.0152213218
44834 316190.16 113.8404393995 34.0815245166 3776411.659816 762206.8521213002 56.7221140489 -0.2304301758 -0.1822940965 176.2912156672 0.4055834306 -6.4362365983 0.0013978896
44835 316190.32 113.8404400777 34.0815154633 3776410.656855 762206.9426895 56.7235325621 -0.2448917646 -0.1051941238 176.3158745502 0.3864152067 -6.1100055706 0.029928977
44836 316190.49 113.8404407498 34.0815063529 3776409.647538 762207.0328537 56.7242725091 -0.2640041088 -0.0379218797 176.3271271204 0.3603530581 -5.7679587176 -0.0141143263
44837 316190.67 113.8404414268 34.0814972986 3776408.644463 762207.1233135002 56.7229423896 -0.1586200288 -0.0532747229 176.3371887839 0.34357792 -5.377530076 0.0306958081
44838 316190.87 113.8404421265 34.081488002 3776407.6145440014 762207.2166015998 56.7263146201 -0.1695252635 -0.1557044113 176.3513470034 0.3122775627 -4.9204551528 0.0178809212
44839 316191.09 113.840442812 34.0814787643 3776406.591134 762207.3084033001 56.7277447749 -0.2164239657 -0.1389245429 176.3352435141 0.2721398472 -4.3908380657 0.0274715861
44840 316191.34 113.840443489 34.0814695471 3776405.569984 762207.3993609 56.7313611321 -0.3530620303 -0.0699914958 176.3006110202 0.2430149497 -3.7848375344 0.0146005446
44841 316191.64 113.8404441851 34.0814602958 3776404.545088 762207.4921896999 56.7317359308 -0.4209793382 -0.0080673358 176.2708234043 0.1981280767 -3.070057776 0.0163367781
44842 316192.01 113.8404448654 34.0814512375 3776403.541573 762207.5829547 56.7296253666 -0.4114567766 0.0908527751 176.2468290622 0.1483859887 -2.3744562704 0.0030861315
44843 316192.53 113.8404454705 34.0814421681 3776402.536633 762207.6668175998 56.7255770341 -0.327748679 0.099250846 176.2070578253 0.0945835255 -1.5065464897 0.0062267356
44844 316211.45 113.8404460663 34.081433625 3776401.590077 762207.7481899002 56.6792457262 -0.0103447222 0.1813508348 176.2182380315 0.0195619212 -0.231213781 -0.0084886332
44845 316212.85 113.8404468243 34.0814246083 3776400.591384 762207.8460028 56.6723829415 0.2392949765 0.20613231 176.208447248 0.1024500608 -1.4920296511 -0.0078825859
44846 316213.4 113.8404475724 34.0814154593 3776399.577978 762207.9433160998 56.6701397803 0.3498137448 0.1105105866 176.2719182138 0.1536187112 -2.2057726791 -0.006648923
44847 316213.81 113.8404482724 34.0814064592 3776398.580967 762208.0357283001 56.6668485654 0.4299321526 0.1171722007 176.425136144 0.1661115036 -2.6469438233 -0.0121115872
44848 316214.17 113.8404489349 34.0813974267 3776397.580276 762208.1247736998 56.6672142474 0.4330519738 0.0867505373 176.6168601477 0.1751890608 -2.9051177387 0.0062178065
44849 316214.51 113.840449567 34.0813882663 3776396.5653 762208.2114026 56.6712275343 0.2728695507 0.0645675687 176.8053687541 0.1789074872 -3.0714976947 -0.0143794887
44850 316214.83 113.840450156 34.0813792366 3776395.564723 762208.2936498 56.6739605665 0.261803698 0.021248009 176.992465993 0.1796794144 -3.2039183292 -0.0056182069
44851 316215.14 113.840450714 34.0813701341 3776394.555993 762208.3732640998 56.6754058953 0.2816711638 0.0619058789 177.1736530135 0.1671395529 -3.3211663322 -0.0177921519
44852 316215.44 113.8404512341 34.0813610203 3776393.545907 762208.44941 56.677135312 0.2320413109 0.1867098015 177.3756369678 0.1618788477 -3.4177914243 0.0184722343
44853 316215.74 113.8404517512 34.0813517259 3776392.515772 762208.5258396999 56.6812742092 0.1618184465 0.1425867053 177.5487691608 0.1568923105 -3.4449791162 0.0205796092
44854 316216.04 113.8404522316 34.0813424668 3776391.489462 762208.5987714 56.6848406736 0.1377242253 0.1852893042 177.6123387381 0.1338801164 -3.4119015595 -0.0202413021
44855 316216.34 113.8404526485 34.0813333306 3776390.476625 762208.6654574 56.6873052642 0.0957844207 0.2959668989 177.5401578715 0.1454344916 -3.3334669319 -0.0096489453
44856 316216.65 113.8404531057 34.081324153 3776389.4593 762208.7359947 56.6917224629 -0.1057624865 0.2969295983 177.2457914667 0.1498519748 -3.2232541135 0.0188897195
44857 316216.97 113.8404536627 34.0813150539 3776388.450945 762208.8155026998 56.6943768002 -0.1753391179 0.1809175934 176.4821491896 0.1885005735 -3.0743477332 0.0078326578
44858 316217.31 113.8404544249 34.0813058544 3776387.431969 762208.9142727 56.6932134097 -0.0651523547 0.1872216463 174.7335904809 0.2512924784 -2.9265225335 -0.0100835644
