44893 316229.71 113.8406030076 34.0813679381 3776394.703299 762222.4429238002 56.5872683506 -0.1909574091 1.28116208 2.3169158756 0.1660841608 3.3043245143 -0.0294673118
44894 316230.0 113.8406035202 34.0813770786 3776395.7189940014 762222.4620493 56.579555247 -0.1399330768 1.3301616645 2.0088025202 0.1643909228 3.6810290897 -0.0342414167
44895 316230.26 113.8406039297 34.0813861533 3776396.727133 762222.4718619002 56.5717751123 -0.0327391858 1.3643003761 1.6868155193 0.1475852133 4.0511272075 -0.0252684046
44896 316230.5 113.8406042705 34.0813952781 3776397.740645 762222.475175 56.5660185153 0.0057936469 1.4189755654 1.3684750355 0.1411711018 4.3782449044 -0.0194075344
44897 316230.73 113.8406045526 34.0814046727 3776398.783951 762222.4722333 56.5615216224 0.0003122144 1.4669243682 0.8983177347 0.1096109666 4.6784633097 -0.0064058322
44898 316230.93 113.840604731 34.081413366 3776399.74916 762222.4618862 56.5579122705 -0.0170250993 1.5304309919 0.3799341762 0.0760393885 4.9616443644 -0.0253432892
44899 316231.13 113.8406048136 34.0814225641 3776400.77015 762222.441124 56.5522248745 -0.0312321028 1.5743273011 359.8008641836 0.0215596624 5.2404170306 -0.0139158131
44900 316231.32 113.8406047878 34.0814317507 3776401.789581 762222.4103946 56.5462666089 0.0048959332 1.6506518844 359.2195394177 -0.03442672 5.4912939332 -0.0309181667
44901 316231.5 113.8406046553 34.0814408495 3776402.799002 762222.3700861 56.5390887009 0.0337608581 1.6598428054 358.6411318833 -0.0920407428 5.7300400006 -0.0310592399
44902 316231.68 113.8406043981 34.0814503307 3776403.850530002 762222.3170793002 56.533379632 0.1016045255 1.6949158963 358.06317275 -0.1577651558 5.9606000505 -0.0160668331
44903 316231.85 113.8406040449 34.081459627 3776404.881295 762222.2557798 56.5292424094 0.0988648985 1.7071108482 357.5940564743 -0.2132241153 6.1736891433 -0.0371698858
44904 316232.01 113.8406036031 34.0814686667 3776405.883361 762222.1870896998 56.5244700424 0.1984788937 1.5741802587 357.3706947751 -0.2704780598 6.3621516403 -0.0052328198
44905 316232.17 113.8406031024 34.0814779645 3776406.913917 762222.1121685002 56.5227402058 0.240334268 1.4798263148 357.4160373908 -0.2656983552 6.5529688689 -0.0147521645
44906 316232.33 113.8406026262 34.0814875304 3776407.974288 762222.0386710998 56.5200424241 0.3048862551 1.4485993052 357.4850042125 -0.2635082181 6.7324413907 0.0076572272
44907 316232.48 113.840602167 34.0814967309 3776408.994147 762221.9678793 56.5206909142 0.4668536678 1.3761036012 357.6283111772 -0.2663825276 6.897848292 -0.0013819689
44908 316232.63 113.8406017245 34.0815061476 3776410.038052 762221.8979673 56.520431459 0.6772787149 1.2688145339 357.7361896311 -0.253515513 7.0555053931 0.0021084108
44909 316232.78 113.8406013009 34.0815157809 3776411.106032 762221.8291245 56.5248861564 0.5162295956 1.3502877149 357.6528923862 -0.24886033 7.21798735 0.062425527
44910 316232.92 113.8406008813 34.0815249683 3776412.124547 762221.7620260002 56.5372483814 -0.0143077882 1.3738491818 357.3875623904 -0.2903826169 7.3690706966 0.0926344019
44911 316232.98 113.8406006745 34.0815289669 3776412.5677660014 762221.7305947 56.5410275226 -0.2157171539 1.3312233838 357.2907371674 -0.3159228979 7.4430704273 0.0429816082
44912 316233.12 113.8406001207 34.081538444 3776413.6180839986 762221.6502085 56.5351399696 -0.17320943 1.247206034 357.1670865521 -0.3575117806 7.5955062927 -0.1272625497
44913 316233.26 113.8405995439 34.081548124 3776414.690851 762221.5670833 56.519514503 0.2291473628 1.2228001172 357.0958021447 -0.3558222649 7.7491340162 -0.1041278288
44914 316233.39 113.8405989956 34.0815572792 3776415.705462 762221.4882031998 56.5164124081 0.2470628382 1.3201169826 357.0616950901 -0.3718071186 7.8864711332 0.0155839401
44915 316233.52 113.8405984323 34.081566596 3776416.737963 762221.4074393002 56.5180426119 0.1908876707 1.4128708578 357.0249127708 -0.3786211814 8.0283564093 0.0365297843
44916 316233.65 113.8405978504 34.0815760665 3776417.787477 762221.324476 56.5188803477 0.0966743526 1.4080394102 356.9996370898 -0.3986952472 8.1443465322 -0.0385558723
44917 316233.78 113.8405972435 34.0815856956 3776418.854524 762221.2387238 56.5163654489 0.1863489675 1.3035550567 356.9589780303 -0.4151107963 8.2905961175 -0.016698723
44918 316233.9 113.8405966734 34.0815947174 3776419.854273998 762221.1582453002 56.5133277345 0.262075543 1.3819084703 356.9088068494 -0.4153135367 8.4045130934 0.0123826985
44919 316234.02 113.8405960794 34.081603865 3776420.867918 762221.0751648 56.5153493378 0.2482346795 1.2868238701 356.8824157582 -0.450548264 8.5243374307 0.0035331786
44920 316234.14 113.8405954698 34.0816131192 3776421.893355 762220.9903203 56.5143031338 0.2041065471 1.251332893 356.8415208813 -0.4556575271 8.6326139469 -0.0032324029
44921 316234.26 113.840594859 34.0816224875 3776422.931455 762220.905013 56.5145320455 0.1177323105 1.2749765279 356.800369607 -0.4608191679 8.7377703638 0.0226599438
44922 316234.38 113.840594233 34.081631971 3776423.982296 762220.8179418 56.5138442293 0.0557305141 1.2832226754 356.7724675562 -0.4747436445 8.841748813 -0.0079917419
44923 316234.5 113.8405935954 34.0816415693 3776425.045847 762220.7294439998 56.5090967054 0.176387563 1.2724526512 356.7405849162 -0.4821333019 8.9454976345 -0.0362387749
44924 316234.62 113.8405929388 34.0816512751 3776426.121273 762220.6388720998 56.5053699538 0.2222257909 1.2923221348 356.7152571103 -0.5010849698 9.0454131309 -0.0029719416
44925 316234.74 113.8405922696 34.0816610846 3776427.208179 762220.5468075 56.5059551476 0.2054019377 1.2478573402 356.6982362976 -0.5020510335 9.1361657335 0.0085400746
44926 316234.85 113.8405916457 34.0816701677 3776428.2145980014 762220.4611674 56.5062508686 0.2094846359 1.1992812457 356.6842503255 -0.5190606841 9.2230864171 -0.0040428377
44927 316234.96 113.8405910113 34.0816793388 3776429.230748001 762220.3742830999 56.5050522517 0.1770722337 1.1857983825 356.6886139795 -0.5181271533 9.3145434163 0.0021887378
44928 316235.07 113.8405903721 34.0816885908 3776430.255858 762220.2867125 56.504853515 0.0719992352 1.1558979105 356.6780229198 -0.5322318363 9.3862992625 -0.0005149291
44929 316235.18 113.8405897151 34.0816979241 3776431.289952 762220.1972449 56.5048430311 0.0868357186 1.144216973 356.6905139244 -0.5368144949 9.4667884801 -0.0248330891
44930 316235.29 113.8405890559 34.081707343 3776432.333541 762220.1073149998 56.5010739956 0.2736998719 1.0761888524 356.691822946 -0.5423401144 9.5572069822 -0.0548869798
44931 316235.4 113.8405883833 34.0817168421 3776433.385992 762220.0158899 56.4982473943 0.4016637979 1.0720316146 356.7140681644 -0.5446542134 9.6394752545 0.0086255941
44932 316235.51 113.8405877171 34.0817264173 3776434.446906 762219.9248295 56.5017925594 0.2329900972 1.0334461226 356.7222708309 -0.5413025387 9.7157444415 0.0697368474
44933 316235.62 113.8405870423 34.0817360683 3776435.516212 762219.8327381 56.5085389111 -0.0892385247 1.0477371432 356.7311699978 -0.5498573248 9.7966733698 0.0451157991
44934 316235.73 113.8405863742 34.0817458052 3776436.595071 762219.7409998 56.5038089985 0.0026825555 1.0921864941 356.7282326146 -0.5406925986 9.8852979063 -0.0952636788
44935 316235.84 113.8405856998 34.0817556255 3776437.683159 762219.6484178002 56.4941917676 0.2995444002 1.0927202656 356.7358324978 -0.5532933986 9.9633738622 -0.0553446389
44936 316235.94 113.8405850793 34.0817646187 3776438.679608 762219.5633697 56.4933616808 0.3126407344 1.1229093145 356.7521694382 -0.553062986 10.0281642948 0.0287981354
44937 316236.04 113.8405844554 34.0817736713 3776439.682635 762219.4778267 56.4980242578 0.1563104268 1.0928823883 356.7794562708 -0.562978381 10.0889605193 0.0540612899
44938 316236.14 113.8405838441 34.0817827801 3776440.691924 762219.3932709 56.500544834 0.0551169011 1.0451041462 356.8154033255 -0.557538305 10.1605043214 0.0174152801
44939 316236.24 113.8405832372 34.0817919526 3776441.708305 762219.3089283 56.4982420551 0.0168519536 1.0152460803 356.8473472589 -0.5565697276 10.2340667449 -0.0304683767
44940 316236.34 113.8405826351 34.0818011858 3776442.731434 762219.2248368 56.4954228485 -0.0364284158 1.0365958997 356.8770752632 -0.5463407005 10.290647935 -0.0163062441
44941 316236.44 113.8405820411 34.0818104889 3776443.762329 762219.1412868 56.4910243014 6.85804e-05 1.0384894291 356.9015140628 -0.5490454456 10.3708734747 -0.0468964382
44942 316236.54 113.8405814405 34.0818198528 3776444.799965 762219.0569282 56.4853378348 0.1102042721 1.061063157 356.9479298669 -0.5511654751 10.4350654094 -0.0317285989
44943 316236.64 113.8405808508 34.0818292778 3776445.844411 762218.9733966999 56.4821850499 0.1050328484 1.0655664271 356.9831631759 -0.542555438 10.5020544654 -0.0168067378
44944 316236.74 113.8405802633 34.0818387561 3776446.894769 762218.8898970998 56.482702178 -0.0044373885 1.1058939883 357.0256161402 -0.5377756485 10.5552958783 -0.0095688295
44945 316236.84 113.8405796851 34.0818482867 3776447.950962 762218.8070926998 56.4799841503 0.0555023321 1.1056818099 357.0584530815 -0.530342798 10.6106077198 -0.0583221266
44946 316236.94 113.8405791046 34.0818578628 3776449.012199 762218.723949 56.4754782002 0.2078371846 1.1238901651 357.1090470958 -0.5299691846 10.6644006676 -0.011286358
44947 316237.04 113.840578535 34.0818674783 3776450.07783 762218.641676 56.474144645 0.222212576 1.1387916366 357.1535787588 -0.5125624513 10.7045673922 0.0311460191
44948 316237.14 113.8405779895 34.0818771344 3776451.14803 762218.5615123 56.478024682 -0.0070408677 1.1621388111 357.1902205623 -0.5130205117 10.7374281465 0.0414839899
44949 316237.24 113.8405774534 34.0818868245 3776452.222037 762218.4821091 56.4786850344 -0.0734414467 1.1620553236 357.2240926415 -0.5002813667 10.7754708967 -0.0348062562
44950 316237.34 113.8405769151 34.0818965429 3776453.299169 762218.4024064002 56.4728584029 0.082678977 1.1419925911 357.2736786228 -0.5087105469 10.8050665546 -0.0583023865
44951 316237.44 113.8405763853 34.0819062846 3776454.37891 762218.3234270002 56.4678329798 0.2321706257 1.1254869531 357.3112529252 -0.493901265 10.8186488968 -0.0339059892
44952 316237.54 113.8405758627 34.0819160405 3776455.46025 762218.2450651998 56.4707698878 0.0167738465 1.1480796539 357.3419447977 -0.4951506091 10.8297471056 0.052345056
44953 316237.64 113.8405753488 34.081925812 3776456.543337 762218.1674614 56.4745525867 -0.1261841965 1.2087868645 357.3547066094 -0.4814984957 10.8498608569 0.0045246835
44954 316237.74 113.8405748424 34.0819355968 3776457.627929 762218.0905109 56.4722568402 -0.1016992407 1.1919940102 357.3335594756 -0.4832079933 10.8640668604 -0.0526697187
44955 316237.84 113.8405743268 34.0819453894 3776458.713353 762218.0126773 56.4679455366 -0.0011444446 1.1779742127 357.3042150088 -0.4911971086 10.8722409247 -0.0350601106
44956 316237.94 113.8405737985 34.0819551802 3776459.798546 762217.933687 56.4652412524 0.0442440093 1.1801016271 357.2889279992 -0.5059220409 10.859063514 -0.0016234486
44957 316238.04 113.8405732629 34.0819649631 3776460.882843 762217.854038 56.4662596276 -0.009768117 1.119085225 357.2911327124 -0.5076911416 10.851909907 0.0285787917
44958 316238.14 113.840572719 34.0819747382 3776461.966258 762217.7736578 56.466578695 -0.0136986915 1.0743581176 357.2877934383 -0.5069617034 10.8393655797 0.0080669728
44959 316238.24 113.8405721835 34.0819845001 3776463.048232 762217.6940879001 56.4651398193 -0.0113767505 1.1010357165 357.2699505034 -0.4933569395 10.8227209383 -0.0041382001
44960 316238.34 113.8405716539 34.081994246 3776464.128443 762217.6151087 56.4642486945 -0.0456491995 1.1364885107 357.2476927131 -0.4997712684 10.805666592 0.0102369419
44961 316238.44 113.8405711214 34.0820039759 3776465.206864 762217.5359081 56.4642197993 -0.1000984462 1.2305574196 357.2396675857 -0.4953647728 10.7786533517 0.0009233352
44962 316238.54 113.84057059 34.0820136793 3776466.282354 762217.4569045 56.4625984626 -0.1457877876 1.2743960469 357.2399249686 -0.5033781444 10.7580738488 -0.0176264761
44963 316238.64 113.8405700553 34.0820233643 3776467.355784 762217.3776447 56.4599194685 -0.0837494859 1.3011773782 357.2601876828 -0.4958825353 10.7344303691 -0.0156738828
44964 316238.74 113.8405695237 34.0820330268 3776468.426737 762217.2987398001 56.4559953511 0.0209261917 1.2458001338 357.2877578974 -0.5004201821 10.7133377129 -0.0266357104
44965 316238.84 113.8405689918 34.0820426674 3776469.495254 762217.2198769 56.4546768116 0.0023388911 1.2126882553 357.3423620705 -0.4904752665 10.6798814353 0.007186611
44966 316238.94 113.8405684735 34.0820522841 3776470.561151 762217.1423431998 56.4558773544 -0.1590139742 1.1793417936 357.386546755 -0.4789908875 10.657310352 0.0121520556
44967 316239.04 113.8405679658 34.082061878 3776471.624553 762217.0658584002 56.4557921532 -0.1896315736 1.154868285 357.4346261991 -0.4675319578 10.6343921856 -0.0102978948
44968 316239.14 113.8405674767 34.0820714541 3776472.686017 762216.9911453 56.451839936 -0.1301608931 1.1323994911 357.474807932 -0.4613508658 10.6037350372 -0.0414191782
44969 316239.24 113.8405669972 34.0820810012 3776473.744292 762216.9174083 56.4482167913 -0.1758765317 1.1740731469 357.519341944 -0.4466710087 10.5690986981 -0.017091914
44970 316239.34 113.8405665315 34.0820905184 3776474.799292 762216.8450314 56.4464583043 -0.2408140954 1.1786807676 357.5449938654 -0.4377920617 10.5366006521 -0.0147379039
44971 316239.44 113.8405660692 34.0821000088 3776475.851311 762216.7730614 56.4429299012 -0.1581505093 1.2240163093 357.5726882548 -0.4312723644 10.5087274192 -0.0393042914
44972 316239.54 113.8405656172 34.0821094715 3776476.900298 762216.7021241002 56.4378648335 0.0076972907 1.2026696645 357.5730038053 -0.4308382652 10.475943922 -0.0268843938
44973 316239.64 113.8405651644 34.0821189028 3776477.945786 762216.6312158002 56.4363268632 0.0608290001 1.2243316604 357.5701548158 -0.4266480078 10.4430803008 0.027726639
44974 316239.74 113.8405647129 34.0821283044 3776478.987988 762216.5605134 56.4380859612 -0.0145784524 1.2155300018 357.5598439064 -0.4226673918 10.4108233211 0.0437531658
44975 316239.84 113.8405642522 34.0821376781 3776480.027071 762216.4890446998 56.4393890882 0.0184880517 1.1766461471 357.5714113188 -0.4368911963 10.3794040048 0.0390623826
44976 316239.94 113.8405637919 34.082147025 3776481.063176 762216.4176989 56.4396780683 0.0127659628 1.1355813303 357.5807914445 -0.4326993917 10.3474509742 -0.0024843731
44977 316240.04 113.8405633387 34.0821563455 3776482.096372 762216.347089 56.4400325632 -0.095842213 1.1346172279 357.585020586 -0.4284157488 10.3172540813 0.0158224715
44978 316240.14 113.8405628922 34.0821656429 3776483.127023 762216.277171 56.4401421864 -0.239663276 1.1721471857 357.6065545345 -0.4179006644 10.2893517871 0.0042632291
44979 316240.24 113.8405624554 34.082174912 3776484.154555 762216.2082378 56.437253939 -0.2679911758 1.1752639775 357.6360900841 -0.4099506617 10.2562816918 -0.0565340862
44980 316240.34 113.8405620282 34.082184152 3776485.178881 762216.1402712 56.4319659667 -0.2007790308 1.2423453449 357.6725260311 -0.3886698653 10.2232274301 -0.039554967
44981 316240.44 113.8405616101 34.0821933587 3776486.199536 762216.0732601 56.4262423432 -0.1069817304 1.2160443399 357.7250492204 -0.3978614504 10.1783432404 -0.0308094133
44982 316240.54 113.8405611909 34.0822025278 3776487.216019 762216.0062553 56.4232660187 -0.1346317231 1.2558323035 357.8479177364 -0.3862469896 10.1420486329 -0.0262367569
44983 316240.64 113.8405608019 34.0822116584 3776488.2283 762215.9421586 56.4222786287 -0.1701376594 1.184219533 357.993591663 -0.3569497588 10.0997832059 -0.0088609583
44984 316240.74 113.8405604387 34.0822207484 3776489.23615 762215.8805783001 56.4202450048 -0.231435414 1.1977206341 358.1754466761 -0.3237328985 10.0527695256 -0.0285445085
44985 316240.84 113.8405601211 34.0822297997 3776490.239821 762215.8233199002 56.4172938094 -0.2211336431 1.1722844466 358.3576098652 -0.288072772 10.0059704807 -0.0355687086
44986 316240.94 113.8405598379 34.0822388082 3776491.238824 762215.7693689 56.4134860989 -0.187353903 1.2175928326 358.571242877 -0.2500858256 9.960241863 -0.0361398594
44987 316241.0 113.8405596897 34.0822441929 3776491.836025 762215.7390665 56.4114399468 -0.1277818108 1.1986143054 358.7050993399 -0.2242381235 9.9347089264 -0.0191961225
44988 316241.11 113.8405594533 34.0822540303 3776492.9271410014 762215.6868851 56.4081519852 -0.0550275807 1.1423541987 358.9718609044 -0.1928857785 9.8877022936 -0.0122456315
44989 316241.22 113.8405592665 34.0822638237 3776494.013501999 762215.6394129002 56.4059632132 -0.0401464965 1.0868822395 359.2919258933 -0.1360956547 9.8451820169 0.00210716
44990 316241.33 113.8405591482 34.0822735792 3776495.095829 762215.5983871998 56.4059756268 -0.1131508571 1.0323841416 359.6313888834 -0.0790037953 9.8092771446 0.0223126152
44991 316241.44 113.8405591026 34.0822833006 3776496.174567 762215.564182 56.4061402567 -0.2152557617 1.0769202395 359.9733238353 -0.0062420218 9.7766031007 0.0016882571
44992 316241.55 113.8405591361 34.0822929867 3776497.2495800015 762215.537381 56.4028650019 -0.1987993452 1.0561602566 0.3046264425 0.0437788265 9.7417066871 -0.0206650747
44993 316241.66 113.8405592232 34.0823026373 3776498.320804 762215.5156522 56.3981061866 -0.0028767532 1.0080471564 0.6808079192 0.0934834045 9.7049855556 -0.0531214561
44994 316241.77 113.8405593812 34.0823122505 3776499.388045 762215.5005766 56.3924500076 0.2948823924 0.8314538808 1.0927941811 0.1462660512 9.6613483704 -0.005149768
44995 316241.88 113.8405596125 34.0823218165 3776500.450248 762215.4924133002 56.3978673928 0.184901776 0.7766176398 1.5435147354 0.2301453973 9.616100374 0.1086817967
44996 316241.99 113.8405599444 34.0823313431 3776501.50833 762215.4936675 56.406328762 -0.0874568989 0.6708496317 1.963351873 0.3025621036 9.579543105 0.0614126322
44997 316242.07 113.8405602337 34.08233825 3776502.275583 762215.4990701 56.4089349452 -0.1956844833 0.661635161 2.2601759297 0.3558732731 9.5610142401 0.0229412785
44998 316242.18 113.8405607072 34.082347715 3776503.327195 762215.5135801998 56.4075825717 -0.2172223641 0.7056987029 2.5854047349 0.4340716775 9.5297789534 -0.0333363208
44999 316242.29 113.8405612481 34.0823571507 3776504.375721 762215.5344155 56.4022988966 -0.1137316541 0.8335141307 2.836662233 0.4768314596 9.4974320228 -0.03742995
45000 316242.4 113.8405618424 34.0823665549 3776505.420899 762215.5602750998 56.3981885053 -0.0759480826 0.9868590512 3.0087262133 0.5178390251 9.4664747964 -0.0144703373
45001 316242.51 113.8405624635 34.0823759284 3776506.462732 762215.5886955998 56.3966799881 -0.091356461 1.0572177884 3.1432127586 0.521880893 9.4406145568 0.007367684
45002 316242.62 113.8405630956 34.0823852746 3776507.501562 762215.6182263 56.3961084858 -0.1584381971 1.0874857257 3.274528444 0.5379183044 9.4110753235 0.0004897986
45003 316242.73 113.8405637502 34.0823945912 3776508.537176002 762215.6499248 56.3937834399 -0.1862049775 1.0909612813 3.3968109617 0.5549367742 9.3753967504 -0.0155669891
45004 316242.84 113.8405644276 34.0824038814 3776509.569905 762215.6838106 56.3915031915 -0.1346977434 1.1659711916 3.4957692848 0.5803538718 9.3512335466 -0.0090352908
45005 316242.95 113.8405651301 34.0824131439 3776510.5996300015 762215.7200937 56.388339418 -0.1242931052 1.2773632806 3.5279635524 0.5933341838 9.3272205407 -0.0193438577
45006 316243.06 113.8405658432 34.08242238 3776511.626456 762215.7574461 56.3864802802 -0.1842365653 1.33953684 3.5207840994 0.5933954101 9.2944874343 -0.0018657867
45007 316243.17 113.8405665669 34.0824315961 3776512.651089 762215.7958281002 56.3853650149 -0.2285826113 1.33171378 3.4816067065 0.5862048497 9.2751769404 0.0091867513
45008 316243.28 113.8405672734 34.0824407888 3776513.673086 762215.8327049 56.3809326524 -0.1838779223 1.4360763255 3.4097733848 0.5796859532 9.2515109936 -0.0313550166
45009 316243.39 113.8405679715 34.0824499546 3776514.692069 762215.8688779002 56.3768724436 -0.191646222 1.4311153187 3.3027248606 0.5488859441 9.2217882627 -0.0171352233
45010 316243.5 113.8405686322 34.0824590959 3776515.708235 762215.9016796 56.3745580036 -0.2031259789 1.4415776901 3.2154875147 0.5380264725 9.1972795046 -0.0081454928
45011 316243.61 113.8405692786 34.082468212 3776516.721564 762215.9332431 56.371304269 -0.195223764 1.3977285847 3.0575548538 0.5230065298 9.1780578624 -0.030214247
45012 316243.72 113.8405698923 34.0824773032 3776517.732058 762215.9618531 56.3663866883 -0.1399312483 1.4104013142 2.8574488042 0.4831891159 9.1466046316 -0.0252725016
45013 316243.83 113.8405704701 34.0824863715 3776518.7399120014 762215.9872221998 56.3630265016 -0.1001704676 1.4073753051 2.6171265031 0.4533340436 9.1272070505 -0.0017560234
45014 316243.94 113.840571 34.0824954171 3776519.745126 762216.0082455 56.3624554006 -0.1842914928 1.432545887 2.3581996857 0.4048309983 9.1088440932 0.0168471623
45015 316244.05 113.840571478 34.082504446 3776520.748353 762216.0245185002 56.361202334 -0.230208082 1.4736750352 2.0696077266 0.3746571415 9.0937001731 -0.0077652114
45016 316244.16 113.8405719059 34.0825134642 3776521.75026 762216.0362015 56.3567941617 -0.1745882975 1.4829971833 1.7738319533 0.3214207131 9.0753641964 -0.0421362259
45017 316244.27 113.8405722811 34.0825224758 3776522.751297 762216.0430394 56.3516266998 -0.1611584014 1.4657476628 1.4826089172 0.2770029195 9.0816238903 -0.0419640565
45018 316244.38 113.8405725909 34.0825314931 3776523.752811 762216.0438193001 56.3471218385 -0.0266605943 1.3003214991 1.2085518653 0.2129756283 9.0884987081 -0.027055625
45019 316244.46 113.8405727729 34.0825380596 3776524.481999 762216.0403703002 56.3440963523 0.0382119461 1.2781899588 1.0312677276 0.1812841892 9.1032366783 -0.0366896326
45020 316244.57 113.840573 34.0825471005 3776525.485917 762216.0334393 56.3415767895 0.0209745849 1.262138162 0.7850336606 0.1621227284 9.1142877447 0.0055836991
45021 316244.68 113.840573176 34.082556157 3776526.491428 762216.0217422 56.3429368408 -0.1217626405 1.1619789226 0.5667689653 0.1083210861 9.134016297 0.0239124005
45022 316244.79 113.8405733117 34.0825652382 3776527.499584 762216.0062561 56.3392788339 -0.0756431715 1.2648340356 0.3399154169 0.1012761921 9.1630562364 -0.0500950984
45023 316244.9 113.8405734329 34.0825743412 3776528.510113 762215.9893542 56.3322521243 -0.0268132014 1.3075856488 0.0871790535 0.0599373182 9.1796106282 -0.0271706205
45024 316245.01 113.8405734898 34.0825834676 3776529.523078 762215.9664502 56.3305641767 -0.1282977851 1.3316852116 359.8713189817 0.0091339474 9.2090881377 0.0267332083
45025 316245.12 113.8405734991 34.0825926301 3776530.539933 762215.9390306 56.3283612318 -0.1144160075 1.2759762618 359.658430759 -0.0148959754 9.2522078682 -0.051641609
45026 316245.23 113.8405734511 34.0826018321 3776531.561014 762215.9062058 56.3214755319 0.082126602 1.1636712217 359.4716275497 -0.0717242587 9.2863528724 -0.0517242257
45027 316245.29 113.8405734073 34.0826068699 3776532.119975 762215.8866178 56.318085121 0.1700234075 1.0948565768 359.3763400494 -0.0782291899 9.3131906159 -0.033003807
45028 316245.4 113.8405732981 34.082616137 3776533.148133 762215.8479357 56.3160396814 0.2209907104 0.958219115 359.202144682 -0.1201583541 9.3542471507 0.0088331555
45029 316245.51 113.8405731639 34.0826254474 3776534.181022 762215.8068089002 56.3172517288 0.1538056449 0.930076236 359.0376129396 -0.1221367482 9.4025346552 0.0250972814
45030 316245.62 113.8405730049 34.0826348028 3776535.218852 762215.7632620998 56.3191634081 -0.0421232756 0.9211666664 358.8691455541 -0.1559542182 9.4512318437 0.0304322863
45031 316245.73 113.8405728116 34.0826442106 3776536.2624 762215.7163789001 56.3167902753 -0.0518066857 1.0202201995 358.7236975515 -0.1727942561 9.5005096599 -0.0319875253
45032 316245.84 113.8405725976 34.0826536703 3776537.311662 762215.6674335998 56.311999552 0.0267647807 1.0227015312 358.5656745743 -0.2067521149 9.5506965963 -0.0358196299
45033 316245.95 113.840572352 34.0826631755 3776538.365882 762215.6154214 56.3084696727 0.0523825566 1.1283663886 358.426702724 -0.2183998956 9.5976092743 -0.0080673291
45034 316246.06 113.8405720783 34.0826727229 3776539.424723 762215.5606844 56.3070592703 0.0803165575 1.13322405 358.2816412621 -0.2574768007 9.6391390295 -0.0262539593
45035 316246.17 113.8405717615 34.0826823161 3776540.488533 762215.5018341999 56.3051682338 0.1713739195 1.2066842758 358.1438006422 -0.2704497562 9.6944929988 -0.0139357905
45036 316246.28 113.840571424 34.082691951 3776541.556913 762215.4409369002 56.3047341462 0.1566091062 1.1874601248 358.0156487119 -0.2969276328 9.7325463503 0.0100173425
45037 316246.31 113.8405713245 34.0826945861 3776541.849097 762215.4236196999 56.304337658 0.1513793753 1.2156561783 357.9961327922 -0.3049314825 9.7389199475 -0.0092961908
45038 316246.42 113.8405709462 34.0827042736 3776542.923216 762215.3587958 56.3038564222 0.2549252232 1.2436355412 357.9238343233 -0.3177572451 9.7780549849 0.011948314
45039 316246.53 113.8405705635 34.0827139999 3776544.001622 762215.2934437 56.3040202036 0.3304412558 1.2983611074 357.8460621165 -0.3271196681 9.8207855159 0.0111211974
45040 316246.64 113.8405701653 34.0827237614 3776545.083903 762215.2265504 56.3084675325 0.2129182284 1.4015325901 357.7734349824 -0.3343206132 9.8523874498 0.051075328
45041 316246.75 113.840569754 34.0827335614 3776546.170411 762215.1583323001 56.3131155344 0.127920156 1.4590438834 357.6969481314 -0.3527085128 9.8976688459 0.0399685815
45042 316246.86 113.8405693209 34.0827434015 3776547.261331 762215.087977 56.3124236679 0.1851964287 1.5115984466 357.6295912602 -0.3678143165 9.9411883324 -0.0261630728
45043 316246.97 113.8405688717 34.0827532808 3776548.356545 762215.0160085 56.3093437888 0.2940573544 1.5220293934 357.5525542936 -0.3825832678 9.9748979335 0.0056139378
45044 316247.07 113.8405684429 34.0827622917 3776549.355443 762214.9486061998 56.3117403584 0.3370343803 1.530838869 357.50310868 -0.4025758083 10.0056740508 0.0663711564
45045 316247.17 113.8405680065 34.0827713285 3776550.3572059986 762214.8804285 56.3154823529 0.3902702244 1.5205427717 357.4623824897 -0.4066441784 10.0418680904 0.0377722212
45046 316247.27 113.8405675618 34.0827803952 3776551.362251 762214.8113895 56.3187049627 0.3866344112 1.543233667 357.4254575746 -0.4150952744 10.078494986 0.0392931115
45047 316247.37 113.8405671149 34.0827894879 3776552.370184 762214.7420590002 56.3243222768 0.3106940428 1.5300900444 357.3803498126 -0.4199824157 10.1091771181 0.0612533308
45048 316247.47 113.8405666582 34.0827986059 3776553.380904 762214.6717587 56.3293124652 0.3145711427 1.5751759715 357.3536039229 -0.4280409397 10.1291784661 0.0540822241
45049 316247.57 113.8405661969 34.08280775 3776554.394496 762214.6009446002 56.3314006487 0.3916334688 1.5837879456 357.3435707724 -0.4275516984 10.1628713206 0.0224451423
45050 316247.67 113.8405657289 34.0828169156 3776555.410468 762214.5294428002 56.3346841475 0.4595577025 1.5929620571 357.34094461 -0.4371665026 10.1819443483 0.0707090993
45051 316247.77 113.8405652601 34.0828261026 3776556.428801 762214.4578096998 56.3415433858 0.3960071338 1.627231495 357.3403777707 -0.4311092919 10.2039665338 0.083047625
45052 316247.87 113.8405647936 34.0828353128 3776557.449725 762214.3863146999 56.3481505178 0.3017186516 1.6220523902 357.339629586 -0.4375791897 10.2295061576 0.076540828
45053 316247.97 113.8405643272 34.0828445468 3776558.473292 762214.3147485 56.3534919862 0.2193806853 1.7455524253 357.3476727969 -0.425980434 10.2603762547 0.0490664002
45054 316248.07 113.840563867 34.0828538023 3776559.49925 762214.2436936 56.3562464137 0.2299631956 1.7714835142 357.347821612 -0.4363614939 10.2826906348 0.0077801864
45055 316248.17 113.8405633871 34.0828630803 3776560.52766 762214.1707544002 56.3571429951 0.2507670897 1.9170055985 357.3694543499 -0.4280300352 10.3022354505 0.0006079052
45056 316248.27 113.8405629202 34.0828723767 3776561.55815 762214.0989513 56.3586878544 0.2479872265 1.9359025381 357.3649671902 -0.4294550429 10.3222422074 0.0195532596
45057 316248.37 113.840562447 34.0828816883 3776562.590311 762214.0265222 56.36242247 0.1567072633 2.076262944 357.3792268244 -0.4271886947 10.3382959842 0.0623258812
45058 316248.47 113.8405619804 34.0828910142 3776563.624062 762213.9546619002 56.3658871734 0.1179914002 2.0726094001 357.3902852204 -0.424008608 10.3588137671 0.0421211098
45059 316248.57 113.8405615038 34.0829003545 3776564.659402 762213.8818291 56.3666364783 0.1814847642 2.0255003193 357.4086856827 -0.4393930173 10.3750061441 0.0012660063
45060 316248.67 113.8405610284 34.0829097076 3776565.696151 762213.8090695 56.3655248014 0.3118638361 2.0072169249 357.4190419716 -0.4227848651 10.3866983588 0.0280684512
45061 316248.77 113.8405605558 34.0829190671 3776566.733628 762213.7365489 56.3696847754 0.27784992 1.9829013622 357.4134155374 -0.4297976842 10.3916821341 0.1007308657
45062 316248.87 113.8405600829 34.0829284323 3776567.771738 762213.6639834002 56.3756685508 0.2203302882 1.9565217267 357.4021870255 -0.4260213327 10.3936128135 0.0661024742
45063 316248.97 113.8405596085 34.0829378004 3776568.810159 762213.5912695 56.3794820383 0.1399454396 1.9609125807 357.3885764337 -0.4311726178 10.3920046694 0.0515999464
45064 316249.07 113.8405591329 34.0829471639 3776569.848073001 762213.5184622 56.3829380618 0.0484480096 1.9872643488 357.3756071032 -0.4307936146 10.3820467719 0.0438312829
45065 316249.17 113.8405586651 34.0829565198 3776570.885155 762213.4463974 56.3849464692 0.0211446724 1.9051561582 357.3592620102 -0.4347989455 10.3748320202 0.0238163643
45066 316249.27 113.8405581839 34.082965865 3776571.921025 762213.373126 56.3835963914 0.1266780736 1.834828822 357.3573026952 -0.4435147339 10.3583546812 -0.0221291163
45067 316249.37 113.8405577071 34.0829751939 3776572.955085 762213.3003064998 56.3823957695 0.204168305 1.8008939852 357.3458312494 -0.437004483 10.3375569086 0.0101011559
45068 316249.47 113.8405572273 34.0829845034 3776573.987002 762213.2272805 56.385084657 0.1869220878 1.8013052808 357.3432710915 -0.4401330264 10.3183028476 0.0580948552
45069 316249.57 113.8405567518 34.082993793 3776575.016711 762213.1547041 56.3898837073 0.1463853829 1.7813647179 357.3279283644 -0.4349101564 10.2904646953 0.0522587285
45070 316249.67 113.8405562759 34.0830030587 3776576.043762 762213.0821711 56.3931527128 0.0962860884 1.8271371443 357.3154303127 -0.4382833648 10.2674703322 0.0126552371
45071 316249.77 113.8405558061 34.083012306 3776577.068791 762213.010254 56.3947350522 0.0879875871 1.8418793466 357.2957916926 -0.4313629476 10.2420604596 0.0137485668
45072 316249.87 113.8405553295 34.083021531 3776578.09133 762212.937775 56.3965685647 0.0797934665 1.8469554431 357.2900956429 -0.4446931276 10.2146493689 0.0315912141
45073 316249.97 113.8405548495 34.0830307254 3776579.110461 762212.8650804 56.39798541 0.1115750686 1.8610261633 357.2842160869 -0.4339053806 10.1860758346 0.0202638099
45074 316250.05 113.840554466 34.0830380525 3776579.922619 762212.8070632 56.3992012711 0.0661692794 1.8677598231 357.2620652865 -0.4451585605 10.1387838622 0.0254795417
45075 316250.15 113.8405539682 34.0830471686 3776580.9330089986 762212.7329604 56.4011270115 0.0322351378 1.8594480125 357.238184718 -0.4500360034 10.0809444371 0.0455143602
45076 316250.25 113.840553471 34.0830562187 3776581.936087 762212.6591243 56.4029680546 0.0279721651 1.8368747996 357.1998991708 -0.4501122742 9.9965450416 0.0161300521
45077 316250.36 113.8405529211 34.0830660826 3776583.029335 762212.5779146998 56.4035902256 0.0014992077 1.86053795 357.1571585598 -0.4452068584 9.8978236665 0.0150466508
45078 316250.47 113.8405523715 34.0830758417 3776584.11096 762212.4970494 56.4057880631 -0.1346967712 1.8369657623 357.1103633889 -0.4483801883 9.78793048 0.0369456824
45079 316250.58 113.8405518134 34.0830854894 3776585.1801949986 762212.4157476 56.4073584257 -0.1859743093 1.8977782667 357.0855274633 -0.452008331 9.6769794404 0.0031374484
45080 316250.69 113.8405512664 34.0830950249 3776586.237014 762212.3358124002 56.4054026986 -0.0881713361 1.8773353996 357.0543746985 -0.4492435516 9.5526519533 -0.0146373512
45081 316250.8 113.8405507095 34.0831044398 3776587.280425 762212.2553344 56.4040663671 -0.1167821624 1.8402034594 357.0332355738 -0.4588084034 9.4282086604 0.0214584177
45082 316250.91 113.8405501571 34.0831137215 3776588.309051 762212.1756841 56.406013363 -0.219729519 1.7739642858 357.0062171526 -0.44474954 9.2810827113 0.0520185249
45083 316251.02 113.8405495986 34.0831228549 3776589.321218 762212.0959284 56.406676596 -0.2800300198 1.6412201936 356.994853205 -0.4643343846 9.1321669695 -0.0181371913
45084 316251.14 113.8405489745 34.0831326531 3776590.406985 762212.0080666 56.4044443881 -0.1432645327 1.5192996903 356.9833957983 -0.4481533896 8.9478473985 -0.0159848683
45085 316251.26 113.8405483677 34.0831422433 3776591.469716 762211.9224446998 56.4029328562 -0.0610801172 1.4500054507 356.9652815169 -0.4480566252 8.75003379 -0.0128959421
45086 316251.38 113.8405477775 34.0831516168 3776592.508446 762211.8390178998 56.4065137058 -0.1315942345 1.4734987703 356.954666945 -0.4197613549 8.5506986207 0.054837293
45087 316251.5 113.8405472022 34.0831607706 3776593.522828 762211.7576505 56.4124246566 -0.1889832769 1.4858173721 356.9316194771 -0.4189937569 8.3414242353 0.031140725
45088 316251.63 113.8405465908 34.0831704404 3776594.594385 762211.6713569 56.4143710695 -0.2598163421 1.5176144815 356.9014628001 -0.4144122775 8.1307372527 -0.0060852063
45089 316251.76 113.8405459924 34.0831798527 3776595.637395 762211.5870545 56.4142327188 -0.323263328 1.5590489047 356.871338798 -0.4012304352 7.9000442711 0.0155766064
45090 316251.89 113.8405454017 34.0831889984 3776596.650838 762211.5042871998 56.4167007934 -0.3714227048 1.5747437989 356.8398177571 -0.3984954192 7.6750953759 0.0170026365
45091 316252.03 113.8405447769 34.0831985579 3776597.710118 762211.4170936 56.4165392462 -0.3037581654 1.6317789224 356.8157463209 -0.3816243217 7.4402737448 -0.022164132
45092 316252.17 113.8405441796 34.0832077842 3776598.732491001 762211.333469 56.4119244469 -0.2025207974 1.6477608752 356.7992791617 -0.3818824006 7.1888681727 -0.0165353603
45093 316252.32 113.8405435563 34.0832173259 3776599.789789 762211.2464762 56.4135442777 -0.1918773189 1.6273398231 356.7751947473 -0.3700385812 6.928888889 0.0458150459
45094 316252.47 113.8405429516 34.0832265026 3776600.806636 762211.162316 56.4157873532 -0.2199695074 1.6211404803 356.736545578 -0.3569548804 6.6576622089 0.010904537
45095 316252.63 113.8405423298 34.0832358973 3776601.847642 762211.0759125 56.4151736088 -0.1772477511 1.6344582257 356.7110603094 -0.3426752232 6.3710140342 0.0079908817
45096 316252.8 113.8405416834 34.0832454195 3776602.902719 762210.9868455 56.4178171521 -0.1727755129 1.5542784589 356.6851729571 -0.3426794864 6.0564525183 0.0188431447
45097 316252.97 113.8405410544 34.0832544731 3776603.905852 762210.9008216999 56.4194949716 -0.2132507891 1.4799363156 356.6510665634 -0.3225804296 5.7627377175 0.013281762
45098 316253.15 113.8405404265 34.0832636188 3776604.9192 762210.8146187 56.4202841725 -0.0899810361 1.4200509428 356.6299122 -0.3129528592 5.5231865913 0.015478442
45099 316253.34 113.8405397764 34.0832729386 3776605.951803 762210.7258311 56.4228816433 -0.0492425425 1.3016531478 356.6145426322 -0.3117713962 5.3693290777 0.0024202647
45100 316253.53 113.8405391427 34.0832820386 3776606.960073998 762210.6392423002 56.4249966461 -0.0023878671 1.2649552385 356.6745614605 -0.2963115701 5.2566044934 0.0201806701
45101 316253.73 113.8405385066 34.0832914176 3776607.999286 762210.5515646 56.4305337584 -0.0971433041 1.2112412906 356.7672349274 -0.2811339851 5.1492337053 0.0297193665
45102 316253.93 113.8405379098 34.0833006062 3776609.017476 762210.4680986998 56.433055724 -0.0770260346 1.2257515966 356.8835201089 -0.2629063779 5.0351575427 0.0116071152
45103 316254.14 113.8405373205 34.0833099837 3776610.056645 762210.3847433 56.4370153295 -0.1181485844 1.1922663296 356.9943102541 -0.2577398286 4.8581287672 0.0153847884
45104 316254.36 113.8405367519 34.0833193586 3776611.0955879986 762210.303312 56.4385802373 -0.0921160937 1.1797200909 357.0960832932 -0.2220003977 4.5867097488 0.0126479963
45105 316254.59 113.8405362225 34.0833285437 3776612.113556 762210.2260848002 56.4418916004 -0.1078108854 1.2120985119 357.1927085391 -0.2035766611 4.2761907829 0.0234223365
45106 316254.84 113.8405356868 34.0833378456 3776613.144482 762210.1479184 56.4447838655 -0.0555209122 1.1361905539 357.2948305512 -0.1898669733 4.0164917941 0.0143376617
45107 316255.1 113.8405351541 34.0833470268 3776614.162011 762210.0703943 56.4467618866 0.0107160431 1.0252481206 357.3873892326 -0.1908572766 3.8390082276 0.0117458931
45108 316255.37 113.8405346167 34.083356085 3776615.165886 762209.9928222 56.4476937065 -0.0553739102 1.0928270255 357.4533748824 -0.1666831849 3.6997853763 0.0156284757
45109 316255.65 113.8405340949 34.0833651455 3776616.170051 762209.9166871 56.4493363313 -0.2618296618 1.3168852282 357.458084118 -0.1653346141 3.5731104398 0.0222637974
45110 316255.94 113.8405335401 34.0833742012 3776617.173603 762209.8375087 56.4510167046 -0.3565306457 1.2550463903 357.4059200935 -0.1677748982 3.4572534191 -0.0086490865
45111 316256.24 113.8405330181 34.0833833052 3776618.1825910006 762209.7612140998 56.4444157863 -0.1477214037 1.1746266908 357.3398226675 -0.1607280908 3.3329284264 -0.0080916998
45112 316256.55 113.8405324899 34.0833924142 3776619.192125 762209.684336 56.4384637512 0.1112885687 0.9633081071 357.2741724365 -0.1613935998 3.2205953104 -0.0061749533
45113 316256.87 113.8405319607 34.0834015103 3776620.2002199986 762209.6073961 56.4374777153 0.0692472327 1.0169174677 357.2416370264 -0.1534664694 3.1254535356 0.0017422355
45114 316257.2 113.8405314387 34.0834106643 3776621.214763 762209.5309536 56.44139612 -0.0772064885 1.0791656571 357.2311175012 -0.1650991878 3.0690722999 0.0345893385
45115 316257.53 113.8405309077 34.0834198365 3776622.231303 762209.4536170998 56.4423017418 -0.1148424925 0.935628717 357.2391641485 -0.161383115 3.1117487311 0.0181603465
45116 316257.86 113.8405304064 34.0834290876 3776623.256673 762209.3787811 56.4381089555 -0.0507541414 1.1052729429 357.2171700923 -0.1500614271 3.1333956421 0.0268433558
45117 316258.18 113.8405299254 34.0834381389 3776624.259915 762209.306432 56.4287801245 0.1920491581 1.311958024 357.1713962095 -0.1583169469 3.1563963229 0.0057166424
45118 316258.5 113.8405294083 34.0834472404 3776625.268651 762209.2306006 56.4323986368 0.10027364 1.2675674576 357.1196847597 -0.1608274508 3.1532349892 0.0088157088
45119 316258.82 113.8405288878 34.0834562443 3776626.266535 762209.1547599 56.4319611257 0.0943203208 1.1935370003 357.0619663284 -0.1652636181 3.0778852339 0.0238090119
45120 316259.15 113.840528362 34.0834652717 3776627.267019 762209.0783449998 56.4303025277 0.1023258184 1.2123667633 356.9904424304 -0.1616289448 2.992358716 0.0032409689
45121 316259.49 113.8405278458 34.0834742777 3776628.265143 762209.0028936998 56.4295664336 0.0417708401 1.2288430959 356.9288292725 -0.1519916749 2.8880271002 0.0041985198
45122 316259.85 113.8405272987 34.0834835049 3776629.287748 762208.9238973 56.4270357145 0.065335948 1.1484481578 356.9065380143 -0.1542198743 2.807090372 0.0078809621
45123 316260.21 113.8405267483 34.0834925953 3776630.295161 762208.8450301 56.4227632387 0.273500881 0.968208155 356.994062293 -0.147608919 2.8178662732 -0.0019763709
45124 316260.56 113.8405262283 34.0835016611 3776631.299922 762208.7690324 56.4176714029 0.485155298 0.9153659828 357.1537838335 -0.1490783584 2.9281792975 -0.0015198423
45125 316260.72 113.8405259784 34.083505936 3776631.7736949986 762208.7327671 56.4168440336 0.5630236206 0.8079778119 357.2380935463 -0.1531565543 2.9927288441 0.0110261055
45126 316261.05 113.8405254833 34.083514992 3776632.777421 762208.6591114 56.4208943658 0.4783455534 0.6314746645 357.4063820917 -0.1488415041 3.0575943499 0.028840618
45127 316261.38 113.8405250088 34.0835240609 3776633.782647 762208.5873040998 56.4234106224 0.3822339449 0.4525857831 357.5526292111 -0.130210253 3.0259784651 0.0260845041
45128 316261.72 113.8405245685 34.0835333041 3776634.807292 762208.5181285 56.4262354746 0.2867747833 0.3842493792 357.6967953546 -0.1188779056 2.9952890489 0.0078367566
45129 316262.06 113.8405241679 34.0835424142 3776635.817279 762208.4530303002 56.4269968141 0.3276645077 0.3972865755 357.8165707232 -0.1174387988 2.9468331425 -0.0015695925
45130 316262.41 113.8405237533 34.0835516759 3776636.844044 762208.3861649 56.4291546782 0.4230956805 0.3367848435 357.8997858187 -0.1063937995 2.8994303636 -0.0082054549
45131 316262.77 113.8405233651 34.0835609003 3776637.8667480014 762208.321854 56.4303677697 0.5671879527 0.3939775607 357.9686969417 -0.0928054158 2.7440640785 0.0117385964
45132 316263.16 113.8405229947 34.0835700101 3776638.876771 762208.2595429 56.4372035936 0.5240744531 0.3882809093 358.0034337539 -0.0831238543 2.4493311911 0.0176397809
45133 316263.59 113.8405226428 34.0835791745 3776639.892899 762208.1987663 56.4420033814 0.560278177 0.3526462412 358.0471228286 -0.0722617393 2.2725188374 0.0162357594
45134 316264.05 113.8405223116 34.083588342 3776640.909427 762208.1398944 56.4471454807 0.5306741351 0.4156801208 358.1102830605 -0.0622935995 2.1439570492 0.0146836949
45135 316264.53 113.8405220188 34.0835975111 3776641.926234 762208.0845635 56.449862686 0.5222455743 0.4371336127 358.3336757465 -0.0538108527 2.0946681115 0.0010572922
45136 316265.01 113.8405217781 34.083606543 3776642.927955 762208.0344726 56.4525296111 0.4765862058 0.42647404 358.6002956632 -0.0427164001 2.068193859 -0.0009198364
45137 316265.33 113.8405216363 34.0836125459 3776643.593773002 762208.0028489 56.4535695594 0.4519131631 0.382564817 358.8520166868 -0.0337658875 2.0990845193 -0.0040579886
45138 316265.8 113.8405215001 34.0836216629 3776644.605198001 762207.9621462 56.4554479169 0.444278616 0.2910928109 359.5791415698 -0.0142277793 2.205394937 0.0022954914
45139 316266.25 113.840521521 34.0836308801 3776645.62814 762207.9356285 56.4582851343 0.3952359212 0.2294485036 0.8974259444 0.0394933726 2.3374961952 -0.0053230589
45140 316266.67 113.8405217856 34.0836399369 3776646.633918 762207.9321127 56.4607731476 0.360892666 0.0829225039 2.6940483657 0.1118617548 2.4361881888 -0.0128865466
45141 316267.08 113.8405224547 34.0836490988 3776647.652392 762207.9656306 56.463322104 0.3274515935 -0.078053212 5.1922071597 0.2192276549 2.5236341305 0.0046800157
45142 316267.11 113.840522526 34.0836497822 3776647.728421 762207.970099 56.463649828 0.3073227006 -0.0761516453 5.4062399572 0.228912514 2.5342581704 0.0011585145
