45182 316274.8 113.8408553693 34.0837136183 3776655.6673839986 762238.5072095002 56.3597711567 0.1622129085 0.7035059413 101.5065468923 7.7419504752 -1.583576844 -0.0470562519
45183 316274.93 113.8408663732 34.0837117462 3776655.487878 762239.529073 56.3570229141 0.3166550471 0.7110136329 101.3423660777 7.8591190234 -1.5966817078 0.0145246538
45184 316275.06 113.8408775312 34.083709888 3776655.31032 762240.5651102 56.359291655 0.3606711628 0.6643901853 101.194318922 7.9734001835 -1.5820503345 0.018222354
45185 316275.19 113.8408888307 34.0837080159 3776655.131574 762241.614262 56.3621041533 0.408353162 0.790198004 101.0429369774 8.0823313213 -1.6010673331 0.028714914
45186 316275.28 113.8408967443 34.0837067098 3776655.006944 762242.3490216 56.3641098179 0.3260851314 0.7970797018 100.9334379943 8.161323857 -1.5896187966 -0.0107495953
45187 316275.4 113.840907409 34.0837049868 3776654.843123 762243.3390910998 56.3690996971 0.116058263 0.7998461713 100.865745942 8.2559144382 -1.590400659 0.0785827813
45188 316275.52 113.8409182049 34.0837032451 3776654.677548 762244.3413466999 56.3703740332 0.0440647443 0.9200566803 100.8069857904 8.3681250314 -1.6183473136 -0.0634833585
45189 316275.64 113.8409291379 34.0837014875 3776654.510573 762245.3562984 56.3632459622 0.1022496721 0.889620025 100.7554934873 8.4681910101 -1.611913808 -0.0580825956
45190 316275.76 113.8409402015 34.0836997324 3776654.344203 762246.3833051998 56.3637198079 -0.1650622949 0.801308026 100.7216213499 8.5680053865 -1.618450139 0.044420192
45191 316275.88 113.8409513932 34.0836979614 3776654.176407 762247.4221958 56.3655070886 -0.4871482993 0.7507920158 100.6928083807 8.6670819682 -1.640163734 -0.074470812
45192 316276.0 113.8409627218 34.0836961775 3776654.007525 762248.4737605 56.3495612163 -0.1084520033 0.6898721035 100.6951805155 8.7702157761 -1.6565318463 -0.1930425166
45193 316276.12 113.8409741716 34.0836943676 3776653.836074 762249.5365944002 56.33311853 0.4957099309 0.5719079518 100.6640854257 8.8566294386 -1.670788642 -0.0657780772
45194 316276.24 113.8409857282 34.0836925438 3776653.663351 762250.6093359 56.3372339029 0.5010403543 0.5643497555 100.6255683682 8.9384759961 -1.6882609606 0.0795456981
45195 316276.35 113.8409964179 34.0836908584 3776653.503764 762251.6016060001 56.3477434786 0.3306624744 0.579977468 100.5869697063 9.0179029094 -1.6914835226 0.0669837045
45196 316276.46 113.8410072069 34.083689165 3776653.3435410014 762252.603071 56.3541219356 0.0609575823 0.6703323564 100.5691423034 9.0979400051 -1.7160284718 0.0199644393
45197 316276.57 113.8410180926 34.0836874531 3776653.1815059986 762253.6135184 56.3550922582 -0.169229784 0.6919366963 100.5060288279 9.1798631079 -1.7212331382 0.0045729754
45198 316276.68 113.8410290802 34.0836857388 3776653.019476 762254.6333825 56.3514993414 -0.1953115929 0.7404163043 100.4418963189 9.2725273598 -1.7255643344 -0.1221023204
45199 316276.79 113.8410401703 34.0836840094 3776652.856035 762255.6627563002 56.3372609066 0.2952532403 0.8136487121 100.3637418555 9.3405167829 -1.7380154068 -0.1088322626
45200 316276.9 113.8410513501 34.0836822858 3776652.693471 762256.7004028001 56.3362627244 0.3030373499 0.8063992459 100.3100858612 9.4229974384 -1.7249120098 0.0692719411
45201 316277.01 113.8410626262 34.0836805629 3776652.531222 762257.7469331998 56.3470447734 -0.0701759081 0.7597787318 100.2322761725 9.5093008716 -1.7306501913 0.0694874935
45202 316277.12 113.8410740043 34.0836788519 3776652.3705629986 762258.802843 56.3481973596 -0.1890251351 0.6739899013 100.169372504 9.5968266553 -1.7253535924 -0.0602873754
45203 316277.23 113.8410854843 34.083677137 3776652.20972 762259.8681755 56.3384391638 -0.0908028096 0.5912203461 100.0996715002 9.6836002303 -1.7308665155 -0.1058292349
45204 316277.34 113.8410970609 34.0836754208 3776652.048997 762260.9424398001 56.3300520992 0.0097679922 0.5766374686 100.0300447728 9.7627036561 -1.7382050776 -0.0403942959
45205 316277.45 113.8411087291 34.0836736946 3776651.887395 762262.0251859 56.3261389509 0.1048181217 0.6117769958 99.9278029142 9.831297683 -1.7442228678 -0.0335910972
45206 316277.48 113.8411119259 34.0836732246 3776651.8434440014 762262.3218207 56.3255124884 0.1369577604 0.6172851459 99.8936489183 9.8511592614 -1.738905566 -0.017660863
45207 316277.58 113.8411226333 34.0836716601 3776651.697317 762263.3153500998 56.3233884629 0.2525389788 0.7229705387 99.7972620117 9.9246031359 -1.739597247 -0.0116868071
45208 316277.68 113.8411334083 34.0836700974 3776651.551563 762264.3151193 56.3239482483 0.2905820312 0.7654540098 99.6769976438 9.984594474 -1.7286421479 0.0314863202
45209 316277.78 113.841144256 34.0836685484 3776651.407524 762265.3215540998 56.3271324476 0.2237316974 0.8059811254 99.548720112 10.0521079485 -1.714238893 0.0275975447
45210 316277.88 113.8411551767 34.0836670049 3776651.264272 762266.3347117 56.3300543548 0.1276737476 0.831866543 99.4083457356 10.1198738984 -1.7090710898 0.0142262714
45211 316277.98 113.8411661723 34.0836654774 3776651.122987998 762267.3547364002 56.3311279742 0.0795141589 0.8291776398 99.2709764739 10.1907893214 -1.6838379816 -0.0090119525
45212 316278.08 113.8411772406 34.0836639657 3776650.983648 762268.381437 56.329823032 0.0951523758 0.8539192942 99.1489145575 10.2577882617 -1.6755388914 -0.0232630077
45213 316278.18 113.8411883754 34.0836624628 3776650.845464 762269.4142335998 56.3283983655 0.0947530342 0.8317684144 99.0213438063 10.3196827585 -1.6575951775 -0.0100058768
45214 316278.28 113.8411995825 34.0836609734 3776650.708951 762270.4536757 56.32713628 0.099817006 0.8478414405 98.9013627036 10.3849082589 -1.6565871577 -0.013296777
45215 316278.38 113.8412108571 34.0836594911 3776650.573406 762271.4993228002 56.3258991782 0.1073832767 0.8622512586 98.7715444829 10.4517377936 -1.6379726888 -0.0127092104
45216 316278.48 113.841222201 34.0836580213 3776650.439425 762272.5513355 56.3249325622 0.0462609358 0.883413604 98.6470618216 10.5149736436 -1.6269586747 -0.022669313
45217 316278.58 113.841233616 34.0836565618 3776650.306774 762273.609882 56.3232193198 0.0019461573 0.9059046967 98.5149030219 10.5815627496 -1.6100237762 -0.0127781353
45218 316278.62 113.8412382007 34.0836559816 3776650.254161 762274.0350176998 56.3228126056 0.0060094368 0.9144953283 98.4650974164 10.6049916431 -1.6088012518 -0.0005260431
45219 316278.72 113.8412497156 34.0836545384 3776650.123571 762275.1027373 56.3200674858 -0.0260678857 0.9222171082 98.3360026277 10.6708890767 -1.5945549935 -0.047255883
45220 316278.82 113.8412613018 34.0836531106 3776649.994871 762276.1769897 56.3161252914 -0.0244718512 0.900078371 98.2029330287 10.735787135 -1.5739873344 -0.024046513
45221 316278.92 113.8412729566 34.0836516948 3776649.86768 762277.2575391999 56.3130388055 0.0664012913 0.9148368517 98.0717935382 10.8014515933 -1.5704101197 -0.0135841161
45222 316279.02 113.8412846808 34.0836502928 3776649.742208 762278.3444555 56.3094818573 0.1223798535 0.9110296163 97.9348344117 10.8625876858 -1.5444554194 -0.0269289781
45223 316279.12 113.8412964686 34.0836489129 3776649.619344 762279.4371793 56.3085071659 0.0904395522 0.8966662445 97.8036021463 10.9202445248 -1.5278773838 0.0039276047
45224 316279.22 113.8413083213 34.0836475488 3776649.498396 762280.5358476 56.3075798228 0.0650296012 0.895990688 97.666049054 10.9791910126 -1.5089419237 -0.0228509858
45225 316279.32 113.8413202413 34.0836461989 3776649.379202 762281.6406845 56.305014723 0.0759719122 0.8962665485 97.5249359526 11.0437980833 -1.4989296907 -0.0156158703
45226 316279.41 113.8413310267 34.0836449986 3776649.273694 762282.6402953 56.303262434 0.0916109892 0.8737323933 97.388752643 11.0968180369 -1.4715574189 -0.0097864338
45227 316279.5 113.8413418656 34.0836438139 3776649.170061 762283.6447961 56.302181392 0.0558099776 0.862555558 97.2546799839 11.1543203614 -1.45702708 -0.0296245805
45228 316279.59 113.8413527603 34.0836426447 3776649.06829 762284.6544026 56.3000782896 -0.0051712664 0.8753635101 97.1150550886 11.2091992583 -1.4340774147 -0.0321719258
45229 316279.66 113.8413612713 34.0836417458 3776648.990386 762285.4430613002 56.2983506145 0.0140376583 0.8776060119 97.0124299778 11.2511282327 -1.4264553079 -0.022278701
45230 316279.75 113.8413722622 34.0836406032 3776648.8918160014 762286.4614735 56.2960854415 0.0100694755 0.8568672008 96.8688825837 11.3104506105 -1.3998717931 -0.0482312954
45231 316279.84 113.8413833089 34.0836394809 3776648.795639 762287.484967 56.2911536312 0.1441852554 0.8597156007 96.733244704 11.3640495818 -1.3776189956 -0.0537521414
45232 316279.93 113.8413944075 34.0836383728 3776648.701166 762288.5132115 56.288991536 0.1682608279 0.8522430377 96.5922904269 11.4177496646 -1.3611818731 0.0127278336
45233 316280.02 113.8414055551 34.0836372844 3776648.609017 762289.5459232 56.2915781708 0.1010427791 0.8242192302 96.454026822 11.4689764518 -1.3335982227 0.042766419
45234 316280.11 113.8414167584 34.0836362235 3776648.520049 762290.5836866 56.2930340907 0.0128393433 0.8527604882 96.3134210862 11.5200406615 -1.3126144435 -0.0167916998
45235 316280.2 113.8414280153 34.083635179 3776648.433045 762291.6263564 56.2898634747 0.063017393 0.877115389 96.167576264 11.5708047716 -1.2885473098 -0.0637952304
45236 316280.29 113.8414393221 34.083634153 3776648.348225 762292.6735675 56.2859272631 0.1555326649 0.859841514 96.0202138645 11.6212305444 -1.2696726751 -0.0255349416
45237 316280.38 113.8414506777 34.0836331495 3776648.266025 762293.7252249002 56.2854554672 0.1662773518 0.8287727547 95.863485514 11.6759077341 -1.2353930264 0.0097889826
45238 316280.47 113.8414620824 34.0836321701 3776648.186626 762294.7813328 56.2864341773 0.0934234259 0.8302737869 95.7132947846 11.7214008036 -1.2117870856 0.0040291557
45239 316280.56 113.8414735375 34.0836312078 3776648.109252 762295.8420481 56.2866719905 0.0032881322 0.7955668039 95.5544138642 11.7767873938 -1.1810490235 -0.0191848749
45240 316280.65 113.8414850417 34.0836302699 3776648.034711 762296.9072156 56.2849257942 -0.0561246558 0.7777892639 95.4017145241 11.8257387095 -1.157464035 -0.0328912575
45241 316280.74 113.8414965916 34.0836293503 3776647.9623260014 762297.9765505998 56.2822192507 -0.0305865672 0.7908447105 95.2383329325 11.8717417629 -1.134871038 -0.0257641828
45242 316280.83 113.8415081891 34.0836284532 3776647.892553 762299.0502111998 56.2778159669 0.0426982822 0.7839329487 95.0845546547 11.9237612376 -1.109891793 -0.0448529164
45243 316280.92 113.8415198245 34.083627579 3776647.825425 762300.127307 56.2748235455 0.087669092 0.7810218737 94.9251374461 11.9550065293 -1.0732560957 -0.0040549503
45244 316281.01 113.8415315005 34.083626728 3776647.760973002 762301.2080747 56.2752931323 -0.0430004176 0.8448935121 94.7823201966 11.9997317879 -1.0538371707 0.0028124271
45245 316281.1 113.8415432153 34.0836258991 3776647.699067 762302.2923559 56.2734274715 0.0136823849 0.8706013569 94.6307087868 12.0451860435 -1.0202258675 -0.0213788857
45246 316281.19 113.8415549696 34.0836250941 3776647.639929 762303.3802107 56.2690989077 0.151452398 0.8682102814 94.4899398586 12.0812703917 -0.994755149 -0.0281856278
45247 316281.28 113.8415667616 34.0836243105 3776647.583257 762304.4714763 56.2661137665 0.2198413162 0.8974610399 94.3409752703 12.1126090012 -0.9674602393 -0.0027328373
45248 316281.37 113.8415785865 34.0836235503 3776647.529254 762305.5657181998 56.2677012309 0.2211116714 0.8525965974 94.2027232634 12.1489971726 -0.9346655586 0.0290600234
45249 316281.46 113.8415904498 34.0836228162 3776647.478265 762306.6634130002 56.2688770061 0.2991000331 0.843677824 94.0726559121 12.184779695 -0.9026246316 -0.0034440893
45250 316281.55 113.8416023464 34.0836221028 3776647.429646 762307.7641301998 56.2698600106 0.2864442229 0.8143304329 93.9534115192 12.2141273478 -0.8784063565 0.0304192557
45251 316281.64 113.8416142728 34.0836214094 3776647.383331 762308.8675345002 56.2739738468 0.1850932605 0.7487210881 93.8300820151 12.2466158668 -0.8495380341 0.0415249682
45252 316281.73 113.8416262344 34.0836207366 3776647.339392 762309.9741188 56.2760808244 0.1161949893 0.7680511761 93.7104220962 12.2893837411 -0.8389002341 0.0160426241
45253 316281.8 113.8416355607 34.0836202228 3776647.306317 762310.8368802 56.2743245456 0.232837947 0.7321414026 93.6135740914 12.309649268 -0.8219952136 -0.0223630935
45254 316281.89 113.84164758 34.0836195818 3776647.266058998 762311.9486984 56.2735909047 0.2589923782 0.7349009132 93.4907254616 12.3452769329 -0.79256719 0.0083261098
45255 316281.98 113.8416596313 34.0836189577 3776647.227752 762313.0634226 56.2761108233 0.215758378 0.7404792806 93.3655265951 12.376384138 -0.7747562277 0.0405864776
45256 316282.07 113.8416717126 34.0836183591 3776647.192354 762314.1808307 56.2792623611 0.1236239541 0.7024316635 93.2373448082 12.4080488796 -0.7347245339 0.0355990415
45257 316282.16 113.8416838284 34.0836177883 3776647.160129 762315.3013465 56.2802355187 0.0299952504 0.7482943835 93.1186116206 12.4473411527 -0.7178801385 0.0044103588
45258 316282.25 113.8416959794 34.083617235 3776647.129933 762316.4250524 56.2782144258 -0.0039196896 0.7132227785 92.9977181414 12.4814729766 -0.6877341086 -0.0078565555
45259 316282.33 113.841706812 34.0836167608 3776647.105137 762317.4267846 56.2755336277 -0.0493799215 0.7438567694 92.8929664919 12.5216795669 -0.6705816002 -0.0441970274
45260 316282.41 113.8417176725 34.0836163 3776647.081891 762318.4310406002 56.27103882 -0.0624520387 0.7286396222 92.7846965353 12.5451429498 -0.6438478035 -0.0551619449
45261 316282.49 113.8417285602 34.083615856 3776647.060589 762319.4377593 56.2668718686 -0.0606094088 0.7474687081 92.6829578518 12.5856953925 -0.6285053006 -0.0411473049
45262 316282.57 113.8417394743 34.0836154231 3776647.0405769986 762320.4468832 56.2632876448 -0.0608224915 0.7561198868 92.567162557 12.6140186256 -0.6060138976 -0.0377734807
45263 316282.65 113.8417504154 34.0836150087 3776647.022693 762321.4584481998 56.2592572598 -0.0449753079 0.7635148059 92.463550888 12.6477908081 -0.593964626 -0.0331751034
45264 316282.73 113.841761381 34.0836146084 3776647.006441 762322.4722311 56.2564966166 0.0025808767 0.7503788728 92.3434981444 12.6694678549 -0.5637493791 -0.0226395829
45265 316282.81 113.841772374 34.0836142301 3776646.992688 762323.4884735 56.2531635286 0.0150358243 0.7825609044 92.2394923982 12.700800275 -0.535006386 -0.0418764982
45266 316282.89 113.8417833903 34.0836138655 3776646.980525 762324.5068229998 56.2519088257 -0.0176012206 0.7457721573 92.11525259 12.7327751771 -0.5164515966 0.0053736906
45267 316282.9 113.8417847688 34.0836138211 3776646.979145 762324.6342464002 56.2517746286 -0.0545254168 0.7348370817 92.0966879139 12.7326742085 -0.5128300686 -0.0021366629
45268 316282.98 113.8417958127 34.0836134813 3776646.969793 762325.6550721 56.2501534987 -0.0951102443 0.7345389938 91.9834282754 12.7695183093 -0.4836386896 -0.0135057674
45269 316283.06 113.8418068839 34.0836131577 3776646.962319 762326.6783609998 56.2466858709 -0.1370322848 0.761198134 91.8594433866 12.7905250234 -0.4529222679 -0.0572854033
45270 316283.14 113.8418179894 34.0836128494 3776646.956635 762327.7047746 56.2421340654 -0.2360598396 0.7941577936 91.7225068321 12.8230900106 -0.4345479519 -0.0477484591
45271 316283.22 113.841829119 34.0836125601 3776646.953119002 762328.7333559 56.2366126757 -0.2525458584 0.8217915605 91.5779951528 12.8478825779 -0.4015297962 -0.0867004912
45272 316283.3 113.8418402757 34.0836122919 3776646.952015 762329.7643724 56.2286170144 -0.3064931576 0.8977059649 91.4342603266 12.8866082855 -0.374162647 -0.1471161249
45273 316283.38 113.8418514585 34.0836120476 3776646.953633 762330.7977220998 56.2186480192 -0.1023911032 0.8932170892 91.2989041776 12.9163339135 -0.3365273583 -0.0891596144
45274 316283.46 113.8418626532 34.08361183 3776646.958237 762331.832098 56.2126867045 -0.1213039284 0.8657434267 91.1550644612 12.9200796246 -0.293635297 -0.0424725985
45275 316283.54 113.8418738584 34.0836116379 3776646.965703 762332.8673545 56.2111773025 -0.1768392109 0.8919212952 90.993473157 12.9278914027 -0.269001663 -0.028061115
45276 316283.62 113.8418850743 34.0836114661 3776646.975447 762333.9035392 56.208152188 -0.1747882487 0.9031723954 90.8118656379 12.9455558534 -0.232436957 -0.0457094884
45277 316283.7 113.8418962886 34.083611323 3776646.988368 762334.9394948 56.2027104488 -0.0499234005 0.9275542805 90.6337273225 12.9273755542 -0.198543094 -0.0730935051
45278 316283.78 113.8419075003 34.0836112075 3776647.004353 762335.9751205 56.1993019208 -0.1046693465 0.9450605879 90.4471172014 12.9272468679 -0.1517185662 -0.0152792769
45279 316283.86 113.8419186985 34.083611124 3776647.0238519986 762337.0093974 56.1977314986 -0.1049434395 0.9500445204 90.2731811533 12.9135282201 -0.1147074587 0.0086204435
45280 316283.89 113.8419228939 34.0836110993 3776647.031888 762337.3968636 56.1972045023 -0.1531403819 0.9614061304 90.2066076493 12.9013657481 -0.1022317143 -0.0190118724
45281 316283.97 113.8419340774 34.0836110565 3776647.055865 762338.4296635998 56.1959220814 -0.2278749302 0.9486078792 90.0244755893 12.8980261258 -0.0508972503 -0.0038131355
45282 316284.05 113.8419452497 34.0836110448 3776647.08327 762339.4613298002 56.1934983097 -0.3054812668 0.9654132038 89.8558721535 12.8807505573 -0.0140182175 -0.0372626986
45283 316284.13 113.8419564162 34.0836110656 3776647.114261 762340.4923564 56.1885825452 -0.2548320945 0.9386979939 89.6854440999 12.8676492574 0.0391994603 -0.0710774091
45284 316284.21 113.841967568 34.0836111161 3776647.1485129986 762341.5219417 56.1824184749 -0.1532565574 0.9244230806 89.5334195971 12.8511974019 0.0636769586 -0.057714384
45285 316284.29 113.8419787009 34.0836111902 3776647.185333 762342.5497002 56.1781497523 -0.092315409 0.8799261986 89.389561739 12.8238314802 0.1070942323 -0.0314708461
45286 316284.37 113.8419898151 34.0836112907 3776647.225042 762343.5756585 56.1768695358 -0.1197209221 0.9103722485 89.270219138 12.8068464126 0.1327304959 -0.0049778928
45287 316284.45 113.8420009119 34.083611405 3776647.266224 762344.5999633998 56.1760524483 -0.089175429 0.8931287751 89.1348746689 12.7904322944 0.1539755097 -0.0015706971
45288 316284.53 113.8420119882 34.0836115411 3776647.309792 762345.6223067 56.1745537594 0.0090896965 0.9157496624 89.0140887303 12.7642040838 0.1827206288 -0.0084674841
45289 316284.61 113.8420230493 34.0836116931 3776647.355074 762346.6431989 56.1737616677 0.0185878253 0.8939989822 88.8888497093 12.7438184947 0.2068335844 0.0082466813
45290 316284.69 113.8420340928 34.0836118732 3776647.403432 762347.6623874 56.1742526563 0.013404538 0.8247587931 88.8071205401 12.722325382 0.2521345624 0.0166401441
45291 316284.77 113.8420451216 34.0836120691 3776647.453503 762348.6801563002 56.1753280312 -0.0474779138 0.8170714601 88.7462338588 12.7096373183 0.2581863009 0.0314648048
45292 316284.85 113.8420561331 34.0836122718 3776647.504281 762349.6963165 56.1765346713 -0.2015975786 0.7785371081 88.6869562856 12.6867227624 0.2716719871 0.0307996213
45293 316284.93 113.8420671327 34.0836124834 3776647.556023 762350.7113401 56.1757435398 -0.3042288207 0.8030159012 88.6323293782 12.677217632 0.2731789257 -0.0311578779
45294 316284.96 113.8420712547 34.0836125622 3776647.575353 762351.0917214 56.1745324703 -0.2916807236 0.8220321235 88.604772374 12.6742802651 0.2718174779 -0.0396659007
45295 316285.04 113.8420822394 34.0836127792 3776647.627661 762352.1053558 56.1682862369 -0.1551537531 0.856918442 88.5438593945 12.660285496 0.2922657047 -0.0813676679
45296 316285.12 113.842093201 34.083613013 3776647.681761 762353.1168056 56.1622011969 -0.0282472678 0.9080360216 88.484164177 12.6406248298 0.3075261194 -0.035293604
45297 316285.2 113.8421041481 34.0836132553 3776647.736781 762354.1269 56.1603684081 -0.071587715 0.9533475378 88.4080974136 12.6233185726 0.3281953602 0.0141079727
45298 316285.28 113.8421150801 34.0836135086 3776647.792965 762355.1355506 56.1617187737 -0.2349101405 0.9974489203 88.3193466672 12.6067528211 0.3366983349 0.005543025
45299 316285.36 113.8421260025 34.0836137744 3776647.850526 762356.1432882 56.1600319566 -0.1839591922 1.0077053654 88.2075399776 12.6032306751 0.367821373 -0.048314216
45300 316285.44 113.8421369146 34.0836140604 3776647.910301 762357.1500125 56.1554570869 -0.0588128098 1.0398048122 88.0979477928 12.5910036918 0.3851513894 -0.0545641024
45301 316285.52 113.8421478103 34.0836143625 3776647.971819 762358.1551648001 56.151886737 0.049537748 1.0026750382 87.9742547963 12.5620979935 0.4150813265 -0.0115809479
45302 316285.6 113.8421586911 34.0836146912 3776648.036243 762359.1588653001 56.1522149062 0.0115120622 1.0111111471 87.8556739432 12.5470235926 0.4471882268 0.0348336353
45303 316285.68 113.8421695585 34.0836150326 3776648.102049 762360.1612834 56.1549301995 -0.1622740187 1.0109123273 87.7146596774 12.5342930993 0.4676897788 0.0443788451
45304 316285.76 113.842180416 34.0836153974 3776648.170427 762361.1627219 56.1548764622 -0.2223319438 0.9779389562 87.5845043367 12.5241603029 0.5054406493 -0.0264197341
45305 316285.84 113.8421912681 34.0836157825 3776648.241043 762362.1635931998 56.1506058304 -0.1439723781 1.0010658164 87.4443618148 12.5177913479 0.5252041057 -0.0669217636
45306 316285.92 113.8422021114 34.0836161888 3776648.313993 762363.1635875 56.1451313272 0.0301660235 1.0048532087 87.3087157308 12.5096350584 0.5610896116 -0.062602865
45307 316286.0 113.8422129424 34.083616615 3776648.3891199986 762364.1623919002 56.1423784634 0.1324761131 0.9805688111 87.1720937092 12.493362723 0.585439329 -0.0144246877
45308 316286.02 113.8422156483 34.0836167244 3776648.408214 762364.4119126998 56.1423812788 0.1623545966 0.975730226 87.1364935422 12.488812672 0.5904615714 0.0131875538
45309 316286.11 113.842227809 34.0836172311 3776648.49568 762365.5332465002 56.1456582174 0.1146090855 0.9210758197 86.9780200513 12.4688597591 0.6406874773 0.0544383741
45310 316286.2 113.8422399591 34.0836177611 3776648.585723 762366.6535206998 56.1497997902 -0.0071181212 0.9201241632 86.8144552927 12.4613133172 0.6673868674 0.0394189116
45311 316286.29 113.8422521007 34.0836183194 3776648.678868 762367.7729322 56.1513666483 -0.0762070411 0.8987548635 86.6579461369 12.4492375739 0.7066524039 -0.0127171343
45312 316286.38 113.8422642385 34.0836189028 3776648.774794 762368.8919148 56.1494099367 -0.0116008535 0.8838164893 86.491740791 12.4495712924 0.7295735502 -0.0303972061
45313 316286.47 113.8422763672 34.083619516 3776648.874013 762370.0099639 56.1464895876 0.1714266856 0.8300961385 86.3257581281 12.4416081648 0.7722931713 -0.015584003
45314 316286.56 113.8422884857 34.083620159 3776648.976503 762371.1269804 56.1469065594 0.2257086535 0.8569790951 86.1558223959 12.4252229754 0.8047213726 0.0382642794
45315 316286.65 113.8423005916 34.0836208286 3776649.0819129986 762372.2427451 56.1518322406 0.1281724259 0.8172769736 85.9869976774 12.4082669474 0.8422595617 0.0788129876
45316 316286.74 113.8423126897 34.083621531 3776649.190942 762373.3576939 56.1564546879 0.0445841489 0.8418746668 85.829688739 12.408354078 0.876697898 0.0333390476
45317 316286.83 113.8423247809 34.0836222607 3776649.302986 762374.4719237 56.1570178512 0.1130875913 0.7934560524 85.6634448774 12.3984147668 0.9162645715 -0.0017720232
45318 316286.92 113.8423368654 34.0836230188 3776649.418169 762375.5854382 56.1566927834 0.2064302222 0.7731315129 85.5051643014 12.3893545272 0.9441143567 0.0152815214
45319 316286.94 113.8423395494 34.0836231912 3776649.444192 762375.8327455 56.1572048068 0.190033086 0.7502499352 85.4671521127 12.3917259725 0.9557666814 0.0393800604
45320 316287.03 113.8423516208 34.0836239873 3776649.563553 762376.9449353 56.1600896735 0.1581974639 0.7819148446 85.3259199806 12.3806869487 0.9887469556 0.0670109329
45321 316287.12 113.8423636896 34.0836248036 3776649.685157 762378.0568306 56.1642342722 0.0481653689 0.7174484822 85.1595134136 12.3732001267 1.0195130347 0.0422863469
45322 316287.21 113.8423757515 34.0836256531 3776649.810421 762379.1679801998 56.1662285784 0.0533062747 0.7248481615 85.0086169305 12.3675111427 1.0564745406 0.0253932167
45323 316287.3 113.8423878054 34.0836265249 3776649.938131 762380.2783239002 56.1667888183 0.0335988272 0.6943629414 84.8530359678 12.355502897 1.0888191939 0.0027979596
45324 316287.39 113.8423998472 34.0836274276 3776650.0692550014 762381.3874565 56.1676922394 -0.0556317277 0.7221173947 84.7124698458 12.34469459 1.1182986763 0.033844683
45325 316287.48 113.8424118719 34.0836283463 3776650.2021 762382.494953 56.1688844971 -0.143760627 0.7011042813 84.5570174738 12.3235841854 1.1436341457 0.0050820838
45326 316287.57 113.8424238774 34.0836292949 3776650.338224 762383.6005898 56.1667359564 -0.0599841562 0.7311421989 84.4153008061 12.302446729 1.1766366753 -0.0348518564
45327 316287.66 113.8424358583 34.0836302604 3776650.476144002 762384.7039044001 56.1634249426 0.1042145699 0.7225087836 84.2640198581 12.2707010576 1.2018722012 -0.0202549994
45328 316287.75 113.8424478148 34.083631258 3776650.617576 762385.8048713 56.1634169817 0.2185449184 0.6732126749 84.1234752968 12.2499617037 1.2457040306 0.0347759272
45329 316287.84 113.8424597434 34.083632278 3776650.761422 762386.9031863002 56.1675436357 0.3121816294 0.6606334124 83.9823011704 12.2206706056 1.2631375409 0.0641365448
45330 316287.93 113.8424716442 34.0836333247 3776650.908158 762387.9988515 56.1732500642 0.3573496319 0.6104103678 83.851964606 12.1975625839 1.30039644 0.0866260239
45331 316288.02 113.8424835146 34.0836343876 3776651.056617 762389.0916576 56.1821498592 0.1939294323 0.5922897703 83.7067835104 12.1585759729 1.3145979748 0.1259385039
45332 316288.11 113.8424953591 34.083635484 3776651.208729 762390.1819721998 56.1897138553 -0.0280861927 0.6261319584 83.5711063213 12.1355717275 1.351059777 0.0387780941
45333 316288.2 113.8425071833 34.0836365961 3776651.362517 762391.2703626 56.1908051949 -0.1168437856 0.6807152087 83.4156869519 12.1117550259 1.3675924254 -0.0141853242
45334 316288.29 113.8425189834 34.0836377349 3776651.519221 762392.3564493 56.1884010704 -0.1138770206 0.7208718712 83.2766471427 12.0881665666 1.40636176 -0.0324505614
45335 316288.38 113.8425307588 34.0836388973 3776651.678479 762393.440176 56.1855490133 -0.0803952424 0.7417407699 83.1390548933 12.0605877733 1.4307939513 -0.0190029551
45336 316288.47 113.8425425073 34.0836400872 3776651.840714 762394.5213363002 56.1847880734 -0.0617457889 0.7124758494 83.0111642564 12.0420691477 1.4655753021 0.0045146587
45337 316288.56 113.8425542295 34.0836412985 3776652.005253 762395.6000033001 56.1839743704 0.0063946934 0.7238730761 82.870568132 12.004506916 1.4873007737 0.0115711616
45338 316288.65 113.8425659233 34.0836425307 3776652.172049 762396.6759771998 56.1850511804 -0.0010734561 0.7044377702 82.7195761447 11.9775998184 1.5158781315 0.0154202251
45339 316288.74 113.8425775851 34.0836437853 3776652.341246 762397.7489376 56.1860667551 -0.0019653813 0.6808509331 82.5519386754 11.94117719 1.5452153 0.0249248714
45340 316288.83 113.8425892113 34.0836450646 3776652.513091 762398.818531 56.1865630811 0.01467225 0.7344340047 82.3860471096 11.9054972298 1.5727281841 0.0127218125
45341 316288.92 113.8426008017 34.0836463643 3776652.687108 762399.8847459 56.1883745538 -0.0388967731 0.725249921 82.2020809178 11.8634916767 1.6068047051 0.0423130368
45342 316288.94 113.8426033712 34.0836466571 3776652.726207 762400.1211114002 56.1887256019 -0.0660477949 0.7459390909 82.1660921424 11.8535696651 1.613172252 0.0232280207
45343 316289.03 113.8426149124 34.0836479919 3776652.9039879986 762401.182678 56.189750053 -0.0602968085 0.8014936475 81.9900483518 11.8118077835 1.6432578286 0.0039448552
45344 316289.12 113.842626417 34.083649337 3776653.08282 762402.2408424 56.1897913208 -0.026291834 0.7587934 81.800150869 11.7677216753 1.6768080802 0.0144682025
45345 316289.21 113.8426378686 34.083650714 3776653.265067 762403.2940095002 56.1895247577 -0.0338548523 0.7916041579 81.6203900409 11.7073508191 1.7115434043 0.0144267244
45346 316289.3 113.8426492642 34.0836521114 3776653.449422 762404.3419383002 56.1904483549 -0.1163712217 0.7954569857 81.4275250717 11.6448394944 1.7362199982 0.0155757445
45347 316289.39 113.8426605933 34.0836535375 3776653.636796 762405.3836464002 56.190953943 -0.0937902428 0.7814412092 81.2514007404 11.573998563 1.7758410309 0.0032897929
45348 316289.48 113.842671848 34.0836549795 3776653.825744998 762406.4184338 56.1896944502 0.0347407544 0.8031580915 81.066910706 11.4989488642 1.7812946513 0.0077419314
45349 316289.57 113.8426830141 34.0836564414 3776654.016667 762407.4449742 56.1911643371 0.0905683865 0.7554970001 80.8808314212 11.4002002657 1.8204191121 0.0602527277
45350 316289.66 113.8426940892 34.083657922 3776654.209439 762408.4630564002 56.1951063862 0.1003948721 0.8298027671 80.6931648826 11.3106399947 1.8291119414 0.0537862613
45351 316289.75 113.842705074 34.0836594157 3776654.403432 762409.4727539001 56.199558408 0.0835399687 0.7697381131 80.5030347931 11.2044535669 1.8574613573 0.0630018971
45352 316289.84 113.8427159653 34.0836609362 3776654.600157 762410.4737419002 56.2024555253 0.1330200378 0.7842683594 80.3219854192 11.1169977303 1.8787813005 0.0408259299
45353 316289.92 113.8427255795 34.0836622965 3776654.775824 762411.3573041 56.2055765614 0.0776438705 0.7718975602 80.139718503 11.0504835535 1.8951211469 0.0249432711
45354 316290.01 113.8427363351 34.0836638552 3776654.976438 762412.3456422 56.2091941116 0.079066619 0.7670183904 79.9597112163 10.9920845834 1.9367487379 0.0670748289
45355 316290.1 113.8427470299 34.0836654304 3776655.178733 762413.3283175002 56.2129695425 0.0803869842 0.7937888435 79.7656855145 10.9397187467 1.9558606645 0.0397099232
45356 316290.2 113.8427588444 34.0836672079 3776655.406351 762414.4137567 56.2154737962 0.1355415557 0.7877142399 79.558066491 10.8690678146 1.9901407956 0.0191058363
45357 316290.3 113.8427705884 34.0836690093 3776655.636447 762415.492611 56.21715046 0.1893594519 0.7542605624 79.3455692711 10.8010911971 2.0234052481 0.0126613749
45358 316290.4 113.8427822589 34.0836708421 3776655.869834 762416.5645787 56.221093189 0.1025286794 0.7673004503 79.1503325848 10.7326815851 2.0459700505 0.0527621541
45359 316290.5 113.8427938583 34.0836726965 3776656.105433 762417.6299226 56.2263026098 0.0547587556 0.6844452944 78.9721316363 10.6742816526 2.0761670845 0.0860473285
45360 316290.6 113.842805377 34.0836745782 3776656.343855 762418.6877261 56.2302161148 0.0611474492 0.6759432988 78.835347809 10.5991807512 2.091661662 0.0498974953
45361 316290.7 113.8428168167 34.0836764613 3776656.582231 762419.7382333 56.2326589869 0.0947674319 0.6431860569 78.701658629 10.5179142124 2.0915217068 0.040176962
45362 316290.8 113.8428281727 34.0836783556 3776656.821633 762420.7809703 56.2353208298 0.0401477587 0.6668300663 78.5709567064 10.4400635573 2.1071052609 0.0415191726
45363 316290.9 113.8428394474 34.0836802474 3776657.060559 762421.8162121 56.2381284703 -0.0079526566 0.7456286688 78.4205407445 10.3650064915 2.0976159464 0.0479867433
45364 316290.98 113.8428484075 34.08368177 3776657.252548 762422.6388746 56.2405100334 -0.0977599882 0.7151591952 78.2976841365 10.3004797262 2.1255136733 0.042447531
45365 316291.08 113.8428595261 34.0836836913 3776657.494343 762423.659608 56.242210024 -0.1676156583 0.8164845955 78.1460091628 10.2288322547 2.1280539622 0.0213036645
45366 316291.18 113.8428705584 34.0836856212 3776657.736861 762424.6723499 56.2415651484 -0.1274901769 0.8176426262 77.9763124385 10.147310883 2.1514735499 0.0023055155
45367 316291.28 113.8428814943 34.0836875702 3776657.98126 762425.6761290998 56.2396952929 -0.1416819816 0.8187530379 77.8240796024 10.0496310958 2.1627297094 -0.0064244875
45368 316291.38 113.8428923351 34.083689527 3776658.226277 762426.6711071 56.2393344259 -0.1068311346 0.7669928948 77.660503548 9.9663452251 2.1713288625 0.0141632056
45369 316291.48 113.8429030751 34.0836914964 3776658.472436 762427.656738 56.2390226051 -0.0373973716 0.6828954566 77.514056464 9.8720675576 2.189907153 -0.007968439
45370 316291.58 113.8429137164 34.0836934727 3776658.719098 762428.6332348002 56.2389079928 0.0210783747 0.6540633872 77.379253001 9.7821822011 2.1895866994 0.0181213352
45371 316291.69 113.8429253077 34.0836956504 3776658.990563 762429.6968208002 56.2418726068 -0.0405208541 0.6091589271 77.2310399884 9.6806131184 2.1911717034 0.0470633265
45372 316291.8 113.8429367806 34.083697828 3776659.2617089986 762430.7494851998 56.2447450198 -0.0925031478 0.6051599809 77.0672657852 9.5825285305 2.1926186944 0.0346744839
45373 316291.91 113.8429481352 34.0837000089 3776659.532917 762431.7912114002 56.2474767696 -0.1004187415 0.5901201624 76.9049935016 9.4861029148 2.2011501016 0.0259567353
45374 316292.02 113.8429593718 34.0837021962 3776659.80453 762432.8220214002 56.2465577265 -0.1061205951 0.6440942899 76.7459268131 9.3880273341 2.2012802034 0.0010868342
45375 316292.13 113.8429704702 34.0837043794 3776660.075333 762433.8400890002 56.2480060039 -0.2048116823 0.6385027288 76.5991187203 9.2758419669 2.2038838935 0.0379821916
45376 316292.14 113.8429714727 34.0837045779 3776660.099942 762433.9320367 56.2483734088 -0.2255580693 0.6287889251 76.5852620984 9.2647678446 2.2042690564 0.0431003212
45377 316292.25 113.8429824363 34.0837067696 3776660.371348 762434.9376285998 56.2506173579 -0.3245834193 0.6097766313 76.4652226804 9.1721392994 2.2157565191 0.0118103429
45378 316292.36 113.8429932979 34.0837089596 3776660.64229 762435.9338076 56.2470327644 -0.1444412707 0.6376533264 76.3624329027 9.0967299273 2.2112845182 -0.0388810669
45379 316292.47 113.8430040682 34.0837111419 3776660.912153 762436.9215744 56.2425303245 0.0149499376 0.6874982293 76.2308047111 9.0157283727 2.2090959827 -0.0239054969
45380 316292.58 113.8430147471 34.0837133202 3776661.181341 762437.9009183 56.2443883466 -0.0130942222 0.7552628738 76.0777396989 8.9356161874 2.2032004423 0.0493943875
45381 316292.69 113.8430253292 34.0837155098 3776661.451524 762438.8712899 56.2481811987 -0.1412297084 0.7540320948 75.9179933366 8.8582145312 2.2207521566 0.023941021
45382 316292.81 113.8430367658 34.0837179134 3776661.747657 762439.9198944998 56.2496297341 -0.1169101147 0.7565299289 75.776629847 8.7639153399 2.2311448398 0.0131770198
45383 316292.93 113.8430480943 34.083720319 3776662.043741 762440.9585179 56.2476910725 -0.0121162041 0.7544642702 75.6385190867 8.6902127687 2.2230422029 -0.0098101426
45384 316293.05 113.8430593098 34.0837227255 3776662.339624 762441.9867034 56.2479150053 0.1434310025 0.6974272416 75.4881891746 8.5921662673 2.2313452799 0.0282066973
45385 316293.17 113.8430704231 34.0837251275 3776662.6347550014 762443.0054639 56.2503745202 0.0781344104 0.7426599836 75.3387537908 8.5130568122 2.2188434137 0.0474029861
45386 316293.27 113.8430795986 34.0837271253 3776662.880048 762443.8465407 56.2537496314 -0.0313372451 0.7580815536 75.2152658546 8.4360568137 2.2197968751 0.0503109731
45387 316293.39 113.8430905015 34.0837295329 3776663.175249 762444.8458582 56.2569594933 -0.06561005 0.7632088049 75.0941447982 8.3465156934 2.2339382623 0.0236846518
45388 316293.51 113.8431012917 34.0837319332 3776663.469356 762445.834793 56.2569009988 0.0812092295 0.7583038997 74.9646570339 8.2591258716 2.2170917699 -0.0014175591
45389 316293.63 113.8431119688 34.0837343324 3776663.763048 762446.8132902 56.2547458168 0.2327809682 0.7674282164 74.8621855731 8.1700827046 2.2202045746 0.017421667
45390 316293.75 113.8431225164 34.0837367159 3776664.054667 762447.7798663 56.2603061395 0.1279696465 0.765519569 74.7717559777 8.0651494487 2.197952566 0.0888514015
45391 316293.88 113.8431337884 34.0837392829 3776664.368518 762448.8127754001 56.268693747 -0.0771483741 0.7606087295 74.7112850922 7.9464139102 2.1862675089 0.0592440351
45392 316294.01 113.8431448921 34.0837418156 3776664.67812 762449.8302511999 56.2704525273 -0.1037401695 0.7289152452 74.6926510594 7.8260871933 2.1536835647 0.017166344
45393 316294.14 113.843155812 34.0837443111 3776664.983135 762450.8308615 56.2695385926 -0.0119956009 0.6206344028 74.7644899874 7.6878243859 2.1235642036 0.010317265
45394 316294.27 113.8431665354 34.0837467446 3776665.280748 762451.8135223001 56.2683076747 0.0167649836 0.5622125132 74.9132000674 7.5443352781 2.051069402 0.0101695503
45395 316294.4 113.843177058 34.0837491034 3776665.569566 762452.7778791 56.2705423823 -0.0153425551 0.5214247641 75.0799771654 7.3974168541 1.9943808196 0.0513724727
45396 316294.54 113.843188153 34.0837515573 3776665.870405 762453.7947859 56.2733127466 -0.0307599273 0.5324217252 75.2419294812 7.2378233816 1.9200325894 0.0285492215
45397 316294.68 113.8431989981 34.0837539254 3776666.161078 762454.7888888002 56.2736100415 0.0775218483 0.5695702497 75.3782382499 7.0668157516 1.8571716981 0.0100265948
45398 316294.82 113.8432095816 34.083756215 3776666.4423730015 762455.7590762 56.2745054094 0.1269028067 0.595546295 75.4857846219 6.8929873635 1.7954183482 0.028947926
45399 316294.97 113.8432206146 34.0837585936 3776666.734704 762456.7704989 56.2789947148 0.0490263211 0.5993491097 75.5764477492 6.6962411899 1.7401615596 0.0503709301
45400 316295.12 113.8432313126 34.0837608755 3776667.01543 762457.751275 56.2835418191 -0.0391263477 0.6569720852 75.6056179815 6.4907380397 1.664380287 0.0388936561
45401 316295.28 113.8432423408 34.0837632362 3776667.305757 762458.7623055 56.2866667081 -0.0817907325 0.6684203385 75.543661377 6.2651827892 1.6276583601 0.0253478141
45402 316295.44 113.8432529811 34.0837655313 3776667.587804 762459.7377257 56.2871785574 -0.0566930886 0.7065585104 75.4201235184 6.034532624 1.5732906324 0.0195187658
45403 316295.61 113.8432638465 34.0837679003 3776667.878634 762460.7336962 56.2892644107 -0.0924714286 0.6660662755 75.2643835516 5.7891505488 1.5426049628 0.0253845714
45404 316295.79 113.8432748597 34.0837703316 3776668.176749 762461.7431279002 56.2888980731 -0.0531567275 0.6686943387 75.0976863522 5.529508688 1.4770334229 0.006936417
45405 316295.97 113.8432853464 34.0837726685 3776668.463046 762462.7042293 56.2920548786 -0.0492798258 0.7160003402 74.9205644316 5.2553704517 1.4302096402 0.0351627727
45406 316296.16 113.8432958524 34.0837750376 3776668.752969 762463.6670125 56.2920245482 -0.0061903658 0.747460001 74.7728831682 4.9674477537 1.3570648848 0.0045536098
45407 316296.37 113.8433067524 34.0837775163 3776669.056058 762464.6658391 56.2947471151 0.0623132785 0.7058109396 74.6204899805 4.6282612167 1.2839647441 0.0442343148
45408 316296.59 113.8433173486 34.0837799494 3776669.353303 762465.6367561999 56.298858339 0.0033823539 0.739823782 74.4878996587 4.2747964361 1.1918220109 0.0061388975
45409 316296.83 113.8433279217 34.0837823945 3776669.65183 762466.6055023002 56.3017571624 -0.0335264228 0.7505802925 74.3309324724 3.8708298948 1.1059367219 0.0391134634
45410 316297.1 113.8433386273 34.0837849176 3776669.959356 762467.5862514 56.3040856607 -0.0200027203 0.6926795583 74.1875386757 3.508270672 1.0046207508 -0.0035851736
45411 316297.33 113.8433471699 34.0837869208 3776670.2036129986 762468.3688656 56.3052201197 0.0096411028 0.7874457346 74.0199832037 3.3734080763 0.9705054769 0.0261447849
45412 316297.63 113.8433578475 34.0837894755 3776670.514571 762469.3469229002 56.3057525707 0.0989757552 0.7830954116 73.7918824355 3.2283269734 0.953408696 -0.0008283585
45413 316297.94 113.8433684404 34.0837920475 3776670.827228 762470.3171042 56.3059104169 0.106840075 0.8040091294 73.4955541074 3.1029841495 0.935189573 0.0085226506
45414 316298.26 113.8433789661 34.0837946546 3776671.143608 762471.280979 56.3088211706 0.0812054605 0.8013622435 73.1395351581 2.9728047281 0.9118348752 0.0242131695
45415 316298.59 113.8433895039 34.0837973164 3776671.466092 762472.24579 56.3085651016 0.3034327365 0.8192734988 72.8702929036 2.9980155498 0.9379287003 -0.0236135322
45416 316298.9 113.8433999101 34.0837999941 3776671.790003 762473.1984086 56.3063308326 0.4639859857 0.8307798387 72.6619991504 3.2246410343 1.0096803693 -0.0106057644
45417 316299.19 113.8434104352 34.083802715 3776672.11901 762474.1618747 56.3089714907 0.3518864159 0.848041038 72.5161260221 3.4891051864 1.1080531405 0.0293686092
45418 316299.46 113.8434210021 34.0838054911 3776672.4542519986 762475.1290223 56.3149902141 0.4624661716 0.6329584095 72.3393012574 3.754135225 1.206760932 0.0076027723
45419 316299.71 113.8434315554 34.0838082687 3776672.789619 762476.0949135 56.3068635659 0.6779404084 0.7555709575 72.146461258 4.0496072993 1.2952813187 -0.0132595417
