4776 308812.74 113.8442071373 34.0843272476 3776732.377972 762546.107054 56.7066180129 0.2584979962 0.9116826216 58.860662954 1.0999771933 0.6599425214 0.0013795854
4777 308813.47 113.8442164591 34.0843319797 3776732.927087 762546.9531867 56.7106894199 0.2554794224 0.9176642496 58.7757146959 1.3629655783 0.8238756164 -0.0141967649
4778 308813.98 113.8442257921 34.0843367148 3776733.476572 762547.8003343 56.7108174004 0.5547362255 0.8669161329 58.7647916851 2.0693162222 1.2591433884 -0.006138289
4779 308814.35 113.8442352871 34.0843415112 3776734.033279 762548.6622599 56.7143421723 0.4861816871 0.8220518386 58.7236888399 2.6666198662 1.6225594704 -0.0011221149
4780 308814.65 113.8442447106 34.0843462892 3776734.587742 762549.5176354 56.7134424113 0.5260711717 0.7944123993 58.6654554178 3.1339084172 1.9024829063 0.019499829
4781 308814.91 113.8442540424 34.084351012 3776735.135862998 762550.3647224 56.7141888794 0.5723067192 0.8140096842 58.5573643608 3.4809057251 2.1369273055 -0.015814847
4782 308815.15 113.8442635056 34.0843558492 3776735.697012 762551.2235777 56.7151810611 0.5745055006 0.6920618164 58.4181047771 3.7983289054 2.3414490797 -0.018444588
4783 308815.37 113.8442729012 34.0843606506 3776736.254008 762552.0763116998 56.7163979467 0.6047828597 0.7092164385 58.310507088 4.0897001559 2.5101176749 0.0034165093
4784 308815.58 113.8442825105 34.0843655884 3776736.826701 762552.9483507 56.7190003125 0.5999362429 0.7085193097 58.2253148073 4.362219883 2.6986023142 -0.0008764761
4785 308815.77 113.8442917346 34.0843703473 3776737.37854 762553.7853757 56.7226924412 0.613683579 0.6282691606 58.1403150064 4.6079434183 2.8559002001 -0.0011308784
4786 308815.96 113.8443014355 34.0843753623 3776737.960031 762554.6656399 56.723613698 0.731478872 0.6647114025 58.0711764389 4.8234760882 3.0013893066 -0.0045733549
4787 308816.0 113.8443035367 34.0843764486 3776738.085989 762554.8562989 56.7245723959 0.7423085259 0.6484655358 58.0551560826 4.8738404848 3.0309795699 0.0253842864
4788 308816.18 113.8443132425 34.0843814805 3776738.669361 762555.7369563002 56.729329559 0.7089036834 0.6744126057 57.9842977334 5.0858403126 3.17988015 0.0190349429
4789 308816.35 113.8443227892 34.0843864533 3776739.245777 762556.6031072 56.7352988422 0.4723786199 0.6575111347 57.9284899854 5.2838357995 3.3056768213 0.0361580687
4790 308816.51 113.8443321145 34.0843913093 3776739.80865 762557.4491841998 56.7423700029 0.1868793878 0.7245820807 57.812079155 5.4743664231 3.4247826325 0.0231726843
4791 308816.67 113.8443417586 34.0843963556 3776740.393469 762558.3240974 56.7409085967 0.2347612771 0.7301568689 57.6648294139 5.6509595528 3.5783730279 -0.0683469323
4792 308816.82 113.8443510912 34.0844012842 3776740.96443 762559.1706167 56.7322560893 0.4208654633 0.7321460758 57.5204659889 5.8384249846 3.7091489167 -0.0395207504
4793 308816.97 113.8443607199 34.0844063898 3776741.555791 762560.0439335 56.7313168729 0.4468093692 0.666131621 57.3671404788 6.0015548456 3.8529831516 0.0336111172
4794 308817.11 113.8443699671 34.084411322 3776742.126928 762560.8825486 56.7341801049 0.3502077955 0.6652539694 57.2404866342 6.1754774323 3.970740632 -0.0117668764
4795 308817.25 113.844379472 34.084416406 3776742.715568 762561.7445003 56.7304190612 0.592396446 0.6842472179 57.1042492651 6.3411056021 4.0866525192 -0.0211000599
4796 308817.39 113.844389201 34.0844216545 3776743.32304 762562.6266346999 56.7298410311 0.6751423719 0.6635859922 56.9849841367 6.489138803 4.2230735692 -0.0150691473
4797 308817.49 113.8443962939 34.0844254935 3776743.76732 762563.2697125998 56.7308461508 0.6652124739 0.5931210698 56.8900090008 6.5964643148 4.2965549441 0.0376226387
4798 308817.62 113.8444056809 34.0844305913 3776744.357197 762564.12073 56.7390191508 0.5004107522 0.6260517465 56.7665832189 6.7281989852 4.3989356671 0.0725922303
4799 308817.75 113.8444152591 34.0844358142 3776744.9614410014 762564.9890138 56.7436852185 0.4523036852 0.6321579691 56.6443891035 6.8635918437 4.5066832229 -0.0258763376
4800 308817.88 113.8444250199 34.0844411651 3776745.580368 762565.873763 56.7398076039 0.5797695288 0.6128602308 56.5113515032 6.9881019133 4.6172749342 -0.0145918814
4801 308818.0 113.8444341806 34.0844462087 3776746.163638 762566.7040512 56.7433291823 0.4442241422 0.6449944723 56.3859395701 7.0964997325 4.7094825252 0.07516058
4802 308818.12 113.8444434826 34.084451348 3776746.7579 762567.5470918 56.749573567 0.3456062439 0.6758272728 56.2794285973 7.2012127947 4.7964693391 0.0227326783
4803 308818.24 113.8444529314 34.0844565933 3776747.364308 762568.4033623 56.7488416275 0.4777544512 0.6607057474 56.174304971 7.3284266656 4.9026204727 -0.0325370224
4804 308818.36 113.8444625271 34.0844619406 3776747.982397 762569.2728799 56.747698036 0.526541515 0.6515861197 56.046688877 7.4216648804 4.992734066 0.0189821704
4805 308818.48 113.8444722466 34.0844673835 3776748.611425 762570.1535324 56.7540336037 0.4720931316 0.6632722589 55.8980783025 7.5192360235 5.0800319282 0.0478638167
4806 308818.59 113.8444812623 34.0844724552 3776749.197448 762570.9703515002 56.7578285765 0.4660506594 0.6868987692 55.7522468457 7.6052329765 5.1596427607 -0.0004047359
4807 308818.7 113.8444903667 34.0844776057 3776749.792452 762571.7951112 56.7598998752 0.5386953516 0.7373860655 55.6108647976 7.6804349536 5.234182909 0.0197381893
4808 308818.73 113.8444928661 34.0844790233 3776749.956193 762572.0215176998 56.760973921 0.5344824006 0.7131687441 55.5668894809 7.6998125096 5.2535246968 0.030496527
4809 308818.84 113.8445020867 34.0844842788 3776750.5631449986 762572.8566776 56.7656841781 0.4455872106 0.6623573488 55.4164790839 7.7689702393 5.3495012997 0.0438697373
4810 308818.95 113.8445113913 34.0844896177 3776751.179557 762573.6993385 56.7712880736 0.2950903113 0.665805226 55.2824399568 7.8390954838 5.4212952138 0.05124886
4811 308819.06 113.8445207922 34.0844950307 3776751.804454 762574.5506649 56.7752212137 0.2104701706 0.6519211976 55.1490919796 7.9247075093 5.4986068879 0.0027539145
4812 308819.17 113.8445302766 34.0845005256 3776752.43864 762575.4094564 56.7721453691 0.3955727736 0.6430271912 55.0321213836 8.0003290435 5.5824221504 -0.0511470808
4813 308819.28 113.8445398534 34.0845060911 3776753.080906 762576.2765497 56.7710843543 0.5761552933 0.6055389461 54.8942133012 8.0720566984 5.6564938081 0.030389781
4814 308819.39 113.844549513 34.0845117363 3776753.732231 762577.1510417 56.7773900228 0.5266752151 0.6552147007 54.7735323919 8.1428504534 5.7391549403 0.0653748663
4815 308819.49 113.8445583735 34.0845169295 3776754.331344 762577.953155 56.7860170677 0.3900553347 0.6244890425 54.6590479316 8.2093476527 5.8007663088 0.0547738684
4816 308819.59 113.8445673011 34.0845221914 3776754.938241998 762578.7612378 56.789876638 0.3694902612 0.6525773334 54.5619262196 8.2755853679 5.8737144663 0.0024396532
4817 308819.69 113.8445763041 34.084527509 3776755.551521 762579.5761233001 56.7919191653 0.437664607 0.665143471 54.4601133915 8.3477524193 5.932745154 -0.0103042728
4818 308819.79 113.8445853728 34.0845328948 3776756.172542 762580.396852 56.7930268431 0.4613564237 0.5849724458 54.3564765621 8.3924266251 6.0180646193 0.0113173363
4819 308819.89 113.8445945115 34.0845383383 3776756.8001480014 762581.223875 56.798724235 0.3120167843 0.6387538027 54.2433976332 8.4701601167 6.07127193 0.0573564575
4820 308819.91 113.8445963495 34.0845394335 3776756.926413 762581.3902108001 56.799887321 0.2967987884 0.6469285354 54.2204340136 8.490417466 6.0867023308 0.0447892352
4821 308820.01 113.8446055745 34.0845449515 3776757.5625019986 762582.2249695 56.8028776795 0.2370554312 0.6358445349 54.1164827356 8.5417044757 6.1654133613 -0.0097792342
4822 308820.11 113.8446148628 34.0845505329 3776758.205794 762583.0653729 56.8024817482 0.2725686976 0.6706575167 54.0090042153 8.6078341625 6.2258491654 -0.016867364
4823 308820.21 113.8446242198 34.0845561753 3776758.856032 762583.9119373 56.802787195 0.3644158188 0.6486652306 53.8798998506 8.6666872869 6.3036866191 -0.0138453832
4824 308820.31 113.8446336284 34.0845618786 3776759.513153 762584.7630774998 56.803123842 0.5520079834 0.7126427975 53.7583579215 8.7185482916 6.3541571396 0.0202485292
4825 308820.41 113.8446430959 34.0845676382 3776760.176681 762585.6194801 56.80736834 0.6140007759 0.6891008077 53.6201621408 8.7635634145 6.4326308514 0.0494329492
4826 308820.51 113.8446526078 34.0845734643 3776760.8477 762586.4797763 56.8172544027 0.4765289894 0.7005302202 53.4878992669 8.802644724 6.4952078748 0.1200584182
4827 308820.61 113.8446621821 34.0845793467 3776761.525130002 762587.3456622 56.8269577129 0.2944762297 0.6909802736 53.3338347688 8.8628244989 6.5678872185 0.0783982864
4828 308820.71 113.8446718055 34.0845853011 3776762.210678 762588.2158617 56.8301124768 0.3174682213 0.7234664621 53.2036610815 8.9136518616 6.6493782615 -0.012075411
4829 308820.8 113.8446805186 34.0845907093 3776762.833268 762589.0036913 56.8289192459 0.4323476652 0.7005403811 53.0614052273 8.9541192457 6.7070182187 -0.0934494795
4830 308820.88 113.8446882975 34.0845955655 3776763.392199 762589.7069641999 56.8289123708 0.4450835975 0.7022284466 52.9339937554 8.9981721645 6.7611160697 0.036955914
4831 308820.97 113.8446970824 34.0846010704 3776764.025706 762590.5011252 56.836080607 0.243968428 0.7090209389 52.7758580718 9.02960587 6.8185907825 0.0981873547
4832 308821.06 113.8447059072 34.0846066342 3776764.665847 762591.2987817 56.8424542621 -0.0035044747 0.7470619182 52.6267924682 9.071220547 6.899569664 -0.0029535296
4833 308821.15 113.8447147767 34.0846122559 3776765.312538 762592.1003948002 56.8376124688 0.1691957281 0.7121723638 52.4791342566 9.1155282637 6.9619831452 -0.0812033738
4834 308821.24 113.844723675 34.0846179342 3776765.965573 762592.9044916 56.8309330521 0.3928677734 0.6585607413 52.3298011081 9.1442903726 7.0343414728 -0.0323327746
4835 308821.33 113.8447326024 34.0846236614 3776766.624124 762593.7111271998 56.8333897078 0.3376181557 0.6194199256 52.1681713085 9.1717097868 7.0908148674 0.0785035626
4836 308821.42 113.8447415581 34.0846294375 3776767.288167 762594.5202207 56.8400356863 0.1328126365 0.6211057602 52.0021530767 9.1955701797 7.1531548888 0.0490849415
4837 308821.51 113.8447505436 34.0846352661 3776767.958108 762595.3318965 56.8416953878 0.2096240486 0.666229602 51.8383987468 9.2375610692 7.2139430803 -0.005843497
4838 308821.6 113.84475956 34.0846411417 3776768.633348 762596.1462851998 56.8384906445 0.4452084198 0.677181931 51.6660452079 9.2590342604 7.2747007809 -0.0258255907
4839 308821.69 113.8447685941 34.084647068 3776769.314257 762596.9621542 56.8391475258 0.4645052689 0.738545699 51.5033654082 9.2740807278 7.3282549905 0.0509762271
4840 308821.75 113.8447746319 34.0846510417 3776769.770782 762597.5073885 56.8438579533 0.3645993318 0.7866507344 51.3890707672 9.2965433549 7.3650336208 0.1036639581
4841 308821.84 113.8447837006 34.0846570474 3776770.460597 762598.3262050998 56.8502773847 0.202405191 0.7744792186 51.2341393969 9.3080543452 7.4384778179 0.0512125542
4842 308821.93 113.8447927874 34.0846631007 3776771.155737 762599.1465505002 56.8530857423 0.1072172655 0.7945967799 51.0851916269 9.3317727913 7.4853440127 0.0105046478
4843 308822.02 113.8448018933 34.0846691998 3776771.856008 762599.9685141 56.8510529632 0.2057790451 0.7638842497 50.9348472806 9.3460098689 7.5510858451 -0.0457678383
4844 308822.11 113.8448110098 34.0846753431 3776772.5612160014 762600.7913117 56.8482608935 0.3039692614 0.7060832733 50.7870206442 9.3555408538 7.5932646454 -0.0099710822
4845 308822.2 113.8448201328 34.0846815278 3776773.2710339986 762601.6145953 56.850825944 0.2345232387 0.6737555101 50.6422291884 9.3622488979 7.6519149725 0.0655786754
4846 308822.29 113.8448292667 34.0846877483 3776773.984856 762602.4387697 56.8558276277 0.1436331948 0.6491564603 50.4980701135 9.3734360678 7.6871235815 0.0339702496
4847 308822.38 113.844838408 34.0846940041 3776774.702615 762603.2635089002 56.8566079214 0.2511576765 0.6638632189 50.3586780731 9.3755671457 7.7281734824 -0.0161862853
4848 308822.47 113.8448475435 34.0847002817 3776775.422777 762604.0876607 56.8563773902 0.4282957444 0.6746284647 50.2020388261 9.3666595328 7.748749274 0.0119987576
4849 308822.55 113.8448556515 34.0847058814 3776776.065065 762604.8190193 56.8612771574 0.4180103561 0.7139842583 50.0451249015 9.3469419112 7.776677521 0.1083505126
4850 308822.64 113.8448647494 34.0847121976 3776776.789404 762605.6395750998 56.8706267858 0.2438567344 0.7920476653 49.8548697694 9.3151018851 7.7947609967 0.1053859552
4851 308822.73 113.8448738164 34.0847185318 3776777.515678 762606.4572145998 56.878408581 0.1198013022 0.7802150325 49.6664915538 9.281108494 7.8234406088 0.0596489682
4852 308822.82 113.8448828458 34.0847248907 3776778.244586 762607.2713155 56.8811614737 0.1560186105 0.8329346338 49.4901842489 9.2460620522 7.848675876 0.0097940557
4853 308822.91 113.8448918437 34.0847312607 3776778.974644 762608.0824643002 56.882702481 0.178995211 0.8354336354 49.3023423206 9.2078254336 7.8606751963 0.0189474172
4854 308823.0 113.8449007997 34.0847376493 3776779.706666 762608.8896933 56.8855741546 0.1117479039 0.8341820597 49.1247364507 9.1632895945 7.8838997069 0.0440020021
4855 308823.09 113.8449096981 34.0847440326 3776780.437949 762609.6916100002 56.8891578196 0.0980001906 0.8896436889 48.9378067243 9.1168947977 7.894454325 0.0270884521
4856 308823.18 113.8449185502 34.0847504168 3776781.16921 762610.4892600002 56.8900196738 0.2404637018 0.8991529772 48.7496388406 9.0771561911 7.8897302379 0.0002285873
4857 308823.27 113.8449273521 34.0847568122 3776781.901586 762611.2822356998 56.890999279 0.4353042455 0.8773328667 48.5592196396 9.0150060784 7.9109437088 0.0364434631
4858 308823.33 113.8449331882 34.0847610745 3776782.389618 762611.8079491998 56.8961152779 0.3554008595 0.9250825908 48.4287888894 8.9866363609 7.9033501697 0.1016395249
4859 308823.42 113.8449418999 34.0847674709 3776783.121868 762612.5925884 56.9063882707 0.1392380503 0.8738250147 48.2427332173 8.9221886329 7.9156606651 0.136927298
4860 308823.51 113.8449505463 34.0847738739 3776783.85469 762613.3711839 56.9150848864 -0.1389987702 0.861859502 48.0853628167 8.8661987675 7.9190486465 0.0693695765
4861 308823.6 113.8449591468 34.0847802734 3776784.587007 762614.1455507 56.9160535056 -0.2274351592 0.8283969942 47.9213481285 8.8140727068 7.911192194 -0.0606447715
4862 308823.69 113.8449676954 34.0847866764 3776785.319577 762614.9151102 56.9099572468 -0.1069493229 0.782647827 47.7668327609 8.7641663044 7.9133971226 -0.0810915199
4863 308823.78 113.8449761939 34.0847930691 3776786.050875 762615.6800758 56.9042965481 0.1362967236 0.7860205108 47.6042055977 8.7089361986 7.8932727759 -0.015544685
4864 308823.87 113.844984637 34.0847994527 3776786.781013 762616.4399557 56.9046314722 0.1619537837 0.7800476412 47.433775759 8.6466202525 7.8914037827 0.0464801899
4865 308823.96 113.8449930161 34.0848058276 3776787.510025 762617.1939547 56.910224543 -0.0163217869 0.7726503263 47.265934512 8.585141948 7.8710685094 0.096541066
4866 308824.05 113.8450013375 34.084812199 3776788.238504 762617.9426415 56.9153058212 -0.1752419621 0.7824479482 47.1006183119 8.5137943946 7.8690699564 0.0359291212
4867 308824.12 113.8450077787 34.0848171608 3776788.8057160014 762618.5220670998 56.9146211417 -0.1420545498 0.8006937247 46.9806826731 8.4689552079 7.8567045721 -0.0378992258
4868 308824.21 113.8450160087 34.0848235296 3776789.533669 762619.2623077 56.9104220588 -0.032761346 0.8123964106 46.8240439023 8.4096376521 7.8412525372 -0.0494733545
4869 308824.3 113.845024176 34.0848298828 3776790.259742 762619.9968176999 56.9074139828 0.0872306839 0.7604735937 46.6579864495 8.343203661 7.8223418419 -0.0363013417
4870 308824.39 113.8450322764 34.0848362273 3776790.984659 762620.7251781998 56.9081887845 0.0547883416 0.7385618092 46.5034046479 8.2742749321 7.8118465884 0.0294708703
4871 308824.48 113.8450403098 34.0848425552 3776791.707576999 762621.4473945 56.9125231765 0.0207251217 0.7043054378 46.3665588636 8.209747609 7.7890772457 0.0835781751
4872 308824.57 113.8450482824 34.0848488649 3776792.428306 762622.1640585 56.9167412966 -0.096641503 0.671048391 46.2380818187 8.1470147262 7.7606010779 0.0410333979
4873 308824.66 113.845056194 34.0848551536 3776793.146548 762622.8751571998 56.9174666218 -0.0917695641 0.6306239785 46.101661224 8.0819332284 7.7381815448 0.0083335258
4874 308824.75 113.8450640431 34.0848614186 3776793.862008 762623.5805480998 56.9154958846 0.0616816812 0.5758086808 45.9572240773 8.018626793 7.7095831743 -0.0330911157
4875 308824.85 113.8450726778 34.084868354 3776794.653889 762624.3564216999 56.914536329 0.1585106693 0.5472381322 45.8013774172 7.927331204 7.676846945 0.0051828469
4876 308824.95 113.8450812267 34.0848752534 3776795.441546 762625.1244746 56.9184869267 0.1195937194 0.5449988991 45.6468826021 7.8519916613 7.6310539359 0.0589585636
4877 308825.02 113.8450871621 34.0848800649 3776795.990773998 762625.6576547 56.9226376247 0.0998947236 0.5559200165 45.5442439707 7.8028869151 7.6145259213 0.0533187826
4878 308825.12 113.8450955713 34.0848869222 3776796.773398 762626.4129403002 56.9254213888 0.1519870817 0.6387908748 45.4031267481 7.7440303722 7.5818403214 0.0243970672
4879 308825.22 113.8451039163 34.0848937501 3776797.552604 762627.1623866 56.9283537045 0.0578387748 0.6614843191 45.2461867907 7.6746274524 7.5572261181 0.0625855535
4880 308825.32 113.8451121843 34.0849005543 3776798.328974 762627.9047993 56.9348560981 -0.2223928078 0.7518684568 45.0925478688 7.6136535173 7.5268886112 0.0612536993
4881 308825.42 113.8451203842 34.0849073371 3776799.102805 762628.6409854002 56.9357085638 -0.2399579237 0.8025024301 44.9423841167 7.5435445732 7.5099551667 -0.0289741976
4882 308825.52 113.8451285094 34.0849141001 3776799.874232 762629.3703373 56.9300035862 0.0005188585 0.8136558814 44.7966968015 7.4757355921 7.482949458 -0.055808605
4883 308825.62 113.8451365602 34.0849208376 3776800.642651 762630.092901 56.9270932199 0.1431514341 0.7715390657 44.6411844205 7.4000529341 7.4548681157 0.02150011
4884 308825.72 113.8451445294 34.0849275466 3776801.407685 762630.8080095 56.9329287093 0.0386109334 0.783803824 44.4897152243 7.3283203446 7.4165766149 0.0869654525
4885 308825.82 113.8451524308 34.0849342279 3776802.169479 762631.5169532 56.9382352754 -0.0119888565 0.7867090472 44.3349382671 7.2663301257 7.3927903442 0.0285158148
4886 308825.92 113.845160258 34.0849408836 3776802.92823 762632.2191196998 56.938762269 0.0186502534 0.8241126979 44.1964621067 7.196474659 7.3582410837 0.0083685935
4887 308825.95 113.8451625932 34.0849428733 3776803.155053 762632.428595 56.9389990764 0.0122824402 0.8429457324 44.1572902012 7.1847347815 7.3443561641 0.0148879639
4888 308826.05 113.8451703324 34.0849494865 3776803.908868 762633.122761 56.940488101 0.0691766844 0.8646585929 44.0364454178 7.110465091 7.3171706092 0.0183638612
4889 308826.15 113.845178002 34.0849560644 3776804.65859 762633.8106207 56.9425341329 0.1027398273 0.8932434186 43.9320663004 7.0449391568 7.2717465268 0.0242985235
4890 308826.25 113.8451856044 34.0849626016 3776805.403625 762634.4923949002 56.9453351162 0.1130822092 0.9027888883 43.8160620238 6.9820724968 7.2321563512 0.0466176956
4891 308826.35 113.845193133 34.0849691031 3776806.1445019986 762635.1674609 56.9498757478 0.0804981506 0.9307204738 43.7051864073 6.9171587935 7.1954168016 0.0368666911
4892 308826.46 113.8452013487 34.0849762255 3776806.956046 762635.9040604 56.9532193104 0.0772781537 0.9073224613 43.5774190979 6.8678070875 7.1678498025 0.0283404135
4893 308826.57 113.8452094969 34.0849833271 3776807.765123 762636.6344841998 56.9571733903 -0.0345934926 0.893729117 43.4508485423 6.8126482926 7.1514766484 0.0474574196
4894 308826.68 113.8452175774 34.0849904032 3776808.571182 762637.3587399 56.9606360737 -0.0687140468 0.8781851445 43.3314466171 6.7540567624 7.1192160283 0.0236643653
4895 308826.79 113.8452255917 34.0849974493 3776809.373751 762638.0769814998 56.9601214416 0.0817574247 0.9137692988 43.2090510667 6.6992638155 7.0889013 -0.0152861609
4896 308826.9 113.8452335388 34.085004461 3776810.172331 762638.7891175002 56.9595415359 0.2479531262 0.8615508146 43.0763981187 6.6366002748 7.056925532 0.0301078838
4897 308827.01 113.8452414094 34.0850114425 3776810.967353 762639.4942825 56.9645971078 0.1485059539 0.8891685372 42.9371948532 6.573854384 7.0219767842 0.0693581939
4898 308827.03 113.8452428336 34.0850127084 3776811.1115129986 762639.621874 56.9659411907 0.1138649733 0.8928248851 42.9114116022 6.5675424774 7.0177434452 0.0726063715
4899 308827.14 113.8452506127 34.0850196636 3776811.903378 762640.3186706 56.9731879635 -0.0907395586 0.8948126788 42.7675543285 6.5078474514 6.9912149835 0.0739693906
4900 308827.25 113.8452583254 34.0850266028 3776812.693305 762641.0093911998 56.9758696975 -0.1833698264 0.9135073114 42.6361754365 6.4540524746 6.9838377068 -0.0110824443
4901 308827.36 113.8452659918 34.0850335259 3776813.481336 762641.6958766999 56.9720480563 -0.0614872962 0.9159868508 42.5083869646 6.4252499603 6.9601059418 -0.0417453823
4902 308827.47 113.8452736036 34.0850404408 3776814.268304 762642.3773554 56.969532798 -0.0064625868 0.8565891768 42.3809393283 6.3700821475 6.9620520473 0.0053496087
4903 308827.58 113.84528117 34.0850473451 3776815.053978 762643.0546654002 56.9689735258 0.0761033307 0.8295028682 42.2524364731 6.3396712757 6.9397558063 0.0059521047
4904 308827.69 113.8452886939 34.0850542381 3776815.838293 762643.728093 56.9710917706 0.0842717517 0.7743750174 42.1232996822 6.2954860577 6.9428804911 0.0165804905
4905 308827.8 113.8452961699 34.0850611243 3776816.62173 762644.3971196 56.9732781556 0.0700272981 0.7775362799 42.005639467 6.267114012 6.9231961314 0.027550185
4906 308827.91 113.845303607 34.085067997 3776817.403573 762645.0625923 56.9747587564 0.1309484667 0.7275931199 41.8772222941 6.2284281628 6.9186390089 0.0180743497
4907 308828.02 113.8453109955 34.0850748614 3776818.184361 762645.7235968 56.9768706737 0.2386292404 0.731676746 41.7541179182 6.1953821155 6.9014870232 0.031890651
4908 308828.13 113.845318345 34.0850817003 3776818.962224 762646.381085 56.9799224827 0.3656508299 0.7525630952 41.6220597854 6.1585790604 6.8880871481 0.0497986033
4909 308828.17 113.8453210041 34.0850841851 3776819.244822 762646.6189429 56.9815250924 0.3868468858 0.7540061345 41.5762210343 6.1360100227 6.8888065523 0.0526582581
4910 308828.28 113.8453282857 34.0850910126 3776820.021252 762647.2701941 56.9874648666 0.2415934861 0.7756632088 41.4449596315 6.1023141735 6.8740432839 0.0686292266
4911 308828.39 113.8453355249 34.0850978244 3776820.795821 762647.9175853 56.9960430739 -0.0221190223 0.8295551106 41.2915516699 6.0615171638 6.8611357543 0.072847072
4912 308828.5 113.8453427231 34.0851046301 3776821.569608 762648.5612040998 57.0003218697 -0.1324804123 0.8816105298 41.1398793032 6.0316749798 6.8616506864 -0.0073405044
4913 308828.61 113.8453498783 34.085111434 3776822.343083 762649.2008553002 56.996760603 -0.0201363278 0.8905808191 40.9945170419 5.991450627 6.858887855 -0.0325861932
4914 308828.72 113.8453569841 34.0851182339 3776823.115994 762649.8359608002 56.9936105991 0.0896442249 0.9206794575 40.8526411759 5.9516030022 6.8483089094 -0.0066765957
4915 308828.84 113.8453646918 34.0851256443 3776823.958203 762650.5247581998 56.9938486377 0.2102417691 0.8912057967 40.6914461055 5.9179060946 6.8488448349 0.0204325308
4916 308828.96 113.8453723489 34.0851330514 3776824.799913 762651.2088958 56.9964549802 0.2036855795 0.9327654721 40.53279916 5.8847021419 6.8403493853 0.0343869306
4917 308829.08 113.8453799731 34.0851404539 3776825.641029 762651.8900029998 57.0005725045 0.2798842768 0.9502402117 40.3704874254 5.8478988221 6.8386018369 0.052168422
4918 308829.2 113.845387553 34.0851478661 3776826.483112 762652.5669909002 57.0041255318 0.2721872391 1.0127769084 40.2142417808 5.8141852441 6.8514562492 0.0305776217
4919 308829.32 113.8453951006 34.0851552767 3776827.324929 762653.2410035 57.0080727264 0.3259004997 1.0002399278 40.0393103666 5.790210527 6.8464652727 0.0439814311
4920 308829.44 113.8454026019 34.085162698 3776828.167817 762653.9107071002 57.0137423426 0.1251519504 1.0500085309 39.8722665483 5.7613298366 6.8632140014 0.0681909281
4921 308829.56 113.845410071 34.0851701253 3776829.011288 762654.5774186 57.0194659289 -0.051100411 1.03401212 39.6938216119 5.7298748486 6.8675726411 0.0293239187
4922 308829.68 113.8454175075 34.0851775793 3776829.857636 762655.2410350002 57.0178193804 -0.1140275524 0.9835781497 39.5189192533 5.7110105794 6.9061819023 -0.0305997635
4923 308829.8 113.8454249232 34.0851850579 3776830.70666 762655.9026620998 57.0126768975 -0.024901073 0.9555955128 39.3414714149 5.7033889462 6.9207362172 -0.0300160752
4924 308829.92 113.8454323249 34.0851925637 3776831.558676 762656.5629031998 57.0093666706 0.1012146529 0.9717277743 39.1682655596 5.6826056484 6.9478156356 -0.0336329684
4925 308830.04 113.8454397072 34.0852001002 3776832.414041002 762657.2212651002 57.0074003534 0.2248932577 0.9463041576 39.0021076257 5.6749467629 6.9759707403 0.0095181898
4926 308830.16 113.8454470756 34.0852076587 3776833.271806 762657.8782731 57.0100260098 0.2463205428 0.9816460224 38.8161606742 5.6592451498 6.9945258144 0.0326689549
4927 308830.28 113.8454544279 34.0852152456 3776834.132687 762658.5337010998 57.0129716098 0.3742040521 0.9973640541 38.642636419 5.6478642082 7.0281121458 0.0292897921
4928 308830.39 113.845461154 34.0852222294 3776834.925032 762659.1331772 57.0175156184 0.3729186864 1.0278168384 38.4820874984 5.6407590937 7.0597186726 0.0477104018
4929 308830.51 113.8454684783 34.0852298853 3776835.793496 762659.7858189 57.0225288952 0.2668477278 1.005285064 38.3054635253 5.6292879361 7.0923868172 0.0528517365
4930 308830.63 113.8454757926 34.0852375797 3776836.666212002 762660.4374025 57.0297594862 0.0734141942 1.0049180188 38.1608693796 5.6226091724 7.1347119154 0.0492856151
4931 308830.74 113.8454825028 34.0852446653 3776837.469816 762661.0350949 57.0310610412 0.0240708399 1.0309497903 38.0574518577 5.6349250205 7.1581173801 -0.0246004836
4932 308830.85 113.8454892161 34.0852517899 3776838.27775 762661.6329564998 57.0273954691 0.1583315979 0.9735376404 37.9731468505 5.6275423266 7.2021422873 -0.0268897353
4933 308830.96 113.8454959402 34.0852589559 3776839.090306 762662.2316796 57.0266509941 0.2576410485 1.010086539 37.8862679207 5.6606848966 7.240793289 0.009666281
4934 308831.07 113.8455026999 34.0852661592 3776839.907095 762662.8335801 57.0275268164 0.3300427959 1.0243998994 37.7865574087 5.6780934873 7.2895718903 0.0303553146
4935 308831.18 113.8455094705 34.0852734111 3776840.729296 762663.4363419 57.0315890582 0.3256176384 1.0278489619 37.7086418518 5.6824380437 7.3319383585 0.0422533018
4936 308831.29 113.8455162607 34.0852807066 3776841.556397 762664.0407701 57.0364757795 0.2661525525 0.981356313 37.6207458979 5.7000463 7.375505336 0.0220415071
4937 308831.4 113.8455230723 34.0852880503 3776842.3889 762664.6470229 57.0389797203 0.3195928492 1.0050917188 37.5322160519 5.7204946891 7.4282774938 0.0174956558
4938 308831.51 113.8455299104 34.0852954409 3776843.22667 762665.2555806 57.040405185 0.3995886207 1.0335187042 37.4445742257 5.7484392553 7.4723883062 0.0221624234
4939 308831.6 113.845535519 34.0853015269 3776843.916504 762665.7546465 57.0431226818 0.3830909045 0.9854914452 37.3729013645 5.755357006 7.5222634884 0.0529049435
4940 308831.71 113.8455423905 34.0853090166 3776844.765371 762666.3659846998 57.0490617948 0.2299606021 0.9312085045 37.2767727582 5.7772516166 7.5769007592 0.0597930447
4941 308831.82 113.8455492971 34.0853165549 3776845.619712 762666.9804149 57.0540619064 0.1582323057 0.9466819971 37.1598099764 5.8072706063 7.6299775506 0.0199154699
4942 308831.93 113.8455562254 34.0853241506 3776846.480477 762667.5966669002 57.0538755106 0.2243292852 0.9472559235 37.0477114736 5.8239846756 7.6879056485 -0.0179072165
4943 308832.04 113.8455631755 34.0853317981 3776847.3470519986 762668.2147715 57.0523303365 0.3006488562 0.9741139143 36.925281709 5.8383339607 7.7381103148 0.0104816145
4944 308832.15 113.845570149 34.0853394995 3776848.219669 762668.8348681 57.0560879279 0.1875594332 0.9990876623 36.7867218865 5.8581779678 7.7907926845 0.0460049143
4945 308832.26 113.8455771406 34.0853472594 3776849.098819 762669.4564619 57.0589338662 0.1786015839 1.0428052403 36.6395980225 5.8739271363 7.8541991427 0.0049833149
4946 308832.37 113.8455841487 34.0853550787 3776849.984608 762670.0793887 57.0587237356 0.2548794477 1.0610937609 36.4797052181 5.8880348081 7.915060092 -0.0095455134
4947 308832.48 113.8455911677 34.0853629643 3776850.877788 762670.703124 57.057684972 0.2921876268 1.0594688725 36.330586186 5.8970858772 7.9822092987 0.0191739337
4948 308832.59 113.8455982002 34.0853709124 3776851.777926 762671.3279048002 57.0609336235 0.1546657096 1.0543181368 36.1580826485 5.9115389639 8.0432980185 0.0225465526
4949 308832.69 113.845604612 34.0853781955 3776852.602674 762671.897428 57.0629258705 0.0844306445 1.0579432955 35.9871844754 5.9259140052 8.114053364 0.0026306635
4950 308832.71 113.845605896 34.085379659 3776852.768396 762672.0114703 57.0628221156 0.1276788845 1.0600025669 35.9549311184 5.9264149404 8.1216530618 -0.010025804
4951 308832.81 113.8456123212 34.0853870154 3776853.601312 762672.5820037 57.0598634426 0.2403921372 1.0548272453 35.7915162064 5.931473537 8.1862691868 -0.0207643729
4952 308832.91 113.8456187619 34.0853944293 3776854.440651 762673.1537978002 57.0578074865 0.3095764763 1.0645558439 35.6234318177 5.9483150895 8.256428424 -0.0180274898
4953 308833.01 113.8456252138 34.0854019095 3776855.287382 762673.7264171998 57.0587877696 0.3820790894 1.0668149369 35.4539863237 5.9566895002 8.3316371913 0.0221305529
4954 308833.11 113.8456316876 34.085409456 3776856.1415160014 762674.3008555998 57.0608392172 0.4439995011 1.1159998089 35.2728770264 5.9879626457 8.3988664372 0.028713071
4955 308833.21 113.8456381793 34.0854170709 3776857.003297 762674.8767333 57.063432253 0.4852941533 1.1234332644 35.0805590347 5.9887624849 8.4880256293 0.0363557181
4956 308833.31 113.845644684 34.0854247568 3776857.872987 762675.4535891998 57.0682831295 0.4466794839 1.1241974197 34.8927124868 6.0073310377 8.5586732329 0.0688248877
4957 308833.41 113.845651206 34.0854325164 3776858.750894998 762676.0318167 57.0723067224 0.4422343988 1.1762439932 34.7169163599 6.0273536256 8.6505868451 0.0040222848
4958 308833.51 113.8456577483 34.085440351 3776859.63719 762676.6116932 57.0735240066 0.5328038007 1.1413814469 34.5693905703 6.0417949002 8.7272855542 0.0057961384
4959 308833.55 113.8456603703 34.0854435054 3776859.993997 762676.8440386 57.0745213386 0.4874706855 1.1333624735 34.5048912707 6.0510871085 8.7597233439 0.0275553471
4960 308833.65 113.8456669389 34.0854514422 3776860.8917 762677.4260244 57.0804857518 0.3045241591 1.1436710513 34.3506505956 6.0736187777 8.8396328644 0.0809688082
4961 308833.75 113.8456735375 34.0854594505 3776861.797407 762678.0105623 57.0850040298 0.0859810586 1.1701501053 34.1989930464 6.0989408236 8.9162496457 0.0196220381
4962 308833.85 113.8456801568 34.0854675332 3776862.711432 762678.5967742 57.0816819388 0.103098023 1.2103481746 34.0631885697 6.1177580256 9.0034277491 -0.0575532361
4963 308833.95 113.845686804 34.08547569 3776863.633739 762679.1853359998 57.0735417576 0.288524474 1.1877707181 33.9269259004 6.1440005467 9.0806940344 -0.0775471497
4964 308834.05 113.8456934691 34.0854839159 3776864.563773 762679.7753286 57.0720308088 0.3257573872 1.1765751671 33.8030555082 6.1544952099 9.1603035991 0.0447225636
4965 308834.15 113.8457001606 34.0854922196 3776865.502504 762680.3675303998 57.0759804035 0.1876234246 1.1069188336 33.6800910672 6.1788074544 9.2339519798 0.0395939192
4966 308834.24 113.8457062022 34.0854997508 3776866.353836 762680.9021046 57.0777197452 0.1441094559 1.0755944314 33.579573912 6.1957582972 9.3044817832 -0.0291551589
4967 308834.33 113.8457122669 34.0855073411 3776867.211785 762681.4386272 57.0740557062 0.2602400471 1.0108258195 33.4836899856 6.227618971 9.3780146694 -0.0521532471
4968 308834.42 113.8457183521 34.0855149826 3776868.075471 762681.9768931 57.0706969136 0.3999570392 1.0074793329 33.3783474176 6.2487709409 9.4371273915 -0.0027259195
4969 308834.49 113.8457230996 34.0855209617 3776868.751222 762682.3967691 57.0710797133 0.3904911449 0.987977152 33.2900624478 6.2652217102 9.4890663529 0.0305487349
4970 308834.58 113.8457292166 34.0855286976 3776869.625469 762682.9376754 57.0744981021 0.258069431 0.9320771421 33.165803792 6.2722594656 9.5558718481 0.0551566786
4971 308834.67 113.8457353462 34.0855364858 3776870.505547 762683.4795839002 57.0778610296 0.1491487734 0.9558079923 33.0369006934 6.2908718844 9.6248922491 0.0277755168
4972 308834.76 113.8457414955 34.0855443311 3776871.392014 762684.0231236 57.0764095187 0.2296718188 0.9094798628 32.9139742211 6.3073205365 9.6963377249 -0.0415529358
4973 308834.85 113.8457476517 34.0855522347 3776872.284968 762684.5671359 57.0720216632 0.4156921248 0.8471331763 32.7905150347 6.3117064324 9.7655587281 -0.030139457
4974 308834.94 113.845753822 34.0855601889 3776873.183568 762685.1122808 57.0722780423 0.4342231974 0.8180877705 32.6447264469 6.3296507559 9.818635577 0.0471034168
4975 308835.03 113.8457600008 34.0855681947 3776874.087924 762685.6580566998 57.077968969 0.3305460677 0.8183455745 32.4956895941 6.3348788854 9.8944300028 0.0763082244
4976 308835.12 113.8457661821 34.0855762632 3776874.999245 762686.20387 57.0826854566 0.2726829078 0.8090560671 32.355207432 6.3425520581 9.9637894351 0.0360064996
4977 308835.21 113.8457723757 34.0855843835 3776875.916341 762686.7506582 57.0841322532 0.3046461443 0.8761125762 32.2073843576 6.358516243 10.0270639526 -0.0022779346
4978 308835.3 113.8457785805 34.0855925593 3776876.839632 762687.2983124 57.0835384363 0.5107838817 0.9417653779 32.0692866083 6.3691865392 10.0920248692 -0.0011049572
4979 308835.39 113.8457847936 34.0856007856 3776877.768541 762687.8465676998 57.0859277025 0.5320850874 0.9859982755 31.9140079832 6.3744590498 10.160285124 0.0440790674
4980 308835.4 113.8457854836 34.0856017028 3776877.872107 762687.907446 57.0862599192 0.5339317215 0.9885733495 31.8975202026 6.3695265884 10.1644543403 0.0352789003
4981 308835.49 113.8457916983 34.0856099866 3776878.807404 762688.4556739002 57.0942746103 0.4186322147 1.0524367446 31.7523976188 6.3824538919 10.2240845071 0.1561379335
4982 308835.58 113.8457979159 34.0856183219 3776879.748426 762689.0040147 57.1013685968 0.2340520718 1.0530379075 31.6082713755 6.3678238477 10.2901702439 0.0464476382
4983 308835.67 113.8458041323 34.0856267178 3776880.69617 762689.5520606998 57.100842895 0.2281750003 1.0640790417 31.4960405007 6.3781798001 10.3617973795 -0.0335266643
4984 308835.76 113.8458103599 34.0856351612 3776881.649209 762690.100981 57.0975313401 0.304536296 1.0267755485 31.3643301854 6.3802651724 10.4234552525 -0.0458728509
4985 308835.85 113.8458165918 34.0856436552 3776882.607877 762690.6501493 57.0964191696 0.334688724 1.0161804437 31.2372605931 6.3959191513 10.4807627422 0.0135549763
4986 308835.94 113.8458228288 34.0856521949 3776883.571637002 762691.1996502 57.0994323967 0.3106630766 1.038128846 31.0945236413 6.3932906483 10.5397611644 0.0338092415
4987 308836.03 113.8458290717 34.0856607872 3776884.541247 762691.749529 57.101147173 0.3792513873 1.0605963278 30.9465140252 6.40923084 10.6095274662 0.0132972811
4988 308836.12 113.8458353186 34.0856694211 3776885.515484 762692.2996454 57.1039046645 0.4175754574 1.0462166733 30.7834468561 6.398969587 10.6634745709 0.0511528381
4989 308836.21 113.8458415585 34.0856781102 3776886.495815 762692.8489524 57.1069271285 0.4665710264 1.0356869135 30.62237692 6.3956764917 10.7319863676 0.0594904357
4990 308836.28 113.845846408 34.0856848995 3776887.261758 762693.2757479 57.1119169993 0.2511514612 1.0426702446 30.4804435639 6.3883038269 10.7722350396 0.0863404688
4991 308836.36 113.8458519445 34.0856926988 3776888.141542 762693.7628475 57.1156151583 0.015406083 1.0056861015 30.3159794136 6.3798236541 10.8324634851 0.0118648126
4992 308836.44 113.8458574739 34.0857005462 3776889.026647 762694.2491488 57.1136204647 0.0007461754 0.9772799184 30.1531849289 6.3733280448 10.906131882 -0.0560484097
4993 308836.52 113.8458629976 34.085708435 3776889.9163339986 762694.7347943 57.1062807441 0.1932735084 0.9942145697 29.9801069862 6.3709858562 10.9558597656 -0.10293693
4994 308836.6 113.8458685161 34.0857163685 3776890.810957 762695.2198209 57.0993349366 0.3963717434 0.9058390115 29.7957746259 6.3519314757 11.0155990587 -0.0397607113
4995 308836.68 113.8458740157 34.0857243418 3776891.709964 762695.7029883 57.1011916231 0.4207459274 0.9014319665 29.6098152681 6.3358553877 11.0723295546 0.1009709813
4996 308836.76 113.8458795086 34.0857323528 3776892.613127 762696.1854089 57.1094999537 0.2519228756 0.8919588867 29.4171420229 6.3221443847 11.1248718945 0.1030591562
4997 308836.84 113.8458849862 34.0857404088 3776893.521248 762696.6662772 57.1137193264 0.1585524522 0.8894506919 29.2371203539 6.3041918595 11.1976694906 0.0268930615
4998 308836.92 113.8458904551 34.0857485082 3776894.43417 762697.1462109 57.1132745678 0.2051693675 0.8788112306 29.0545828143 6.3018487776 11.2478612504 -0.0047482507
4999 308837.0 113.8458959135 34.0857566493 3776895.35168 762697.6250534 57.1117805643 0.0777525903 0.9047134636 28.8645584372 6.2836165764 11.3084931862 -0.0221971428
5000 308837.08 113.8459013566 34.0857648365 3776896.274278 762698.1023321998 57.1102710925 0.0726479498 0.9063437309 28.6873289997 6.2689450302 11.371851764 -0.037569274
5001 308837.16 113.8459067887 34.0857730688 3776897.201843 762698.5784550002 57.1064910423 0.0901141742 0.9363632613 28.5062407189 6.2590658606 11.434562099 -0.0736686082
5002 308837.24 113.8459122086 34.0857813436 3776898.134098 762699.0533273001 57.1018637614 0.2729087497 0.9444789887 28.329439757 6.2488011478 11.4903197284 -0.0283963682
5003 308837.32 113.845917616 34.0857896571 3776899.070624 762699.5269140998 57.1013933327 0.3489018036 0.9476232357 28.1476178068 6.2272444004 11.5438681583 0.0079920633
5004 308837.4 113.8459230055 34.0857980145 3776900.011965 762699.9987191998 57.1031791288 0.382384497 0.9635924365 27.9710895896 6.2096251472 11.6030495046 0.0239542442
5005 308837.48 113.8459283832 34.0858064089 3776900.9573800014 762700.4693225 57.1083008759 0.3072191508 0.9484839309 27.7846375577 6.19139726 11.6529094498 0.0576930946
5006 308837.56 113.8459337412 34.0858148448 3776901.907354 762700.9379726 57.1143099815 0.1297225975 0.9488011295 27.606717562 6.1712305044 11.7205049478 0.0352526765
5007 308837.64 113.8459390851 34.085823326 3776902.862321 762701.4051895002 57.1148963152 0.0619435484 0.977437681 27.4524377895 6.1524616602 11.7785935747 -0.0442769299
5008 308837.7 113.8459430843 34.0858297155 3776903.581698002 762701.7546976998 57.1100711906 0.2420583798 0.9498412577 27.3434060405 6.1444833093 11.8223018756 -0.1046057997
5009 308837.78 113.8459484114 34.0858382685 3776904.544592 762702.2201367 57.1049819896 0.4720897071 0.903680374 27.1912921497 6.1416087718 11.8685860009 0.0017917585
5010 308837.86 113.8459537279 34.0858468544 3776905.511109 762702.6844915998 57.1071057981 0.3936818559 0.9607291145 27.0190688988 6.1204804589 11.9191962801 0.0805948133
5011 308837.94 113.8459590345 34.085855475 3776906.481444998 762703.14783 57.1147132739 0.4067805706 1.0017532161 26.8521127194 6.1212862119 11.9697227483 0.0903185408
5012 308838.02 113.8459643296 34.0858641327 3776907.45587 762703.6099899 57.1200432545 0.286386371 1.1139098794 26.6817181148 6.0979352951 12.0208529505 0.0470205322
5013 308838.1 113.8459696083 34.0858728268 3776908.434293 762704.0705195 57.1225695871 0.4004759082 1.130288661 26.5187739106 6.0821412049 12.0679546103 0.030614481
5014 308838.18 113.8459748668 34.0858815547 3776909.416423 762704.5290886 57.1261622524 0.3566051782 1.1462105134 26.3400649409 6.049682984 12.1176976568 0.0566813666
5015 308838.26 113.8459801029 34.085890323 3776910.40297 762704.985452 57.1285289032 0.3448821527 1.1283086095 26.1721897159 6.0294227553 12.1677803989 0.0174440891
5016 308838.34 113.8459853167 34.0858991268 3776911.3934019986 762705.439649 57.1308988612 0.386471569 1.1165177979 26.0023056398 6.0040044982 12.2249188993 0.0255989337
5017 308838.42 113.8459905132 34.0859079632 3776912.387408 762705.8921533001 57.1343219997 0.4774908913 1.1156741631 25.8282051964 5.9909200524 12.2690840829 0.0482639837
5018 308838.46 113.8459931059 34.085912393 3776912.885692 762706.1178606999 57.1367467158 0.4906401735 1.1253291666 25.740013244 5.9759287686 12.2854658579 0.0614010573
5019 308838.54 113.8459982744 34.0859212762 3776913.884815 762706.5676279998 57.1428056173 0.4163302912 1.1209958989 25.5575336728 5.9511321135 12.3303253457 0.0920395307
5020 308838.62 113.8460034219 34.08593019 3776914.887281 762707.0153612 57.1506682066 0.2374735035 1.1836272774 25.3917970816 5.927693212 12.3729188711 0.0890192126
5021 308838.7 113.84600855 34.0859391364 3776915.893319 762707.4612132 57.1535129314 0.136480563 1.2156381756 25.2414837034 5.9067911852 12.4242405291 -0.0097827148
5022 308838.78 113.8460136574 34.0859481148 3776916.90286 762707.9050457 57.152489461 0.088371196 1.1922156682 25.0993701439 5.8809243735 12.4630191301 -0.0299046357
5023 308838.86 113.8460187439 34.085957117 3776917.914982 762708.3468761998 57.1496437145 0.1305437278 1.1931309363 24.9569577145 5.8580955615 12.4916921269 -0.0666538708
5024 308838.94 113.8460238054 34.0859661383 3776918.929156 762708.7863403001 57.1471428415 0.2452161362 1.1214921623 24.827174056 5.8220983965 12.5164818551 0.0030943646
5025 308839.02 113.846028839 34.0859751733 3776919.944789 762709.2231841 57.1489903629 0.1722716444 1.0719594426 24.7003051077 5.7878329239 12.5226690032 0.044603891
5026 308839.1 113.8460338444 34.0859842145 3776920.961027 762709.6574072 57.1540277526 0.1056262475 1.0340281637 24.5734137918 5.7587164491 12.5315473594 0.0555516788
5027 308839.18 113.8460388251 34.0859932566 3776921.977306 762710.0893444 57.1563181346 0.1286967282 1.0665513115 24.4488004558 5.7354127013 12.5287322299 -0.0028651482
5028 308839.21 113.8460406865 34.0859966464 3776922.35829 762710.2507398 57.1567336954 0.1570274286 1.0383470119 24.4020050173 5.7248994582 12.5222600126 0.0195668506
5029 308839.29 113.8460456295 34.0860056844 3776923.374016002 762710.6792096 57.1589237079 0.0790104558 1.0474245612 24.2679066812 5.6871715425 12.5191851603 0.0261652985
5030 308839.37 113.8460505434 34.0860147184 3776924.389222 762711.1049995 57.1616530158 -0.0410413913 1.0887282948 24.1308921078 5.656699304 12.5212323752 0.0234073565
5031 308839.45 113.8460554296 34.0860237516 3776925.404268 762711.5282436998 57.1619374789 -0.1130812378 1.1028374256 23.9929365117 5.6223395385 12.5212915985 -0.0278796087
5032 308839.53 113.8460602813 34.0860327857 3776926.419330002 762711.9482962 57.1584281297 -0.0349450883 1.1164590276 23.8680770689 5.5840071046 12.5197466232 -0.0522674872
5033 308839.61 113.8460651022 34.0860418169 3776927.433985 762712.3655071 57.1549489601 0.0791948877 1.0956321728 23.7385561036 5.5448613173 12.5083653159 -0.0338114638
5034 308839.69 113.846069885 34.0860508402 3776928.447665 762712.7792361 57.1538672522 0.1255178597 1.0663419577 23.6165919837 5.5006974693 12.4990703947 -0.0031573554
5035 308839.77 113.8460746371 34.0860598555 3776929.46039 762713.1901419002 57.1564349784 0.0003655925 1.015216597 23.4886729707 5.463373374 12.4837347002 0.043755404
5036 308839.85 113.8460793525 34.0860688616 3776930.471992 762713.5977013 57.1591973528 -0.0702313072 0.9683341986 23.3743558714 5.4241955365 12.4790568539 0.0113720638
5037 308839.93 113.8460840368 34.086077864 3776931.483105 762714.0023931 57.1584538612 -0.0676735302 0.9067216949 23.2639829978 5.3839211083 12.470489695 -0.052312837
5038 308840.01 113.8460886905 34.0860868591 3776932.49332 762714.4042785 57.154962251 0.1248767543 0.8834727669 23.1598692556 5.3616959319 12.4585025024 -0.0296003098
5039 308840.03 113.8460898516 34.0860891052 3776932.745569 762714.504543 57.1547678113 0.1065202347 0.8617269358 23.1269911299 5.3617301147 12.451275653 -0.00279588
5040 308840.11 113.8460944672 34.0860980907 3776933.754637 762714.9029468 57.1553105926 0.1387042335 0.7620181958 22.9917159518 5.3092100817 12.4488413884 0.0018092666
5041 308840.19 113.8460990467 34.0861070677 3776934.7626519985 762715.2980433 57.1585847391 0.101636801 0.7869265933 22.8591980165 5.2775301608 12.4292845844 0.0410497182
5042 308840.27 113.8461035997 34.0861160329 3776935.769304 762715.6907264 57.1625418356 0.0107039768 0.8309633624 22.7113772346 5.2420818539 12.4139152933 0.0284012011
5043 308840.35 113.8461081176 34.0861249899 3776936.774941 762716.0801877 57.1631124346 0.0759531235 0.8878618504 22.5656221455 5.1977464739 12.4068069457 -0.0309327957
5044 308840.43 113.8461126052 34.0861339365 3776937.779358 762716.4668882 57.1620715056 0.296391445 0.9149871405 22.4022149612 5.1599772524 12.3868985478 -0.003397904
5045 308840.51 113.846117052 34.0861428709 3776938.78231 762716.8498581 57.1636071643 0.4938215 0.9197165313 22.237674381 5.1062658846 12.3703636491 0.0450150629
5046 308840.59 113.846121451 34.0861517958 3776939.784092 762717.2284514 57.1705709482 0.4990984637 0.9149157746 22.0790129682 5.050176474 12.3570074593 0.1051027851
5047 308840.67 113.8461258042 34.0861607094 3776940.7844879986 762717.6028402 57.1808168897 0.4699609005 0.9052703903 21.9262973159 5.0037611956 12.3431692497 0.1430306009
5048 308840.75 113.8461301209 34.0861696128 3776941.783669 762717.9738953002 57.1907234434 0.407913179 0.9194520312 21.7598128456 4.9624333921 12.3276255613 0.0933543397
5049 308840.82 113.8461338692 34.0861773943 3776942.656878 762718.2959390002 57.1988716321 0.2525294649 0.947548189 21.6023629472 4.9300123805 12.311977758 0.1213204629
5050 308840.9 113.8461381171 34.0861862788 3776943.653783 762718.6606983001 57.2068610564 0.0069761007 1.0037456604 21.4192517652 4.8854864388 12.3108387256 0.0656130742
5051 308840.98 113.8461423234 34.0861951576 3776944.6499480014 762719.0216374 57.209166863 -0.1200503842 1.0799047018 21.2411091479 4.8339255209 12.2960205114 -0.0014316935
5052 308841.06 113.846146492 34.0862040387 3776945.646277 762719.379084 57.2061619414 -0.079058648 1.0811798039 21.0714616741 4.785864778 12.2980313937 -0.0760783969
5053 308841.14 113.8461506187 34.0862129294 3776946.643553 762719.7326311999 57.2029722463 0.0383270743 1.0888752613 20.9120196522 4.7403273013 12.2861763374 -0.0401483258
5054 308841.22 113.8461547041 34.0862218138 3776947.640027 762720.0823868 57.2026846474 0.0959957392 1.0905139852 20.7588181817 4.6897836717 12.280153477 -0.0029984824
5055 308841.3 113.8461587508 34.0862306892 3776948.635406 762720.4285972 57.20512072 0.0378074129 1.1029842267 20.6118056556 4.6501406001 12.2681058977 0.0251819373
5056 308841.38 113.846162765 34.0862395539 3776949.629511 762720.7718435002 57.2089094752 -0.0051606526 1.1315801534 20.4748164961 4.6186281894 12.2531851136 0.0289541939
5057 308841.46 113.8461667492 34.08624841 3776950.622582 762721.1123365 57.2113607284 -0.0049715237 1.14635411 20.3393308607 4.5801687789 12.2410796488 -0.004646832
5058 308841.54 113.8461707026 34.0862572567 3776951.614543 762721.4500203 57.2124663414 -0.0516510624 1.202037088 20.214985112 4.5489019112 12.2236073891 -0.0061634321
5059 308841.6 113.8461736479 34.0862638857 3776952.357784 762721.7014757 57.2130418643 -0.07819362 1.2022113047 20.1221370914 4.5151854701 12.2178149242 -0.0226092757
5060 308841.68 113.8461775457 34.0862727173 3776953.347915 762722.0340726 57.2133806506 -0.1275599267 1.1776425223 20.0081621224 4.4813564865 12.2073610238 -0.0161935431
5061 308841.76 113.8461814107 34.0862815407 3776954.337058998 762722.3636672 57.2122780187 -0.0686639303 1.1429761146 19.9046332655 4.4412231046 12.1937649557 -0.0423276728
5062 308841.84 113.8461852472 34.0862903564 3776955.325262 762722.6906566998 57.2092163833 0.0808052931 1.1276753854 19.8035577098 4.4119796852 12.1804216566 -0.0641973614
5063 308841.92 113.8461890597 34.0862991581 3776956.311866 762723.0154656002 57.2092859345 0.1543517478 1.0450319585 19.6975408259 4.387806423 12.1603484964 0.0456380785
5064 308842.0 113.8461928419 34.0863079463 3776957.29688 762723.3375220002 57.2128980085 0.1376018901 1.052457168 19.5921278867 4.3528221274 12.1402365814 0.022721344
5065 308842.08 113.8461966019 34.0863167067 3776958.278759 762723.6576149998 57.2181634298 0.056823715 1.03658921 19.4811920002 4.3253933865 12.1271831967 0.047420217
5066 308842.16 113.8462003299 34.0863254407 3776959.257622 762723.9748333 57.2206725599 0.037556437 1.0379858564 19.3816414837 4.2897271652 12.1096882445 0.0051935706
5067 308842.24 113.8462040365 34.0863341623 3776960.2350550015 762724.2901124002 57.2220578762 0.058955348 1.0356781174 19.2824534001 4.2665752883 12.0910496839 -0.003142345
5068 308842.32 113.8462077144 34.0863428742 3776961.211345 762724.6027786 57.2221628511 0.06649268 1.0303224738 19.1931336833 4.2309049674 12.0806747862 -0.00580675
5069 308842.4 113.846211367 34.0863515749 3776962.186312 762724.9131354998 57.2223643418 0.043436484 1.016301929 19.1003082105 4.2056616319 12.0565546292 0.0306720186
5070 308842.48 113.8462149988 34.0863602622 3776963.159752 762725.2216111 57.2249675272 -0.007474073 1.0085140473 19.0078103946 4.1833104305 12.048529406 0.0547760748
5071 308842.53 113.8462172568 34.0863656869 3776963.767573 762725.4133377 57.2257735487 -0.0705582411 0.9780888756 18.9520549891 4.1633440843 12.0421943521 -0.0101262901
5072 308842.61 113.846220848 34.0863743575 3776964.739051 762725.7181177 57.2245937604 -0.0877219228 0.9983004148 18.8820706284 4.136054887 12.0153419481 -0.0491050196
5073 308842.69 113.8462244212 34.086383015 3776965.709031 762726.0212832 57.2230399148 -0.1013144304 0.9992836937 18.7931725442 4.1164540126 12.0063141088 -0.0502450011
5074 308842.77 113.846227974 34.086391659 3776966.677461 762726.322596 57.220129814 0.1432049261 1.0198893666 18.6924046567 4.0927963916 11.9807054299 -0.0311765628
5075 308842.85 113.8462315061 34.0864002904 3776967.644431 762726.6220430002 57.2201556247 0.0836025795 1.0657837314 18.5546973746 4.0627731721 11.9678943921 -0.0095955192
5076 308842.93 113.846235007 34.086408909 3776968.609904 762726.9186531 57.222479552 0.1289123025 1.0729014264 18.4133358562 4.0271905504 11.9492945338 0.0542326321
5077 308843.01 113.8462384729 34.086417517 3776969.574115 762727.2120600998 57.2258326104 0.0634503335 1.1349366883 18.273768415 3.9780566775 11.9357492841 0.0247582443
5078 308843.09 113.8462419062 34.0864261166 3776970.537309 762727.5024813 57.2285027728 0.1472485884 1.18281861 18.1374472375 3.9534126835 11.9231972999 0.0054290743
5079 308843.17 113.8462453073 34.0864347078 3776971.499486 762727.7899592 57.2301174505 0.2465223701 1.1552023796 18.0028274003 3.9071983251 11.9056177208 -0.0080250649
5080 308843.25 113.8462486717 34.0864432877 3776972.460311 762728.0740766 57.2342363549 0.1753744129 1.2050641924 17.8697451924 3.8774513344 11.8850411734 0.069605853
5081 308843.34 113.846252424 34.0864529223 3776973.539178 762728.3907546998 57.2432330502 -0.1835608613 1.2154093904 17.6940966813 3.8287028253 11.8701595862 0.0450381684
5082 308843.35 113.8462528378 34.0864539916 3776973.658916 762728.4256516999 57.2437301744 -0.1920613494 1.2191539887 17.6782219598 3.8217823272 11.8648602309 0.0263495044
5083 308843.44 113.8462565361 34.086463614 3776974.7363 762728.7373886999 57.244646877 -0.3282781409 1.2073277961 17.5189395546 3.7872030922 11.8578034156 -0.0726035154
5084 308843.53 113.8462601932 34.0864732174 3776975.811465 762729.0453697 57.2390232738 -0.1842544655 1.169624304 17.3613080564 3.7335979974 11.821833372 -0.0903345268
5085 308843.62 113.8462638011 34.0864827991 3776976.88409 762729.3488768 57.2335266061 -0.0685045915 1.0986197699 17.194017546 3.6827681854 11.8000199128 -0.0574298189
5086 308843.71 113.8462673568 34.0864923474 3776977.952883 762729.6476663002 57.2334030019 -0.0063952698 1.0802975907 17.0337617954 3.6292786619 11.7501129495 0.0096545786
5087 308843.8 113.8462708638 34.0865018564 3776979.017193 762729.9420760998 57.2346354676 0.1286821982 1.0412368736 16.8676490517 3.5794877013 11.6959781102 0.0062486879
5088 308843.89 113.8462743171 34.0865113068 3776980.0748559986 762730.2317201998 57.2393642738 0.1392789268 1.0555765821 16.7044209722 3.5226142438 11.6049129575 0.0448329074
5089 308843.98 113.8462777099 34.0865206829 3776981.124116 762730.5159983 57.2454956127 0.0851333256 1.0702114661 16.5322302901 3.4532288472 11.5050499944 0.0565402928
5090 308844.07 113.8462810356 34.086529978 3776982.164205 762730.7943351 57.2510225335 -0.0475758349 1.0489744072 16.365951428 3.3759236095 11.4105759346 0.0533197586
5091 308844.16 113.8462843018 34.0865391882 3776983.19474 762731.0674417 57.2553638388 -0.2288062714 1.0771697257 16.1972106937 3.325205349 11.2964871695 0.0339135105
5092 308844.19 113.8462853768 34.086542241 3776983.536287002 762731.1572556 57.2559063947 -0.2663210881 1.0709725836 16.141760403 3.2986847947 11.2713384089 0.002759883
5093 308844.28 113.8462885542 34.0865513468 3776984.555002 762731.4224832 57.2536037061 -0.1600504585 1.0557248619 15.9850842585 3.2293649211 11.1836176034 -0.058339572
5094 308844.37 113.8462916714 34.0865603708 3776985.564475 762731.6824079 57.2503655972 -0.024693677 1.0618326819 15.7884706436 3.1736069472 11.0633449521 -0.0015795854
5095 308844.46 113.846294729 34.0865693117 3776986.564585 762731.9370819002 57.2534434861 -0.077538439 1.0624326272 15.5626071598 3.0995111764 10.9747303107 0.0701073504
5096 308844.55 113.8462977099 34.0865781796 3776987.556378 762732.184901 57.2567962781 -0.073373241 1.0629008594 15.3494400132 3.0275711233 10.8815848298 0.0344705985
5097 308844.64 113.84630062 34.0865869718 3776988.5396 762732.426416 57.2583427131 -0.0869714601 1.0794957912 15.1333275483 2.9485366243 10.7912605962 0.0017796116
5098 308844.73 113.8463034676 34.0865956882 3776989.514249 762732.6624016998 57.2579792691 -0.0589632267 1.1209813649 14.8998231368 2.889856657 10.6959215589 -0.0177702978
5099 308844.83 113.8463065513 34.0866052855 3776990.58726 762732.9174579 57.2588150781 -0.0740780088 1.0660134933 14.6442733259 2.8024030982 10.5939825138 0.0082063425
5100 308844.86 113.8463074575 34.0866081465 3776990.9071019986 762732.9922775 57.2595200567 -0.095253153 1.0428891028 14.5680529009 2.7789866797 10.5654014645 0.0259405974
5101 308844.96 113.8463104219 34.0866176246 3776991.9665809986 762733.2366859 57.2619272573 -0.1370948416 1.040067942 14.3324652189 2.7069757301 10.4558533464 0.0149332223
5102 308845.06 113.8463133122 34.0866270113 3776993.015726 762733.4745364 57.2625645623 -0.1361711202 0.9966608802 14.1076454545 2.6299193255 10.3606742855 -0.0147101416
5103 308845.16 113.8463161219 34.0866363079 3776994.054661 762733.7052244 57.2620864613 -0.0991990408 0.9895686533 13.8993707348 2.570338533 10.2563045289 0.0020789672
5104 308845.26 113.8463188613 34.0866455036 3776995.082224 762733.9297305 57.2628413467 -0.0922921848 0.9173543521 13.7079321588 2.4928966156 10.1432674377 -0.0005003176
5105 308845.36 113.8463215291 34.0866545972 3776996.0982699986 762734.1479432 57.2629566751 -0.0402334093 0.9477404116 13.5470271746 2.4412509966 10.0203775746 -0.0097515398
5106 308845.46 113.846324137 34.0866635787 3776997.101724 762734.3609686998 57.2638433408 0.0023672156 0.904089727 13.4021986741 2.3723990328 9.895753399 2.62642e-05
5107 308845.56 113.8463266801 34.0866724461 3776998.092341 762734.5683599 57.2657245276 -0.0002766728 0.9619504439 13.2639077651 2.3316699198 9.7671372709 0.0194158513
5108 308845.63 113.8463284318 34.0866785798 3776998.777546 762734.7111413 57.2680038866 -0.026367907 0.9656288542 13.1617771617 2.2984171284 9.671608573 0.0252311514
5109 308845.74 113.8463311147 34.086688097 3776999.840636 762734.9294328 57.2716731047 0.013260952 1.0188451291 13.0383265204 2.2218480996 9.5208490073 0.0235384765
5110 308845.85 113.8463337359 34.0866974605 3777000.88652 762735.1425018002 57.2736310065 0.0334751012 1.08059209 12.9178770653 2.1834516587 9.3577051921 0.013371162
5111 308845.96 113.8463362822 34.086706664 3777001.914445 762735.3491555002 57.2772031324 -0.1467080368 1.0680403595 12.80614302 2.1036087353 9.2013775857 0.0396893747
5112 308846.07 113.846338761 34.0867157024 3777002.923876 762735.5500849 57.2827351522 -0.3556853339 1.0837004134 12.6869001908 2.0617666413 9.028553789 0.027788524
5113 308846.18 113.8463411674 34.0867245724 3777003.914433 762735.7448548 57.281992129 -0.4408110854 1.0576673238 12.5783525714 1.984961348 8.8625071106 -0.038767506
5114 308846.3 113.8463437121 34.0867340415 3777004.971836 762735.9505333 57.2771469671 -0.3913806581 1.0487600541 12.4674661846 1.9320296288 8.6522248177 -0.0445413465
5115 308846.42 113.8463461705 34.0867432829 3777006.003745 762736.1489534002 57.2730499106 -0.2593536723 1.0158570958 12.4005722715 1.8557094078 8.4378172708 -0.0269471978
5116 308846.54 113.8463485563 34.086752298 3777007.010353 762736.3413645 57.2692215731 -0.1578310022 1.0100120705 12.3432256186 1.8133443805 8.2308863722 -0.0171512434
5117 308846.67 113.8463510673 34.086761798 3777008.0710949986 762736.5438422 57.270258137 -0.155432273 1.0340513699 12.2794742275 1.752143628 7.985876508 0.018779565
5118 308846.8 113.8463534918 34.0867710252 3777009.101347 762736.7391794 57.2733439803 -0.2577723362 1.0606666162 12.2166011948 1.6944400288 7.7581686584 -0.0033965981
5119 308846.93 113.8463558298 34.0867799803 3777010.101169 762736.9273608002 57.2731811237 -0.1920667469 1.0312174254 12.1469271401 1.6346179706 7.5263991255 -0.0048725262
5120 308847.07 113.8463582443 34.0867893108 3777011.142853 762737.1214464002 57.2735259449 -0.2099364399 1.0687018485 12.0256921554 1.5639859227 7.267598779 -0.0126463221
5121 308847.21 113.846360535 34.0867983167 3777012.148194 762737.3051079 57.275367937 -0.1360009057 1.0451416432 11.8879465275 1.4853078994 7.0103015555 0.0001300494
5122 308847.36 113.846362858 34.0868075985 3777013.184245 762737.4909045 57.279174258 -0.0426998767 1.0298861697 11.7388189068 1.4099341669 6.7252470351 0.0057557891
5123 308847.51 113.846365058 34.0868165039 3777014.1781910006 762737.6665021 57.2812620373 -0.0280706249 1.0053544392 11.5798028024 1.3309882145 6.4398455378 0.0137330185
5124 308847.67 113.8463672665 34.0868255734 3777015.190385 762737.8423783001 57.290297878 -0.1995038528 0.9989376907 11.4204871432 1.2501301624 6.1343981019 0.0588499079
5125 308847.84 113.8463694674 34.0868347265 3777016.2118339986 762738.0172877 57.2964927321 -0.1690287684 0.9936003111 11.2959401708 1.1621123696 5.8086766945 -0.0071246352
5126 308848.02 113.84637163 34.0868438656 3777017.231630998 762738.1887133998 57.2955976492 0.0061823825 0.9363308553 11.2438479823 1.0782877593 5.4603919947 -0.0226341935
5127 308848.21 113.8463737715 34.0868528846 3777018.23804 762738.3585571002 57.3010956384 0.0141259151 0.9667260585 11.2005174127 1.0191599947 5.0804826544 0.0531282239
5128 308848.31 113.8463748382 34.08685737 3777018.738564 762738.4431768 57.3072340777 -0.1105189868 0.9743783635 11.1533331943 0.9625818918 4.8792717137 0.0466833193
5129 308848.53 113.8463769932 34.0868666044 3777019.768916 762738.613603 57.3155472996 -0.1523100453 0.9367452111 10.9775290733 0.8641580425 4.4363297666 0.0220589915
5130 308848.77 113.8463790727 34.0868756832 3777020.781804 762738.7775375 57.3224669173 -0.16476106 0.9122820545 10.7412384173 0.7524132392 3.9573092634 -0.0136040767
5131 308849.04 113.8463810494 34.0868846387 3777021.780746 762738.9323634 57.3269583853 -0.0540385018 0.7641770468 10.5050382136 0.631740721 3.423555 0.0078293517
5132 308849.35 113.8463830223 34.0868936167 3777022.782165 762739.0867665998 57.3302739244 0.1238564494 0.7148652411 10.2723180132 0.5488775997 3.0328380247 0.0074511023
5133 308849.7 113.8463849429 34.0869025938 3777023.783366998 762739.2363373 57.3350337148 0.1834054814 0.6831955996 10.0277973968 0.4630081783 2.6479034813 0.0107317698
5134 308850.13 113.8463868135 34.086911635 3777024.791544 762739.3810986 57.3441309463 0.043327013 0.6275029162 9.794568799 0.3410221326 2.0089405376 0.0174461972
5135 308850.76 113.8463886187 34.0869205473 3777025.785252 762739.5202259 57.3505308842 -0.1365525345 0.5759417343 9.6162715626 0.1921187221 1.1636585024 -0.0003335708
5136 308876.12 113.8463903873 34.0869290742 3777026.736093 762739.6571563 57.3704055324 0.1211088275 0.5751296352 9.4118318957 0.1250719591 0.7802975723 -0.0242564231
5137 308876.8 113.8463921308 34.0869381061 3777027.742908 762739.7902145 57.3623347692 0.2974777056 0.4736838389 9.0732125106 0.3554842833 2.2456893817 -0.0172326319
5138 308877.18 113.8463938191 34.0869471242 3777028.748049 762739.9182142 57.3636532314 0.1886955806 0.4389266336 8.6839077404 0.4429555938 2.9443095331 0.0094207461
5139 308877.51 113.8463954588 34.0869562725 3777029.767529 762740.0413258 57.3638401814 -0.0705242185 0.2945699353 8.4930189542 0.4650826824 3.1676768177 -0.0173115847
5140 308877.83 113.8463970483 34.0869653916 3777030.783621 762740.1598929 57.3562190598 -0.1075595746 0.1086929854 8.302492081 0.454258065 3.1500202134 -0.0019904734
5141 308878.01 113.8463979256 34.0869704579 3777031.348129 762740.2252288 57.3602989456 -0.1445924019 0.0485807859 8.2044300227 0.4417779764 3.1023094278 -0.0002930562
5142 308878.35 113.8463994737 34.0869795945 3777032.366058 762740.3399165998 57.3568842579 -0.0983628565 -0.0175790123 8.0808865585 0.3975810374 2.8287134607 0.0033074746
5143 308878.74 113.8464010037 34.0869886642 3777033.3765260014 762740.4531382 57.3524513869 0.0902844593 0.0122965712 7.9631856755 0.3216319628 2.3375802337 0.0175754834
5144 308879.24 113.8464024837 34.0869977045 3777034.383606 762740.5618402 57.3532380937 0.1232544809 -0.0987315733 7.834115112 0.2351308286 1.7258798942 -0.0037784997
