45509 316311.18 113.8443260167 34.0841336823 3776711.202319 762557.6821892 56.4286640501 0.111960308 1.0750339497 59.2172410927 8.7074271747 5.1466687889 -0.0401626913
45510 316311.28 113.8443354512 34.0841383541 3776711.745036 762558.5389158 56.4242164372 0.3927630503 1.0656497213 58.9645723969 8.6940291211 5.1983970575 -0.0276097844
45511 316311.38 113.8443448718 34.0841430607 3776712.291577 762559.3942493 56.4276559818 0.4158453971 1.0384920668 58.6988039559 8.6790032602 5.2302423235 0.0813742396
45512 316311.48 113.8443542729 34.0841478053 3776712.842291 762560.2476599 56.4380647214 0.1836929218 1.0557235686 58.4253239103 8.6638117449 5.2803624043 0.0960604558
45513 316311.58 113.8443636636 34.0841525921 3776713.39766 762561.0999838002 56.4441839876 0.0746143984 1.074809744 58.1742245934 8.6583187075 5.3250119858 0.0173723249
45514 316311.68 113.8443730453 34.0841574199 3776713.957559 762561.9513556 56.4431424234 0.1339846487 1.136309794 57.9430540247 8.6572287949 5.3622972035 -0.017988618
45515 316311.71 113.8443758587 34.0841588761 3776714.126395 762562.2066335998 56.4427224481 0.1201915056 1.0901380499 57.8649439072 8.643580545 5.3866881469 -0.0099767495
45516 316311.81 113.8443852211 34.0841637564 3776714.692066 762563.0560555998 56.4422976375 0.0719480957 1.1102979094 57.6389499141 8.6304466003 5.4161452365 0.0416823668
45517 316311.91 113.84439457 34.084168665 3776715.260838 762563.904143 56.4443429615 0.2023312606 1.1144829521 57.3947977029 8.6165857826 5.461454816 0.0044756988
45518 316312.01 113.8444039012 34.0841736161 3776715.834296 762564.7504683002 56.4424940189 0.6021861742 1.1045336402 57.1899029206 8.5970763374 5.5040629172 -0.0444845519
45519 316312.11 113.8444132075 34.0841785853 3776716.409689 762565.5944367 56.4445244484 0.8838237975 1.0362728946 56.9827566585 8.5728011377 5.5252468075 0.1164320489
45520 316312.21 113.8444224746 34.0841835781 3776716.987601 762566.4347037 56.4648606051 0.5006415761 1.0271655532 56.7813540458 8.5448867778 5.5498846587 0.2279487703
45521 316312.31 113.8444317272 34.0841885943 3776717.568069 762567.2735673 56.4820242999 0.0427007765 1.0011144278 56.5772041868 8.5347638665 5.5815316163 0.1038370903
45522 316312.41 113.8444409645 34.0841936457 3776718.152405 762568.1109155 56.4855079074 -0.0698207812 0.9964338664 56.4076548362 8.5253269178 5.6192742816 -0.0308790008
45523 316312.51 113.8444501928 34.0841987221 3776718.739503 762568.9473418 56.4801161494 0.0863378919 0.962667617 56.2429069608 8.5057076437 5.6436480743 -0.0649133926
45524 316312.61 113.8444594065 34.084203827 3776719.329716 762569.7823413 56.4756918438 0.2686880669 0.9167834993 56.0947508037 8.4999150646 5.6792182289 -0.0095410202
45525 316312.7 113.8444676926 34.0842084424 3776719.863224 762570.5331971998 56.4784352724 0.2405566635 0.8584814802 55.956629102 8.4980502562 5.7015255012 0.0539488908
45526 316312.8 113.8444768946 34.0842135946 3776720.4586519985 762571.3669697 56.4843255524 0.0997526144 0.8690850389 55.8048034289 8.497297959 5.7316941424 0.0593405133
45527 316312.9 113.8444861029 34.0842187731 3776721.057030998 762572.2012337 56.4882904999 -0.0369509169 0.8190683331 55.6649482575 8.5081229103 5.7630285688 0.0208307775
45528 316313.0 113.844495314 34.0842239914 3776721.659824 762573.0356386999 56.4861304453 0.016847449 0.7906122983 55.5624657246 8.5104494812 5.8065451812 -0.0319647614
45529 316313.1 113.8445045383 34.0842292363 3776722.265604 762573.8711806 56.4825480683 0.0570538901 0.7672045245 55.4802589294 8.5238658181 5.8277124917 -0.0269652961
45530 316313.2 113.8445137766 34.0842345039 3776722.873934 762574.7079435 56.48170566 0.0471992058 0.726613556 55.4170212557 8.5328033432 5.8553453496 0.0234117466
45531 316313.3 113.8445230334 34.0842397968 3776723.485133 762575.5463394 56.4816996036 -0.0129729247 0.7668915327 55.367671623 8.5605756858 5.8791314545 -0.0080464668
45532 316313.4 113.8445323143 34.0842451026 3776724.097806 762576.3869195 56.4797353139 -0.0259194197 0.788876479 55.3081942563 8.5743011561 5.8958034411 -0.0112686968
45533 316313.5 113.8445416109 34.0842504331 3776724.71328 762577.2288763 56.4777227081 -0.0235503062 0.8334986799 55.2684629124 8.5921131502 5.9221391992 -0.0212872382
45534 316313.6 113.844550931 34.084255783 3776725.330955 762578.0729358002 56.473831743 0.1386310368 0.8716073682 55.2300799935 8.6171314485 5.941915299 -0.0271040886
45535 316313.7 113.8445602654 34.084261153 3776725.950904 762578.9182568 56.4717509113 0.293477907 0.852051051 55.196046941 8.6247998277 5.9649107652 0.002904304
45536 316313.8 113.8445696201 34.0842665382 3776726.57259 762579.7654071 56.4741137195 0.2711586914 0.8918978617 55.1560628419 8.6499453941 5.9759738444 0.0396298619
45537 316313.9 113.8445789867 34.084271941 3776727.19626 762580.6136019 56.4789503785 0.1979021371 0.8812405091 55.1058823403 8.652058855 6.0109402673 0.0533757458
45538 316314.0 113.8445883703 34.0842773627 3776727.822067 762581.4633045 56.4829923846 0.0729566409 0.9205757192 55.0420239793 8.6757170879 6.0217908286 0.0095430153
45539 316314.07 113.8445949458 34.0842811716 3776728.261674 762582.0586966998 56.4825194655 0.176044861 0.9067527445 54.9971137239 8.6799755478 6.0462548378 -0.0285251379
45540 316314.17 113.8446043436 34.0842866367 3776728.892348 762582.9095818001 56.4816558594 0.2748125761 0.8786887098 54.9263740889 8.6827052897 6.0630293786 -0.0135325067
45541 316314.27 113.8446137516 34.084292121 3776729.525166 762583.7613416 56.4831010355 0.2753127539 0.867326774 54.8293734635 8.6925925813 6.0940699984 0.0159841072
45542 316314.37 113.8446231663 34.0842976262 3776730.1603230014 762584.6136577 56.4872155972 0.2866435782 0.89001237 54.7271939153 8.6982927638 6.1092504491 0.0339295124
45543 316314.47 113.8446325844 34.0843031532 3776730.797914 762585.4662227 56.4914705996 0.2733061507 0.8583496951 54.631387159 8.6950564759 6.143621455 0.0349471869
45544 316314.57 113.8446419943 34.0843087002 3776731.437693 762586.3179645998 56.4955422059 0.266491943 0.8943785148 54.5343071879 8.6912247286 6.1477131553 0.0482130585
45545 316314.67 113.8446513955 34.0843142533 3776732.078134 762587.1688908002 56.5014720522 0.0875017048 0.8422610573 54.4214579626 8.6644912687 6.1645385374 0.0863629774
45546 316314.77 113.8446607664 34.0843198191 3776732.719901 762588.0169745998 56.5071738847 -0.1499908697 0.8820581078 54.3246791088 8.647451934 6.1712880886 0.0264101546
45547 316314.87 113.8446701194 34.0843253872 3776733.3618870014 762588.8633995998 56.5049592713 -0.0284502706 0.8636577522 54.227977631 8.6255478372 6.1711963434 -0.0383489368
45548 316314.97 113.8446794461 34.0843309684 3776734.00525 762589.7073552 56.5007379251 0.1436132471 0.8140986451 54.1462161088 8.601461917 6.1915528261 -0.0149231332
45549 316315.07 113.8446887419 34.0843365504 3776734.648626 762590.548462 56.5025167847 0.2221292725 0.7518699276 54.0589573208 8.5758886527 6.1808247606 0.0978970258
45550 316315.17 113.8446980025 34.0843421341 3776735.292103 762591.3863045 56.5084679425 0.1367340648 0.7350754821 53.9901947134 8.5421951591 6.1830538106 0.0654689438
45551 316315.27 113.8447072323 34.0843477134 3776735.935008 762592.2213143002 56.5126856044 0.0930446305 0.7367368297 53.9327231288 8.5148083297 6.1786964552 0.0185146503
45552 316315.37 113.8447164368 34.0843532887 3776736.577409 762593.0540035998 56.5139586078 0.133370174 0.7287740125 53.8714690335 8.4893808835 6.1751455301 -0.0002342455
45553 316315.47 113.8447256136 34.084358855 3776737.218729 762593.8841659002 56.515286535 0.1575625314 0.7292740993 53.8076949029 8.4669701095 6.1607911584 0.0218607011
45554 316315.57 113.8447347606 34.0843644178 3776737.859601 762594.7115883002 56.519025147 -0.0032372898 0.7385090572 53.7430961736 8.4296649589 6.1632190452 0.0417781187
45555 316315.67 113.844743882 34.0843699766 3776738.499953 762595.5366564 56.5226882016 -0.1540923983 0.7441912931 53.6759863925 8.4158582035 6.1495288266 0.0210755039
45556 316315.77 113.8447529775 34.0843755352 3776739.140219 762596.3593255 56.5213063462 -0.1309447602 0.7120065791 53.5980970439 8.3873029994 6.1603641098 -0.0398464373
45557 316315.87 113.8447620482 34.0843810928 3776739.780308 762597.1797161 56.5170849208 -0.0506521448 0.7615305089 53.4964910038 8.3708998872 6.1483148874 -0.0442522722
45558 316315.97 113.8447710893 34.0843866488 3776740.420146 762597.9973782 56.5148476176 0.0290833944 0.7134101537 53.3623380304 8.3328091927 6.1653493323 -0.0013858289
45559 316316.07 113.8447800885 34.0843922175 3776741.061283 762598.811132 56.5151301399 0.0606198189 0.7103118209 53.2330118517 8.2964846746 6.1714230881 -0.003574006
45560 316316.17 113.8447890546 34.0843977882 3776741.702559 762599.6218234998 56.515643714 0.0746360361 0.6574122063 53.0953290652 8.259289225 6.1770375893 0.0061414766
45561 316316.23 113.8447944143 34.0844011346 3776742.08771 762600.1063798 56.5169780496 0.0684871954 0.655532257 53.0203220858 8.2442896026 6.1803094317 0.0326629086
45562 316316.33 113.8448033197 34.0844067125 3776742.729627 762600.9114430002 56.5188480876 0.1206997827 0.6466741184 52.8927746351 8.2158686928 6.1797687595 0.0168924792
45563 316316.43 113.8448121886 34.0844122907 3776743.371483 762601.713133 56.5200973535 0.1494742221 0.635858506 52.7575975112 8.1739209248 6.1840941266 0.0234386986
45564 316316.53 113.8448210174 34.0844178714 3776744.013525 762602.5111191998 56.5230614645 0.0610710056 0.6610020877 52.6282522714 8.1417272457 6.1779364869 0.0454113473
45565 316316.63 113.8448298068 34.0844234528 3776744.655525 762603.3054607 56.527095926 -0.0652789054 0.6427783286 52.4926368927 8.1004690708 6.1867107251 0.0484914235
45566 316316.73 113.8448385539 34.0844290391 3776745.297969002 762604.0958833002 56.5288700033 -0.0859152421 0.657040354 52.3697335992 8.0641314076 6.1893879021 0.0098201653
45567 316316.83 113.8448472656 34.0844346214 3776745.939879 762604.8830413 56.5279975524 -0.0426861066 0.6485026862 52.2376470129 8.0284946772 6.1840918112 -0.012430161
45568 316316.93 113.8448559335 34.0844402041 3776746.581719 762605.6661582 56.5268235384 -0.040693843 0.6675358691 52.1106313726 7.9907515764 6.1789276482 -0.0099047727
45569 316317.03 113.8448645638 34.0844457802 3776747.222729 762606.4458253002 56.5264161145 0.0054996339 0.6923871792 51.9865511952 7.9513192976 6.1775607609 -0.00157414
45570 316317.13 113.8448731425 34.0844513609 3776747.864126 762607.220715 56.5264098598 0.056987725 0.7315433201 51.8908716409 7.904827249 6.1769792481 0.0031079186
45571 316317.23 113.8448816844 34.0844569329 3776748.50445 762607.9922266 56.5272111706 0.0937698097 0.7218255425 51.7944647469 7.8732548847 6.1654823805 0.0144273951
45572 316317.34 113.8448910299 34.0844630549 3776749.207884 762608.8362424 56.5293145273 0.1341109576 0.7119808128 51.7114893436 7.8330270457 6.161063464 0.0279976879
45573 316317.45 113.8449003264 34.0844691634 3776749.909689 762609.6757845002 56.5322212186 0.1849879873 0.6944790401 51.6736052653 7.7910608059 6.1411802468 0.0328727659
45574 316317.56 113.8449095784 34.084475254 3776750.6094 762610.5112585998 56.535692757 0.167032869 0.6891324781 51.6754684361 7.7567722602 6.1195639363 0.0499935616
45575 316317.67 113.8449187977 34.084481316 3776751.305855 762611.34381 56.5409870334 0.1028874493 0.7023637566 51.6866104607 7.7351309378 6.0856528502 0.0482708811
45576 316317.78 113.8449279885 34.084487353 3776751.999455998 762612.1738063 56.5440855799 0.1332522062 0.7323891966 51.7157012703 7.7139640017 6.06571677 0.0123728216
45577 316317.89 113.8449371493 34.0844933631 3776752.689993 762613.0011186998 56.545274362 0.1353236937 0.742845871 51.7756847536 7.6854643852 6.0332524704 0.0233241604
45578 316318.0 113.8449462776 34.0844993399 3776753.376758 762613.825526 56.5488368384 0.0601143149 0.7869656703 51.846731853 7.6575027613 6.0019677469 0.0449844048
45579 316318.11 113.8449553691 34.0845052803 3776754.059379 762614.6466476 56.5518771345 0.0117883605 0.7946458449 51.9362192281 7.6183047739 5.9571954494 0.0075431765
45580 316318.22 113.8449644169 34.0845111758 3776754.736913 762615.4638758 56.5520171728 0.1158774574 0.7933254984 52.0359083223 7.5710153721 5.9064100634 0.0024903669
45581 316318.33 113.8449734162 34.0845170191 3776755.408529 762616.276793 56.552938207 0.1259759665 0.7971545173 52.1466810316 7.539202674 5.8521217863 0.0069483445
45582 316318.44 113.8449823598 34.0845228049 3776756.073613 762617.0847348 56.556550811 0.0748755879 0.7635287249 52.2587802148 7.480374825 5.7928550466 0.024371791
45583 316318.55 113.8449912511 34.08452853 3776756.731833 762617.8880405 56.5614920901 -0.0483345537 0.7860779249 52.3852819029 7.4502584916 5.7280742023 0.0376342154
45584 316318.66 113.8450000985 34.0845342056 3776757.384451 762618.6874396 56.5638460033 -0.1583765965 0.7652818248 52.5126379633 7.4223211522 5.6976002184 0.0247269636
45585 316318.72 113.8450049122 34.0845372853 3776757.738606 762619.1224035 56.5636081174 -0.1628789432 0.765536892 52.5785142665 7.4078144856 5.6669592412 0.007713379
45586 316318.83 113.8450137293 34.0845428969 3776758.384043 762619.9192119002 56.5618108157 -0.0921676091 0.7251100074 52.688702043 7.3978188977 5.6326259059 -0.0371773512
45587 316318.94 113.8450225242 34.0845484775 3776759.025975 762620.7140554 56.5591360936 0.0824729739 0.706307605 52.8173798562 7.3838277751 5.6027771721 -0.0145479601
45588 316319.05 113.8450312994 34.0845540233 3776759.664001 762621.5071985 56.558309623 0.1530161672 0.7113096324 52.9431013959 7.3715659619 5.5609004092 0.0221949965
45589 316319.16 113.8450400548 34.0845595299 3776760.297621 762622.298622 56.5604366492 0.0990145121 0.7419085266 53.0467259151 7.3443322871 5.5209173899 0.0420329824
45590 316319.27 113.8450487924 34.0845650055 3776760.9277550015 762623.0885029 56.5646413136 -0.0080078289 0.773734685 53.1526833068 7.3353881055 5.4893973615 0.0379984171
45591 316319.38 113.8450575167 34.0845704474 3776761.554113 762623.8772643 56.5665640719 -0.057032041 0.819021813 53.236372014 7.3261015529 5.4616644924 0.0016931178
45592 316319.49 113.8450662201 34.0845758624 3776762.177444 762624.6641748 56.5649254527 -0.0120681035 0.8595295435 53.305090408 7.3003191915 5.4343994821 -0.0231315058
45593 316319.6 113.8450749037 34.0845812517 3776762.797858 762625.4493339001 56.5631712535 0.1452611183 0.8452416556 53.3363071954 7.284812109 5.4085063047 -0.0008514571
45594 316319.72 113.8450843416 34.0845871119 3776763.4724800014 762626.3026985 56.5635576043 0.1305424422 0.8658098282 53.3547905584 7.2595057092 5.3926790135 0.0222321989
45595 316319.84 113.8450937465 34.0845929476 3776764.144298 762627.1530814 56.5677994061 -0.0460964848 0.7984964859 53.3492073802 7.2276298425 5.374879784 0.0289162522
45596 316319.96 113.8451031181 34.0845987677 3776764.814293 762628.0004421 56.5704200277 -0.2226024827 0.857175726 53.3275614089 7.2122357492 5.3581238845 0.002947815
45597 316320.08 113.8451124733 34.0846045599 3776765.481153 762628.8463665999 56.5669511072 -0.1978091249 0.8943664139 53.2430665746 7.188106532 5.3421487623 -0.0452356856
45598 316320.2 113.8451217851 34.0846103483 3776766.147476 762629.688302 56.561192832 -0.0595078008 1.0043026491 53.1232805836 7.1513363455 5.3412591418 -0.0266669571
45599 316320.32 113.8451310569 34.0846161251 3776766.81241 762630.5265801 56.5569151668 0.0943453371 1.0678149101 52.9432292687 7.1143218122 5.3370956091 -0.0149076692
45600 316320.44 113.8451402648 34.0846219125 3776767.478365 762631.3589257 56.5569259422 0.1691846709 1.1180045018 52.7429467136 7.0630678637 5.3467515408 0.0206329884
45601 316320.55 113.8451486575 34.0846272268 3776768.089708 762632.1174540998 56.5592669286 0.168019602 1.1057705923 52.5282555543 7.0237973132 5.3595856694 0.0469128163
