46613 316640.4 113.8443183352 34.084171602 3776715.390783998 762556.8557314 56.5078393556 0.28524752 1.0233556239 60.2807519115 8.6184049606 4.8929581647 0.0482549943
46614 316640.48 113.8443258238 34.0841751522 3776715.80402 762557.5362358001 56.5111089973 0.2347156242 1.0671599015 60.0763641951 8.6457644833 4.9305360035 0.0508483955
46615 316640.59 113.8443361473 34.0841800906 3776716.378609 762558.4742218 56.5136110978 0.3310231905 1.047281295 59.7954932539 8.6797462606 5.0286435797 0.0035869036
46616 316640.69 113.84434555 34.0841846452 3776716.908244998 762559.3283748 56.5149447424 0.3853755678 1.0119307041 59.5403777573 8.6940839819 5.0751854787 0.0212347931
46617 316640.79 113.8443549754 34.0841892507 3776717.443583 762560.1844627 56.5187772997 0.3885467372 1.0134535005 59.266395891 8.7074171514 5.1323202279 0.0601994267
46618 316640.89 113.8443644175 34.0841939143 3776717.985408 762561.0419098 56.5249878056 0.4745323213 1.0598511458 59.018738729 8.7237443429 5.1918229407 0.0989722605
46619 316640.99 113.8443738826 34.0841986285 3776718.532912 762561.9013271 56.5291065816 0.5542548807 1.007573343 58.7657061342 8.7454252635 5.2591241464 0.0717680786
46620 316641.09 113.8443833483 34.0842034 3776719.086776 762562.7606237 56.532964915 0.6840929971 1.0267156659 58.5364488391 8.7496294374 5.3178203374 0.0653593763
46621 316641.19 113.8443928274 34.0842082087 3776719.644797 762563.6210454 56.5424353601 0.5111021368 1.0250750259 58.2974835012 8.7597678531 5.3647313574 0.1183345962
46622 316641.29 113.8444023214 34.0842130796 3776720.209769 762564.4826498 56.5520634418 0.2744176972 0.9553649082 58.1177163185 8.7718405755 5.4435235122 0.0883912595
46623 316641.39 113.8444118374 34.0842180025 3776720.780561 762565.346116 56.5567369228 0.220808828 0.8905201229 57.9629030053 8.8053966553 5.4817152095 0.0152168801
46624 316641.49 113.8444213865 34.0842229672 3776721.356083 762566.2125149 56.5559237516 0.319416793 0.8453045134 57.8164436245 8.8318844408 5.5340356653 -0.0119006746
46625 316641.59 113.8444309653 34.0842279709 3776721.9360050014 762567.0815398 56.5560935065 0.344516331 0.8216764876 57.6576672419 8.8635744953 5.5666099377 0.0420562869
46626 316641.69 113.84444057 34.0842330136 3776722.520329 762567.9528318002 56.5613647196 0.2031269252 0.8356031615 57.5002169061 8.8834517752 5.6239563501 0.0737273286
46627 316641.76 113.8444473093 34.0842365717 3776722.932517 762568.5641306 56.5645024004 0.0825157678 0.8912833893 57.3985338801 8.9041040489 5.6526630692 0.0416230654
46628 316641.86 113.8444569643 34.084241687 3776723.525017 762569.4398431998 56.5651193028 0.013204692 0.8597292263 57.2340930342 8.9268167671 5.705680097 -0.0117907291
46629 316641.96 113.8444666429 34.0842468539 3776724.12331 762570.3175692 56.5627972055 0.0009285482 0.8906896907 57.0890439832 8.954260924 5.7542628712 -0.0192955219
46630 316642.06 113.8444763521 34.0842520676 3776724.726883 762571.1979876 56.5600068578 0.0284530846 0.8651965025 56.9380944347 8.9788093521 5.8123287745 -0.0148592258
46631 316642.16 113.8444860868 34.0842573479 3776725.337896 762572.0805475998 56.5572855314 0.0557212556 0.8827885911 56.7954648274 9.002265334 5.8657929845 -0.0258872454
46632 316642.26 113.8444958534 34.0842626663 3776725.953234 762572.9659317 56.554194836 0.1729853483 0.8769414086 56.6386002344 9.0358594562 5.9073060128 0.0135103249
46633 316642.36 113.8445056424 34.0842680328 3776726.573964 762573.8532476998 56.5528786313 0.217119522 0.9204861699 56.4962590383 9.0520227552 5.9638038536 0.0096804883
46634 316642.46 113.8445154609 34.0842734368 3776727.198919 762574.7431614002 56.5537209641 0.1664268936 0.9649307873 56.342110236 9.0797210679 6.0018441684 0.0133555396
46635 316642.56 113.8445253001 34.0842788869 3776727.829061 762575.6348485 56.5538266217 0.2030776774 1.009700015 56.2043777941 9.0902747774 6.0554389744 0.0245056663
46636 316642.66 113.8445351577 34.0842843716 3776728.463076 762576.5281256 56.5538778175 0.2727363917 1.049110289 56.0715780361 9.1106684181 6.0855871587 0.0186703749
46637 316642.76 113.8445450225 34.0842898914 3776729.101014 762577.4219576998 56.5552122472 0.2710214521 1.0868711132 55.9631226054 9.1100627483 6.1251043244 0.0406727406
46638 316642.86 113.8445548942 34.0842954368 3776729.741809 762578.31635 56.5587665895 0.1627128967 1.072087889 55.8480392222 9.117205026 6.1436385252 0.067948984
46639 316642.96 113.8445647645 34.08430101 3776730.385682 762579.2105276998 56.5623353208 0.0213933368 1.0323251553 55.752039345 9.1084306919 6.183425007 0.0368692418
46640 316643.06 113.8445746359 34.0843066031 3776731.031767 762580.1047416 56.5624550497 0.0765392871 1.043269221 55.6691751183 9.1139503586 6.1974443895 -0.0169265575
46641 316643.16 113.8445845107 34.0843122012 3776731.678416 762580.9992603002 56.5598230902 0.2631969721 1.0031775534 55.5969341122 9.1110216302 6.2215883502 -0.0019112662
46642 316643.26 113.844594378 34.0843178086 3776732.326077 762581.8930507 56.5633281311 0.2398944306 1.0166636213 55.5065538887 9.1065179384 6.2191175969 0.0866608202
46643 316643.36 113.8446042412 34.0843234256 3776732.9748 762582.7864404 56.5700928923 0.1895000694 1.0383727714 55.4137780156 9.1019995192 6.2444225963 0.0642657131
46644 316643.4 113.8446081824 34.0843256771 3776733.234796 762583.1434024 56.572203246 0.1887780446 1.0486601107 55.3769440024 9.0953155998 6.2505810041 0.0489054847
46645 316643.5 113.8446180298 34.0843313179 3776733.886118 762584.0352544001 56.5749873156 0.2463879187 1.0285247707 55.2907456428 9.0853953479 6.2678820866 0.0282979825
46646 316643.6 113.8446278635 34.084336976 3776734.539327 762584.9257886999 56.5790788233 0.1441808307 1.0284086648 55.2133659816 9.0750805226 6.2851181363 0.0614088251
46647 316643.7 113.8446376903 34.0843426448 3776735.193698 762585.8156486 56.5844702069 -0.0512198083 0.9698473597 55.1258117816 9.0709666346 6.2972377915 0.0539646155
46648 316643.8 113.8446475099 34.0843483304 3776735.849916 762586.7047966998 56.5855703363 -0.0543113991 0.9379741089 55.027687048 9.0591192315 6.3143988552 -0.0171804821
46649 316643.9 113.8446573283 34.084354026 3776736.507242 762587.5937966 56.5831382293 0.0476373416 0.9660077986 54.899542021 9.0579477322 6.3234544546 -0.0295102266
46650 316644.0 113.8446671369 34.0843597457 3776737.16722 762588.4818216 56.5817757724 0.177906316 0.9782373608 54.7720463269 9.0437887854 6.3536447961 0.0423446335
46651 316644.1 113.8446769165 34.0843654984 3776737.830787 762589.3670662 56.5851013809 0.1649970729 0.942122696 54.6345705942 9.0383418758 6.3848057281 0.0737311018
46652 316644.2 113.8446866793 34.084371285 3776738.498066 762590.250663 56.5879621944 0.2051525827 0.8949705533 54.5110611143 9.0349189421 6.4213846074 0.0362643437
46653 316644.3 113.8446964391 34.0843770972 3776739.168175 762591.133889 56.5884620212 0.280817469 0.9167210884 54.3768157515 9.0364646529 6.4477416061 0.0072335806
46654 316644.4 113.8447061971 34.0843829337 3776739.840988 762592.0168845998 56.5896643931 0.2399353931 0.925538713 54.230342757 9.0174740895 6.4772628924 0.0040954408
46655 316644.49 113.844714979 34.0843882086 3776740.448968 762592.8114803 56.594703597 -0.0404622856 0.958064976 54.0824472927 9.0285465811 6.506818228 0.0779487165
46656 316644.58 113.8447237555 34.0843935127 3776741.060164 762593.6054868 56.59594322 -0.01387835 0.9956617572 53.9389232174 9.0284778979 6.5500232639 0.0174336104
46657 316644.67 113.8447325356 34.0843988387 3776741.673804 762594.3997571 56.5931056216 -0.0168194647 1.003926803 53.7612853223 9.0237671265 6.5614536261 -0.0325278583
46658 316644.76 113.8447413099 34.0844041968 3776742.290989 762595.1933983002 56.5891406741 -0.0229998914 0.9838446031 53.5836177691 9.0060087055 6.6195625284 -0.0430996472
46659 316644.85 113.8447500707 34.0844095905 3776742.912094998 762595.9856736 56.5866955342 0.0512543318 1.0047342804 53.4086161695 9.0004414762 6.646241277 -0.0346289446
46660 316644.88 113.8447529902 34.0844113941 3776743.119756 762596.2496835 56.5856187819 0.0598498107 0.9775854862 53.3393245355 9.0022912818 6.6619370731 -0.0253949779
46661 316644.97 113.8447617406 34.0844168307 3776743.745597 762597.0408679 56.5824054899 0.2108697694 0.9204212091 53.1545119175 8.9822457581 6.7155038662 -0.0222062875
46662 316645.06 113.8447704829 34.0844222951 3776744.374501 762597.8312259 56.5825881688 0.2152577366 0.9397731725 52.955314487 8.9747218342 6.734573358 0.0389915825
46663 316645.15 113.8447792149 34.0844277858 3776745.006301 762598.6205413 56.5861307355 0.1759456156 0.9127242088 52.7531770912 8.9628100408 6.7883131513 0.0720429735
46664 316645.24 113.8447879333 34.0844333115 3776745.641943 762599.408502 56.5884192698 0.1771443463 0.9335852743 52.5687483888 8.9543178529 6.8185376232 0.0165344739
46665 316645.33 113.8447966457 34.0844388676 3776746.2809480014 762600.1958069998 56.5880843736 0.2217624771 0.9066540531 52.3813199369 8.9458651485 6.8630408571 0.0054924594
46666 316645.42 113.8448053441 34.0844444558 3776746.923472 762600.9817277 56.5896145226 0.1730998306 0.9151922902 52.2092585747 8.9248688149 6.8961623671 0.0399696399
46667 316645.51 113.8448140344 34.084450072 3776747.5690910006 762601.7668056 56.5926565416 0.0405452835 0.8740718452 52.0399233451 8.9191869766 6.9301098746 0.0343759977
46668 316645.6 113.8448227164 34.0844557211 3776748.218335 762602.5510262 56.5923228394 0.0410512634 0.9012763632 51.8903936487 8.9160582525 6.969086045 -0.0376506742
46669 316645.69 113.8448313976 34.0844613929 3776748.8700910006 762603.3350932 56.5892284066 0.1503915823 0.866360201 51.733619552 8.9119438595 7.000720071 -0.0150532366
46670 316645.78 113.8448400654 34.0844670953 3776749.525224 762604.1178354 56.5878832247 0.2379397387 0.9078522488 51.591919327 8.8967521396 7.0371078604 0.0241495434
46671 316645.87 113.8448487324 34.084472812 3776750.181924 762604.9004497 56.590587602 0.2466297733 0.9479628831 51.4330213434 8.9034753442 7.0480615687 0.0562202387
46672 316645.89 113.8448506581 34.0844740856 3776750.328221 762605.0743299 56.5913786329 0.2312725897 0.9486699882 51.4017702555 8.8985977603 7.0598849653 0.0531198712
46673 316645.98 113.8448593131 34.0844798402 3776750.989109 762605.8557233 56.5937949549 0.2644398722 0.9730534507 51.2809310548 8.883387708 7.1045396109 0.0540607266
46674 316646.07 113.8448679681 34.0844856123 3776751.651932 762606.6370618 56.5964707294 0.3098867948 0.9796998581 51.1624512496 8.8861878831 7.1220407807 0.0519184583
46675 316646.16 113.8448766266 34.0844914026 3776752.316793 762607.4186673 56.6013239659 0.3602776257 1.01383055 51.0633779581 8.8743212506 7.1478817262 0.0512256324
46676 316646.25 113.8448852855 34.0844972112 3776752.983678 762608.2002543 56.6057234621 0.4184635871 1.067347878 50.9719164885 8.8815925793 7.1656741733 0.0588350759
46677 316646.34 113.8448939414 34.0845030358 3776753.652331 762608.981522 56.6115868296 0.4160312589 1.0379665563 50.8866431503 8.871110266 7.1936035875 0.0761805698
46678 316646.43 113.8449025903 34.0845088803 3776754.323174 762609.7620727 56.619513534 0.3385328387 1.0228365209 50.8200836589 8.8675312732 7.2095524327 0.0950170045
46679 316646.52 113.8449112406 34.0845147401 3776754.995722 762610.5427106 56.625945325 0.2876304265 1.0038896401 50.7747990144 8.8692271321 7.2313241109 0.0549061516
46680 316646.61 113.8449198921 34.0845206155 3776755.670001 762611.3234045 56.6299932711 0.3150982928 1.020617242 50.7614511508 8.8753802018 7.2421238438 0.0555394623
46681 316646.7 113.8449285545 34.0845264974 3776756.3450339986 762612.1050861998 56.6332213925 0.33501859 0.9548446228 50.7336584323 8.8875140359 7.2537063719 0.0269877238
46682 316646.79 113.8449372225 34.0845323874 3776757.020982 762612.8872665998 56.6383658079 0.2648137249 0.9952445036 50.7044124983 8.8903668277 7.2586748629 0.0622987869
46683 316646.88 113.8449459025 34.0845382816 3776757.6974269985 762613.6705343 56.6449997937 0.1862440564 0.9812827578 50.6734283346 8.9002913591 7.2712081689 0.0743830442
46684 316646.97 113.8449545843 34.0845441943 3776758.375919 762614.4539129002 56.6482428769 0.2130822668 0.964533068 50.6824398719 8.906413515 7.2924479206 0.0317273895
46685 316647.06 113.8449632751 34.0845501153 3776759.055371 762615.2380928 56.650161379 0.2551471073 0.9698142051 50.7010693999 8.91671205 7.2974857161 0.0214450764
46686 316647.15 113.8449719777 34.0845560398 3776759.735226 762616.023363 56.6540014772 0.1500498266 0.9135327752 50.72697566 8.9276416702 7.3050016014 0.0632913422
46687 316647.24 113.8449806915 34.0845619705 3776760.415811 762616.8096431 56.6582302777 0.0382148946 0.8702991858 50.7680418375 8.9458243433 7.3071100848 0.0575081714
46688 316647.33 113.8449894268 34.0845679014 3776761.096465 762617.5978979998 56.6606733818 -0.006783433 0.8590179955 50.8167257291 8.9686705578 7.3095777176 -0.0014620348
46689 316647.42 113.8449981818 34.0845738337 3776761.777328 762618.3879813001 56.6590999384 0.0715224063 0.8597310684 50.8884197238 8.9884430947 7.3086159413 -0.0275100693
46690 316647.51 113.8450069517 34.0845797634 3776762.457947 762619.1794379002 56.6569330413 0.1973196875 0.8254276904 50.9898200417 8.9959651644 7.3057907135 -0.0221586532
46691 316647.6 113.8450157312 34.0845856826 3776763.137419998 762619.9718198002 56.6590223834 0.2293601035 0.8745848335 51.1111826513 9.0165381084 7.2776549174 0.0303844816
46692 316647.69 113.845024525 34.0845915777 3776763.814247 762620.7655976998 56.6648658384 0.1791174298 0.8691615974 51.2446061254 9.0217249945 7.2551242077 0.0847216372
46693 316647.78 113.845033321 34.0845974497 3776764.48853 762621.5596465998 56.6708100364 0.1780671692 0.8451324365 51.4068158499 9.0310966158 7.2180108346 0.0751188707
46694 316647.87 113.8450421245 34.0846032967 3776765.160049 762622.3544649 56.675492689 0.1374136946 0.7951213855 51.5788476293 9.0349071884 7.1929815124 0.0439346082
46695 316647.96 113.8450509342 34.0846091156 3776765.82847 762623.1499436 56.6790370941 0.0562114936 0.7410682952 51.7576680421 9.0374157001 7.1509464817 0.0248696585
46696 316648.05 113.8450597505 34.0846149062 3776766.493763 762623.9461106 56.6828164048 0.009522768 0.6883175469 51.947154019 9.0466628255 7.1183375907 0.0366769426
46697 316648.14 113.8450685698 34.0846206607 3776767.15506 762624.7426735 56.6844979227 0.0521049982 0.6622144864 52.1453475092 9.0589661644 7.0648454403 0.0433796488
46698 316648.23 113.8450773973 34.0846263757 3776767.811999 762625.5401228 56.6863232041 -0.003980623 0.620856298 52.3481298144 9.0593696167 7.0195880496 0.024055888
46699 316648.32 113.8450862338 34.0846320559 3776768.46509 762626.3384995 56.6885707146 -0.0819042994 0.6524381705 52.5662859562 9.0742855672 6.9729559048 0.0251924136
46700 316648.33 113.8450872162 34.0846326844 3776768.537373 762626.4272658002 56.6887288112 -0.0760685066 0.6610973474 52.5890146116 9.0736897989 6.9670066599 0.0196152463
46701 316648.42 113.8450960659 34.0846383175 3776769.185274 762627.2270141 56.6901352443 -0.0607863336 0.6452409869 52.8020225787 9.0832638493 6.9170802092 0.0062945912
46702 316648.51 113.8451049238 34.0846439184 3776769.829625 762628.0276205 56.6892284332 0.1162168588 0.6377602773 53.0297531392 9.0915362368 6.8753889803 0.0009172561
46703 316648.6 113.8451137887 34.0846494787 3776770.469491998 762628.8289914002 56.6891328683 0.2691117453 0.6417865381 53.2520781646 9.1001577974 6.820675855 0.0301940024
46704 316648.69 113.8451226602 34.0846549958 3776771.104575 762629.6311033001 56.6955586057 0.1854148638 0.6535976193 53.4672788931 9.1050922443 6.7736049429 0.106066676
46705 316648.78 113.8451315344 34.0846604745 3776771.735404 762630.4335904 56.7028428419 0.0274394196 0.6706440212 53.6916701396 9.1051538291 6.7188147399 0.0773741461
46706 316648.87 113.845140413 34.0846659118 3776772.361651 762631.2366071 56.708062321 -0.1634531619 0.6767238786 53.9023522295 9.0987322553 6.6767986779 0.0337477792
46707 316648.96 113.8451493008 34.0846713091 3776772.983492 762632.0405963 56.7080398286 -0.0390358246 0.7568097918 54.1111548934 9.132472052 6.6234164679 -0.0024427604
46708 316649.05 113.845158189 34.0846766572 3776773.599861 762632.8447824002 56.7074350677 -0.0325380486 0.7188405463 54.2949385948 9.1095015038 6.5746147658 0.0220725082
46709 316649.12 113.8451650907 34.084680795 3776774.076817 762633.4692755 56.7094237581 -0.1732437641 0.8215146594 54.424210728 9.1140526895 6.5359691432 0.096786555
46710 316649.21 113.845173966 34.0846860745 3776774.6855440014 762634.2724785 56.7091022292 -0.1156539344 0.8752193552 54.5795923202 9.1104047756 6.4840837434 -0.0213130436
46711 316649.3 113.8451828288 34.0846913255 3776775.291071 762635.0746074 56.707858366 -0.0870698196 0.8419556181 54.7465660172 9.0845955442 6.4528480946 -0.0005549692
46712 316649.39 113.8451916754 34.0846965434 3776775.892899 762635.8753548 56.7085265955 -0.0821648657 0.8260994498 54.8908466629 9.0764244151 6.4051237281 0.0127691296
46713 316649.49 113.8452014947 34.0847022959 3776776.556544998 762636.7642511 56.7098019179 -0.1097009257 0.8026637383 55.0277063894 9.0602654862 6.3596615416 -0.0090099067
46714 316649.59 113.8452112948 34.0847080097 3776777.2158449986 762637.6515091 56.7084883172 -0.0266086472 0.8166914693 55.1552298154 9.0474460476 6.3158161038 -0.0216174926
46715 316649.69 113.8452210713 34.0847136809 3776777.870358 762638.5367124 56.7081818357 0.0225744133 0.8692765537 55.2570920163 9.0192630403 6.2661249394 0.0145280905
46716 316649.79 113.8452308175 34.0847193097 3776778.52009 762639.4192455999 56.7107335487 0.0085407972 0.9290682435 55.3034606334 8.99242284 6.2173370715 0.0525671501
46717 316649.89 113.8452405225 34.0847249026 3776779.16574 762640.2980915 56.7148796394 -0.0550180864 0.9745028114 55.3139189852 8.9385995974 6.1881055279 0.0528503181
46718 316649.99 113.8452501748 34.0847304691 3776779.808312 762641.1721523 56.7170853559 -0.0889862868 1.0093851662 55.2866450056 8.8948354611 6.1551412052 0.0383693923
46719 316650.09 113.8452597718 34.0847360099 3776780.4478940014 762642.0411788 56.7180149965 -0.078551111 1.0415090097 55.2149437896 8.8335416866 6.1360603466 0.024775577
46720 316650.19 113.8452693071 34.0847415298 3776781.085001 762642.9045856999 56.7183744554 -0.0830033328 1.0565814758 55.0849478028 8.7723807172 6.1124027062 0.0037611105
46721 316650.29 113.8452787721 34.0847470376 3776781.720591998 762643.7615227 56.7190987356 -0.1630243424 1.0777880457 54.9180001215 8.7033109086 6.1015973963 0.0196768704
46722 316650.39 113.8452881499 34.0847525324 3776782.354501 762644.6104617 56.7200950403 -0.2370678385 1.0960543201 54.7156180897 8.6167915716 6.0809502301 0.0053732845
46723 316650.49 113.8452974233 34.0847580034 3776782.985504 762645.4498258 56.7190475222 -0.1158202732 1.1767825559 54.4874243714 8.5104882381 6.0540694257 -0.0249033416
46724 316650.59 113.8453065732 34.0847634424 3776783.612642 762646.2778910998 56.7170540746 -0.0082316609 1.2157537003 54.2275673189 8.3905902132 6.007229646 0.0046793658
46725 316650.69 113.8453155835 34.0847688554 3776784.236541 762647.0931379001 56.7219042378 -0.0650467925 1.2233652356 53.9395591894 8.2543611936 5.9920711654 0.0858119436
46726 316650.79 113.8453244599 34.0847742451 3776784.857495 762647.8961024998 56.7266725767 -0.0223994792 1.2876906549 53.6343072591 8.1392759977 5.9579989921 0.0353748303
46727 316650.89 113.8453332096 34.0847796141 3776785.475832 762648.6874283002 56.7280396474 0.1070837348 1.3074702727 53.3076464314 8.0260898446 5.948927043 0.0237195808
46728 316651.0 113.8453427204 34.0847855246 3776786.156225 762649.5473577 56.7322205799 0.1209618113 1.4252213718 52.8993641635 7.9473360959 5.9624352951 0.0653206802
46729 316651.11 113.8453521458 34.0847914593 3776786.839086 762650.399326 56.7340032989 0.0161686143 1.4457499613 52.4165181427 7.8613908644 6.0030438115 0.0679110334
46730 316651.22 113.845361475 34.0847974398 3776787.526773 762651.2422644 56.7330338918 -0.1078198532 1.6218150728 51.9169556292 7.7890053123 6.0420351201 0.0349967345
46731 316651.33 113.8453707157 34.0848034612 3776788.21878 762652.0769132 56.7275833162 -0.204631475 1.7241578304 51.3690685927 7.6994636019 6.0934739678 -0.013833783
46732 316651.44 113.8453798489 34.0848095425 3776788.917153 762652.9014443002 56.720922946 -0.1588844017 1.78269049 50.8081944236 7.6110416596 6.154156727 -0.0247678686
46733 316651.45 113.8453806746 34.0848100981 3776788.980935 762652.9759745 56.7202752614 -0.1124200982 1.7713059034 50.7558426642 7.6082256189 6.1588076406 -0.0127901951
46734 316651.56 113.8453896952 34.0848162442 3776789.686214 762653.7899089 56.7120966874 0.0131866505 1.8023196401 50.1653320575 7.5185393466 6.2252992228 -0.0248391551
46735 316651.67 113.8453986127 34.0848224477 3776790.3975949986 762654.5941446 56.704453175 0.1131692687 1.8675089106 49.5575499413 7.434880372 6.2724597744 0.0383101455
46736 316651.78 113.8454074174 34.0848287046 3776791.114608 762655.3878021 56.7049219264 -0.1008545429 1.8129908801 48.9155292275 7.3247828616 6.3408078003 0.0604134349
46737 316651.89 113.8454161087 34.0848350296 3776791.838894998 762656.1707813 56.7030025935 -0.1644700013 1.8402549382 48.2898268358 7.2407603318 6.3987706668 0.0209470251
46738 316651.96 113.8454215854 34.0848390858 3776792.303124 762656.6639473 56.6977037555 -0.1133919349 1.818337247 47.8938397626 7.1808613326 6.4432181654 -0.0443204179
46739 316652.07 113.84543011 34.0848455082 3776793.03779 762657.4312218 56.6893124674 -0.0166889017 1.8001902738 47.2840616748 7.0957595929 6.4977688981 -0.0200643566
46740 316652.18 113.8454385368 34.0848519853 3776793.778276 762658.1893095 56.6861676536 -0.0065490447 1.721392792 46.6699040794 6.997738512 6.5572907023 0.0151785477
46741 316652.29 113.8454468559 34.0848585173 3776794.524571 762658.9372787 56.6850313181 -0.0213704076 1.695110797 46.0576028076 6.9054905941 6.6128894171 0.01050481
46742 316652.4 113.845455089 34.0848651167 3776795.278133 762659.6770914 56.6818262087 0.0915545309 1.7252271198 45.4574629548 6.8507882266 6.6916301924 0.0070338841
46743 316652.51 113.8454632467 34.0848717943 3776796.040171 762660.4097095998 56.6787648881 0.1290790109 1.6686984921 44.8784520182 6.7786415035 6.7747811392 0.0056181097
46744 316652.62 113.8454713305 34.0848785513 3776796.810837 762661.1352536 56.6782955481 0.0020151141 1.6184019374 44.3213671281 6.7266493108 6.8503395704 0.0172097867
46745 316652.73 113.8454793499 34.0848853899 3776797.590387 762661.8546044001 56.6766993143 0.0374137211 1.5437145552 43.8312053938 6.6708655204 6.9345219263 -0.0038071813
46746 316652.82 113.8454858747 34.0848910404 3776798.234249 762662.4396125 56.6731645008 0.1096785546 1.5612202599 43.4604249194 6.6558281314 6.9857988011 -0.0203396205
46747 316652.93 113.8454938115 34.0848980045 3776799.027518 762663.1509448001 56.6691616028 0.1768042473 1.4944127619 43.0229670834 6.6104057233 7.0582072931 0.011639506
46748 316653.04 113.8455016946 34.084905041 3776799.828683 762663.8570948001 56.6692033457 0.1988749537 1.4915845565 42.6561926628 6.5753593197 7.1243103356 0.0447527802
46749 316653.15 113.8455095327 34.0849121342 3776800.636023 762664.5589157 56.6679559303 0.2376779171 1.4088906676 42.3329343608 6.5519245098 7.1896988313 0.0082350012
46750 316653.26 113.8455173483 34.0849192891 3776801.450159 762665.2584631 56.6674898425 0.175649586 1.3814085561 42.0431075616 6.5436207135 7.2407085422 0.0462953393
46751 316653.37 113.8455251598 34.0849264997 3776802.270462 762665.957464 56.6688575093 0.0551494243 1.3486547625 41.759651844 6.5356769208 7.3066370594 0.0165808716
46752 316653.48 113.8455329638 34.0849337789 3776803.098358 762666.6555531998 56.6659679562 0.0952848102 1.367824627 41.5293247696 6.5367668071 7.3723228874 -0.0276085908
46753 316653.59 113.84554077 34.0849411178 3776803.932885 762667.3536714001 56.6604159111 0.2444801674 1.3192361856 41.296616156 6.5336813401 7.4322497413 -0.0269990114
46754 316653.7 113.8455485773 34.0849485202 3776804.774467 762668.0516876 56.657839545 0.303349367 1.3302660445 41.0616815515 6.5409986487 7.4957531303 0.0205702322
46755 316653.81 113.8455563898 34.0849559799 3776805.622416 762668.750005 56.6598091396 0.1415257361 1.3505892092 40.7989878247 6.5435315397 7.5524540755 0.0558377945
46756 316653.87 113.8455606482 34.084960075 3776806.087832 762669.1305507 56.6614607628 0.0681373157 1.3681012687 40.6573653638 6.5361711598 7.5901643875 0.043871034
46757 316653.97 113.8455677438 34.0849669426 3776806.868225 762669.7645091 56.6599385301 0.1218225947 1.437954882 40.4039356588 6.5381963309 7.6463533687 -0.0353128212
46758 316654.07 113.845574836 34.084973861 3776807.654253 762670.3979953 56.654158785 0.2911027301 1.484734905 40.1121508213 6.531963503 7.7068894544 -0.0314407336
46759 316654.17 113.8455819058 34.0849808382 3776808.446747 762671.0292281 56.6530332491 0.3648811055 1.5137558802 39.7830332328 6.510556567 7.7777044048 0.044960599
46760 316654.27 113.8455889511 34.0849878736 3776809.24563 762671.6580172 56.6580353295 0.2833626064 1.5636261319 39.3991113192 6.4851735538 7.8437701555 0.0657087842
46761 316654.37 113.845595969 34.0849949745 3776810.051717 762672.284073 56.6621862622 0.2514189297 1.6357362418 38.9664940758 6.4580382535 7.9173790601 0.0390760355
46762 316654.47 113.8456029494 34.085002145 3776810.865436 762672.9064601 56.6629626416 0.3107908838 1.7092401099 38.4876443513 6.4179454329 7.997669262 0.0302140988
46763 316654.57 113.8456098816 34.085009389 3776811.687182 762673.524157 56.6649880502 0.2554370295 1.7676798138 37.9782240495 6.3683474986 8.0814341886 0.0367901718
46764 316654.67 113.8456167571 34.085016711 3776812.517444 762674.1363832 56.6684055096 0.1446739081 1.7487368322 37.4414368204 6.3140171874 8.1688013654 0.0591826866
46765 316654.71 113.8456194896 34.0850196631 3776812.852087 762674.3795657 56.6695653629 0.1034590538 1.7423615656 37.2269015397 6.2894331922 8.2106762917 0.0367723923
46766 316654.81 113.8456262776 34.085027102 3776813.695095 762674.9833504001 56.6705245143 0.0460876848 1.7786279844 36.6857587731 6.2324529611 8.2993995989 -0.0102266366
46767 316654.91 113.8456330088 34.0850346219 3776814.54695 762675.5816413 56.6670594076 0.1972885676 1.7613480912 36.1417292406 6.1784896717 8.390452409 -0.0249288914
46768 316655.01 113.8456396733 34.0850422234 3776815.407686 762676.1735199002 56.6638132501 0.3661447781 1.7718686182 35.5931621809 6.1174075952 8.4781186314 -0.0051890756
46769 316655.11 113.8456462849 34.0850498883 3776816.275319 762676.7603183001 56.6663961075 0.4551199576 1.8393233108 35.0039765282 6.0731676723 8.5456947567 0.0680796651
46770 316655.21 113.8456528265 34.0850576312 3776817.151427 762677.3404132 56.6729862122 0.539410784 1.9391038614 34.4118387039 5.9955680121 8.6449524835 0.084685907
46771 316655.31 113.8456592978 34.08506545 3776818.035781 762677.913782 56.6801989824 0.5477901371 2.0616412107 33.7892336956 5.9375003329 8.7237073491 0.0934613605
46772 316655.41 113.8456656845 34.085073348 3776818.9286980014 762678.4790869 56.6895604236 0.3374757137 2.0707022215 33.1409980186 5.8436429399 8.821753531 0.0960619405
46773 316655.47 113.8456694701 34.0850781283 3776819.468947 762678.8138578 56.694456365 0.2740203166 2.0471069296 32.7615949445 5.7920749443 8.8759825659 0.0677989206
46774 316655.57 113.8456756974 34.0850861695 3776820.377346 762679.3640125998 56.6986344047 0.2933988871 1.9225422866 32.1374203224 5.683994204 8.9824530355 -0.0097384396
46775 316655.67 113.8456818294 34.0850942983 3776821.295230998 762679.9050825 56.6981807221 0.4806699509 1.8233557849 31.5237589107 5.6156579694 9.070191944 0.0157112255
46776 316655.77 113.8456878717 34.0851025018 3776822.221171 762680.4376474 56.7033075467 0.4629768562 1.6566309906 30.8960380524 5.519021323 9.151961226 0.1433769811
46777 316655.87 113.8456938234 34.085110783 3776823.155502 762680.9616101 56.7133567305 0.2426835693 1.6232348648 30.2812235381 5.4536373297 9.239108442 0.0933816453
46778 316655.97 113.845699697 34.0851191387 3776824.097907 762681.4781302 56.7174604274 0.1504226504 1.6076703254 29.6972428166 5.3724725687 9.3209067849 -0.0057786917
46779 316656.07 113.8457054877 34.0851275737 3776825.048894 762681.9867458 56.7161995014 0.1995918231 1.6073362481 29.1705490816 5.3042639133 9.4015573096 -0.0106342856
46780 316656.16 113.845710627 34.0851352287 3776825.911639 762682.4376255 56.7155670421 0.2694875555 1.5300663671 28.7495740841 5.2341382913 9.4699164872 -0.0001255381
46781 316656.26 113.8457162642 34.085143803 3776826.877692 762682.9316353 56.7168012876 0.2843787788 1.4352754337 28.3738677577 5.1720004751 9.5489267851 0.0108403122
46782 316656.36 113.8457218481 34.0851524331 3776827.8498 762683.4205515998 56.7197132641 0.3243988638 1.2949872419 28.0950830559 5.135124972 9.6043433289 0.0672073977
46783 316656.46 113.8457273988 34.0851611146 3776828.827527 762683.9062462 56.7239511227 0.3693492818 1.2518060361 27.9041528708 5.1171834057 9.6561121365 0.0312144861
46784 316656.56 113.845732944 34.0851698332 3776829.809352 762684.3913204998 56.7270731358 0.3710779055 1.2173655194 27.7508140183 5.1117069576 9.6909080039 0.0515910286
46785 316656.66 113.8457384863 34.0851785864 3776830.795009 762684.8760109 56.7340093534 0.2644861319 1.301251609 27.6169205894 5.1159044261 9.7291192767 0.0825663885
46786 316656.76 113.8457440299 34.0851873772 3776831.784847 762685.3607073001 56.7375997677 0.2973420263 1.2982665477 27.5065918499 5.1118318802 9.7787462614 0.0132106656
46787 316656.86 113.845749559 34.0851962081 3776832.779096 762685.8439449002 56.7383324094 0.4060081906 1.3014891976 27.4626392697 5.1012924551 9.8122710128 0.0238049506
46788 316656.96 113.8457550929 34.0852050671 3776833.776485 762686.3275367 56.743510196 0.4116425134 1.2003906307 27.4574418615 5.1077721462 9.8402895773 0.0739365047
46789 316657.05 113.8457600773 34.0852130658 3776834.676976002 762686.7630535 56.7488719299 0.377637043 1.0691912818 27.511346078 5.1185763214 9.8730860806 0.0655874159
46790 316657.14 113.8457650817 34.0852210776 3776835.5789660006 762687.2003755 56.7535719182 0.3498907784 1.0228455989 27.6126679365 5.1490382026 9.8782573771 0.0371889387
46791 316657.23 113.8457701244 34.085229101 3776836.482361 762687.6411905 56.7576081604 0.3549592881 0.9726669042 27.7360690822 5.1894734362 9.9002564018 0.0289876532
46792 316657.32 113.8457752005 34.0852371356 3776837.387066 762688.0850605 56.759503426 0.5118266226 0.9361533858 27.9020232653 5.2296283074 9.9047941401 0.0366597872
46793 316657.41 113.8457803203 34.0852451767 3776838.292614 762688.5329448001 56.7643240159 0.448729036 0.9335953081 28.0913270515 5.2716281253 9.9204541614 0.0702451097
46794 316657.5 113.8457854825 34.0852532227 3776839.198817 762688.9847271 56.7724447688 0.3409027127 0.9351917791 28.3176181737 5.3245489986 9.9191218578 0.1177873962
46795 316657.59 113.8457906977 34.0852612709 3776840.105394 762689.4414053 56.7786503164 0.2329300802 0.8875239807 28.5476810498 5.3735795464 9.9249646492 0.0434349128
46796 316657.68 113.8457959646 34.085269328 3776841.013104 762689.9028204002 56.7804161431 0.2140689235 0.8675840161 28.787849725 5.4291017035 9.9351601879 -0.0083355511
46797 316657.77 113.8458012824 34.0852773834 3776841.92074 762690.3689425 56.7815370653 0.2291812071 0.8284479354 29.0329849285 5.4800211559 9.9312994736 0.0373341504
46798 316657.86 113.8458066486 34.0852854358 3776842.828179 762690.8395439 56.7845244492 0.158203247 0.8244473999 29.2963029533 5.5357547103 9.9240544269 0.0387953932
46799 316657.95 113.8458120689 34.08529348 3776843.73484 762691.3151668 56.7870869413 0.1633445849 0.7687199022 29.5668867622 5.5836455618 9.9058203909 0.0477025981
46800 316658.04 113.8458175365 34.0853015139 3776844.640485 762691.7951864002 56.7884082673 0.1564888725 0.7125900732 29.8494315999 5.6339257674 9.8962066585 0.0113808585
46801 316658.13 113.8458230536 34.0853095269 3776845.543942 762692.2798396 56.7890099594 0.1947898425 0.7127113434 30.1409462678 5.6858027389 9.8609744217 0.0118375254
46802 316658.14 113.8458236701 34.0853104156 3776845.644154 762692.334021 56.7892424604 0.198988738 0.7171763442 30.1722171887 5.6949133745 9.8571225435 0.0245365227
46803 316658.23 113.8458292422 34.0853184002 3776846.544592 762692.8238371 56.7906501237 0.2184281089 0.7244933858 30.4635793478 5.7363828349 9.8208962087 -0.013689849
46804 316658.32 113.8458348646 34.0853263559 3776847.441955 762693.318394 56.7924664067 0.2458481499 0.7645516329 30.7507952591 5.7896787248 9.7861907731 0.0291294427
46805 316658.41 113.845840532 34.0853342792 3776848.335839 762693.8172068001 56.795845381 0.3642403314 0.8210134272 31.0271637073 5.8399932878 9.750155826 0.0404082189
46806 316658.5 113.8458462429 34.085342172 3776849.2264410006 762694.320128 56.800667447 0.3672934393 0.8755465968 31.2882440393 5.8789107665 9.7068880653 0.0659916664
46807 316658.59 113.8458519869 34.0853500338 3776850.113703 762694.8261997 56.8081521057 0.1933757177 0.9151016705 31.5314256381 5.9079560906 9.6723998344 0.1263976853
46808 316658.68 113.8458577667 34.0853578688 3776850.99807 762695.3356618 56.8147255788 -0.0428276445 1.0066971698 31.7451439794 5.9446056739 9.635741721 0.0094502635
46809 316658.77 113.8458635843 34.0853656811 3776851.880027 762695.8486886999 56.8147342447 -0.0746367055 1.0004914484 31.9163792388 5.9769049118 9.6230980979 -0.0242454406
46810 316658.86 113.8458694243 34.0853734776 3776852.760275 762696.3638266 56.8110197717 0.0949880442 1.0643522103 32.070854925 6.0078395252 9.5967860034 -0.0367029975
46811 316658.95 113.845875291 34.0853812585 3776853.638874 762696.8814822 56.8093465324 0.081338752 1.0666391208 32.1890147202 6.0171874294 9.5843869912 -0.023081061
46812 316659.04 113.845881172 34.0853890317 3776854.516651 762697.4004747 56.8119804272 0.0154096084 1.0882175025 32.307436162 6.0518239236 9.5745110621 0.069152905
46813 316659.13 113.8458870731 34.0853967922 3776855.393065 762697.921367 56.8143061381 -0.0266327474 1.0526231231 32.4108456508 6.0669311615 9.5740390478 0.0074332359
46814 316659.22 113.8458929912 34.085404553 3776856.269557 762698.443826 56.8133577015 -0.0616066341 1.0663572323 32.4946702229 6.0796057049 9.5701126292 -0.0354870355
46815 316659.31 113.8458989303 34.08541231 3776857.145692 762698.9682439 56.8102759067 0.0495908102 1.1011180494 32.5252589218 6.1047159886 9.5632833204 -0.01957846
46816 316659.4 113.8459048798 34.0854200664 3776858.021778 762699.4936127 56.8082348406 0.1587767677 1.1130749344 32.5036522118 6.1008016145 9.5652999117 -0.001722085
46817 316659.49 113.8459108273 34.0854278282 3776858.898457 762700.0187888 56.8097844496 0.0743277685 1.1759968064 32.4484050515 6.0991873581 9.5693854509 0.0332908409
46818 316659.58 113.8459167686 34.0854355992 3776859.776142 762700.5433565 56.8118548272 0.019621793 1.1888055137 32.3752733409 6.0846771787 9.5906267362 0.0104453233
46819 316659.67 113.8459226985 34.0854433843 3776860.655364 762701.0668368 56.8118254254 0.1306755593 1.2064784717 32.295294765 6.0805338819 9.6005361801 0.0117198321
46820 316659.76 113.8459286206 34.0854511781 3776861.535535 762701.5895651 56.8113303613 0.178839448 1.2137623048 32.1693758651 6.0668807742 9.6184315846 -5.69821e-05
46821 316659.85 113.8459345259 34.0854589844 3776862.417043 762702.1106975002 56.813727132 0.1622990561 1.3021083267 32.0187985535 6.0489547496 9.6304852593 0.0354026328
46822 316659.94 113.8459404144 34.0854668037 3776863.299956 762702.6302434 56.8158472637 0.2019964941 1.2977489958 31.8595482798 6.0195208984 9.6537193956 0.0227405242
46823 316660.03 113.8459462696 34.0854746431 3776864.18501 762703.1466533002 56.8196289036 0.1693012837 1.3456471258 31.7242600331 5.992284769 9.6734978177 0.0398250004
46824 316660.12 113.8459521071 34.0854824911 3776865.07098 762703.6614069998 56.8228756282 0.1398093269 1.3836938714 31.5706915068 5.9819799485 9.6828963255 0.0243094086
46825 316660.21 113.8459579205 34.0854903601 3776865.959213 762704.1738561 56.8245955985 0.1076554983 1.3801793736 31.4219089583 5.945558766 9.7158593927 0.0072972608
46826 316660.3 113.84596371 34.0854982425 3776866.848866 762704.6840716 56.8260327801 0.1387196054 1.3746898061 31.2723320925 5.9338234491 9.7264297563 0.0648525162
46827 316660.39 113.8459694774 34.085506142 3776867.740362 762705.1921835 56.8277526526 0.16950621 1.3721834739 31.1295063605 5.9066766846 9.7593109174 0.0038955727
46828 316660.48 113.8459752243 34.0855140583 3776868.6336839986 762705.6983531 56.8284818632 0.1687067978 1.3492951773 30.9909681378 5.8809546236 9.7644437459 0.0230012775
46829 316660.57 113.8459809452 34.0855219927 3776869.528933998 762706.2020662 56.8316510254 0.1464806359 1.2748315732 30.8625191482 5.8625595189 9.8019367043 0.0694665056
46830 316660.66 113.8459866488 34.0855299388 3776870.42544 762706.7041513 56.834573037 0.1936191817 1.1870011805 30.7393385777 5.8431922871 9.8056976019 0.0316481205
46831 316660.75 113.8459923356 34.0855378998 3776871.323555 762707.2046322 56.8360728528 0.0968555094 1.21914404 30.6382786415 5.8230339873 9.8205634151 -0.0119208266
46832 316660.84 113.8459980093 34.0855458732 3776872.223014 762707.7038709002 56.8371940646 0.2220818805 1.2256901526 30.5438862536 5.8223294981 9.8402792137 0.0386582206
46833 316660.93 113.8460036688 34.0855538529 3776873.123138 762708.2017691998 56.8394585419 0.2541050269 1.2089819147 30.4482380182 5.8009949171 9.8403822456 0.0484526579
46834 316661.02 113.8460093181 34.0855618438 3776874.024482 762708.6987008002 56.8435282074 0.1681383308 1.2490214998 30.3482863817 5.793170063 9.8632910611 0.0339209185
46835 316661.11 113.8460149535 34.085569842 3776874.926593 762709.1943249 56.8460811554 0.2487221559 1.2161400983 30.2484989428 5.7742084333 9.8754283982 0.0239059174
46836 316661.2 113.8460205728 34.0855778524 3776875.8300230014 762709.6884215998 56.8490075907 0.2308286751 1.2587209145 30.1527995512 5.7593752797 9.8898614097 0.0439990407
46837 316661.29 113.8460261818 34.085585871 3776876.734335 762710.1815395 56.8531247899 0.300867834 1.2373065579 30.0596514657 5.7534411477 9.8989051996 0.0660234987
46838 316661.38 113.8460317729 34.085593902 3776877.63997 762710.6729697 56.8577764873 0.274447505 1.2750316513 29.9780579998 5.7353025062 9.9152506985 0.0601892012
46839 316661.47 113.8460373581 34.0856019403 3776878.546403 762711.163834 56.8615642376 0.2325363731 1.2874483261 29.8779272132 5.7247545124 9.916261105 0.0273932039
46840 316661.56 113.8460429286 34.0856099901 3776879.454083 762711.6532994 56.8656869382 0.2279871154 1.3247668143 29.7746850275 5.7109343219 9.939252574 0.0612803163
46841 316661.65 113.8460484856 34.0856180497 3776880.362804 762712.1414947 56.8688545283 0.2814115969 1.3679136231 29.6742350711 5.6928666323 9.9454388866 0.0333763263
46842 316661.74 113.8460540273 34.0856261214 3776881.27284 762712.6282351 56.8728060825 0.1439234718 1.382631276 29.5725895157 5.6746035783 9.96339934 0.051052491
46843 316661.83 113.8460595496 34.0856342056 3776882.184205 762713.1131461 56.8769178931 0.1201823738 1.3429603401 29.4687301784 5.6546003661 9.9807727556 0.0314302644
46844 316661.92 113.8460650526 34.0856423047 3776883.097181 762713.5962295 56.8786677718 0.1061913208 1.3392645375 29.3642720028 5.632568863 9.9967246833 0.0051895055
46845 316661.98 113.8460687118 34.0856477128 3776883.706763 762713.9173816 56.87847686 0.1648787072 1.3016726457 29.2896212779 5.6247026952 10.0076228215 -0.0008223272
46846 316662.07 113.8460741879 34.0856558306 3776884.621743 762714.3979228 56.8795050103 0.2052482486 1.2612408156 29.1743896386 5.6104461435 10.0160868504 0.0279511892
46847 316662.16 113.8460796486 34.0856639604 3776885.538011 762714.8770016 56.8817523494 0.1625601224 1.2493042539 29.0531526298 5.586603457 10.0411608166 0.0270704391
46848 316662.25 113.8460850947 34.0856721008 3776886.455425 762715.3547106 56.8840861879 0.1323738933 1.2715952867 28.9278987649 5.5778928945 10.0489669874 0.0250951777
46849 316662.34 113.846090526 34.0856802567 3776887.374511 762715.8309931 56.8850487778 0.1329069608 1.3059501552 28.7967958662 5.558828847 10.0750060845 -0.0059997727
46850 316662.43 113.8460959397 34.0856884234 3776888.294757 762716.3056165 56.8858137019 0.1616392178 1.3031676622 28.6619195524 5.5436832619 10.080539779 0.0344571099
46851 316662.52 113.8461013294 34.0856966069 3776889.216797 762716.7779809 56.8873020001 0.1782990875 1.3126576949 28.5148218263 5.5078423233 10.1102261944 0.0207557987
46852 316662.61 113.8461067006 34.0857048035 3776890.14025 762717.2485938001 56.8890313478 0.1982425003 1.3469501197 28.3523284534 5.4986662576 10.1182575538 0.0332247906
46853 316662.7 113.8461120458 34.0857130165 3776891.065461 762717.716751 56.8909615278 0.163916778 1.3663957099 28.185591112 5.4601224923 10.1459131327 0.0257349127
46854 316662.79 113.8461173594 34.0857212481 3776891.992647 762718.1819318002 56.894154706 0.1149069682 1.3386945396 28.0197836475 5.431496972 10.1638199676 0.0416312001
46855 316662.88 113.8461226466 34.0857294978 3776892.921778 762718.6446241002 56.8954173299 0.137120787 1.3596138485 27.8472066245 5.4065864612 10.1939878695 0.019900143
46856 316662.97 113.8461279076 34.0857377647 3776893.852749 762719.1048474 56.8953423677 0.3080265331 1.367703299 27.6743422685 5.3766816003 10.2080652473 0.0169138799
46857 316663.04 113.8461319831 34.0857442034 3776894.5777879986 762719.4612469 56.8963333927 0.3298555391 1.3251041198 27.5306831955 5.3598297865 10.2227239792 0.0222586415
46858 316663.13 113.8461371895 34.0857524861 3776895.510368 762719.9163731 56.899871191 0.136068175 1.4111798479 27.3582094849 5.3188741908 10.23685584 0.0646391881
46859 316663.22 113.846142378 34.0857607806 3776896.444211 762720.3698154 56.9041442387 -0.0243856533 1.4018653048 27.1642087236 5.301114468 10.2608346805 0.0571151522
46860 316663.31 113.8461475329 34.0857690944 3776897.380115 762720.8200886998 56.9033331266 0.1342502603 1.4041669094 26.9959287125 5.2693333551 10.2839141401 0.0150160887
46861 316663.4 113.8461526605 34.0857774262 3776898.3179480014 762721.2677869 56.8991917334 0.2329726896 1.4117471136 26.8177445619 5.2381733024 10.2978481267 -0.0316362773
46862 316663.49 113.8461577523 34.0857857751 3776899.2575839986 762721.7121268002 56.8988366434 0.2874360234 1.4514165706 26.6542185124 5.2016142935 10.3253997829 0.0405821609
46863 316663.58 113.8461628193 34.0857941352 3776900.198394 762722.1541492 56.9027200239 0.1402783371 1.4500680105 26.483097097 5.1790897631 10.3333198707 0.0592583544
46864 316663.67 113.8461678613 34.0858025106 3776901.140843 762722.5938069 56.9059860296 -0.0951492769 1.439990727 26.2994135676 5.1555431441 10.3553781525 0.0434666166
46865 316663.76 113.846172878 34.0858109026 3776902.085072 762723.0310768002 56.9062599698 -0.2039657963 1.4758735662 26.1185742306 5.1324512995 10.3794290176 -0.0022975806
46866 316663.85 113.8461778684 34.0858193144 3776903.031429 762723.4658577 56.8996342802 -0.0869071265 1.4389027001 25.9500312374 5.0955201083 10.4095617107 -0.0738016014
46867 316663.94 113.8461828224 34.0858277503 3776903.9803699986 762723.8972101 56.8903301219 0.109393942 1.4004256532 25.8046091483 5.061656451 10.4272086345 -0.0544183848
46868 316664.03 113.8461877487 34.0858361967 3776904.930401 762724.3259629002 56.888216408 0.1235606997 1.3145719832 25.6549005007 5.0335745482 10.4411150122 0.0531288549
46869 316664.12 113.8461926446 34.085844678 3776905.884217 762724.7518080998 56.8928911937 -0.0074854906 1.3040543598 25.518814737 5.0125984452 10.4620295911 0.0458532582
46870 316664.21 113.8461975243 34.0858531693 3776906.839112 762725.1761182 56.8946608016 -0.0895595507 1.2189450779 25.3735261524 4.9903394879 10.4737813137 -0.0168719829
46871 316664.3 113.8462023821 34.0858616803 3776907.796143 762725.5983569 56.8917890387 -0.0741737088 1.2318388547 25.2352355401 4.9647056355 10.497227198 -0.045556167
46872 316664.39 113.8462072227 34.0858702025 3776908.754366 762726.0189661 56.8890291164 -0.0963313301 1.1775601832 25.1014789684 4.9611692455 10.5153234441 0.0166191747
46873 316664.4 113.8462077589 34.0858711503 3776908.860929 762726.0655466998 56.8887617122 -0.1821815073 1.1837898211 25.0832012862 4.9525206856 10.5157389016 -0.0053683645
46874 316664.49 113.8462125654 34.0858796929 3776909.821319 762726.4829422 56.8859188985 -0.0969118682 1.1353986351 24.9860223651 4.9196385908 10.5359493944 0.0166873206
46875 316664.58 113.8462173615 34.0858882484 3776910.783133 762726.899341 56.8820225196 -0.1474999725 0.9560743347 24.8788280019 4.9069628559 10.5563782533 -0.0869535986
46876 316664.67 113.8462221201 34.0858968233 3776911.746985 762727.312208 56.8763250979 0.0738745582 0.9612068031 24.8215600572 4.8695748306 10.5699603814 -0.0785609342
46877 316664.76 113.8462268907 34.0859054005 3776912.711128 762727.7261841998 56.8733413313 0.2792038355 0.9229521464 24.7381894485 4.9023774418 10.5767784996 -0.0221774433
46878 316664.85 113.8462316401 34.0859139815 3776913.675641 762728.1381918 56.8760974277 0.4593044072 0.760710372 24.6815422012 4.8587235382 10.5802463109 0.1245077923
46879 316664.94 113.8462363881 34.0859225605 3776914.639937 762728.5500741 56.8875523806 0.084273392 0.8695983719 24.6032818582 4.8715430466 10.5715051794 0.097066622
46880 316665.03 113.8462411326 34.0859311472 3776915.605069998 762728.9616125 56.8930761013 -0.0761742325 0.9035645111 24.5301385258 4.8573510192 10.5966686403 0.0033393119
46881 316665.12 113.8462458615 34.0859397484 3776916.571765 762729.3716596 56.8897968857 -0.0219646592 0.9900968818 24.455632253 4.849320695 10.60238488 -0.0712509203
46882 316665.21 113.8462505794 34.0859483575 3776917.5393199986 762729.7806644 56.88382822 0.1662134781 1.0214211107 24.3626695524 4.8341371006 10.6195980221 -0.0444977995
46883 316665.3 113.8462552777 34.085956974 3776918.507639 762730.1878438 56.883329967 0.3312244722 1.0219828816 24.2602272981 4.8108933784 10.6194439626 0.0350239213
46884 316665.39 113.8462599488 34.0859655993 3776919.476868 762730.5924838 56.8878917228 0.3383208254 1.0190173058 24.157845486 4.783153162 10.6335714882 0.0695998801
46885 316665.48 113.8462645999 34.0859742309 3776920.446741 762730.9952553002 56.895326186 0.3285856595 1.0102606482 24.0490818441 4.7650628585 10.6356924081 0.0995121137
46886 316665.57 113.8462692354 34.0859828675 3776921.417142 762731.3965718 56.9020688236 0.3374651562 1.0255004078 23.9238891417 4.7467715191 10.6509877088 0.0664231223
46887 316665.66 113.8462738525 34.0859915128 3776922.388444 762731.7961629 56.9064743491 0.3752263709 1.0699961049 23.7901651578 4.7290908526 10.6557353339 0.0433881275
46888 316665.75 113.8462784484 34.0860001634 3776923.360283 762732.1937756998 56.9120128602 0.2785926106 1.0781346105 23.6417554209 4.6992620463 10.6668146197 0.0720397497
46889 316665.84 113.8462830169 34.086008825 3776924.333283 762732.5888323 56.9188478272 0.1411098352 1.1399529761 23.4922308343 4.6798952791 10.6791764094 0.0702106744
46890 316665.93 113.8462875644 34.0860174952 3776925.307179 762732.9819146999 56.9229704551 -0.0084163668 1.1446679485 23.3402157238 4.6545902397 10.6914662948 0.0299644448
46891 316666.02 113.8462920748 34.0860261806 3776926.282659 762733.3715272 56.9228517329 -0.0265966067 1.0899809037 23.2009027652 4.6058768382 10.710282945 -0.0314361368
46892 316666.11 113.8462965543 34.0860348886 3776927.260578 762733.7582212 56.9181486946 0.2113728182 1.1192036871 23.0588061836 4.5872942282 10.7366575351 -0.0493884297
46893 316666.18 113.8463000266 34.0860416713 3776928.022233 762734.0578574 56.9155005664 0.5130461441 1.1009000073 22.9529752391 4.5766888335 10.7475827721 0.0007356307
46894 316666.27 113.8463044673 34.0860504053 3776929.0029339986 762734.4408845 56.9196201777 0.5545329593 1.0820340059 22.8207501228 4.5446260163 10.7671887736 0.0905428445
46895 316666.36 113.8463088838 34.0860591546 3776929.9852660014 762734.8216372 56.9309860906 0.4759671704 1.1372255005 22.6817984522 4.5302415315 10.7922815474 0.1537649553
46896 316666.45 113.8463132919 34.0860679148 3776930.968782 762735.2015728 56.9432487926 0.2141596987 1.1670240008 22.5233859962 4.5217812319 10.8003441489 0.135951489
46897 316666.54 113.8463176807 34.0860767008 3776931.955128 762735.5796391 56.9482499324 0.1514571194 1.1633637924 22.3741620025 4.4938367856 10.8427160257 0.0147128142
46898 316666.63 113.8463220425 34.0860855144 3776932.944457 762735.9551408001 56.9459825521 0.269385115 1.1328750493 22.2390828279 4.4671176858 10.874014864 -0.0389245151
46899 316666.72 113.8463263803 34.0860943505 3776933.936221 762736.3283429 56.9441090925 0.3398445038 1.0530908478 22.1040678148 4.4351813081 10.8999847264 0.0126338421
46900 316666.81 113.8463306901 34.0861032096 3776934.930458 762736.6989028002 56.9483990138 0.3265308733 0.9524080195 21.9770266953 4.4151413511 10.9247091672 0.082043857
46901 316666.9 113.846334987 34.0861120886 3776935.926878 762737.0681967 56.9544697888 0.2861496865 0.8909896947 21.8501840284 4.4083751926 10.949219595 0.0837954879
46902 316666.99 113.8463392733 34.0861209906 3776936.925827 762737.4364500998 56.9583467292 0.2133718989 0.8960019689 21.7216255327 4.3946223288 10.9769709213 0.0547583579
46903 316667.08 113.8463435433 34.0861299069 3776937.926319 762737.8031488 56.9623016212 0.0221935963 0.9016909764 21.5802764969 4.3737120586 10.9863092937 0.0457729779
46904 316667.17 113.8463477882 34.0861388454 3776938.929205002 762738.1674698001 56.9626066424 -0.0205834834 0.9436319499 21.4478704618 4.3540523523 11.0238734096 -0.0232696738
46905 316667.26 113.8463520074 34.0861477978 3776939.933579 762738.5293676 56.9594212603 0.065725663 0.8882259057 21.3139422459 4.3221384388 11.0319774242 -0.0405652805
46906 316667.35 113.8463561957 34.0861567612 3776940.9390839986 762738.8883782 56.9574466422 0.1607258609 0.8572181823 21.1902422792 4.2880548862 11.042400959 -0.0087837202
46907 316667.44 113.8463603558 34.086165724 3776941.944453 762739.2447825 56.9597089635 0.2356458497 0.7765075647 21.0586444226 4.264204925 11.034699833 0.0314080451
46908 316667.53 113.8463644905 34.0861746846 3776942.949508 762739.5988556 56.9619313339 0.4020180451 0.7571340259 20.9153948852 4.2335932705 11.0359819172 0.0342063929
46909 316667.62 113.846368595 34.0861836345 3776943.953308 762739.9501658 56.9687863337 0.3438397008 0.7579062146 20.7691443618 4.2014604512 11.0153091177 0.0883795244
46910 316667.65 113.8463699556 34.0861866153 3776944.287607 762740.0665864 56.9720003409 0.2633443952 0.7948865532 20.7263660549 4.1890426975 11.0144694764 0.1209114966
46911 316667.74 113.8463740182 34.0861955568 3776945.2903660014 762740.4140578 56.9813305931 -0.017248692 0.8364931557 20.5945843598 4.1571289711 11.0030907526 0.0814585714
46912 316667.83 113.8463780539 34.0862044972 3776946.292921 762740.7590466999 56.9840320079 -0.2727091951 0.8479066398 20.4632335122 4.1288331739 11.0137476239 -0.0125248355
46913 316667.92 113.8463820584 34.0862134335 3776947.294951 762741.1011686998 56.9798521548 -0.2933630939 0.8652729759 20.3287998653 4.0979039049 10.9947086873 -0.0786121445
46914 316668.01 113.8463860299 34.0862223634 3776948.296183 762741.4402668 56.9727515671 -0.2067198104 0.8064826409 20.2060736709 4.0654645525 11.0003269135 -0.0815703416
46915 316668.1 113.8463899645 34.0862312856 3776949.296466 762741.7759789 56.9665364754 -0.0317849371 0.7681139907 20.0881363309 4.0266607228 10.9848037672 -0.057594806
46916 316668.19 113.8463938739 34.086240195 3776950.295269 762742.1093993 56.9645796409 0.0173171831 0.7340275892 19.9561016252 4.0006053266 10.9725768685 -5.2423e-06
46917 316668.28 113.8463977505 34.0862490974 3776951.293207 762742.4398194002 56.9645035844 0.137346516 0.7461579914 19.8284853367 3.9670145883 10.9622101388 0.0328824329
46918 316668.37 113.846401605 34.0862579898 3776952.289972 762742.7682305 56.9656719184 0.096327325 0.7707388636 19.6835841237 3.9440198631 10.9453664298 0.0272101463
46919 316668.46 113.8464054242 34.0862668741 3776953.285755 762743.0933986 56.970124865 -0.014956671 0.7333417908 19.5391738638 3.9014264816 10.94504048 0.0478193055
46920 316668.55 113.8464092115 34.0862757592 3776954.281538 762743.4156283 56.9688579878 0.0819121359 0.7819829649 19.3977892156 3.8763740441 10.9378849168 -0.0403590187
46921 316668.64 113.8464129657 34.0862846415 3776955.276931 762743.7348066 56.9662831789 0.2226060289 0.7618261349 19.2583094283 3.8296006352 10.9443440501 0.0006662057
46922 316668.73 113.8464166815 34.0862935154 3776956.271285 762744.050465 56.9690440083 0.226571059 0.7200350297 19.1294251355 3.8047944924 10.9292711531 0.0715441218
46923 316668.82 113.8464203717 34.0863023831 3776957.264896 762744.3637739002 56.9751751572 0.1114631832 0.7121996424 18.9872001463 3.7725296112 10.9253032094 0.0542931275
46924 316668.91 113.8464240358 34.0863112547 3776958.258873998 762744.6746664002 56.9786324967 0.1118779501 0.7431296314 18.8450219442 3.7550320533 10.9370730382 0.0257552873
46925 316669.0 113.846427679 34.0863201324 3776959.253468 762744.9836049 56.979331377 0.2016594669 0.7589936692 18.6972633928 3.7268500022 10.9457033356 0.0205648613
46926 316669.09 113.8464312919 34.0863290184 3776960.248903 762745.2897260998 56.9808428893 0.2466055401 0.804646098 18.5644001812 3.7054780773 10.9509236655 0.0484551237
46927 316669.14 113.8464332878 34.0863339588 3776960.802312 762745.4587413 56.9823322715 0.2602201637 0.8033778465 18.4851014684 3.6851799099 10.9601348387 0.0390845185
46928 316669.23 113.8464368588 34.0863428588 3776961.799197 762745.7609461 56.9849624848 0.3286317424 0.8172504821 18.3521384623 3.6557019729 10.975711908 0.0398987634
46929 316669.32 113.8464404068 34.0863517712 3776962.797393 762746.0609939998 56.9883559244 0.2882633357 0.862920401 18.2167947812 3.638089954 10.9877452115 0.0530629926
46930 316669.41 113.8464439355 34.0863606952 3776963.796838 762746.3592177 56.993700359 0.2542465481 0.8733756593 18.0761503942 3.614697831 11.0082773511 0.1052413216
46931 316669.5 113.8464474392 34.0863696397 3776964.798487 762746.655075 56.9978125114 0.18960965 0.8401614196 17.942113412 3.5910256021 11.037662709 0.053290039
46932 316669.59 113.8464509205 34.086378606 3776965.802494 762746.9487941 57.0000843955 0.0630215606 0.8368042798 17.802672684 3.5651026444 11.0670987596 0.0238639791
46933 316669.68 113.8464543821 34.0863875966 3776966.809147 762747.2406144 57.0001561735 0.0455418864 0.8472291591 17.6693892449 3.5494981269 11.0942813251 -0.0167855801
46934 316669.77 113.8464578231 34.0863966136 3776967.818683 762747.530455 56.9978221506 0.0688824698 0.7820520611 17.5341160672 3.5166472139 11.1280522568 -0.0274229824
46935 316669.86 113.8464612417 34.086405658 3776968.831203 762747.8181489 56.9958233172 0.111267952 0.7857869967 17.4060961578 3.5102339763 11.1494387838 0.0077888311
46936 316669.95 113.8464646505 34.0864147256 3776969.8462620014 762748.1048584002 56.9958441295 0.09151682 0.7474698056 17.259091054 3.4956846162 11.1862440207 0.0194035319
46937 316670.04 113.8464680346 34.0864238199 3776970.864228 762748.389203 56.9959844034 0.1467558801 0.7807930534 17.1275875031 3.4688653463 11.2257015357 -0.0030586043
46938 316670.13 113.8464713911 34.0864329464 3776971.885697 762748.6709065 56.994884165 0.215260131 0.7934234371 16.9958863624 3.4527153726 11.2484569496 -0.0114568615
46939 316670.22 113.8464747274 34.0864420947 3776972.909543 762748.950676 56.9946775911 0.2138624194 0.8331852487 16.8642929216 3.4264934486 11.2695694204 0.0085119001
46940 316670.31 113.846478043 34.0864512598 3776973.9351800014 762749.2284763 56.997071743 0.128118536 0.811218237 16.7362854569 3.407242618 11.2887254566 0.0618590001
46941 316670.4 113.8464813331 34.0864604407 3776974.962518 762749.5038763002 56.9986226978 0.0873200426 0.8367270791 16.6183344451 3.3824024209 11.3116050053 0.0242972177
46942 316670.49 113.8464845985 34.0864696287 3776975.990579 762749.7769745998 56.9990950711 0.0543983884 0.7862961969 16.5051817548 3.3566956984 11.3110032383 0.0161606352
46943 316670.58 113.8464878379 34.0864788124 3776977.018093 762750.0476832 56.9985508854 0.041012285 0.7683465819 16.3838152097 3.3283505012 11.2943574202 0.0076203739
46944 316670.6 113.8464885545 34.086480852 3776977.246292 762750.1075414 56.9988345867 0.0475512172 0.7450347075 16.3562082594 3.3248868438 11.2950119824 0.0387622638
46945 316670.69 113.8464917606 34.0864900252 3776978.272548 762750.3752153001 56.9984296067 -0.0196151571 0.7176656151 16.2292731188 3.2919259175 11.2806742587 -0.0025365689
46946 316670.78 113.8464949398 34.0864991894 3776979.297748 762750.640419 56.9973870255 -0.0356019542 0.7484387358 16.1026074231 3.2646957306 11.2757188389 0.0183549196
46947 316670.87 113.8464980934 34.0865083444 3776980.321857 762750.9032999 56.9956538323 0.0366586589 0.7719223177 15.9746276061 3.2382366442 11.2601082865 -0.0298686209
46948 316670.96 113.8465012201 34.0865174935 3776981.345244 762751.1637098001 56.9942445653 0.0962675975 0.8484351088 15.8458069658 3.206573871 11.2545050503 -0.0086738136
46949 316671.05 113.8465043227 34.0865266279 3776982.3669300014 762751.4219406 56.9937928617 0.1974063833 0.8895003976 15.7083349052 3.1807090346 11.2306270451 0.0122973799
46950 316671.14 113.8465074079 34.086535734 3776983.385442 762751.6786466999 56.9978054864 0.2134038013 0.9553559404 15.569699164 3.1456525141 11.2216488277 0.0426757705
46951 316671.23 113.8465104558 34.086544826 3776984.402286 762751.9319568 57.0044096336 0.1579625991 0.9089665209 15.4309057129 3.1108784889 11.2005048438 0.1003090476
46952 316671.32 113.8465134595 34.0865539008 3776985.41711 762752.1812454001 57.0094597889 0.1268212563 0.8875110838 15.3042530924 3.0585135656 11.1782082324 0.0385113183
46953 316671.41 113.8465164308 34.0865629609 3776986.430218 762752.4275794 57.0117972596 0.0699943197 0.8478236985 15.1763275212 3.0325579094 11.1497561281 0.0187645825
46954 316671.5 113.8465193724 34.0865719952 3776987.440385 762752.6712519 57.0153941447 -0.0589153109 0.8131900132 15.0228025826 3.0008818923 11.1235687542 0.0370723092
46955 316671.59 113.8465222757 34.0865810069 3776988.44795 762752.9114579002 57.0168842412 -0.1066124358 0.8503692347 14.869533484 2.9552977482 11.085259778 -0.0017043538
46956 316671.68 113.846525146 34.0865899916 3776989.452436 762753.1487021 57.0156478332 -0.0492840746 0.8847202927 14.7058496929 2.9200888255 11.051045165 -0.0243519566
46957 316671.77 113.8465279723 34.0865989459 3776990.453426 762753.3819764 57.0145679582 0.0683174923 0.9011605807 14.5472337576 2.8691845464 11.0102677583 -0.0034219182
46958 316671.86 113.8465307575 34.0866078674 3776991.45067 762753.6115569 57.0161039038 0.1492996338 0.9094124958 14.3812885694 2.8404807774 10.9754085328 0.037725637
46959 316671.95 113.8465334956 34.0866167521 3776992.443717 762753.8369035998 57.0196786309 0.1407130868 0.9572543077 14.2124700935 2.779154504 10.9235330891 0.0386139588
46960 316672.04 113.8465361921 34.0866256024 3776993.43284 762754.0585148 57.0249340795 0.0855069238 1.034399192 14.0450144248 2.7481763159 10.8858125598 0.0509868739
46961 316672.13 113.8465388461 34.0866344152 3776994.4176839986 762754.2763194 57.0294316262 0.1143918026 1.0013633934 13.863898192 2.7008677809 10.842154276 0.0530231755
46962 316672.15 113.846539429 34.0866363681 3776994.6359089985 762754.324099 57.0304968962 0.0452434981 1.0154680499 13.8239896729 2.6854591013 10.8248317043 0.0524765864
46963 316672.24 113.8465420233 34.0866451362 3776995.615641 762754.5365321 57.0343139591 0.0804132884 1.0210077243 13.6540207147 2.6407450936 10.7850481336 0.0393424298
46964 316672.34 113.8465448496 34.0866548372 3776996.699506 762754.7674955 57.0369977914 0.0770700947 1.0074251393 13.4769464775 2.5800165644 10.7352468308 0.0121150576
46965 316672.44 113.8465476235 34.0866644924 3776997.77815 762754.9937698 57.0393912289 0.0859451562 0.9583293119 13.3204802797 2.5425326098 10.6861734318 0.0384815488
46966 316672.54 113.8465503495 34.0866740992 3776998.851294 762755.2157631 57.0437029703 0.0330431088 0.9120749831 13.1620502084 2.496032941 10.6344029157 0.0466146003
46967 316672.64 113.846553032 34.086683658 3776999.919011 762755.4338918 57.0470811324 0.0104796127 0.9113646143 13.0097517664 2.4618880886 10.579291567 0.029152337
46968 316672.74 113.846555671 34.0866931669 3777000.981071 762755.6481536998 57.0493748123 -0.0181243362 0.8809174321 12.8657732587 2.4176495585 10.5201626632 0.0338410057
46969 316672.84 113.8465582596 34.0867026199 3777002.036796 762755.8579331 57.0528460015 -0.0744060555 0.8582773819 12.7444851252 2.3725425165 10.4561376962 0.0355124658
46970 316672.94 113.8465608044 34.0867120047 3777003.084843 762756.0638855 57.0550593147 -0.0371626858 0.8747330802 12.6228031129 2.3299684943 10.3686896995 0.0002455445
46971 316673.04 113.8465633075 34.086721312 3777004.124179 762756.2662234 57.0551368352 0.0467524747 0.8815058058 12.4810363597 2.2887208933 10.2783643811 1.52239e-05
46972 316673.14 113.8465657607 34.0867305341 3777005.153931 762756.4642177 57.0576533684 0.0032832009 0.8995198979 12.3121893553 2.2402058196 10.1932817299 0.0638046822
46973 316673.24 113.8465681561 34.086739675 3777006.174527 762756.6571291 57.0621731486 -0.0836929673 0.8985811074 12.1413318602 2.1891833074 10.1004345441 0.0467094722
46974 316673.34 113.8465704958 34.0867487366 3777007.186175 762756.8451458 57.065243925 -0.1578898377 0.8890104113 11.9712165452 2.1318540955 10.0053696208 0.0224036943
46975 316673.44 113.8465727795 34.0867577183 3777008.188819 762757.0282269 57.0645423606 -0.0066577855 0.8628812867 11.8132999742 2.0869041982 9.9208312226 0.0069154913
46976 316673.54 113.8465750086 34.0867666162 3777009.18202 762757.2065329001 57.0629379964 0.1178944954 0.8359722171 11.6556176786 2.0364925106 9.8289901773 0.0080600392
46977 316673.65 113.8465774023 34.086776303 3777010.26319 762757.3976052 57.0661464035 0.073451961 0.8142810697 11.4799886498 1.9886499661 9.7230397222 0.0625911447
46978 316673.71 113.846578682 34.0867815414 3777010.84782 762757.4995588 57.0698715337 -0.0351697596 0.7813480701 11.3800998715 1.9590198449 9.6648428589 0.0792075801
46979 316673.82 113.8465809754 34.0867910748 3777011.91171 762757.6818406 57.0738164904 -0.0143104647 0.8024952508 11.2159880045 1.9051370706 9.5713429724 0.02075909
46980 316673.93 113.8465832196 34.0868005145 3777012.965074 762757.8598616 57.0740916692 0.1218597888 0.7755147665 11.0526807319 1.861823201 9.4734978459 -0.0111639809
46981 316674.04 113.8465854039 34.0868098599 3777014.0078199985 762758.0326483 57.0754844164 0.1959884947 0.782380191 10.907157247 1.8124135704 9.3733752908 0.0482832384
46982 316674.15 113.8465875349 34.0868190951 3777015.0382 762758.2008526 57.0811053338 0.1447757709 0.8089573758 10.7593501714 1.7749755381 9.2622560671 0.0537749285
46983 316674.26 113.8465896117 34.0868282141 3777016.055544 762758.3644090998 57.0880311765 0.0177718692 0.7938826904 10.6183030485 1.7170994837 9.1399692504 0.0531576173
46984 316674.37 113.8465916266 34.0868372115 3777017.059238 762758.5226264 57.091541498 -0.020886865 0.8060646832 10.4996891869 1.6729143765 9.0129264256 0.0083235756
46985 316674.48 113.8465935915 34.0868460771 3777018.048171 762758.6766428001 57.0942780776 -0.0805511473 0.8297506728 10.3704980518 1.6374116705 8.8820638433 0.0283678506
46986 316674.6 113.8465956752 34.0868556006 3777019.110418 762758.8395875 57.0965239024 -0.1332485978 0.8394884175 10.2327788531 1.5844176303 8.7543265636 0.0231154432
46987 316674.72 113.8465977058 34.0868650326 3777020.162379 762758.99791 57.0957225598 -0.0493457431 0.8349722103 10.0959469582 1.5502043375 8.7006887208 -0.0089137159
46988 316674.84 113.8465997009 34.0868744136 3777021.208587 762759.1531154 57.0955585604 0.0047240594 0.8527764927 9.9623802607 1.5240945123 8.6584505911 0.0051371073
46989 316674.96 113.8466016601 34.0868837479 3777022.249522 762759.3051507 57.0972529324 -0.0985131874 0.8549958961 9.8273809593 1.498856084 8.6145505609 0.024226618
46990 316675.08 113.8466035744 34.0868930317 3777023.284739 762759.4531959002 57.0980576323 -0.0701644514 0.8502349593 9.7002755069 1.4628607418 8.5665406256 0.0027286283
46991 316675.2 113.8466054572 34.086902263 3777024.314045 762759.598497 57.0970858913 -0.0047584816 0.8362119332 9.5615275541 1.4403082447 8.5281924578 -0.0167351982
46992 316675.32 113.8466073033 34.0869114535 3777025.338730002 762759.7405331 57.0960830348 -0.0088856839 0.783955874 9.4227769116 1.4016498762 8.4956214812 0.0039399779
46993 316675.44 113.8466091101 34.0869206066 3777026.359172 762759.879055 57.0977648124 0.0278482034 0.7835221815 9.2940760612 1.381117879 8.4535718612 0.0221854495
46994 316675.56 113.8466108956 34.0869297278 3777027.376008 762760.0157054 57.0987912817 0.0978065738 0.8011857886 9.1372902878 1.3613000806 8.4312501133 0.0122506303
46995 316675.62 113.8466117722 34.0869342775 3777027.883176 762760.0825774998 57.098393009 0.1012067577 0.785760016 9.0593879781 1.3401859453 8.4177608804 -0.0016918232
46996 316675.74 113.8466134932 34.086943351 3777028.894556 762760.2134209 57.0990665732 0.1302831206 0.7735328238 8.8969200118 1.3156173974 8.3819356239 0.0300665675
46997 316675.86 113.8466151831 34.0869523912 3777029.902153 762760.3415026 57.1038492853 0.0217137809 0.7850934855 8.7276120606 1.2863289482 8.3589693595 0.0425712279
46998 316675.98 113.8466168293 34.0869613984 3777030.905989 762760.4656434 57.1061440119 -0.0456009913 0.7691935263 8.5772238587 1.2524077064 8.3251681128 0.0239055037
46999 316676.1 113.8466184349 34.0869703513 3777031.903683 762760.5862111 57.1054865466 0.1074286081 0.7782370933 8.4187438467 1.2268226185 8.2862670209 0.0004017773
47000 316676.23 113.846620125 34.086979984 3777032.977043 762760.7124746 57.1007847423 0.4131125382 0.8399841843 8.2575215914 1.2000346632 8.2340055909 -0.0126659772
47001 316676.36 113.8466217791 34.086989569 3777034.04501 762760.8355568001 57.1027058056 0.5658626584 0.9407886983 8.0828349674 1.1778396978 8.2085935313 0.0789209229
