47107 316686.65 113.8466527158 34.0879555161 3777141.322613 762760.7046303 57.1012561349 -0.2216701452 1.1623761424 354.1137834817 -1.2688391144 12.4192939101 -0.1431772871
47108 316686.74 113.8466514714 34.0879655888 3777142.437253 762760.5585778 57.0919074696 -0.3469752612 1.1186460813 353.9447336944 -1.2983727198 12.4344411096 -0.0647396114
47109 316686.82 113.8466503165 34.0879745685 3777143.430824 762760.4241626 57.0840880675 -0.2813546549 1.2170205949 353.8236445833 -1.3566659258 12.485156783 -0.0834300631
47110 316686.9 113.8466491484 34.0879835707 3777144.426858 762760.288472 57.0777031844 -0.3137850029 1.2142706736 353.6638440424 -1.3627994696 12.5110463114 -0.0594553391
47111 316686.98 113.846647941 34.0879925904 3777145.424723 762760.1490894 57.072202214 -0.3896784794 1.1282783843 353.5338446316 -1.4160577536 12.540329711 -0.0558821914
47112 316687.06 113.8466466994 34.0880016304 3777146.424764 762760.0064913002 57.063942303 -0.2665499242 1.124603481 353.4015461825 -1.4605159418 12.5497949612 -0.1630448888
47113 316687.14 113.8466454295 34.0880107006 3777147.428087 762759.861185 57.0518793957 0.0340935611 1.0761637485 353.284101496 -1.486767328 12.6120815853 -0.1355368197
47114 316687.22 113.8466441299 34.0880197831 3777148.432689 762759.7130936999 57.0425120098 0.5581964214 0.9144573259 353.1799205836 -1.5236987919 12.6037688457 -0.0253422652
47115 316687.3 113.8466428118 34.0880288796 3777149.438794 762759.5632543 57.0487303333 0.2105604025 1.1592097974 353.0655762359 -1.5323611785 12.626033863 0.1872991739
47116 316687.38 113.8466414915 34.0880379895 3777150.446394 762759.4131735 57.0580399418 0.079362783 1.0903958321 352.9369117484 -1.5437116086 12.6399635964 0.0788087799
47117 316687.46 113.8466401346 34.0880471212 3777151.456316 762759.2596394 57.0591354892 -0.0187092957 1.1707746214 352.8333490318 -1.5925853049 12.6743891342 -0.1134571895
47118 316687.54 113.8466387593 34.088056276 3777152.468739 762759.1043445 57.0527022043 0.2415018338 1.1462905716 352.7285119753 -1.596953294 12.7247746111 -0.0804510845
47119 316687.62 113.8466373484 34.0880654389 3777153.481989 762758.9457256 57.0475680008 0.5927036107 1.1033069999 352.6452956459 -1.6490173475 12.7272387369 -0.0179327879
47120 316687.7 113.8466359136 34.0880746169 3777154.496846 762758.7848588 57.0524450755 0.5657217573 1.1247677528 352.5599477863 -1.6637348833 12.7502746894 0.1008599341
47121 316687.73 113.8466353729 34.0880780604 3777154.8775949986 762758.7242910998 57.05632935 0.5662231902 1.0482199685 352.5213806619 -1.664847236 12.7347083525 0.1641101971
47122 316687.81 113.8466339141 34.0880872541 3777155.894135 762758.5611608 57.0682384484 0.2454697465 1.0462891137 352.414980245 -1.6863282142 12.7631126146 0.197861017
47123 316687.89 113.8466324392 34.0880964676 3777156.912822 762758.3964776 57.0757858045 0.1049825237 1.0721957346 352.3004807439 -1.6983998396 12.7883172429 0.1255290437
47124 316687.97 113.8466309425 34.0881056983 3777157.933376998 762758.2297314998 57.0749461744 -0.0474377637 1.1164702574 352.1816512401 -1.7393416509 12.7981359989 -0.0379958919
47125 316688.05 113.8466294168 34.0881149482 3777158.955973 762758.0602571 57.0699615767 0.1089046827 1.0873206385 352.0782970245 -1.7704444132 12.8368209086 -0.0289229408
47126 316688.13 113.8466278614 34.0881242122 3777159.980061 762757.8879875 57.0632970156 0.2540741813 1.1050233866 351.9811557139 -1.8062594498 12.8627305894 -0.0161838889
47127 316688.21 113.8466262866 34.0881334894 3777161.005574 762757.7138918 57.0620701471 0.3007689942 1.1130875743 351.8765202449 -1.8226240059 12.8621612437 0.0800769641
47128 316688.29 113.8466246945 34.0881427848 3777162.0330449985 762757.5381351998 57.0683754599 -0.0093623592 1.0920779713 351.7430158956 -1.8475641525 12.8997392175 0.1107303348
47129 316688.37 113.8466230733 34.0881520966 3777163.062278 762757.3596418 57.0722724562 -0.2272894637 1.12929328 351.6087157609 -1.8857396259 12.9287498743 0.0315429303
47130 316688.45 113.846621423 34.0881614274 3777164.093532 762757.178412 57.0682063708 -0.3009677622 1.1361303687 351.4836576072 -1.9231655785 12.9449839054 -0.1383213942
47131 316688.53 113.8466197368 34.0881707804 3777165.127162 762756.9937921 57.0572472457 -0.0778057292 1.1517908609 351.367030921 -1.9605693589 12.999398123 -0.1384845767
47132 316688.61 113.8466180221 34.0881801455 3777166.162055 762756.8065025 57.04709817 0.2261505314 0.9716286347 351.2410539009 -1.9976813254 12.9992048904 -0.0798499885
47133 316688.69 113.8466162723 34.0881895224 3777167.198179 762756.6159345 57.0455955369 0.1605391111 0.9328119472 351.0993619799 -2.0357346666 13.0049806586 0.0555306831
47134 316688.77 113.846614495 34.0881989133 3777168.235784 762756.4227847 57.0489146216 0.1871689676 0.8717844797 350.9552539986 -2.0726108068 13.0318234647 0.0864499477
47135 316688.85 113.8466126862 34.0882083186 3777169.274905 762756.2266891998 57.0509399287 0.0456645631 0.9360616857 350.8228826121 -2.103650176 13.0503968743 0.0192449299
47136 316688.93 113.8466108574 34.0882177413 3777170.315896 762756.0286859998 57.0501369964 0.0992627691 0.9394922975 350.6773246447 -2.1186221245 13.084956297 0.0116249173
47137 316689.01 113.8466090016 34.0882271793 3777171.358526 762755.8281438 57.0482931603 0.1027836411 1.0219680209 350.5228493795 -2.1570364013 13.1130925874 -0.0374788726
47138 316689.07 113.8466075835 34.0882342632 3777172.141026 762755.6752943002 57.0479710503 0.0396992608 1.054777022 350.4158268652 -2.1907433979 13.1177471066 0.0070691563
47139 316689.15 113.8466056579 34.0882437163 3777173.185151 762755.4682618 57.046994769 -0.0154455055 1.0399847869 350.2719896935 -2.2351508378 13.1243855161 -0.0358027695
47140 316689.23 113.8466036936 34.0882531846 3777174.23086 762755.257612 57.0462678094 -0.0327783367 1.0761455256 350.1525540001 -2.2804530503 13.1571793156 -0.0877225513
47141 316689.31 113.8466016994 34.0882626686 3777175.278238 762755.0441478002 57.0424449071 0.0271768892 0.9982800725 350.0241008285 -2.3102892182 13.1832974784 -0.0551691016
47142 316689.39 113.8465996764 34.0882721621 3777176.326585 762754.8279886999 57.0391596267 0.0790049147 1.026969816 349.8936212833 -2.3374518273 13.1796621775 -0.0809122163
47143 316689.47 113.84659763 34.0882816673 3777177.376178 762754.6096431 57.0386140887 0.0951029831 0.9991521257 349.732067989 -2.3745686514 13.1933374893 -0.0069367454
47144 316689.55 113.8465955509 34.0882911786 3777178.426373 762754.3882594 57.039016081 -0.044461787 1.0343115624 349.572510676 -2.4180581561 13.1956171763 0.007462857
47145 316689.63 113.846593435 34.0883006971 3777179.477255998 762754.1634521999 57.0371769285 -0.0528701253 1.0395981894 349.4249608268 -2.4565047088 13.2113219951 -0.0190203144
47146 316689.71 113.846591285 34.0883102195 3777180.528496 762753.9354866 57.0348096713 -0.0657627629 1.0110077544 349.266909783 -2.4907422106 13.2229123095 0.0270720658
47147 316689.79 113.8465890998 34.0883197422 3777181.579675 762753.7042681 57.0309734149 0.0553443796 0.9687738613 349.1029814713 -2.5364465917 13.206739991 -0.0741513505
47148 316689.87 113.8465868819 34.0883292652 3777182.630806 762753.4700258 57.0303208064 0.0758127386 0.9679645365 348.92527747 -2.5649406586 13.2184921386 0.0236532836
47149 316689.95 113.8465846337 34.0883387831 3777183.681284 762753.2330087 57.0302424366 0.0868484564 0.9693411378 348.7453713402 -2.6007409821 13.1954160884 -0.0058601372
47150 316690.03 113.8465823515 34.0883482959 3777184.731121 762752.9928636998 57.0300140884 0.0919498838 1.0351372603 348.5648299066 -2.6438682823 13.2021190633 0.0009706902
47151 316690.11 113.8465800352 34.0883577927 3777185.779085 762752.7496226998 57.0320900129 0.0047381884 1.0491479584 348.3789793412 -2.6748022207 13.158288791 0.0512014184
47152 316690.19 113.8465776829 34.0883672738 3777186.825212002 762752.503105 57.0333999982 -0.1960957377 1.0747722948 348.1979113441 -2.7289596162 13.1373180904 -0.0384961225
47153 316690.27 113.8465752937 34.0883767424 3777187.8698660014 762752.2532156 57.031088897 -0.1412526736 1.073880243 348.0323243374 -2.7622087078 13.1318418613 -0.0236175684
47154 316690.33 113.8465734794 34.0883838328 3777188.6520629986 762752.0637704 57.0277088713 -0.2024920763 1.0555580893 347.9109026537 -2.7955400765 13.1159814436 -0.0390823515
47155 316690.41 113.8465710313 34.0883932695 3777189.6930269985 762751.8085444 57.022740325 -0.013811323 1.0029695222 347.7639251747 -2.8288335324 13.0792962172 -0.0559871491
47156 316690.49 113.8465685562 34.0884026915 3777190.73228 762751.5508678 57.0191813773 0.0526838157 0.9993597069 347.6160368766 -2.8584535499 13.0621270593 -0.0135694578
47157 316690.57 113.8465660596 34.0884120882 3777191.768684 762751.2912898002 57.0196617776 0.086052154 1.0247548436 347.4757006879 -2.87648339 13.0162916095 0.0330737849
47158 316690.65 113.8465635449 34.0884214694 3777192.803303 762751.0300841 57.0214908905 0.0827894512 1.0179415821 347.3271125433 -2.9074579747 13.0005094289 0.0370040274
47159 316690.73 113.846561007 34.0884308284 3777193.835415 762750.766806 57.0254314253 -0.1538136361 1.0427867168 347.1886851672 -2.9293083811 12.9679898477 0.0470766045
47160 316690.81 113.846558443 34.0884401666 3777194.865133 762750.5011858002 57.0255419342 -0.1674261483 1.0149712313 347.0764443186 -2.9702019434 12.9450071008 -0.0444144492
47161 316690.89 113.8465558537 34.0884494889 3777195.893036 762750.2332774 57.0220580213 -0.1997185421 0.9578378446 346.9857607116 -2.9897155212 12.9191379374 -0.0714007757
47162 316690.97 113.8465532435 34.0884587909 3777196.918635 762749.9634980998 57.0156288566 -0.0528187221 0.7877363117 346.9046825087 -3.0160194895 12.8890995943 -0.0947849025
47163 316691.05 113.8465506164 34.0884680771 3777197.942428 762749.6922079 57.012303818 -0.0785387048 0.7929144927 346.8351452658 -3.0189730606 12.8723739173 -0.0031585098
47164 316691.13 113.8465479847 34.0884773485 3777198.964566 762749.4205425 57.0110824909 -0.1804202602 0.7511232643 346.7617018606 -3.0312866286 12.8406467495 -0.0178776564
47165 316691.21 113.8465453429 34.0884866036 3777199.984871 762749.1479951 57.0093872258 -0.1201194627 0.7319482075 346.7095058804 -3.0385860949 12.8264638248 -0.0119263694
47166 316691.29 113.8465427005 34.0884958384 3777201.002925 762748.8754538 57.0067138374 -0.1990039306 0.7344711304 346.6593000255 -3.0347937493 12.7838476246 -0.0206416865
47167 316691.37 113.8465400535 34.0885050489 3777202.018265 762748.6025587 57.004491399 -0.2308170226 0.6796913419 346.632411495 -3.0485932844 12.7530049503 -0.0375917784
47168 316691.45 113.8465373998 34.0885142388 3777203.0313120014 762748.3291129002 57.0004893867 -0.2048457369 0.6441740957 346.6324409431 -3.04595354 12.7261879847 -0.0552988195
47169 316691.53 113.8465347493 34.0885234061 3777204.041851 762748.056038 56.9944479149 -0.1630607022 0.6325681743 346.6489070161 -3.041236329 12.6962162247 -0.079444749
47170 316691.61 113.8465321135 34.088532551 3777205.0499410015 762747.7843848 56.9903583713 -0.0472726107 0.5252097099 346.6806552102 -3.0210090969 12.6649799499 -0.0421114178
47171 316691.69 113.8465294858 34.0885416676 3777206.054917 762747.5135575 56.9898438612 -0.2266734482 0.4866299277 346.7303947346 -3.0137100399 12.6259115992 -0.005682278
47172 316691.77 113.846526879 34.0885507615 3777207.057425 762747.2447407 56.9891997408 -0.2123449919 0.4567322729 346.8029259328 -2.980092706 12.5923728312 -0.0291331842
47173 316691.85 113.8465242898 34.0885598337 3777208.057566 762746.9776213 56.9869164974 -0.2389344695 0.3976251064 346.9041193287 -2.9684859965 12.567810698 -0.0344978587
47174 316691.93 113.8465217216 34.0885688846 3777209.055395 762746.7124964001 56.9824292622 -0.2106945655 0.2867439661 347.0270817061 -2.9391561499 12.5205494426 -0.0636497654
47175 316692.01 113.8465191816 34.0885779164 3777210.0511879986 762746.4500383 56.9791183844 -0.2600686517 0.2624758535 347.1678867399 -2.9039416833 12.5200889786 -0.0273468777
47176 316692.09 113.8465166757 34.0885869244 3777211.04442 762746.1907998 56.9759758981 -0.1988483149 0.2209654674 347.3150647848 -2.8645744364 12.4734402157 -0.0243969991
47177 316692.14 113.8465151269 34.0885925441 3777211.664091 762746.0304166998 56.9738066383 -0.119825778 0.2124160391 347.4209922553 -2.8263533078 12.4535150508 -0.0440447538
47178 316692.22 113.8465126802 34.0886015178 3777212.653673 762745.7767512 56.9700528709 -0.1904574864 0.2576511294 347.5943933091 -2.7874966536 12.4253227756 -0.0780020071
47179 316692.3 113.846510277 34.0886104659 3777213.640525 762745.5271846 56.9682303937 0.0270692742 0.243582861 347.7914012656 -2.7321132185 12.4001709577 -0.0495617185
47180 316692.38 113.84650792 34.0886193867 3777214.624459 762745.2819697 56.9686602168 -0.0367402762 0.2239392811 348.0049028786 -2.684071625 12.351488723 0.0177612542
47181 316692.46 113.8465056052 34.0886282811 3777215.605579 762745.0407232 56.9696039306 0.0316910671 0.1986614848 348.2630660913 -2.6272704358 12.3180224884 0.0049356163
47182 316692.54 113.8465033452 34.0886371494 3777216.583947 762744.8046294 56.9719887441 -0.0349597841 0.1132448545 348.5375589276 -2.5666906543 12.2800369258 0.0389632318
47183 316692.62 113.8465011374 34.0886459889 3777217.559245 762744.5734388998 56.9741902323 -0.262145328 0.0586276803 348.8406371221 -2.4945541938 12.232927841 0.0171723188
47184 316692.71 113.8464987342 34.0886558973 3777218.652663 762744.320896 56.9748211382 -0.384806561 -0.0559539187 349.1656736098 -2.4091302656 12.1897024823 0.0043758334
47185 316692.75 113.846497693 34.0886602879 3777219.137247 762744.2111782 56.9735420458 -0.412109298 -0.0567805704 349.3061334449 -2.3693460635 12.1660866998 -0.0481423411
47186 316692.84 113.8464954178 34.0886701388 3777220.224608 762743.9706361998 56.9671074981 -0.3094585709 -0.0656439578 349.6134373075 -2.2803665245 12.1167936114 -0.1000409754
47187 316692.93 113.8464932167 34.0886799416 3777221.306836 762743.7370912 56.959359209 -0.1236624416 -0.0360307328 349.9372234963 -2.1960976354 12.052427604 -0.0334989741
47188 316693.02 113.8464910997 34.0886896929 3777222.383555 762743.5114603002 56.9583154106 -0.2545002238 0.0801301071 350.2356619105 -2.1126158846 11.9895760212 0.015367739
47189 316693.11 113.8464890674 34.0886993936 3777223.454886 762743.2938142 56.9583709743 -0.524312097 0.2964993809 350.5330331383 -2.0286523466 11.9277450561 -0.0520948073
47190 316693.2 113.8464871154 34.0887090486 3777224.521352 762743.0837152 56.9518417306 -0.527494898 0.4024721109 350.8109399113 -1.9690931363 11.8698675652 -0.0766940689
47191 316693.29 113.8464852333 34.0887186539 3777225.582477 762742.8802350998 56.9446972795 -0.6787022784 0.6108360108 351.050351779 -1.8774120241 11.8127997466 -0.0509967251
47192 316693.33 113.846484422 34.0887229093 3777226.052635 762742.7921612 56.9391068826 -0.6801269877 0.7027765279 351.1326943512 -1.8535531975 11.792811848 -0.1701017983
47193 316693.42 113.8464826288 34.0887324479 3777227.106589 762742.5970936 56.9268324925 -0.7097748186 0.7749364344 351.2906443201 -1.8187096399 11.7278645253 -0.1724781535
47194 316693.51 113.8464808606 34.0887419324 3777228.154603 762742.4044958 56.9136226866 -0.5533417039 0.727420141 351.4496119804 -1.8021678165 11.6637900818 -0.1474558091
47195 316693.6 113.8464791103 34.0887513642 3777229.196814 762742.213715 56.9021574864 -0.3074277975 0.5330455009 351.6141653904 -1.7787603981 11.5936418745 -0.1045810042
47196 316693.69 113.8464773892 34.0887607408 3777230.232975 762742.0258006 56.8965882566 -0.2983264781 0.3974780478 351.7669643395 -1.7419317401 11.5321771963 -0.0421952018
47197 316693.78 113.8464757089 34.088770062 3777231.263083 762741.8418333002 56.8950760821 -0.348064225 0.2675335435 351.8931319592 -1.6982646808 11.455537762 -0.0199015646
47198 316693.87 113.8464740779 34.0887793315 3777232.287594 762741.6625636999 56.8899562089 -0.359102671 0.2912059151 351.9568048373 -1.64660581 11.3911981294 -0.0831313678
47199 316693.96 113.8464724793 34.0887885432 3777233.305763 762741.4864716999 56.8813410383 -0.0127218985 0.3363424236 352.0097598736 -1.6246936886 11.3218237632 -0.0720149379
47200 316694.05 113.8464709088 34.0887976844 3777234.316185 762741.3131934 56.8783272542 0.0589445638 0.4166972063 352.0267481103 -1.5912312423 11.2291356595 0.0377969385
47201 316694.14 113.8464693646 34.0888067481 3777235.31808 762741.1425878 56.8836057177 -0.2705871831 0.5121915701 352.0221987199 -1.5844803763 11.1298760832 0.04723412
47202 316694.23 113.8464678287 34.0888157366 3777236.311639 762740.9729688001 56.8864453686 -0.5642314758 0.5412362488 351.9806178422 -1.5803534481 11.0281093069 0.0006423499
47203 316694.33 113.8464661261 34.0888256256 3777237.404711 762740.7851801999 56.8805180872 -0.6290834327 0.5020435485 351.8885826821 -1.5807525264 10.9163527858 -0.0893438084
47204 316694.43 113.8464644186 34.0888354002 3777238.4850800014 762740.5972981999 56.8691884028 -0.453767409 0.5970772912 351.7381400218 -1.5811343082 10.7823326267 -0.0984183514
47205 316694.53 113.8464627134 34.0888450547 3777239.552126 762740.4099961 56.8588953568 -0.224387998 0.6515543982 351.5362585233 -1.59940841 10.6504173798 -0.0881472818
47206 316694.63 113.846460977 34.0888545809 3777240.60484 762740.2202014 56.8549852688 -0.1770096772 0.7111472816 351.3257798444 -1.6142073068 10.5022542106 0.0010432739
47207 316694.73 113.8464592335 34.0888639756 3777241.642947 762740.0301698 56.8571884558 -0.3189993664 0.8484799482 351.0334285866 -1.6223585938 10.3620631082 0.0187368585
47208 316694.83 113.8464574573 34.0888732376 3777242.666254 762739.837524 56.8569610948 -0.344762674 0.9854668239 350.7066425959 -1.6661793903 10.2090146445 -0.0246305108
47209 316694.93 113.8464556472 34.088882358 3777243.673751 762739.6421816 56.8542921031 -0.3850090569 1.0809126301 350.3291777471 -1.6919367403 10.0452949684 -0.0168927556
47210 316694.94 113.8464554641 34.0888832625 3777243.773661 762739.6224823 56.8541115057 -0.400946669 1.094284766 350.2853391186 -1.6971452938 10.0325868653 -0.0168551117
47211 316695.04 113.846453595 34.0888922243 3777244.763406 762739.4221835998 56.8507455094 -0.5051237598 1.1311741762 349.8330842312 -1.7517918728 9.8760123662 -0.0483640154
47212 316695.15 113.8464514982 34.0889019206 3777245.83407 762739.1985987 56.8473415459 -0.6192744521 1.1015849361 349.2462704783 -1.8161311589 9.6803342558 -0.0551185804
47213 316695.26 113.8464493043 34.0889114325 3777246.884036 762738.9666096999 56.8402712941 -0.4855077809 1.1792139027 348.6425621674 -1.8945763244 9.496809238 -0.151806561
47214 316695.37 113.8464470327 34.088920762 3777247.913554 762738.7280118 56.8296802137 -0.138998416 1.1383280682 348.0186334122 -1.9668063097 9.2996751032 -0.0799690227
47215 316695.48 113.8464446726 34.0889298938 3777248.920899 762738.4818589 56.8306769216 -0.2464524723 1.1070330728 347.3690006039 -2.025296958 9.1040792511 0.0395812564
47216 316695.59 113.8464422486 34.0889388397 3777249.907451 762738.2303799 56.8349646712 -0.4864512474 1.0995868013 346.6570798534 -2.0881709363 8.9173548205 -0.0067868332
47217 316695.71 113.8464395012 34.0889483769 3777250.958794 762737.947204 56.8324079653 -0.4491445526 1.2493071116 345.9238354441 -2.1576127942 8.7019494682 -0.0436238799
47218 316695.74 113.846438805 34.0889507297 3777251.2181089986 762737.875646 56.8313429961 -0.4639581981 1.3026031423 345.7266188878 -2.1647182944 8.6704692972 -0.0447533427
47219 316695.86 113.8464359543 34.0889600118 3777252.240878 762737.5837274 56.8259385936 -0.3684418837 1.3146730829 344.9529465356 -2.259482071 8.48421002 -0.0548419443
47220 316695.98 113.8464329738 34.0889691131 3777253.243236 762737.2803833 56.8211895861 -0.4110943563 1.2700186156 344.1977104035 -2.3401562623 8.3327540581 -0.0245381993
47221 316696.1 113.8464299077 34.0889780541 3777254.227593 762736.9696373 56.8195073958 -0.4558995445 1.2281324934 343.3964207271 -2.4191314827 8.1825735766 -0.0089811699
47222 316696.22 113.8464267311 34.0889868427 3777255.194751 762736.6491524 56.8142720535 -0.2903970786 1.2854276874 342.6701056986 -2.4916322764 8.0570763551 -0.0777837627
47223 316696.34 113.8464234641 34.0889955047 3777256.147637 762736.3207169 56.8055595271 -0.0262621103 1.2792541182 341.9096707473 -2.5763456597 7.9457048592 -0.0490049316
47224 316696.36 113.8464229083 34.0889969368 3777256.305128 762736.2649695 56.8046191018 -0.0030608786 1.2767145048 341.7885909431 -2.5882154074 7.9280668797 -0.0444965711
47225 316696.49 113.8464192277 34.089006165 3777257.3197800014 762735.8965854 56.8056729054 -0.1405629635 1.2492808777 340.9833017729 -2.6715543811 7.8130694695 0.0370165493
47226 316696.62 113.8464154242 34.0890152647 3777258.319855 762735.5172613001 56.8099236386 -0.3007759803 1.2285046189 340.1778863892 -2.7682616706 7.7039704574 0.0004061514
47227 316696.75 113.8464115058 34.0890242396 3777259.305785 762735.1277080999 56.8062301669 -0.2782323409 1.2018590868 339.4330557347 -2.8372715501 7.5987057672 -0.0429417496
47228 316696.88 113.846407482 34.0890330879 3777260.277385 762734.7288132 56.8009650689 -0.1827881568 1.0679394318 338.7612620396 -2.9109964455 7.4884670293 -0.0354494988
47229 316697.01 113.8464033682 34.0890418055 3777261.234256 762734.3220156 56.7980878008 -0.0836180768 0.9693942704 338.2344799194 -2.9539954753 7.3838762732 0.0003756304
47230 316697.02 113.8464030501 34.0890424718 3777261.307374 762734.2905829 56.7980647022 -0.1017104415 0.9673276523 338.1968421485 -2.9540637563 7.3805332731 0.0003125236
47231 316697.15 113.8463988951 34.0890510615 3777262.249952 762733.8803818001 56.7967805639 -0.0400918094 0.8304003882 337.7977739311 -2.9846459941 7.2800855273 -0.0134616875
47232 316697.28 113.8463947077 34.0890595598 3777263.182285 762733.4674676999 56.7976927683 -0.0307745322 0.8006154454 337.5921431611 -2.9830873372 7.2238414366 0.019842343
47233 316697.41 113.846390528 34.0890680024 3777264.10847 762733.055436 56.8000747049 -0.1100957523 0.7681262205 337.4347364659 -2.9886543697 7.1709602366 0.0104094969
47234 316697.54 113.846386336 34.0890763873 3777265.028217 762732.6424481 56.8001350975 -0.1471379881 0.7063057374 337.3273171843 -2.9880143752 7.1346587707 -0.0078954151
47235 316697.67 113.8463821531 34.0890847239 3777265.942630002 762732.2304423002 56.799867738 -0.0848634232 0.7569489022 337.2279753335 -2.9774008468 7.0954541938 -0.030600911
47236 316697.81 113.8463776464 34.0890936512 3777266.921761 762731.7867226999 56.795533035 0.1399799702 0.7172838999 337.1656194112 -2.9866713547 7.0474495443 -0.0539735684
47237 316697.95 113.8463731509 34.0891025242 3777267.894893 762731.3442017 56.7969133193 0.0066536194 0.7276473961 337.0650482507 -2.9670485541 7.009407199 0.0204070998
47238 316698.09 113.8463686658 34.0891113474 3777268.862527 762730.9027966999 56.8020103285 -0.1223976272 0.7375877477 336.9548195105 -2.9745004866 6.9674425625 0.0185106979
47239 316698.23 113.8463641657 34.0891201162 3777269.824074 762730.4601781 56.801930421 -0.044437862 0.7253638741 336.8460960137 -2.9673643 6.9295080165 -0.0029496223
47240 316698.37 113.846359673 34.0891288347 3777270.780073 762730.0183923 56.7993350457 0.0036128084 0.7800401226 336.6215886974 -2.9693875742 6.8842809402 -0.0264562831
47241 316698.51 113.8463551561 34.089137489 3777271.728883 762729.5745701 56.7988809394 -0.0191219174 0.8256651915 336.3232727693 -2.9861244832 6.8323170467 0.028487743
47242 316698.61 113.8463519154 34.0891436298 3777272.4020339986 762729.256353 56.8013817519 -0.0639470334 0.8478706517 336.0008355809 -3.0094524774 6.790167491 0.0129506286
47243 316698.75 113.8463473216 34.0891521616 3777273.337039 762728.8058135002 56.8005040726 -0.0231218752 0.8644418211 335.4353216139 -3.0624792423 6.7293817028 -0.0176232011
47244 316698.89 113.8463426481 34.0891606026 3777274.2617730014 762728.3482002 56.8003995009 0.0032966182 0.934137971 334.7475146329 -3.1096222204 6.6582013744 0.0192013991
47245 316699.03 113.8463378777 34.0891689513 3777275.176016001 762727.8819175998 56.8017071653 0.032341613 1.0037809885 333.9912720552 -3.1865651827 6.5789537368 0.0132874951
47246 316699.17 113.8463329833 34.0891772426 3777276.083571 762727.4043595 56.8019253453 -0.0118974363 1.0379679273 333.1742310935 -3.2934763654 6.5704281594 -0.0253717692
47247 316699.31 113.8463279096 34.0891855163 3777276.988706 762726.9103069998 56.8013240555 -0.0392212032 1.0594978639 332.3640785443 -3.411744861 6.5563170169 -0.0061274402
47248 316699.45 113.8463226622 34.089193792 3777277.893617 762726.4002130999 56.8006494734 0.0513283836 1.1391519331 331.5493384747 -3.5227633338 6.5668530451 -0.0155974476
47249 316699.46 113.8463222812 34.0891943842 3777277.958357 762726.3632071 56.8004509602 0.0548775885 1.1505779945 331.4891003589 -3.5273139304 6.5701533304 -0.0187796764
47250 316699.6 113.8463168216 34.0892026764 3777278.864559 762725.8334620999 56.7954976372 0.2988365918 1.1647413312 330.672278612 -3.6787605882 6.5792151709 -0.019159344
47251 316699.74 113.8463111554 34.0892109969 3777279.773363 762725.2845576 56.7936375523 0.3329196032 1.1479609671 329.8169919644 -3.8045918076 6.6021858698 0.0393926697
47252 316699.88 113.8463052688 34.0892193376 3777280.683847 762724.7152427 56.80105888 0.10478604 1.040389675 328.949399118 -3.9718465334 6.6086271592 0.0166024525
47253 316699.95 113.8463022315 34.0892235183 3777281.1399839986 762724.4218744 56.8014094448 0.2060151567 0.9733900827 328.5390411347 -4.041576285 6.6364622642 -0.0316935921
47254 316700.08 113.8462964784 34.0892313072 3777281.989579 762723.8665897 56.7932023434 0.5118193093 1.076899434 327.7133682322 -4.151391985 6.664917152 -0.0622256443
47255 316700.21 113.8462905555 34.0892390978 3777282.838912002 762723.2956178002 56.7943517799 0.5771729325 1.0086990214 326.9805139287 -4.3085248862 6.6532937296 0.0952406698
47256 316700.34 113.8462844403 34.0892469034 3777283.689418 762722.7068537 56.8043307187 0.3985500997 0.9336152546 326.2919041805 -4.430122297 6.6850689179 0.0545200755
47257 316700.47 113.8462781581 34.0892547442 3777284.543411 762722.1025537 56.807809935 0.3670476182 0.9809144657 325.6585481306 -4.5491083477 6.7114470509 0.0391303156
47258 316700.48 113.8462776674 34.0892553481 3777284.609161 762722.0553824998 56.8079038449 0.3537626966 0.9854820457 325.6147706486 -4.5595981345 6.7101266099 0.0223421672
47259 316700.61 113.8462711991 34.0892632174 3777285.465837002 762721.4338153001 56.8097017175 0.4778581472 0.977497741 325.1121755789 -4.6773202283 6.7320269378 0.0117753274
47260 316700.74 113.8462645801 34.0892711241 3777286.326269 762720.7982153002 56.8123986619 0.5259577238 0.929625331 324.7355467304 -4.7824170715 6.7771621421 0.0099733016
47261 316700.87 113.8462578258 34.0892790809 3777287.191912 762720.1499656 56.8165943604 0.4236942491 0.8866187494 324.4862171914 -4.8560803151 6.8297909849 0.0402559966
47262 316700.99 113.8462514945 34.0892864827 3777287.997053 762719.5424992 56.8225193815 0.2317915048 0.8488513305 324.3427447036 -4.9320731724 6.8771417393 0.0547670623
47263 316701.11 113.8462450606 34.0892939536 3777288.8095989986 762718.9253366998 56.825492233 0.1092855281 0.8408371661 324.2689988644 -4.9886250324 6.9436612141 -0.012822832
47264 316701.23 113.8462385527 34.0893014968 3777289.629979 762718.3011165998 56.8233881816 0.3165618163 0.8630952218 324.1939834009 -5.0426639465 7.0016629719 -0.0452558026
47265 316701.35 113.846231962 34.0893091018 3777290.456999 762717.6690724 56.819985982 0.5436137308 0.8538695703 324.1600199582 -5.0949284669 7.0624715146 -0.0319806328
47266 316701.47 113.846225309 34.0893167672 3777291.290565 762717.0310785 56.8266107198 0.3463345658 0.7530484681 324.1329840983 -5.1460195162 7.1066437293 0.1107231678
47267 316701.59 113.8462185909 34.0893244955 3777292.130948 762716.3868798 56.8368706182 0.0995385516 0.7329427626 324.1713110286 -5.1818385476 7.1890344187 0.0459793204
47268 316701.71 113.846211826 34.0893323027 3777292.979958 762715.7381229 56.8343844181 0.2608494938 0.6662599546 324.243579447 -5.2300390164 7.2516549441 -0.0908778707
47269 316701.83 113.8462050058 34.0893401775 3777293.836329 762715.0840496 56.828715344 0.3969616978 0.5933339612 324.3650849051 -5.2487493793 7.3214560206 0.0178146527
47270 316701.95 113.8461981656 34.089348141 3777294.702497 762714.4278515 56.8361292118 0.2110286785 0.5247854926 324.4487029285 -5.2884529854 7.3962546995 0.0873077819
47271 316702.06 113.8461918385 34.0893555062 3777295.5035910006 762713.8208765 56.8382591605 0.3312492823 0.4170024313 324.6361029888 -5.3267017366 7.4636470887 -0.0403111212
47272 316702.17 113.8461854775 34.0893629446 3777296.312721 762713.2105561999 56.8343466241 0.5861151357 0.2724498856 324.8415607507 -5.3355876048 7.5431978429 -0.0227852851
47273 316702.28 113.8461791063 34.0893704539 3777297.129685 762712.5990609998 56.8396372525 0.5396942935 0.2001791368 325.0716084357 -5.3432477463 7.6180513589 0.1073066409
47274 316702.31 113.8461773683 34.0893725146 3777297.3539019986 762712.4322159998 56.8426511008 0.4613682919 0.1969009174 325.1465798055 -5.3457359565 7.6340126742 0.0961202888
47275 316702.42 113.8461709935 34.0893801328 3777298.182942 762711.8200666 56.8506252328 0.3913783091 0.1602854561 325.4311763833 -5.34713939 7.7234330233 0.0508031401
47276 316702.53 113.8461646138 34.0893878274 3777299.020457 762711.2072162 56.853713681 0.35717216 0.1447728284 325.778981514 -5.342277063 7.814156962 0.0073655207
47277 316702.64 113.8461582561 34.0893956209 3777299.868997 762710.5960941 56.8572278786 0.2302182957 0.1296745036 326.0833068527 -5.326873148 7.9093665694 0.0492704201
47278 316702.75 113.8461519035 34.0894035007 3777300.727132 762709.9851821 56.8595534228 0.1682276029 0.186170579 326.4040925619 -5.3299315473 7.9991997259 -0.0026489887
47279 316702.86 113.8461455541 34.089411472 3777301.59543 762709.3742816999 56.8568405267 0.1995151026 0.1945291546 326.7372032193 -5.3186009415 8.0881494382 -0.0268878699
47280 316702.97 113.8461392061 34.0894195284 3777302.473175 762708.7632395 56.8556684144 0.3200311934 0.1656997865 327.0622252128 -5.3205532524 8.1707158879 0.0113173367
47281 316703.02 113.8461363249 34.0894232185 3777302.8752730014 762708.4858053002 56.8565805554 0.3621816711 0.1543075396 327.2016472442 -5.3116268585 8.2104396489 0.0244176675
47282 316703.13 113.8461299963 34.0894313892 3777303.76575 762707.8762045 56.8587434376 0.4350795873 0.1606468142 327.4910790298 -5.3031686011 8.2910642549 0.01446751
47283 316703.24 113.8461236718 34.0894396387 3777304.664989 762707.2667441 56.8608088633 0.5513616584 0.245467389 327.7639414731 -5.2961444417 8.3676567031 0.0317570676
47284 316703.35 113.8461173669 34.0894479711 3777305.573468 762706.6588311 56.8683093684 0.5508665894 0.3160454382 327.9081692082 -5.2880079921 8.4486320486 0.0688268749
47285 316703.45 113.8461116217 34.0894556094 3777306.406361 762706.1047418 56.8753674841 0.4981579923 0.452736306 327.9980249881 -5.3101052555 8.5132085398 0.0431156744
47286 316703.55 113.8461058581 34.0894633001 3777307.245031 762705.5487996 56.8826707657 0.355880346 0.557515769 328.0728402816 -5.3227042151 8.568990348 0.0631032598
47287 316703.65 113.8461000616 34.0894710452 3777308.089645 762704.9896477 56.887324105 0.2991159501 0.6258899424 328.1536096351 -5.3630741257 8.6302587374 0.0281245832
47288 316703.75 113.846094241 34.0894788452 3777308.940292 762704.4281009 56.888492764 0.3428299561 0.6676878551 328.214350182 -5.3800449397 8.6987099163 -0.0025974049
47289 316703.85 113.8460883929 34.0894866983 3777309.796757 762703.8638453 56.8887519147 0.3633555259 0.7162797032 328.2517120168 -5.4056711838 8.7480956936 0.0082304845
47290 316703.95 113.846082513 34.0894945994 3777310.658479 762703.2965149998 56.8918434447 0.3200084479 0.7066102703 328.2942618004 -5.4366365179 8.8023013019 0.0590654561
47291 316704.05 113.8460765996 34.0895025498 3777311.525569 762702.7259315 56.8953899778 0.2272972719 0.690531779 328.3126416459 -5.4767670332 8.8555574416 0.0231599192
47292 316704.15 113.8460706571 34.0895105553 3777312.398708 762702.1524904 56.896828034 0.188704558 0.681221952 328.3156793297 -5.4891313743 8.9160261854 0.0147790306
47293 316704.25 113.8460646808 34.0895186081 3777313.277006 762701.5757863001 56.8968619583 0.2193735395 0.6379642207 328.3012768273 -5.5357576547 8.9616144725 -0.0242058309
47294 316704.35 113.8460586619 34.0895267045 3777314.160047 762700.9950189998 56.8953214828 0.2843354562 0.7167204104 328.2938562233 -5.5623644277 9.0144679227 -0.0150629999
47295 316704.45 113.8460526169 34.0895348523 3777315.048706 762700.4116777 56.8963090433 0.2292427846 0.6788412315 328.2263873951 -5.6015720069 9.0647820644 0.0235214096
47296 316704.55 113.8460465125 34.0895430316 3777315.940712 762699.8227527 56.9000500059 0.1446633232 0.6763239229 328.1910421031 -5.6531651559 9.0978275223 0.049245067
47297 316704.65 113.8460403744 34.0895512591 3777316.837989 762699.2305705 56.9008777207 0.2055265444 0.7146028792 328.1475662956 -5.6805524671 9.1572935882 -0.0281046616
47298 316704.75 113.8460341867 34.0895595261 3777317.739521 762698.6336817 56.8977462789 0.3225437597 0.6860413232 328.133166344 -5.7244272812 9.1868446953 -0.0141329345
47299 316704.85 113.846027967 34.0895678312 3777318.645187998 762698.0337208002 56.9010065394 0.3079050961 0.6333962393 328.0931449677 -5.7524285256 9.2325175102 0.0622736958
47300 316704.95 113.8460217098 34.0895761772 3777319.555306 762697.4301756 56.9065644452 0.2808257744 0.7097573739 328.0893965656 -5.7846278361 9.2825080071 0.0372636044
47301 316705.05 113.8460154232 34.089584568 3777320.470324 762696.8237739 56.9084606022 0.3996091265 0.6513658494 328.0971395435 -5.8182752383 9.3336350781 -0.0070097974
47302 316705.15 113.8460090939 34.0895929958 3777321.389332 762696.2133228001 56.9096976491 0.5277672727 0.6317066559 328.1316463977 -5.8515593828 9.3752447793 0.0508719587
47303 316705.25 113.8460027489 34.0896014688 3777322.313312 762695.6012733001 56.9159152089 0.5108142604 0.6216770165 328.1310307878 -5.8604750863 9.4346855152 0.1052559938
47304 316705.34 113.8459970131 34.0896091292 3777323.148689 762695.0479898001 56.9236917933 0.5048964489 0.6189049219 328.1456192662 -5.8947195091 9.4676930251 0.0881987631
47305 316705.43 113.8459912563 34.0896168229 3777323.987701 762694.4926685 56.9297159109 0.451972449 0.6328908837 328.1505066913 -5.9090247233 9.5144305414 0.070155091
47306 316705.52 113.8459854753 34.0896245521 3777324.830593 762693.9349896 56.9345147321 0.4272296793 0.6373208075 328.1292924944 -5.9397761278 9.5536701042 0.0705860339
47307 316705.61 113.8459796702 34.0896323111 3777325.676732 762693.3750088002 56.9392331159 0.4244692379 0.7130165652 328.0742967765 -5.9554483211 9.5865571531 0.0546606945
47308 316705.7 113.8459738357 34.0896401028 3777326.526425 762692.8121989 56.9419186702 0.5408391847 0.7534207025 327.9981443557 -6.0034384227 9.6198019989 0.0214942744
47309 316705.79 113.8459679611 34.0896479168 3777327.378476 762692.2456311 56.9450617162 0.5681526265 0.7944541186 327.9548005197 -6.0329454253 9.6467822228 0.046647274
47310 316705.88 113.8459620558 34.0896557552 3777328.233167 762691.6761404 56.952594419 0.4170248182 0.7486796009 327.9046950763 -6.0751210218 9.6766210454 0.0978285053
47311 316705.97 113.845956112 34.0896636155 3777329.090198002 762691.1030370998 56.9617015254 0.2805709454 0.779662261 327.8809187603 -6.1061394828 9.7128799257 0.091240499
47312 316706.06 113.8459501487 34.0896715125 3777329.951238 762690.5280145 56.9653419955 0.2475091939 0.8119747072 327.8328283903 -6.128030388 9.7601091481 0.01534988
47313 316706.15 113.8459441495 34.0896794379 3777330.815346 762689.9495922 56.9646227639 0.3319930262 0.7877178698 327.7801700815 -6.1642131596 9.7778036279 -0.009649248
47314 316706.24 113.8459381206 34.0896873868 3777331.68198 762689.3683535998 56.9655955564 0.4806007497 0.8014716549 327.6938625338 -6.1952692112 9.8154388644 0.0381093392
47315 316706.33 113.845932056 34.0896953575 3777332.550945 762688.7837512 56.9685449684 0.5922647489 0.8497178975 327.5980085265 -6.2298656846 9.8336975668 0.0641582456
47316 316706.42 113.8459259607 34.0897033417 3777333.421322 762688.1962736 56.9784961902 0.4050635059 0.8462310555 327.4694173808 -6.2720451224 9.8514997683 0.1412287736
47317 316706.51 113.8459198208 34.089711341 3777334.293265 762687.6046328 56.9882237334 0.3512468229 0.9329698393 327.3225920661 -6.3154760388 9.882246412 0.088380228
47318 316706.6 113.8459136414 34.0897193582 3777335.167094 762687.0092845 56.9918283112 0.3998941891 0.9777718469 327.1422004703 -6.3705363016 9.8873314092 0.0180439603
47319 316706.69 113.8459074077 34.0897273842 3777336.041755 762686.4089034002 56.9937315183 0.3680272806 1.0616882977 326.9506080864 -6.4120901293 9.8878060361 0.0365591059
47320 316706.78 113.8459011286 34.089735423 3777336.917726 762685.8042835 56.9990482554 0.1765635886 1.0336849593 326.7139670867 -6.4683308699 9.9109380619 0.0641777052
47321 316706.87 113.8458947753 34.0897434583 3777337.793119 762685.1928289002 57.0022315578 0.0766288089 1.0106994311 326.4980071863 -6.5475487218 9.9010600532 0.0231548465
47322 316706.91 113.8458919318 34.0897470299 3777338.182167 762684.9192374 57.0018833662 0.1242190471 1.0270591332 326.3988932993 -6.5640874981 9.9014018341 -0.0257121744
47323 316707.0 113.8458854915 34.0897550718 3777339.058071 762684.2997345 56.9985548994 0.3217558163 0.963645654 326.1731128339 -6.6369272383 9.9057969297 -0.0470933682
47324 316707.09 113.8458789936 34.0897631177 3777339.93426 762683.6748939998 56.9965818618 0.5354988887 0.8981461216 325.9425042985 -6.6926435374 9.9104568783 0.0342036302
47325 316707.18 113.8458724524 34.0897711646 3777340.810456 762683.0460456 57.0046804072 0.4064183222 0.8698546898 325.6710918536 -6.7400752533 9.911097596 0.1444906503
47326 316707.27 113.8458658512 34.0897792099 3777341.686319 762682.4116694 57.0159942387 0.0579703795 0.9237463861 325.4021889161 -6.8048491084 9.8988049972 0.0846755841
47327 316707.36 113.8458591854 34.0897872586 3777342.562387 762681.7713227 57.0175902192 -0.0194866587 1.0068121767 325.1374559653 -6.8712579666 9.9113883205 -0.0508220083
47328 316707.45 113.8458524561 34.089795308 3777343.438378 762681.1251065 57.0111363791 0.2227018897 1.0209020456 324.8761999158 -6.9367837255 9.9042307828 -0.0885583977
47329 316707.54 113.8458456567 34.0898033508 3777344.31345 762680.4724389 57.0058407355 0.4590193814 0.972566389 324.6068731585 -7.0101929838 9.8966875055 -0.0038256977
47330 316707.63 113.8458387927 34.0898113814 3777345.187008 762679.813841 57.010999443 0.4174612716 0.9912878601 324.34787952 -7.0712786441 9.8841254908 0.1138906053
47331 316707.7 113.8458334163 34.089817624 3777345.8659660006 762679.2981318 57.0189152202 0.2228142812 0.9400431812 324.1307171543 -7.1157819086 9.8830739707 0.1241349278
47332 316707.79 113.8458264415 34.0898256463 3777346.738312002 762678.6293295998 57.0248586377 0.1801378932 0.9116873525 323.8763625704 -7.1913652801 9.8782649579 0.047655398
47333 316707.88 113.8458194094 34.0898336653 3777347.610147 762677.955253 57.0264682947 0.2339876995 0.8994893285 323.6422258769 -7.2434289525 9.8801574961 0.003175999
47334 316707.97 113.8458123172 34.0898416807 3777348.48142 762677.2756309 57.0249430509 0.443500909 0.8185532327 323.4521286208 -7.308805563 9.8594036904 -0.0126514304
47335 316708.06 113.8458051745 34.0898496935 3777349.352287 762676.5913583002 57.0256341072 0.5629961852 0.8096122326 323.3061892557 -7.341883009 9.8687207239 0.0272087175
47336 316708.15 113.8457980054 34.0898577117 3777350.223678 762675.904634 57.0341113117 0.3816254864 0.8269426918 323.1737238267 -7.3717413875 9.8758424722 0.144691929
47337 316708.24 113.8457908004 34.0898657344 3777351.095483 762675.2145743 57.0445306329 0.1035788347 0.8717708898 323.0694270978 -7.4125774063 9.8939128589 0.0767980409
47338 316708.33 113.8457835643 34.0898737736 3777351.969036 762674.5215981 57.0474479385 0.0352879824 0.9911917748 322.9891577172 -7.440970061 9.9096314429 -0.0007943454
47339 316708.42 113.8457762963 34.0898818217 3777352.843492 762673.8256540998 57.0427896529 0.20831988 1.0312843563 322.9283926383 -7.4798805772 9.9213990004 -0.0549028586
47340 316708.51 113.8457690039 34.0898898754 3777353.718508 762673.1274346 57.0404874468 0.3075586364 1.0904084413 322.8686314798 -7.4942302563 9.9191823861 0.0348329121
47341 316708.6 113.8457616908 34.0898979297 3777354.5935410014 762672.4272996 57.0437969109 0.2411852586 1.1174999343 322.8149605829 -7.5164573784 9.9262343952 0.0595460413
47342 316708.65 113.8457576201 34.0899024048 3777355.079693 762672.0376052 57.0469294088 0.1718707133 1.0936639044 322.7874415762 -7.524877971 9.9215611382 0.0664215058
47343 316708.74 113.8457502737 34.0899104562 3777355.954321 762671.3344064 57.0512629747 0.1700835187 1.0708114621 322.766472075 -7.55310729 9.9223781075 0.0277266779
47344 316708.83 113.845742919 34.0899185115 3777356.829353 762670.6304314998 57.0521493712 0.4041811858 1.064605076 322.7485289237 -7.5469806037 9.9289354004 0.0165132567
47345 316708.92 113.8457355602 34.0899265678 3777357.70449 762669.9260704 57.0551025076 0.4939233457 1.0560835777 322.7263941576 -7.5513288126 9.9214392528 0.0980486126
47346 316709.01 113.845728209 34.0899346239 3777358.579623 762669.2224175 57.0665640095 0.1751448535 1.076411806 322.668297924 -7.5451090364 9.9241375269 0.1436950881
47347 316709.1 113.8457208356 34.0899426728 3777359.453901 762668.5167323 57.0742478557 -0.0505896662 1.1155334052 322.6339304955 -7.5708385702 9.9172396747 0.0246917441
47348 316709.19 113.8457134536 34.0899507156 3777360.327477 762667.8102749 57.07344067 -0.0098898386 1.1060608296 322.6097119348 -7.5692136803 9.9084473511 -0.0493373757
47349 316709.28 113.8457060672 34.089958747 3777361.199777 762667.1034418 57.068591007 0.1669994082 1.058787499 322.5809380467 -7.5713624032 9.891006212 -0.0578346269
47350 316709.37 113.8456986905 34.0899667684 3777362.070984 762666.3975446 57.0678411145 0.2541848243 1.0429382144 322.510956482 -7.5594636157 9.8699944466 0.0119207243
47351 316709.46 113.8456913105 34.089974767 3777362.939667 762665.6914073002 57.0729159666 0.283911811 1.0605628373 322.4362035823 -7.5628011071 9.8467946018 0.0735308775
47352 316709.55 113.8456839386 34.089982751 3777363.806746 762664.9860636998 57.0814959146 0.160897251 1.1258098489 322.3082592407 -7.5562869312 9.8286343757 0.0967923307
47353 316709.64 113.8456765555 34.0899907093 3777364.670936 762664.2797689 57.0884394757 0.0351136277 1.1138070022 322.1509710305 -7.5834490098 9.7973867688 0.0691235986
47354 316709.73 113.8456691623 34.0899986328 3777365.5312480014 762663.5726454002 57.0923947766 -0.0164122736 1.090787197 321.9633822634 -7.5918033503 9.7437153398 0.0047747955
47355 316709.82 113.8456617427 34.090006521 3777366.387567 762662.8631945 57.0912128277 0.1097956754 1.0708262782 321.8040681778 -7.6216349721 9.69575377 -0.0394183767
47356 316709.91 113.8456543104 34.0900143725 3777367.239791 762662.1526776 57.0901597804 0.1844626322 0.9763101597 321.652668826 -7.6238107968 9.6431647229 -0.0061388637
47357 316710.0 113.8456468645 34.0900221915 3777368.088361 762661.4410171 57.0946540358 0.1192064855 0.9866448618 321.522315161 -7.6352126408 9.6233842868 0.0751685482
47358 316710.09 113.8456394213 34.0900299826 3777368.933846 762660.7296861 57.1006468032 0.1355110263 0.9809901638 321.3890652804 -7.633535407 9.5891965015 0.0720136021
47359 316710.18 113.8456319716 34.0900377408 3777369.775668 762660.0178533002 57.1054729558 0.0801267054 1.0164242383 321.2812546131 -7.6372171343 9.5427755395 0.0548818759
47360 316710.2 113.8456303173 34.0900394611 3777369.962332 762659.8597939998 57.1066406202 -0.0203593058 1.0369152914 321.2563904979 -7.6290644454 9.5383650181 0.0570291537
47361 316710.29 113.8456228718 34.0900471829 3777370.80012 762659.1484689 57.1095535159 0.0046920684 1.0369009903 321.1506226022 -7.6385774821 9.5000668854 0.0251137228
47362 316710.38 113.8456154264 34.0900548714 3777371.634217 762658.4372493 57.108681798 0.1698511149 1.0915481835 321.0709944345 -7.6244884393 9.4620677825 -0.0119342336
47363 316710.47 113.845607995 34.0900625302 3777372.465044 762657.7274203 57.1094883531 0.2323762395 1.0741802685 320.9909223546 -7.615379555 9.4170044707 0.0449988604
47364 316710.56 113.8456005726 34.0900701476 3777373.2913089986 762657.0185535 57.1152375443 0.0675197806 1.0719684622 320.927568405 -7.6016272595 9.3622338979 0.0769810801
47365 316710.65 113.8455931704 34.090077733 3777374.114072 762656.3116474 57.1220139265 -0.1667466686 1.0212313371 320.8340005734 -7.5811570725 9.3240179519 0.0455733684
47366 316710.74 113.8455857784 34.0900852714 3777374.931648 762655.6058276 57.1234587235 -0.1797978405 0.9832790568 320.7412281873 -7.5704234287 9.2664106356 -0.0169394356
47367 316710.83 113.845578408 34.0900927651 3777375.744324 762654.9021364 57.1203298671 0.0453383912 1.0042541762 320.602937323 -7.5471164721 9.2060880518 -0.0556545183
47368 316710.92 113.8455710589 34.0901002057 3777376.551151002 762654.2005769 57.1179904975 0.2344946649 0.9851410515 320.4242189664 -7.5246894714 9.1356291245 0.0022517663
47369 316711.01 113.8455637305 34.0901075836 3777377.351081 762653.5011256 57.1234578202 0.1628663995 0.9722804734 320.2012222464 -7.5097146619 9.0519743882 0.0971947134
47370 316711.04 113.8455612914 34.0901100272 3777377.615988 762653.2683699002 57.1264371043 0.1040759973 0.9876857262 320.1239392085 -7.500195684 9.0179166279 0.1107358065
47371 316711.13 113.8455539786 34.0901173143 3777378.405877 762652.5706408 57.1321594277 0.0477703294 1.0279670728 319.9053869267 -7.4973821343 8.9385965784 0.0495932373
47372 316711.22 113.8455466732 34.0901245381 3777379.188768 762651.8737889 57.1334824571 0.1943366984 1.0259522167 319.6844382444 -7.4921131352 8.8642316969 0.0176742449
47373 316711.31 113.8455393773 34.0901316955 3777379.964299 762651.1780171 57.1340411017 0.2529316131 1.0611135664 319.4608410672 -7.4825714804 8.7825176829 0.0260953188
47374 316711.4 113.8455320866 34.0901387964 3777380.733592 762650.4829017 57.1384171955 0.1695282315 1.0127145018 319.2192165052 -7.4848787779 8.7099059353 0.0717451868
47375 316711.49 113.845524786 34.0901458387 3777381.496343 762649.7870564 57.1438052561 0.0779500014 1.0086921784 319.0031889005 -7.4908953309 8.6549858284 0.0939884258
47376 316711.58 113.8455174867 34.0901528292 3777382.253348 762649.0914913 57.1471073525 0.0328614556 0.9766140237 318.7889193598 -7.4918070555 8.5838931883 0.0501006296
47377 316711.67 113.8455101824 34.0901597677 3777383.004575 762648.3956314998 57.147960538 0.0355251356 0.9833351876 318.5906706729 -7.4887600207 8.5160317359 0.0171479153
47378 316711.69 113.8455085597 34.0901613034 3777383.170832 762648.2410491002 57.1482064948 0.0413703995 0.9679194414 318.5456966006 -7.4915265296 8.5121166919 0.0331862313
47379 316711.78 113.8455012603 34.0901681833 3777383.915562 762647.545821 57.1473784922 0.007898733 0.9903769433 318.3328488962 -7.4872097098 8.4453885127 0.0090623677
47380 316711.87 113.8454939644 34.0901750076 3777384.654136 762646.8510786998 57.1472710827 0.0831580238 0.9575435108 318.1340110682 -7.4819386198 8.381182802 0.0400176862
47381 316711.96 113.8454866796 34.090181773 3777385.386208999 762646.1575515 57.1490568882 0.0704253003 0.9054123857 317.9501641262 -7.4652175814 8.2960134073 0.0425849911
47382 316712.05 113.8454794015 34.0901884782 3777386.111605 762645.4648223 57.1513526952 0.0218823061 0.886964775 317.8085723373 -7.4543305005 8.2231827631 0.036383436
47383 316712.15 113.8454713301 34.0901958638 3777386.910483 762644.6967524998 57.1535815531 0.0383670157 0.8818974089 317.6970284045 -7.4204217379 8.1668191464 0.0269796698
47384 316712.25 113.8454633 34.090203183 3777387.702084 762643.9326965 57.1560645131 -0.04468933 0.7922216702 317.6319412448 -7.3748095896 8.0861440893 0.0523816257
47385 316712.35 113.8454553195 34.0902104358 3777388.486448 762643.1734229 57.1595383156 -0.1817876982 0.8137013473 317.5776895827 -7.3280735545 8.0149953181 0.0043564302
47386 316712.45 113.8454474074 34.0902176302 3777389.26451 762642.4206493 57.1585955545 -0.1091413821 0.8650042092 317.5272594648 -7.2544189825 7.941459585 -0.0482603113
47387 316712.55 113.8454395506 34.090224748 3777390.034216 762641.6732169002 57.1549397036 0.0550740507 0.8297436347 317.4840005602 -7.2153296658 7.8549271497 -0.0404174457
47388 316712.65 113.8454317649 34.0902317918 3777390.795893 762640.9325702 57.157935705 0.0479049892 0.9098923064 317.4233846583 -7.1348037113 7.7771375322 0.0835406239
47389 316712.75 113.845424046 34.0902387622 3777391.549593 762640.1983319 57.1623789165 0.025792075 0.8537100514 317.367641104 -7.0921900577 7.6879072073 0.0526329102
47390 316712.85 113.8454163886 34.0902456578 3777392.295145 762639.4699922 57.1661539627 0.0978757675 0.8645453051 317.3113336402 -7.0269702595 7.618252979 0.0315833017
47391 316712.95 113.8454088072 34.0902524841 3777393.033209 762638.7488870998 57.1686829394 0.1075895642 0.8659228874 317.2159246904 -6.9602617438 7.5435882248 0.0123410931
47392 316713.05 113.8454012864 34.0902592317 3777393.762694998 762638.0336255998 57.1710360255 0.0402458611 0.8529479438 317.1171454831 -6.9194154569 7.4499392757 -0.0129478605
47393 316713.15 113.8453938333 34.0902658938 3777394.482861 762637.3248804 57.1763107823 -0.0618856048 0.870142577 317.0234935661 -6.8491575154 7.3425683128 0.0949635759
47394 316713.26 113.8453857099 34.0902731303 3777395.265051998 762636.5524611998 57.1794522135 -0.2143481497 0.884212552 316.8932942734 -6.7928209064 7.2488185756 0.0468000793
47395 316713.37 113.8453776764 34.0902802609 3777396.035731 762635.7886738002 57.1806571214 -0.243092998 0.9108214828 316.7569929022 -6.6942229637 7.1396125949 0.0686333563
47396 316713.48 113.8453697392 34.0902872826 3777396.79456 762635.0341175002 57.181925972 -0.2496612064 0.9077098843 316.5861323047 -6.6270560241 7.0198783122 -0.0005105363
47397 316713.59 113.8453618925 34.0902941814 3777397.539986 762634.2882966 57.1826609792 -0.1352984624 0.9209677127 316.4442289956 -6.5451613657 6.8915640276 -0.0046373652
47398 316713.63 113.8453590638 34.0902966596 3777397.807735 762634.0194561 57.1820918918 -0.1740797291 0.9576755504 316.3957254721 -6.5142482068 6.8485633435 -0.0453072892
47399 316713.74 113.8453513548 34.0903033904 3777398.534867 762633.2868684 57.1814263361 -0.0643635308 0.9505072102 316.2569104984 -6.422677174 6.7192761393 -0.0056504799
47400 316713.85 113.8453437547 34.09030999 3777399.247724 762632.5647401 57.1830178294 -0.0938186662 0.9060669376 316.1276386891 -6.3298986896 6.5868984456 0.0215385897
47401 316713.97 113.8453355968 34.0903170423 3777400.009379 762631.7897162 57.1860108459 -0.2165017821 0.8871632333 316.0074500161 -6.2211572054 6.4486031826 0.0346234608
47402 316714.09 113.8453275826 34.0903239374 3777400.753967 762631.0284404 57.1869565928 -0.2673058758 0.862495483 315.9186285174 -6.1071359727 6.2998708011 -0.0116591483
47403 316714.21 113.8453197227 34.0903306807 3777401.482106 762630.2818792 57.1860149354 -0.2036509393 0.7730413978 315.8392004599 -5.9870358203 6.1542455351 -0.0098985899
47404 316714.33 113.8453120126 34.0903372692 3777402.193445 762629.5496305 57.1861234866 -0.2304681294 0.7392816576 315.8033166376 -5.8701933376 6.0247724101 -0.0085338746
47405 316714.46 113.8453038537 34.090344238 3777402.94583 762628.7747681999 57.1864277208 -0.1354731868 0.7429710029 315.7480377778 -5.7254834085 5.8685949651 -0.0242449556
47406 316714.59 113.8452958929 34.0903510242 3777403.678473002 762628.01876 57.1875179782 -0.0813845786 0.7554019148 315.7026471611 -5.5734151725 5.712986513 0.0416689574
47407 316714.72 113.8452881393 34.0903576262 3777404.391194 762627.2824441 57.1897572717 -0.0858803116 0.6990334047 315.5985089568 -5.4351621324 5.5486825284 0.0382187427
47408 316714.86 113.845280007 34.0903645201 3777405.135349 762626.5102742 57.1955612134 -0.0533582871 0.7025820541 315.5053058869 -5.2801162716 5.3723647791 0.0175004674
47409 316715.0 113.8452721112 34.0903711931 3777405.855593 762625.7606160998 57.1958521791 0.1086816891 0.6875310725 315.3566167749 -5.1282700082 5.1967323876 0.0014279517
47410 316715.14 113.8452644523 34.090377623 3777406.549462 762625.0335816 57.1995484186 0.1214990345 0.6220021808 315.2574663669 -4.9845864062 5.0060268601 0.0579388008
47411 316715.29 113.8452565361 34.090384256 3777407.265213 762624.282166 57.207344112 -0.0133279266 0.5979908359 315.1799014786 -4.7890005137 4.8203731161 0.0484109713
47412 316715.45 113.8452484312 34.090391039 3777407.997118 762623.512867 57.2135214834 -0.049241106 0.5919562491 315.143757783 -4.5873275897 4.5947572437 0.0373920961
47413 316715.61 113.8452406939 34.0903975109 3777408.6954519986 762622.778469 57.2153706783 0.0874478742 0.6496701079 315.1432881506 -4.3613718959 4.390132002 0.0107775339
47414 316715.78 113.8452328737 34.0904040455 3777409.4005269986 762622.0362196 57.2169955233 0.1167391928 0.6579939064 315.1917673055 -4.1391516597 4.1595001996 0.0185300723
47415 316715.96 113.8452250643 34.0904105862 3777410.1063129986 762621.2949508 57.2239477839 -0.0804920037 0.6249275239 315.2260332328 -3.8830525144 3.9111474424 0.0512465091
47416 316716.15 113.845217361 34.0904170526 3777410.804119 762620.56371 57.2328564357 -0.3039219532 0.589402127 315.3204198823 -3.6186105409 3.6404424971 0.0335809382
47417 316716.36 113.8452095125 34.0904236894 3777411.520467 762619.818534 57.2299575666 -0.2268212035 0.6314300967 315.4305476419 -3.3123375512 3.3491786613 -0.0147149883
47418 316716.59 113.8452017068 34.0904303039 3777412.234445 762619.0773784 57.2291916069 -0.2398526893 0.6668692837 315.558468532 -2.9805876605 3.0207014962 0.0357712629
47419 316716.85 113.8451938979 34.090436964 3777412.953478 762618.3357827 57.2295356337 -0.1529683872 0.7743332649 315.6758187044 -2.5935628724 2.6418741317 -0.0029796724
47420 316717.15 113.845186198 34.0904434906 3777413.657978 762617.6046742 57.2271380471 -0.0183085816 0.6776696742 315.8002739494 -2.1571360479 2.2015459884 0.0096067984
47421 316717.42 113.8451803083 34.0904484981 3777414.198549 762617.0453924 57.2293379717 0.0276885209 0.8171764657 315.8995222237 -1.8750115775 1.9217483292 0.0158449782
