47422 352693.73 113.8391912709 34.0845225184 3776741.164632 762082.3527133 56.996263518 0.0489858475 0.9275121385 125.9013459163 2.7063074459 -1.9625550387 0.0058069336
47423 352694.03 113.8392000716 34.0845172198 3776740.599191 762083.1816842 56.9966308856 -0.0020893646 0.8658693736 125.8108650448 2.6989688582 -1.9516569489 0.0128483966
47424 352694.34 113.8392091101 34.0845117826 3776740.018992 762084.0330472 56.9986824822 -0.139925078 0.8653073525 125.7792841937 2.688429956 -1.9403527346 0.0088435751
47425 352694.65 113.839218103 34.084506384 3776739.442951 762084.8800754001 57.0013649734 -0.2639869226 0.8771014424 125.7626239476 2.6745793524 -1.9253379633 -0.0131027127
47426 352694.96 113.8392270528 34.084501022 3776738.870861 762085.7230113002 56.9960815497 -0.1871608716 0.7980183284 125.7597637254 2.660388108 -1.917590193 -0.0232224987
47427 352695.27 113.8392360169 34.0844956606 3776738.298876 762086.5672709 56.9886893071 0.0135998407 0.8195442346 125.7239579683 2.6812613346 -1.9297750008 -0.013324027
47428 352695.57 113.8392448426 34.0844903947 3776737.737137 762087.3984531 56.983422678 0.0580579124 0.7932872078 125.6110506195 2.7447664441 -1.964257807 -0.0089302994
47429 352695.87 113.8392538624 34.0844850323 3776737.165179 762088.2478528002 56.9805368204 0.067005429 0.8694095112 125.4185072665 2.8052591426 -1.9987671646 0.01443845
47430 352696.16 113.8392627717 34.0844797698 3776736.604026 762089.0867471999 56.9827975342 -0.0008850385 0.8492681862 125.1666840061 2.8695993122 -2.0232009385 -0.0080593678
47431 352696.45 113.8392718741 34.08447443 3776736.034801 762089.9437037 56.9796283655 0.1810687888 0.9187244704 124.9037707341 2.9314054099 -2.0510277744 0.0013773066
47432 352696.54 113.8392747395 34.0844727591 3776735.856724 762090.2134397 56.9796435675 0.1405468337 0.8842400421 124.8247697313 2.9523915639 -2.0580478339 -0.0075880502
47433 352696.82 113.8392837792 34.0844675256 3776735.299126 762091.0642828 56.979543901 0.0629830087 0.9446016055 124.5850815619 3.0134087547 -2.0832634611 0.0027853841
47434 352697.1 113.8392929904 34.0844622408 3776734.736271 762091.9311216 56.9839761164 -0.0709761403 0.879507855 124.3459373341 3.0604890696 -2.1019176306 0.0255372214
47435 352697.37 113.8393020175 34.0844571112 3776734.190169 762092.7804851999 56.9814726487 -0.0755460402 0.9362724334 124.1772951024 3.0996004938 -2.119508247 -0.0110664555
47436 352697.64 113.839311175 34.0844519426 3776733.640078 762093.6419999001 56.9760535667 -0.0469922884 0.897123937 124.0020292167 3.1529893905 -2.1260942423 -0.0130765388
47437 352697.91 113.83932046 34.0844467507 3776733.0877269986 762094.5153653001 56.9762942335 -0.1978170473 0.7710247351 123.8737855639 3.1874238667 -2.1404077105 -0.0153496936
47438 352698.17 113.8393294658 34.0844416989 3776732.5502120014 762095.3625218002 56.9719220409 -0.0726973816 0.9521233783 123.7367200787 3.2202173954 -2.1553972542 -0.0268156518
47439 352698.43 113.8393385735 34.0844366531 3776732.013619 762096.2190669002 56.9654666446 0.0513344149 0.8753362885 123.6206508988 3.2469424885 -2.1590313342 -0.0370599395
47440 352698.69 113.8393477439 34.0844315702 3776731.473068 762097.0815088 56.9642870128 -0.0196862475 0.9855595427 123.4671546361 3.2655598925 -2.1819854062 0.0225636009
47441 352698.79 113.8393512954 34.0844296089 3776731.264522 762097.4154965 56.9639005829 -0.0767872532 0.9826236066 123.3979792239 3.2896395946 -2.1721074059 -0.0293989723
47442 352699.05 113.8393605916 34.0844245221 3776730.72387 762098.2895749002 56.9619888384 -0.0583208627 0.9229507293 123.2199050837 3.3070396296 -2.1807150782 0.0134623388
47443 352699.31 113.8393699385 34.0844194048 3776730.179959 762099.1684236998 56.95870509 -5.23243e-05 1.033951285 123.0823610433 3.336236199 -2.1862643997 -0.0348137033
47444 352699.56 113.8393790123 34.0844144878 3776729.657572 762100.0214433002 56.9541631369 0.0431387431 0.9587315683 122.9772600135 3.3597772858 -2.191205075 -0.0028649989
47445 352699.81 113.8393881354 34.0844095434 3776729.1322699985 762100.8790962 56.9546897411 -0.0174622952 0.9764263304 122.8653228781 3.3765732375 -2.2000228555 0.0012665219
47446 352700.06 113.8393973151 34.0844045953 3776728.606705 762101.7419888 56.9523025621 0.0073545461 0.9845749545 122.7765133679 3.4052217307 -2.1950856342 -0.0186205472
47447 352700.31 113.8394065488 34.0843996392 3776728.080397 762102.6098912 56.9496464124 0.0701814309 1.0243362829 122.6962195517 3.4156729781 -2.2056570918 -0.0137508188
47448 352700.56 113.8394158191 34.0843946838 3776727.55425 762103.4811641 56.9490100686 0.0451859298 1.009841659 122.595905316 3.4280108659 -2.1959275744 -0.007018713
47449 352700.81 113.839425088 34.0843897401 3776727.029405 762104.3522816999 56.948484526 0.0971837787 1.0560822446 122.506607895 3.4173715782 -2.1913841392 -0.0008243625
47450 352701.06 113.8394343415 34.0843848265 3776726.50786 762105.2218829 56.9466977809 0.0814463538 1.0249880031 122.4069216221 3.4179980735 -2.1713520882 -0.0156061396
47451 352701.31 113.8394435737 34.0843799396 3776725.989225 762106.0894276998 56.9478910789 0.0985939933 1.0933948257 122.3318419861 3.403264713 -2.1682081326 0.012766331
47452 352701.5 113.8394505717 34.08437624 3776725.596612 762106.7470212 56.9487286024 0.0996873537 1.1116847048 122.2606637098 3.4031942047 -2.1538414495 -0.0071173243
47453 352701.75 113.8394597783 34.0843714129 3776725.084548 762107.6120258 56.9460617313 0.0744581258 1.0902875905 122.1846735948 3.3921336283 -2.1435248263 0.0043439298
47454 352702.0 113.8394689434 34.0843665916 3776724.573013 762108.4731783002 56.9490054771 -0.0557169106 1.1461216415 122.0820852986 3.3804570995 -2.1321132061 0.0087408613
47455 352702.26 113.8394784653 34.0843616274 3776724.046545 762109.3677141998 56.950525377 -0.1608435658 1.1015095422 122.0180445823 3.3773713362 -2.108094079 -0.0066840296
47456 352702.52 113.8394879596 34.0843566686 3776723.520606 762110.2596894 56.9449809361 -0.0330148998 1.1622549756 121.9676947809 3.3596513065 -2.1193621222 -0.0140974866
47457 352702.78 113.839497433 34.0843517355 3776722.997456 762111.1496581 56.9443914006 -0.165018264 1.1188191105 121.8949997774 3.3587573986 -2.0925300958 -0.009262805
47458 352703.04 113.8395068696 34.084346846 3776722.479053 762112.0360905 56.941877068 -0.132986207 1.0629561613 121.855621854 3.3352091536 -2.0875465903 -0.0033185913
47459 352703.3 113.8395162504 34.0843419952 3776721.964812 762112.9172496998 56.9382040119 -0.0821170202 1.1019288529 121.7994764443 3.3243801941 -2.0503658281 -0.0405095429
47460 352703.56 113.8395255688 34.084337211 3776721.457796 762113.7924475998 56.9342860747 -0.0614953491 1.036570077 121.7476635982 3.2884206563 -2.0393060916 -0.0132207817
47461 352703.82 113.839534788 34.0843324528 3776720.953408 762114.6583949 56.93355357 -0.022497132 1.1618265676 121.6731557207 3.2505170952 -2.0234859679 0.0047221418
47462 352704.09 113.839544293 34.0843275994 3776720.439188 762115.5510364 56.9312434392 -0.027817249 0.9994130158 121.6275385473 3.2253122823 -1.9910219649 -0.0067621596
47463 352704.36 113.8395536877 34.0843227762 3776719.928032 762116.4333944 56.9299910068 -0.0343508045 1.0566551945 121.5544365911 3.1957039475 -1.9769443019 -0.0006998047
47464 352704.63 113.8395630043 34.084318016 3776719.423679 762117.3083484998 56.9298251821 -0.079498608 0.9855288453 121.489674208 3.1705827505 -1.9472779764 -0.0229003182
47465 352704.9 113.8395722372 34.0843133055 3776718.924616 762118.1754250998 56.927926451 -0.0750669153 0.9555893471 121.4029976892 3.1429994501 -1.9313417085 -0.0168355188
47466 352705.01 113.8395759804 34.0843113995 3776718.722698998 762118.5269436 56.9271762399 -0.0882925019 0.9821340275 121.3750753392 3.1379244878 -1.9207620073 -0.0070098482
47467 352705.29 113.8395854291 34.0843066205 3776718.216592 762119.4141520001 56.9245732036 -0.1370728558 0.9062915016 121.3083401444 3.0861142896 -1.887285509 -0.0174946225
47468 352705.57 113.8395948895 34.0843018365 3776717.709961 762120.3024608 56.9180991836 -0.1053650863 0.9487553656 121.2044684101 3.2029469625 -1.9453674813 -0.0502029095
47469 352705.83 113.8396042331 34.0842971473 3776717.213553 762121.1796816 56.9143199017 -0.0338811282 0.9062684179 121.104412173 3.433138822 -2.0751505332 -0.0180476558
47470 352706.08 113.8396138844 34.0842923078 3776716.701256 762122.0857879 56.9051924786 0.2101311998 0.9391320627 121.059627552 3.6867876609 -2.226268628 -0.0412668401
47471 352706.31 113.8396233855 34.084287551 3776716.197753 762122.9777674 56.8985739546 0.3712738434 0.9088761106 121.0257319721 3.9426563283 -2.3644948323 -0.0100491065
47472 352706.53 113.8396330428 34.0842827168 3776715.68605 762123.8844109002 56.8981841849 0.3635544488 0.9386746118 120.9889450075 4.1565647206 -2.52067696 0.0030455402
47473 352706.74 113.8396427123 34.0842778712 3776715.173122 762124.7922216 56.9008601028 0.2155730964 0.9254869298 120.9334070349 4.3377588223 -2.608293837 0.0172203415
47474 352706.94 113.8396522001 34.0842731322 3776714.671555 762125.682915 56.9012480862 0.0912776846 0.89906181 120.8918221244 4.4112042327 -2.6496055863 0.0044728201
47475 352707.14 113.8396617801 34.0842683534 3776714.165805 762126.5822459002 56.9019430764 0.0498742031 0.9591533797 120.8169423338 4.4291029416 -2.653761608 0.0070542891
47476 352707.34 113.8396713625 34.0842635989 3776713.662768 762127.4817321 56.8989048451 0.099291572 0.9999892699 120.7262619519 4.4128469854 -2.6352179878 -0.0152603587
47477 352707.54 113.8396809131 34.084258876 3776713.163144 762128.3781755 56.8987250319 -0.029057012 0.9957200798 120.5329519879 4.4016232665 -2.6066603623 0.0306850528
47478 352707.74 113.8396904192 34.0842542302 3776712.671977 762129.2702771 56.9017127864 -0.2868455235 0.8718597598 120.3180579749 4.3723099831 -2.5631291103 -0.0081141295
47479 352707.94 113.8396998455 34.0842496421 3776712.186998 762130.1548366002 56.8992168149 -0.344160568 0.8989635082 120.10850058 4.3314803444 -2.5315537589 -0.0266230563
47480 352708.15 113.8397096657 34.0842449079 3776711.6868199985 762131.0762097 56.8919422058 -0.144489668 0.8794566395 119.94793264 4.2913490968 -2.4836146802 -0.0414505939
47481 352708.36 113.8397193839 34.0842402444 3776711.194215 762131.9879503 56.8841617806 0.0856598944 0.8800263029 119.7305042214 4.2478831815 -2.4387672662 -0.0267854511
47482 352708.57 113.8397289952 34.0842356784 3776710.712167 762132.8895178002 56.8847934026 0.0996748252 0.8622834813 119.5131617095 4.1977470835 -2.3822351571 0.0156056348
47483 352708.68 113.8397339783 34.0842333224 3776710.4635 762133.3569134 56.8869319968 0.0766682609 0.8704912469 119.3895282568 4.1658145587 -2.3621284948 0.0046353281
47484 352708.9 113.8397438491 34.0842286923 3776709.975006 762134.2826408001 56.8896116111 -0.0651597897 0.8265424274 119.1305604177 4.1093179885 -2.3056738298 0.0127125178
47485 352709.12 113.839753579 34.0842241891 3776709.5002230015 762135.1949658 56.8924894938 -0.048146131 0.7989782407 118.9081287833 4.0433923468 -2.243091025 0.0072752059
47486 352709.34 113.8397630823 34.0842198287 3776709.040721 762136.0859301 56.8917643903 -0.0234689453 0.8388980373 118.6576750125 3.9273283302 -2.1532222636 -0.0216206241
47487 352709.58 113.8397729347 34.0842153807 3776708.57238 762137.009404 56.8931121034 -0.1644579327 0.7436896681 118.4441824422 3.6153226651 -1.9671012721 0.0310116418
47488 352709.84 113.8397825383 34.0842110566 3776708.117165 762137.9095087 56.8957664594 -0.320071987 0.8205759753 118.2057153429 3.2021413154 -1.7213930104 0.0030921537
47489 352710.14 113.8397921333 34.0842068017 3776707.669589 762138.8086128 56.8980007684 -0.5033115407 0.7190060823 117.9976719541 2.691584477 -1.4329484685 -0.0084363651
47490 352710.52 113.839801823 34.0842025027 3776707.217372 762139.7165971 56.8943995517 -0.4235894788 0.7678970556 117.8383237226 2.0204353425 -1.0679921609 -0.0142642264
47491 352711.11 113.8398114643 34.0841982646 3776706.771797 762140.619927 56.8879870409 -0.2577004436 0.7123165651 117.7930687791 1.0178155552 -0.5320874602 -0.0299543355
47492 352714.75 113.8398209222 34.084194122 3776706.336335 762141.5060256 56.8656185176 0.3212039557 0.7606189933 117.8115974832 0.8250598873 -0.4391430123 -0.012155554
47493 352715.46 113.8398306573 34.0841898328 3776705.885327 762142.4181795998 56.8689261684 0.3265017776 0.8419489458 117.6581504378 1.7429713635 -0.9138816486 -0.0035930999
47494 352715.9 113.8398403337 34.0841856199 3776705.442630002 762143.3246634 56.8750900254 0.4556840149 0.8090346282 117.5616551818 2.3243372474 -1.221626289 -0.0020699077
47495 352716.26 113.8398502033 34.0841813319 3776704.992096 762144.249233 56.874923286 0.6189660766 0.8573067491 117.4585297925 2.7393400502 -1.4283626592 -0.0254955157
47496 352716.57 113.8398598497 34.0841771647 3776704.5544 762145.152807 56.8802528782 0.4923870677 0.8855606686 117.3981905961 3.0049709118 -1.573737067 0.0483832619
47497 352716.86 113.8398695923 34.0841729347 3776704.109975 762146.0654728 56.8864225335 0.1875754337 0.9696769989 117.3217790209 3.203979681 -1.6662774413 0.0313286107
47498 352717.14 113.8398795779 34.0841686534 3776703.660478 762147.0007212 56.8960728478 -0.1398097022 0.7776134636 117.2801739919 3.3764495803 -1.7473666094 0.0375373205
47499 352717.4 113.8398893282 34.0841644524 3776703.219299 762147.9140047 56.8887298266 -0.1583351538 0.8081609668 117.3345367226 3.5352419534 -1.8532692821 -0.0551004888
47500 352717.65 113.8398991113 34.0841602185 3776702.774549 762148.8304100998 56.8912064005 -0.3178624823 0.9112875296 117.4826941171 3.686181748 -1.9241491608 -0.0186532445
47501 352717.89 113.8399088841 34.0841559863 3776702.329958 762149.745864 56.8817557041 -0.2181471965 0.7657100141 117.6268759191 3.8215283161 -2.0028684363 -0.0590174529
47502 352718.12 113.8399185101 34.0841517855 3776701.888479 762150.64767 56.8751617074 -0.1804505144 0.6965617853 117.8458634076 3.8983247048 -2.0470897265 -0.0221445302
47503 352718.35 113.8399282618 34.0841474683 3776701.434397 762151.5614316 56.8732555313 -0.2066962866 0.7757022182 118.1701144435 3.9359983074 -2.1148499914 -0.0319166298
47504 352718.58 113.8399381232 34.0841430515 3776700.969546 762152.4856340998 56.865028671 -0.0867480408 0.7070069762 118.5389821969 3.9720207052 -2.1498987819 -0.0165423262
47505 352718.78 113.8399467475 34.0841391378 3776700.557353 762153.2940582 56.8628807394 -0.1637963463 0.5908223625 118.9491121887 3.9849633311 -2.2022856078 -0.0153874931
47506 352719.0 113.8399562385 34.084134724 3776700.091888 762154.1840504 56.8606649432 -0.115582081 0.5494176209 119.5523184467 3.9835409922 -2.2536299479 -0.0174481435
47507 352719.22 113.8399657319 34.0841302264 3776699.617134 762155.0745207 56.8596571023 -0.179640694 0.5010145387 120.3517402846 3.9730017638 -2.3180640326 -0.0176628742
