5344 308985.57 113.8436157637 34.0911269275 3777485.465737 762470.4935481999 57.7792875459 0.7997793182 0.7972471408 293.6508828831 -6.5951261124 2.9067123889 0.1161340869
5345 308985.71 113.8436057245 34.0911305833 3777485.845631 762469.5553324 57.7981924126 0.3341795282 0.7768866257 293.4751438393 -6.626694536 2.8828346792 0.1173783475
5346 308985.85 113.8435956416 34.0911342204 3777486.223351 762468.6131422 57.8126216065 -0.2275213275 0.7836673836 293.293218028 -6.6558497697 2.8775943816 0.084203353
5347 308985.99 113.8435855064 34.0911378403 3777486.599021 762467.6661697 57.8166585686 -0.4954493227 0.7203222415 293.0573760474 -6.6878890912 2.852596736 0.0003284999
5348 308986.13 113.8435753054 34.0911414589 3777486.9743800014 762466.7131337 57.8058252903 -0.1374555906 0.7446970442 292.7779609826 -6.7320276095 2.8551328885 -0.1082497764
5349 308986.27 113.8435650479 34.0911450675 3777487.34849 762465.7549049 57.7916816585 0.4245776925 0.8225408749 292.5009296317 -6.7687935703 2.8343709048 -0.0559456853
5350 308986.41 113.8435547438 34.0911486398 3777487.718443 762464.7924909 57.7909349427 0.4954171184 0.8562915444 292.1773824776 -6.7974411371 2.7938449947 0.0959560059
5351 308986.45 113.8435517918 34.0911496511 3777487.823089 762464.5168139 57.7946810471 0.3313372678 0.8330105133 292.0787197689 -6.8056573066 2.7871379339 0.1265877601
5352 308986.59 113.8435414131 34.0911531595 3777488.18576 762463.5477069 57.8067216976 -0.176000072 0.8023870328 291.7428786581 -6.8535337301 2.7547397908 0.0659636519
5353 308986.73 113.8435309576 34.0911566384 3777488.544958 762462.5716005 57.8034732044 -0.1902504394 0.7897212619 291.3590726488 -6.9072273911 2.7292430903 -0.048821771
5354 308986.87 113.8435204223 34.0911600737 3777488.899116 762461.5882661998 57.7941289563 0.1227871422 0.7632645212 290.9576022579 -6.9569368891 2.6850003339 -0.031243684
5355 308987.01 113.8435098266 34.0911634557 3777489.247208 762460.5995093002 57.7887534201 0.3698543484 0.7466947573 290.5545998338 -6.9922195787 2.6429884242 0.0068778138
5356 308987.15 113.8434992096 34.0911667839 3777489.589272 762459.6089602 57.7914083572 0.3829457645 0.74645672 290.1681537006 -7.0290048196 2.6080506674 0.0577957363
5357 308987.29 113.843488545 34.0911700588 3777489.925293 762458.6141838002 57.7981133088 0.1525072221 0.7039396631 289.8173144084 -7.0646825589 2.5699813444 0.067650483
5358 308987.4 113.8434801229 34.0911725985 3777490.185499 762457.8287257 57.8014319194 -0.0230208563 0.6768660061 289.5781647393 -7.0938358462 2.5499237403 0.0492814755
5359 308987.54 113.8434693502 34.0911758012 3777490.513226 762456.8241796 57.8006459782 -0.1666358103 0.597434505 289.3184944741 -7.1373837107 2.5125815996 -0.0215909376
5360 308987.68 113.8434585256 34.0911789751 3777490.8376339986 762455.8149375998 57.7948584864 -0.0134393858 0.5840072618 289.122744233 -7.1620339867 2.5008951505 -0.0356976823
5361 308987.82 113.8434476553 34.0911821274 3777491.1595230014 762454.8015434 57.7875902634 0.2747572005 0.525008587 288.9949835154 -7.1953828146 2.4785866244 -0.0272483266
5362 308987.96 113.8434367394 34.091185271 3777491.48034 762453.7839707 57.7844689144 0.4113777942 0.4992589656 288.8898223753 -7.2262200116 2.4900077043 0.0411645223
5363 308988.1 113.8434257645 34.0911884164 3777491.801195 762452.7609442 57.7913335888 0.3496012871 0.5081454527 288.8278206552 -7.2654494491 2.4881849393 0.0820634402
5364 308988.23 113.8434155031 34.0911913389 3777492.099143 762451.8044748 57.7949997038 0.4298407873 0.5838511252 288.7803094612 -7.3150839816 2.5053060623 -0.0004813296
5365 308988.36 113.8434051747 34.0911942802 3777492.399014 762450.8417685 57.7958823564 0.633085354 0.6141981809 288.7502347558 -7.3633228624 2.5170688878 0.0449571564
5366 308988.49 113.8433947611 34.0911972274 3777492.699321 762449.8711718002 57.8024030179 0.5611607134 0.588883396 288.7163862489 -7.4297228974 2.5252137216 0.0897861488
5367 308988.62 113.8433842614 34.0912001976 3777493.001954 762448.8925634 57.8123544157 0.2072882133 0.5695598359 288.6721806405 -7.4930360214 2.5513082487 0.0941402275
5368 308988.75 113.8433736581 34.0912031896 3777493.30674 762447.9043183002 57.8177786982 -0.0495765367 0.5555859125 288.6390911857 -7.5732922482 2.5599498862 0.0121877296
5369 308988.85 113.843365428 34.0912055057 3777493.5426199986 762447.1372759 57.8155201357 -0.0380520145 0.5711274468 288.6181809109 -7.6282066936 2.5828051724 -0.0250420523
5370 308988.98 113.8433546294 34.0912085414 3777493.851759 762446.1308634 57.8081930736 0.2400451152 0.5804434032 288.5565825713 -7.7108221712 2.603310429 -0.0500167183
5371 308989.11 113.8433437181 34.091211598 3777494.162922 762445.1139808 57.8020972777 0.5131369059 0.5459939695 288.4763912676 -7.7820185053 2.6128705183 0.0082308879
5372 308989.24 113.8433327035 34.0912146713 3777494.475681 762444.0875102 57.8071388388 0.3585258239 0.6049493403 288.3758918701 -7.8506304637 2.6278597997 0.0835429152
5373 308989.37 113.8433215912 34.0912177566 3777494.789514 762443.0519784002 57.8144778265 0.1253153603 0.658014421 288.2502196781 -7.9280386161 2.6325542898 0.0470365144
5374 308989.49 113.8433112393 34.0912206041 3777495.078912 762442.0873882 57.8142226813 0.1659283121 0.7368995473 288.1194893326 -7.9934447738 2.6379184079 -0.0025356207
5375 308989.61 113.8433007989 34.0912234567 3777495.368647 762441.1146131 57.8077106755 0.4743279968 0.6903003045 287.954964084 -8.0564769725 2.6238367823 -0.0296357303
5376 308989.73 113.8432902722 34.0912262971 3777495.656814 762440.1339094 57.8089732258 0.4947194309 0.680245917 287.8062167229 -8.123203135 2.6211973415 0.0877097966
5377 308989.85 113.843279667 34.091229142 3777495.945279 762439.1459435 57.8185476931 0.193338808 0.7299436923 287.6222526555 -8.1846572631 2.6288093449 0.0870650571
5378 308989.97 113.8432689762 34.0912319804 3777496.232796 762438.1500986 57.8236868596 -0.0625139346 0.7583506752 287.4582077655 -8.2563460421 2.6108410234 0.0154154455
5379 308990.09 113.8432581868 34.0912348106 3777496.51915 762437.1451641 57.8193951929 -0.0044066519 0.725254766 287.2934581153 -8.3321151988 2.609533397 -0.0428015639
5380 308990.21 113.8432473039 34.091237632 3777496.804285 762436.131636 57.8110086517 0.352278229 0.6531202565 287.1224609443 -8.396350474 2.5992587452 -0.0521284257
5381 308990.33 113.8432363378 34.0912404476 3777497.088564 762435.1104371998 57.8082879772 0.5846743543 0.5824495363 286.9538834939 -8.4459722681 2.5908900607 0.0440439949
5382 308990.45 113.8432252937 34.091243253 3777497.371513 762434.0820644 57.8170982916 0.2960825015 0.5110243893 286.7839999242 -8.5192249656 2.5777767786 0.1153034849
5383 308990.57 113.8432141677 34.0912460506 3777497.653393 762433.0461609998 57.8252114169 0.0441648734 0.4730012864 286.6229391315 -8.5757972598 2.5790354151 0.015897017
5384 308990.69 113.8432029577 34.091248841 3777497.934251 762432.0025265 57.8208494158 0.2827260635 0.4215503306 286.4752746053 -8.6434071757 2.565937388 -0.0834906091
5385 308990.81 113.8431916774 34.0912516236 3777498.214062 762430.952416 57.8126574112 0.9210591354 0.5067367234 286.3350862506 -8.6800088507 2.5745749991 -0.0200324508
5386 308990.93 113.8431803491 34.0912544067 3777498.493805 762429.8978793 57.8197933082 1.3427369015 0.5364337629 286.1740889853 -8.719839442 2.5536578471 0.161083967
5387 308991.0 113.8431737177 34.0912560165 3777498.655405 762429.2806268 57.8332257345 1.1389536038 0.5961448579 286.0905699278 -8.7474070118 2.5489059566 0.2669363698
5388 308991.11 113.8431632768 34.0912585352 3777498.908094 762428.3088441 57.8581594005 0.6492934136 0.7771995075 285.9466985202 -8.7756100026 2.5428784162 0.2449633563
5389 308991.22 113.8431527937 34.091261056 3777499.1609 762427.3331516 57.8763281694 0.0422184374 0.9316439625 285.7944885748 -8.8176651311 2.5386543899 0.1070786103
5390 308991.33 113.8431422447 34.0912635569 3777499.411326 762426.3514357 57.8782865936 -0.0826707938 0.988728823 285.6436377702 -8.8831499836 2.5137235452 -0.042812987
5391 308991.44 113.8431316248 34.0912660483 3777499.660523 762425.3632031998 57.868815871 0.1859757136 1.0057782377 285.453384193 -8.943890063 2.4973641311 -0.1459656968
5392 308991.55 113.8431209438 34.0912685076 3777499.90599 762424.3694343 57.8647935521 0.2836999733 0.8814182779 285.2787786136 -8.9779579848 2.4640479339 0.0823140266
5393 308991.66 113.8431102077 34.0912709423 3777500.1486 762423.3706470998 57.8781062905 -0.1595327843 0.8438845966 285.0751781576 -9.0383514029 2.4545267593 0.0984223978
5394 308991.77 113.8430994054 34.0912733624 3777500.3894050014 762422.3657995998 57.878857051 -0.0114678175 0.7827769599 284.8535395847 -9.0974335554 2.4294646093 -0.076843923
5395 308991.88 113.8430885367 34.0912757709 3777500.628767 762421.354854 57.8661437435 0.6902688801 0.8525635746 284.6355934647 -9.1417916646 2.4268694425 -0.1230139258
5396 308991.89 113.8430875458 34.0912759895 3777500.65048 762421.2626909 57.8651683899 0.7540490227 0.8408100302 284.6135057073 -9.1469221934 2.4257581485 -0.0984507139
5397 308992.0 113.8430766168 34.0912783715 3777500.8867379986 762420.2462591998 57.8661846975 0.9074045434 0.8256888463 284.395996863 -9.1919071179 2.3884588112 0.1248231875
5398 308992.11 113.8430656574 34.0912807337 3777501.1207199986 762419.2270821 57.8852646146 0.4451627059 0.8584688978 284.1846500041 -9.2214677552 2.3637004058 0.2395852819
5399 308992.22 113.8430546435 34.0912830726 3777501.351972 762418.2029426999 57.8997915834 -0.124003294 0.8447888267 283.9985369204 -9.2889152997 2.3356364996 0.0401133391
5400 308992.33 113.8430435527 34.091285391 3777501.580758998 762417.1717636 57.8934489731 -0.0609907123 0.7294231499 283.8307492459 -9.3579724223 2.3169905257 -0.0903266023
5401 308992.44 113.8430323931 34.0912876867 3777501.806847 762416.1343073002 57.8785051256 0.3000294181 0.6427066454 283.6673081735 -9.4041346119 2.3061158023 -0.0855414358
5402 308992.55 113.8430211817 34.091289971 3777502.031542 762415.0921035998 57.8755178377 0.4964641271 0.5956411847 283.4790820829 -9.4408467738 2.2843400294 0.0594480715
5403 308992.66 113.8430099132 34.0912922357 3777502.253904 762414.044691 57.8852664791 0.31254827 0.6270790371 283.3074023306 -9.4940751121 2.2662159379 0.0790125082
5404 308992.73 113.8430027114 34.091293671 3777502.3946839985 762413.3753185002 57.8883138327 0.2613388979 0.6302778861 283.1814571606 -9.5242911999 2.2625418737 0.0534450388
5405 308992.84 113.8429913558 34.0912959079 3777502.6137440014 762412.3199466999 57.8909752136 0.2405043826 0.6893818705 282.9714231168 -9.5632711437 2.2339530527 0.0135062224
5406 308992.95 113.8429799495 34.0912981206 3777502.829993 762411.2599686 57.8874971727 0.3247506125 0.7295092587 282.750686658 -9.6079928375 2.2065282792 -0.0339873142
5407 308993.06 113.8429685108 34.0913002972 3777503.042144 762410.1971173 57.8885207195 0.2686266435 0.727466297 282.5122675005 -9.6136491164 2.1659005314 0.0853082125
5408 308993.17 113.8429570272 34.0913024321 3777503.249554 762409.1302402 57.8967758473 -0.0720593688 0.6531858916 282.2623948948 -9.6434189847 2.1272754701 0.0518197728
5409 308993.28 113.8429455233 34.0913045215 3777503.451863 762408.0616349 57.8971815333 -0.1508647154 0.6334715772 282.0627000151 -9.6514137897 2.0858711502 0.0010880098
5410 308993.39 113.8429340047 34.0913065795 3777503.650654 762406.9917613001 57.8914750405 0.0053437855 0.6580545436 281.8816860752 -9.6658035091 2.059346796 -0.0521079585
5411 308993.5 113.8429224798 34.0913086094 3777503.846306 762405.9213971 57.8846894596 0.1574403153 0.5556567599 281.6939252657 -9.6663564527 2.0223918773 -0.0200241492
5412 308993.61 113.8429109555 34.0913105988 3777504.037472 762404.8512220002 57.8853736799 0.2453903202 0.50434656 281.5109447157 -9.6629761826 1.9875957239 0.0584535099
5413 308993.72 113.8428994357 34.0913125654 3777504.2261089985 762403.7815209002 57.8881885884 0.3327868801 0.5225892852 281.3376256474 -9.6644507888 1.9640936623 0.0260304133
5414 308993.83 113.8428879191 34.0913144959 3777504.410755 762402.7122332 57.8902654881 0.3972935658 0.537389788 281.1915538621 -9.6588287215 1.9248580413 0.0342320481
5415 308993.94 113.8428764138 34.0913164047 3777504.5930199986 762401.6440587 57.8958313307 0.3243365969 0.5557882438 281.0226671152 -9.6502961345 1.9125492877 0.1001176574
5416 308994.05 113.8428649098 34.0913182824 3777504.77184 762400.5760941998 57.9020977607 0.0938653453 0.5727097168 280.8710987585 -9.6505667378 1.8724193142 0.0445133796
5417 308994.16 113.8428534095 34.0913201301 3777504.947329 762399.5085660998 57.9073875649 -0.1012440056 0.5659743911 280.7206483805 -9.6471104089 1.8544326734 0.0365732916
5418 308994.27 113.842841905 34.0913219499 3777505.119726 762398.4407395001 57.9073161455 -0.2516776941 0.5587986461 280.5693546196 -9.6537958854 1.8198056392 -0.0260392707
5419 308994.3 113.842838767 34.0913224418 3777505.166249 762398.1494821 57.9064964699 -0.2657323101 0.5599929367 280.5261542641 -9.653396607 1.8202206204 -0.0341377263
5420 308994.41 113.8428272601 34.0913242281 3777505.334915 762397.0815361999 57.9012761116 -0.1524078951 0.537541705 280.3546001878 -9.6521393271 1.7878932921 -0.050170456
5421 308994.52 113.8428157531 34.0913259811 3777505.499887 762396.0136885 57.8945323667 0.3241585627 0.5798156689 280.1984499155 -9.6502999056 1.7607887277 -0.0536593832
5422 308994.63 113.842804253 34.0913277136 3777505.662604 762394.9465332 57.8931973986 0.7413252397 0.5680056155 280.0526872692 -9.6477662516 1.7262102873 0.0423711755
5423 308994.74 113.8427927694 34.0913294116 3777505.8215230014 762393.8810060002 57.9056566525 0.4946218771 0.5606380148 279.9367729815 -9.6252895336 1.7037317812 0.1802924561
5424 308994.85 113.8427813058 34.0913310999 3777505.979424 762392.8173629 57.9254333936 -0.1328859491 0.6668214199 279.803459525 -9.6159935453 1.6986592216 0.1025612854
5425 308994.96 113.8427698467 34.0913327648 3777506.1347449985 762391.7542037 57.9274164699 -0.153024618 0.7632854187 279.7026607041 -9.6155616861 1.6673186197 -0.0785611987
5426 308995.07 113.8427583974 34.0913344143 3777506.288385 762390.6919904002 57.9164529554 0.2636858942 0.7576844299 279.5960464894 -9.5984752176 1.6538249239 -0.1064398291
5427 308995.18 113.8427469769 34.091336042 3777506.439665 762389.6325191 57.9158130009 0.2638365703 0.7816601562 279.4870851144 -9.5697608052 1.6195242794 0.1089594871
5428 308995.29 113.842735591 34.0913376491 3777506.5887629986 762388.5762896 57.9300603541 -0.2447159631 0.7825781508 279.3664018911 -9.5407161449 1.6022783339 0.1079326818
5429 308995.37 113.8427273203 34.0913387967 3777506.6948589985 762387.8091137 57.9332008259 -0.4061928946 0.6873365728 279.2955499384 -9.5387061198 1.5756308341 0.0142776731
5430 308995.48 113.8427159667 34.091340355 3777506.838627 762386.7560245999 57.9259996163 -0.2194456296 0.6807098465 279.1703778588 -9.5175601618 1.562363375 -0.0979234282
5431 308995.59 113.8427046391 34.091341896 3777506.980526 762385.7053910998 57.9124826407 0.441607736 0.7402790414 279.0316313967 -9.4938357279 1.5367201821 -0.0956098803
5432 308995.7 113.8426933462 34.0913434104 3777507.119574 762384.6580446998 57.909389155 0.7781139921 0.7246676722 278.8788645338 -9.4524412115 1.5015607967 0.0950423056
5433 308995.81 113.8426820999 34.091344891 3777507.25498 762383.6151026 57.9277272569 0.2847815308 0.7531864189 278.7099746271 -9.4230361347 1.4644256956 0.1956742289
5434 308995.92 113.8426708879 34.091346341 3777507.387087 762382.5754260998 57.9436977738 -0.1564493545 0.7906227553 278.5487952163 -9.3939194025 1.4415272205 0.0563313975
5435 308996.03 113.8426596928 34.0913477571 3777507.515475 762381.5374069 57.9402208403 0.0825643644 0.7824552051 278.4167270104 -9.3863845392 1.406652751 -0.0871236444
5436 308996.14 113.8426485242 34.0913491442 3777507.640708 762380.5019253 57.9316886533 0.4458209869 0.7950693674 278.2829893757 -9.3526648585 1.3919167491 -0.0173805547
5437 308996.25 113.8426373972 34.091350506 3777507.76325 762379.470367 57.9385391781 0.1259178148 0.7713942845 278.1358900236 -9.3236899615 1.349839852 0.1192569751
5438 308996.36 113.8426263044 34.0913518373 3777507.882488 762378.442058 57.9519216437 -0.4024642744 0.8030218301 278.0118877358 -9.2931500221 1.3386951671 0.0927417615
5439 308996.42 113.8426202625 34.091352559 3777507.947051 762377.8819867 57.9530842956 -0.5359980339 0.7940140489 277.9486396049 -9.2888464958 1.3310940587 -0.0375309155
5440 308996.53 113.8426091971 34.0913538537 3777508.062295 762376.8563196 57.9427374182 -0.251893401 0.7719647126 277.8828232164 -9.2779537518 1.2921151695 -0.1390621762
5441 308996.64 113.8425981602 34.0913551331 3777508.175922 762375.8333324002 57.9286163002 0.217944803 0.7517232527 277.8047193214 -9.239726644 1.2835091857 -0.0651951628
5442 308996.75 113.8425871637 34.091356403 3777508.288589 762374.8141114 57.9287581323 0.3186328696 0.7589751623 277.7202080771 -9.2101326669 1.2667247354 0.0665470448
5443 308996.86 113.8425762027 34.0913576499 3777508.398803 762373.7982288002 57.9370910339 0.1400359174 0.7445437676 277.6593735348 -9.1831628401 1.250871518 0.0645046175
5444 308996.97 113.842565275 34.091358885 3777508.507784 762372.7854611 57.9425997455 -0.0873895892 0.7429805914 277.5884702554 -9.1509049133 1.236654607 0.0434382261
5445 308997.08 113.8425543773 34.0913601034 3777508.614998 762371.7755203 57.9430414736 -0.1070134645 0.729205501 277.519681849 -9.1298255728 1.2182528613 -0.0246270331
5446 308997.19 113.8425435071 34.091361308 3777508.720749 762370.7681515 57.9373455932 0.2002908113 0.7201197277 277.4339204606 -9.108670914 1.2055871788 -0.0649960974
5447 308997.3 113.8425326743 34.0913624935 3777508.824479 762369.7642978 57.9352047555 0.414672071 0.722685227 277.3309370942 -9.0707905249 1.1870882952 0.0424136676
5448 308997.41 113.8425218833 34.0913636603 3777508.926236 762368.7643716999 57.9428285724 0.2670019574 0.7143273576 277.2049261415 -9.0377746827 1.1658775277 0.0864251153
5449 308997.52 113.8425111297 34.0913648026 3777509.025369 762367.7679626 57.9536976134 -0.0115675112 0.710394679 277.0883666617 -9.0049325256 1.1357816669 0.0838058385
5450 308997.64 113.8424994351 34.0913660208 3777509.130514 762366.6844396 57.9566304786 -0.105906033 0.7087344791 276.9481488046 -8.9770539424 1.1146061625 -0.0157660827
5451 308997.76 113.8424877988 34.0913672133 3777509.23295 762365.606385 57.9538861532 0.0710765813 0.7726382073 276.7924438066 -8.9192184759 1.0857360206 -0.0198276194
5452 308997.77 113.8424868327 34.0913673112 3777509.241341002 762365.5168751 57.9536701078 0.0841663759 0.7789302951 276.7796197592 -8.9133873018 1.0838636859 -0.0205813575
5453 308997.89 113.8424753234 34.0913684616 3777509.339434 762364.4506727 57.9532144768 0.1175848718 0.7584931596 276.6139000693 -8.778619714 1.0353235305 0.0145226598
5454 308998.01 113.8424640218 34.0913695615 3777509.432457 762363.403799 57.9602117548 -0.1323157615 0.7715657064 276.4781062551 -8.605397593 0.9945092081 0.0878739934
5455 308998.13 113.8424529091 34.0913706279 3777509.52225 762362.3744762 57.9657252375 -0.1720447208 0.763490742 276.3322846091 -8.4993194333 0.9678976051 0.0021167414
5456 308998.25 113.8424419015 34.0913716668 3777509.60925 762361.3549429 57.9606648991 0.2949380808 0.8449128131 276.1941529722 -8.4265459622 0.9411236651 -0.0618653036
5457 308998.37 113.8424309966 34.091372676 3777509.693232 762360.3449798998 57.9602416633 0.5742333719 0.8924578975 276.0337399511 -8.3442929872 0.9144486767 0.059431555
5458 308998.49 113.8424201903 34.0913736527 3777509.773855 762359.3442133 57.9714922821 0.4269042426 0.9714210705 275.8560115448 -8.2782666399 0.8808272025 0.1381831531
5459 308998.62 113.8424085646 34.0913746693 3777509.856806 762358.2676818002 57.9856998529 0.0269091344 1.0552286112 275.6361728212 -8.2235737585 0.847061613 0.0894308212
5460 308998.75 113.8423970234 34.0913756469 3777509.935639 762357.1990623 57.9923756663 -0.1972828293 1.125720285 275.369740924 -8.1559966549 0.8022486317 0.0164004584
5461 308998.88 113.8423855841 34.0913765585 3777510.007414 762356.140058 57.9902456542 -0.101864848 1.1350576905 275.1329705378 -8.0786411257 0.752718208 -0.0263573692
5462 308998.98 113.8423768778 34.091377226 3777510.059116 762355.3341476 57.9878829792 -0.0683068086 1.0469493202 274.9454818138 -7.9941336063 0.7162408486 -0.0051697663
5463 308999.11 113.8423657175 34.0913780357 3777510.120295 762354.3012229 57.9894105978 -0.280645863 0.9795742077 274.7495848127 -7.844603848 0.668668031 0.0257226101
5464 308999.24 113.8423547988 34.0913788063 3777510.177761 762353.2907228002 57.9928690828 -0.5227996968 0.9712333107 274.5473492746 -7.6533481592 0.6353190262 0.005390052
5465 308999.38 113.84234336 34.091379581 3777510.2343440014 762352.2321838002 57.9890788198 -0.4014726985 0.9844408894 274.3748431021 -7.431377182 0.5883066517 -0.0650889753
5466 308999.52 113.8423322773 34.0913803027 3777510.28596 762351.2066977 57.9806736708 -0.0964393705 0.9876039256 274.187724418 -7.1864627837 0.5465892318 -0.0417999139
5467 308999.67 113.8423208229 34.0913810202 3777510.336155 762350.1468986998 57.9809054453 0.1311252113 1.0313998454 274.0099662692 -6.9155427333 0.5107023637 0.0285540476
5468 308999.82 113.8423098013 34.091381687 3777510.381836 762349.1272163 57.9847173942 -0.0276963991 1.06472995 273.8237283009 -6.6507748724 0.4667557852 0.0301856684
5469 308999.98 113.8422985258 34.0913823319 3777510.424437002 762348.0841579002 57.9941810109 -0.3711006413 1.0189294064 273.6278308181 -6.3586060058 0.4253184672 0.0663282293
5470 309000.15 113.8422870817 34.091382953 3777510.463951 762347.0256076 57.9995003268 -0.4605025339 1.049053867 273.4237981726 -6.0570260474 0.394460146 -0.0182983486
5471 309000.2 113.8422838179 34.0913831234 3777510.474483 762346.7237366 57.9979093606 -0.377476817 1.0247785026 273.3654443969 -5.9750937363 0.3751426841 -0.0394057631
5472 309000.38 113.8422724762 34.0913836822 3777510.507356 762345.6748376 57.9894226957 -0.151616399 1.0550694312 273.190196536 -5.6431658856 0.3371804029 -0.0254615786
5473 309000.57 113.8422612018 34.0913842141 3777510.537413 762344.6322354 57.9924994558 -0.2386871156 1.0537394921 272.9892335035 -5.2992840144 0.3036359162 0.0287315642
