49024 353351.3 113.8443714331 34.0843014266 3776729.934829 762561.3575008 56.6169524165 0.0989313198 0.8503651111 66.3270875888 2.7960113447 1.2052749389 -0.0074361465
49025 353351.62 113.8443815749 34.0843051917 3776730.378744 762562.2823374 56.6153269019 0.1807679113 0.914456987 64.5136200601 3.0628106305 1.4319137244 -0.000119361
49026 353351.86 113.8443898173 34.0843084866 3776730.7655940014 762563.0332364 56.6149618486 0.1777811706 0.9297815687 63.1351869509 3.275129188 1.6364693922 -0.0100606176
49027 353352.13 113.8443997264 34.0843127221 3776731.261122 762563.9351296 56.6166752372 0.1574092218 0.8196912616 61.8147556827 3.4977733989 1.8473468777 -0.0013243605
49028 353352.38 113.8444094087 34.0843170434 3776731.765574 762564.8158121 56.6166631514 0.1692445543 0.8376812069 60.908520828 3.6473434702 1.9971403295 -0.0250645798
49029 353352.62 113.8444189805 34.0843214785 3776732.2823809986 762565.6859420999 56.6170313246 0.1171626648 0.7519272534 60.2719986739 3.7171538594 2.1040174886 0.0031965182
49030 353352.86 113.8444286848 34.0843260726 3776732.817168 762566.5678192 56.6181646874 0.1185713572 0.7665199861 59.8452311625 3.7424468824 2.1526003766 -0.0013190075
49031 353353.1 113.844438415 34.0843307598 3776733.362361 762567.4517995998 56.6184955668 0.2067016573 0.7661791934 59.5524398791 3.7488752734 2.1893931042 -0.0127941371
49032 353353.33 113.8444477639 34.0843353232 3776733.892834 762568.3009541 56.6187613625 0.2693792943 0.8476020635 59.1869294385 3.7649941721 2.222375876 0.0077203397
49033 353353.56 113.8444571492 34.0843399918 3776734.435067 762569.1531345 56.623035145 0.2761088335 0.8351003834 58.6669168525 3.7824923953 2.2793808947 0.0086413338
49034 353353.59 113.8444583751 34.0843406102 3776734.506843 762569.2644208 56.6237984449 0.27357061 0.8334899675 58.5904586658 3.7806006152 2.2880719308 0.0235393581
49035 353353.82 113.8444677968 34.0843454123 3776735.063992 762570.1195643 56.6292809164 0.3154374636 0.855374541 57.958294266 3.7950607665 2.3439549078 0.0110689315
49036 353354.05 113.8444772362 34.0843503444 3776735.635611 762570.975933 56.6332342522 0.2442371492 0.8902545956 57.3208540962 3.796534827 2.4099844325 0.010949191
49037 353354.28 113.8444866751 34.084355393 3776736.2201660015 762571.8318934 56.6386326728 0.18113114 0.8162466793 56.7150025763 3.7805933148 2.4587948381 0.0331132514
49038 353354.51 113.8444960705 34.0843605318 3776736.814606 762572.6835643002 56.6446308177 0.1456448948 0.7407994381 56.3698385592 3.776036719 2.4981988476 -0.0134938901
49039 353354.74 113.8445055099 34.0843657284 3776737.415583 762573.5391116 56.6440004958 0.1767464101 0.808424783 56.1956549249 3.8049666199 2.5193068102 0.0008712074
49040 353354.96 113.8445145965 34.0843707613 3776737.997478 762574.3625930998 56.6498378962 0.0652808692 0.8730143859 56.0165766974 3.8211557531 2.5642776714 0.015449804
49041 353355.18 113.844523829 34.0843759328 3776738.595130998 762575.1991165 56.6464279275 0.2430039288 0.8604639501 55.8467176621 3.9459303528 2.6528728458 -0.023036412
49042 353355.39 113.84453293 34.0843810492 3776739.186341 762576.0236734 56.6511544604 0.2063817555 0.90233396 55.6703087866 4.0672315672 2.7494959755 0.0110478992
49043 353355.6 113.8445423186 34.0843863701 3776739.800975 762576.8741488 56.6509328475 0.3020315477 0.8710228009 55.4939685734 4.1959402485 2.8663849824 -0.0076125389
49044 353355.8 113.8445515428 34.0843916312 3776740.408556 762577.7096306 56.6526262406 0.3894251477 0.8839870562 55.3363202005 4.3217244949 2.969352843 0.0049119275
49045 353355.99 113.8445605563 34.0843968074 3776741.006167 762578.5259133 56.6562232506 0.4186562842 0.8714517664 55.1750392328 4.4439679266 3.0698523636 0.0062896009
49046 353356.03 113.8445624846 34.0843979188 3776741.134459 762578.7005298 56.6569665438 0.4259596257 0.8483962369 55.1402036686 4.4667427841 3.0925052521 0.0126916445
49047 353356.22 113.8445717549 34.084403291 3776741.75449 762579.5399295 56.6623746725 0.3745253007 0.8803413108 55.0167120051 4.5755007251 3.183938128 0.0209601262
49048 353356.4 113.8445807435 34.084408519 3776742.357785 762580.353754 56.6693975218 0.2419597801 0.8290451352 54.9399514042 4.6668228429 3.2623575597 0.0320935988
49049 353356.58 113.8445898923 34.0844138481 3776742.972726 762581.1820646998 56.6744675757 0.1760032543 0.8850568013 54.888931933 4.7472504431 3.3065243294 0.0061612855
49050 353356.76 113.8445991791 34.0844192604 3776743.597243 762582.0228599 56.6758409226 0.2357214451 0.9216803223 54.8246749425 4.8020111973 3.3721996525 -0.0037875555
49051 353356.93 113.844608043 34.0844244587 3776744.1969199986 762582.8252587 56.6776414709 0.3019121427 0.8823994564 54.7783711252 4.8587640288 3.4080572897 0.0081956424
49052 353357.1 113.8446170144 34.0844297138 3776744.803189 762583.6374176998 56.6793856956 0.3445699624 0.8992225782 54.6756774344 4.9042341652 3.4579316794 0.0142090616
49053 353357.27 113.8446260722 34.0844350453 3776745.418147 762584.4573193 56.685147169 0.2332470415 0.8998892209 54.5445297936 4.9541286651 3.5046450378 0.038257987
49054 353357.44 113.8446352098 34.084440453 3776746.041773 762585.2843425 56.6892598895 0.2967326107 0.8584508091 54.3868708496 4.9912680572 3.5546752315 0.0116778194
49055 353357.61 113.8446444203 34.0844459411 3776746.674512998 762586.1178560002 56.6919591734 0.3126129602 0.8114626401 54.2334201849 5.0346279891 3.6064565346 0.0020774666
49056 353357.78 113.8446537057 34.0844514961 3776747.314861 762586.958083 56.696661097 0.3271846923 0.8409576226 54.0981631632 5.0727606821 3.6435438141 0.0445503169
49057 353357.94 113.8446625144 34.0844567868 3776747.924656 762587.7551056999 56.7019174071 0.2911704783 0.8735913058 53.9678241229 5.1126147662 3.6972976434 0.0169462126
49058 353358.1 113.844671393 34.0844621523 3776748.5429339986 762588.5583491 56.7059010351 0.2443078301 0.8301235789 53.8409514203 5.1475159618 3.7431337247 0.0371823029
49059 353358.26 113.8446803488 34.0844675821 3776749.168551 762589.3685215998 56.7111106906 0.1673553508 0.7965367056 53.6896706052 5.189079305 3.7864547108 0.0197585507
49060 353358.42 113.8446893755 34.08447308 3776749.801904 762590.1850325 56.7118249536 0.2193418495 0.8873153121 53.5543423088 5.2335269521 3.831667645 -0.0012797417
49061 353358.58 113.8446984677 34.0844786449 3776750.442858 762591.0073796 56.7154317312 0.1561377685 0.9032769786 53.3838003335 5.2636563735 3.8864557646 0.0304219452
49062 353358.74 113.8447076092 34.0844842915 3776751.092998 762591.8340392 56.7180715818 0.1784741343 0.8430518199 53.2249135862 5.2941325815 3.9375773776 0.0102578866
49063 353358.86 113.8447145097 34.084488567 3776751.585233 762592.4579949002 56.718224477 0.2090013831 0.8166498142 53.0913805733 5.3232622561 3.9716065671 0.0008613626
49064 353359.01 113.8447231796 34.0844939703 3776752.20716 762593.2418566998 56.7207446471 0.1555897058 0.8413532617 52.9459726141 5.3501799853 4.0150265233 0.0336348141
49065 353359.16 113.8447319073 34.0844994301 3776752.835518 762594.0308758002 56.724899645 0.0964326672 0.87305807 52.8070871879 5.3859148069 4.0616671673 0.0194592473
49066 353359.31 113.8447406766 34.0845049662 3776753.472446 762594.8234941 56.724547646 0.2009753166 0.7883924919 52.6729671464 5.4141500908 4.1199778178 -0.0009589405
49067 353359.46 113.8447495036 34.0845105536 3776754.115221 762595.6212899998 56.7254957166 0.1737456094 0.8398939619 52.5231860131 5.4567823661 4.1406155889 0.0006599825
49068 353359.61 113.844758385 34.0845161921 3776754.763803 762596.4239506 56.7288418785 0.1147313224 0.8665281482 52.3794546243 5.4712651729 4.1978562467 0.0299526696
49069 353359.76 113.8447672971 34.0845219039 3776755.420588 762597.2292157 56.731390289 0.187383194 0.8238846685 52.268405725 5.4999907618 4.2434432195 0.0037570228
49070 353359.91 113.8447762703 34.0845276681 3776756.083361 762598.039966 56.7299266709 0.2547390783 0.8404802146 52.1142278286 5.5445760245 4.2845171166 -0.0031005607
49071 353360.06 113.8447853078 34.0845334967 3776756.753444 762598.8564446998 56.7336262781 0.1666350114 0.8947543248 51.9843915489 5.5828749112 4.3406497823 0.0536089554
49072 353360.21 113.8447944072 34.0845393985 3776757.4318 762599.6784215998 56.7389679896 0.0526370908 0.8930051025 51.839764377 5.6198494535 4.3950594514 -0.0039027861
49073 353360.35 113.844802958 34.0845449755 3776758.072707 762600.4507413 56.73742925 0.1741349656 0.9043300548 51.713960509 5.6573106644 4.440174356 -0.0046526056
49074 353360.49 113.8448115693 34.0845506108 3776758.720236 762601.2284706 56.7371309306 0.1610635614 0.9618766574 51.5798459886 5.6990439405 4.4872636769 0.0090647544
49075 353360.63 113.8448202298 34.0845563085 3776759.374829 762602.0105449002 56.7408903437 0.1413492582 0.9262654472 51.4575762808 5.7279313296 4.5442219563 0.0615673102
49076 353360.77 113.8448289433 34.0845620712 3776760.036759 762602.797321 56.7425217135 0.1880186159 0.9372082419 51.3238457022 5.7708160389 4.5892589206 -0.018784146
49077 353360.91 113.8448377201 34.0845678999 3776760.706176 762603.5897281 56.7406299626 0.2517074617 0.9142368546 51.1899563276 5.803956118 4.64078268 0.0184640193
49078 353360.92 113.844838349 34.0845683191 3776760.754317 762603.6465082 56.7408214286 0.2418452248 0.9159525489 51.1805673449 5.8076636075 4.6492349846 0.0260153645
49079 353361.06 113.8448471758 34.0845742141 3776761.4312269986 762604.4433318 56.7473065993 0.1659984876 0.9529881867 51.0546075656 5.842994311 4.6899379472 0.0477207257
49080 353361.2 113.8448560374 34.0845801702 3776762.115001 762605.2431781 56.7469916306 0.2049715878 0.9801503624 50.9207516867 5.8759354296 4.7488470293 -0.0291779954
49081 353361.34 113.8448649501 34.0845861868 3776762.805632 762606.0475577 56.7467658203 0.1914072949 0.9896345731 50.7879747757 5.906724172 4.7902124973 0.0403735563
49082 353361.48 113.8448739027 34.0845922623 3776763.502888 762606.8554386 56.7522349441 0.1111302153 0.9989733495 50.6406397727 5.934767218 4.8432179673 0.0224994011
49083 353361.62 113.8448828976 34.0845983968 3776764.206806 762607.6670426 56.7503456846 0.2399829566 1.0640610309 50.4950326073 5.9684198969 4.8818028635 -0.0198934741
49084 353361.75 113.8448912867 34.0846041461 3776764.866419 762608.4238951 56.7493539043 0.3261532675 1.0435797046 50.3522988513 5.9781246819 4.9332407294 0.0316624601
49085 353361.88 113.8448997106 34.0846099554 3776765.532779 762609.1837848 56.755841569 0.2379191885 1.0491700113 50.219562496 6.0126027591 4.980508176 0.0690550253
49086 353362.01 113.844908171 34.0846158189 3776766.205251 762609.946873 56.7589595504 0.2594237171 0.9813353529 50.0667634749 6.0309513001 5.0353558744 0.0055985937
49087 353362.14 113.8449166829 34.0846217385 3776766.8840809986 762610.7145431 56.7591568651 0.3039957268 1.0381455616 49.9248753929 6.0587677185 5.0667934483 0.0213992674
49088 353362.27 113.8449252333 34.0846276975 3776767.567377 762611.4856403002 56.7638927093 0.2824158422 1.0456780326 49.7543069621 6.0759113953 5.1121768666 0.0581288807
49089 353362.4 113.844933796 34.0846337235 3776768.258143 762612.2576729 56.7677863063 0.3174362809 0.9905021637 49.5909619875 6.0881694142 5.1671148727 0.0315531101
49090 353362.53 113.8449423877 34.0846397979 3776768.954354 762613.0322355998 56.7707935851 0.3536097728 1.0028881214 49.385509197 6.1149678895 5.2093643914 0.0252171384
49091 353362.66 113.8449510044 34.0846459302 3776769.65706 762613.8089223 56.774589425 0.3227146989 1.0035267664 49.1756352101 6.1220417111 5.2616781925 0.0371867171
49092 353362.74 113.8449563101 34.0846497384 3776770.093327 762614.2870670998 56.778774688 0.269413291 0.9889541634 49.0591048252 6.1284502621 5.2982210333 0.0712828386
49093 353362.87 113.844964956 34.0846559727 3776770.807421 762615.0661341 56.7838428738 0.2351784843 0.9431596546 48.8422825247 6.1464402686 5.3443934468 0.0268147576
49094 353363.0 113.8449736243 34.0846622678 3776771.528328 762615.8470799 56.786136196 0.275196923 0.9599219369 48.648987361 6.1620813755 5.3951681021 0.039362924
49095 353363.13 113.8449823164 34.0846686224 3776772.255893 762616.6300421 56.7888655588 0.2440329464 0.8887078681 48.4505515387 6.1732769741 5.4491199264 0.0354861828
49096 353363.26 113.8449910274 34.0846750371 3776772.990183 762617.4145696 56.7915325034 0.2684070789 0.9137323855 48.2575898515 6.1925334322 5.4927277863 0.0120553718
49097 353363.39 113.8449997634 34.0846815039 3776773.730315 762618.2012378002 56.7939038798 0.4637173091 0.8611457657 48.0510176044 6.2038301264 5.5542166443 0.0228941918
49098 353363.51 113.8450078351 34.0846875343 3776774.420301 762618.9279165998 56.7956319312 0.5932882789 0.8477420073 47.883025377 6.2100072566 5.5922310192 0.0396166737
49099 353363.63 113.8450159247 34.0846936064 3776775.1149739986 762619.6561176998 56.8048390616 0.3718108309 0.8492529941 47.6979017112 6.223863316 5.6321801873 0.1352913655
49100 353363.75 113.8450240296 34.0846997284 3776775.815213 762620.3855764 56.8150189137 0.1591523741 0.8540313523 47.5279500572 6.2374961891 5.689209408 0.0494296292
49101 353363.87 113.8450321569 34.0847059014 3776776.521174 762621.1169551999 56.8153576003 0.2166888589 0.8422713591 47.357317505 6.2562940208 5.7295332273 -0.018975443
49102 353363.99 113.8450403017 34.0847121282 3776777.23316 762621.8497711 56.8127205651 0.3558458953 0.8457221631 47.1880548428 6.2649609574 5.7773972208 0.0298473824
49103 353364.11 113.8450484584 34.0847183981 3776777.949942 762622.5835585998 56.8198158126 0.2113190158 0.9119328429 47.0222988834 6.2812767717 5.8171834338 0.0573574011
49104 353364.23 113.8450566319 34.084724715 3776778.671996 762623.3187544 56.8243816802 0.1898536339 0.8804349509 46.8457620098 6.2907228258 5.8722720816 -0.0008517311
49105 353364.28 113.8450600422 34.0847273641 3776778.974757 762623.6254616998 56.8240759456 0.1669199293 0.8903363969 46.7752699255 6.2989079218 5.8862233618 -0.0072991021
49106 353364.4 113.8450682398 34.0847337502 3776779.704548 762624.3626672 56.8251754642 0.1399382302 0.8691220934 46.5883133647 6.305424851 5.9248303504 0.0272252778
49107 353364.52 113.8450764492 34.0847401946 3776780.440843 762625.1007756 56.8275357746 0.104783247 0.8613373524 46.4184928341 6.3156972248 5.9855271401 0.0213967151
49108 353364.64 113.8450846773 34.0847466886 3776781.182687 762625.8404628 56.8263768908 0.1802874535 0.8770818452 46.2429134743 6.3383842357 6.02400275 -0.0105561784
49109 353364.76 113.8450929189 34.0847532356 3776781.930447 762626.5812326 56.8269387232 0.1543534829 0.833194783 46.0712703075 6.3382930007 6.0805831938 0.0122751394
49110 353364.88 113.8451011698 34.0847598321 3776782.683721 762627.3227061 56.8291655322 0.1616180694 0.881654326 45.8932896295 6.3524111606 6.1182623815 0.0238373627
49111 353365.0 113.8451094435 34.0847664717 3776783.441844 762628.066153 56.8289132332 0.2992139036 0.9638237921 45.7082741256 6.364564561 6.1660541094 -0.0112242295
49112 353365.12 113.8451177258 34.0847731622 3776784.205633 762628.8102395 56.8306867657 0.4048237186 1.0242837576 45.5627282251 6.3735848196 6.2119161317 0.0792492612
49113 353365.24 113.8451260188 34.0847799035 3776784.975095 762629.5551568002 56.8374861386 0.2044903599 1.005317236 45.4279447402 6.3782402983 6.2605618879 0.07125404
49114 353365.36 113.8451343266 34.0847866833 3776785.748864 762630.3013138 56.8427373646 0.2227742291 1.0180111528 45.337512181 6.3859194726 6.2910814559 0.0469586239
49115 353365.48 113.8451426578 34.0847935051 3776786.527345 762631.0495027 56.8426294113 0.4054407169 1.0061149716 45.2744665946 6.4103476403 6.3245183666 -0.0140768552
49116 353365.6 113.845151004 34.084800363 3776787.309878 762631.7989729998 56.8437184831 0.5326181256 1.0155372859 45.2260071131 6.4253249065 6.3463610267 -0.007088482
49117 353365.72 113.8451593696 34.0848072476 3776788.095432 762632.5501426999 56.8551590992 0.5664067664 0.9615363031 45.1598849716 6.4383047015 6.3741319909 0.1000415113
49118 353365.82 113.8451663658 34.0848130085 3776788.752748002 762633.1783453 56.8634865386 0.4579257786 0.9619526922 45.1042205685 6.4606634899 6.4057398131 0.0856565203
49119 353365.93 113.8451740753 34.0848193752 3776789.479131 762633.8705451002 56.8702654121 0.2669454899 0.9229785029 45.049897623 6.4725601916 6.4353785067 0.0795084248
49120 353366.04 113.8451817992 34.0848257748 3776790.209209 762634.5639625 56.8763153199 0.1593505381 0.7827324866 44.9935026992 6.4812917772 6.4743754855 0.0638099914
49121 353366.15 113.8451895442 34.0848322012 3776790.942307 762635.2592456 56.8788785906 0.0517625588 0.7703151918 44.9341574109 6.5136622611 6.4908345354 0.0085317308
49122 353366.26 113.8451973138 34.0848386539 3776791.678392 762635.9567259 56.8771821419 0.0918502333 0.7079850822 44.8687493206 6.5212561531 6.5241383738 -0.0045085477
49123 353366.37 113.8452050937 34.0848451369 3776792.417859 762636.6550549 56.8763421588 0.1924743464 0.7108939032 44.8058768194 6.5351384169 6.5424688258 0.0269171235
49124 353366.48 113.8452128964 34.0848516418 3776793.15983 762637.3554282 56.8758132942 0.2140178593 0.69212751 44.6894661672 6.5455613516 6.5781746124 0.0169575338
49125 353366.59 113.8452206985 34.0848581781 3776793.905268 762638.05565 56.8789398558 0.2196135724 0.7597864475 44.5700086031 6.549353656 6.6013498014 0.0709928726
49126 353366.7 113.8452285084 34.0848647443 3776794.654055 762638.7564902 56.882142555 0.2832312297 0.7114819804 44.4348547349 6.5470631241 6.6409307447 0.0325362291
49127 353366.81 113.8452363122 34.0848713491 3776795.407103 762639.4566579 56.8836295986 0.308679507 0.6854468372 44.3181465018 6.5490971113 6.6775051639 0.0329738817
49128 353366.92 113.8452441183 34.08487798 3776796.163053 762640.1569532 56.8888083519 0.1870206894 0.614980751 44.1807219161 6.5426738203 6.6999632324 0.0842112381
49129 353367.03 113.8452519243 34.0848846456 3776796.922864 762640.857129 56.8942704285 0.0944319485 0.6294521004 44.0598706691 6.5459210575 6.7369290924 0.0498212275
49130 353367.14 113.8452597299 34.0848913451 3776797.686429 762641.5571636 56.8947196547 0.1146731758 0.610302343 43.9354000324 6.5545349884 6.7690978324 0.0046682054
49131 353367.25 113.8452675366 34.0848980771 3776798.453605 762642.2572038 56.8950774716 0.0967376746 0.6241632681 43.8102953801 6.5544962443 6.8004161495 0.0181614255
49132 353367.36 113.845275352 34.0849048375 3776799.223949 762642.9579526 56.897419272 0.056010507 0.661174731 43.6756877715 6.5653148638 6.8302403947 0.0327963862
49133 353367.42 113.8452796164 34.0849085396 3776799.6457629986 762643.3402757 56.8980087908 0.0442862032 0.6836489921 43.5999547574 6.5636274659 6.851855051 0.0194146697
49134 353367.53 113.8452874364 34.0849153548 3776800.422207 762644.0412772 56.8976865793 0.0797590889 0.7655711914 43.4759899151 6.5713937616 6.8834519146 0.0173284892
49135 353367.64 113.8452952637 34.0849222002 3776801.202026 762644.7428729 56.8982942421 0.0685712359 0.8215640787 43.3412709242 6.5704322877 6.91790849 0.015066067
49136 353367.75 113.8453030933 34.0849290806 3776801.98573 762645.4445644 56.8991424954 -0.0107690125 0.9038669901 43.2139935546 6.5773641451 6.9506555326 0.0237905956
49137 353367.86 113.8453109299 34.0849359932 3776802.77302 762646.1468014 56.9000581065 -0.05028854 0.9666480297 43.075416125 6.5819691588 6.9837606595 0.0119848476
49138 353367.97 113.8453187695 34.084942941 3776803.564228 762646.8492101999 56.8979967507 0.0218569274 1.0702360231 42.9460963088 6.5816444367 7.0158184249 -0.0285475134
49139 353368.08 113.8453266128 34.0849499233 3776804.359274 762647.5518503 56.8956291098 0.0863829085 1.1242946932 42.8138408765 6.5793121586 7.0572223663 0.0047998498
49140 353368.19 113.8453344577 34.0849569358 3776805.157682 762648.2545494002 56.896650196 0.0475401887 1.1701278392 42.6838813202 6.5781033103 7.0866557194 0.0171646858
49141 353368.3 113.8453422992 34.0849639839 3776805.960026 762648.9568179 56.8986452445 0.0490260565 1.1268565169 42.5627099126 6.5732786117 7.1245536036 0.0236820244
49142 353368.41 113.8453501409 34.084971067 3776806.766253 762649.659001 56.8972799545 0.1901290534 1.1249044731 42.4399922026 6.581441665 7.1569433105 0.0015929277
49143 353368.52 113.845357983 34.0849781809 3776807.575903 762650.3611299 56.8967305338 0.3066409839 1.1066464342 42.3205914377 6.581593801 7.1882195127 0.0210844818
49144 353368.63 113.8453658228 34.0849853228 3776808.38865 762651.0629556 56.9000474587 0.3417693338 1.0845274015 42.1983482544 6.5740144105 7.2196110973 0.059023169
49145 353368.74 113.8453736654 34.0849924931 3776809.204564 762651.7649463002 56.9062810764 0.2379169272 1.0916251171 42.0751557987 6.585800366 7.2459838806 0.0447100297
49146 353368.85 113.8453815049 34.0849996937 3776810.023822 762652.4665651999 56.9094282324 0.2620574173 1.0829017104 41.9483633063 6.5676542794 7.2740926896 0.0353502785
49147 353368.96 113.8453893452 34.0850069222 3776810.846191 762653.1681704002 56.9130271515 0.3346517516 1.105469018 41.8249479142 6.5773162807 7.2936916918 0.0444954791
49148 353368.97 113.8453900584 34.0850075801 3776810.921039 762653.2319907 56.9133085068 0.3694850246 1.0885416425 41.8135152255 6.5789775281 7.2964977891 0.0406391188
49149 353369.08 113.8453978891 34.0850148407 3776811.7469339985 762653.932607 56.9174626302 0.499944285 1.0412449841 41.6923317609 6.5601644652 7.3401369904 0.0650104238
49150 353369.19 113.8454057112 34.0850221304 3776812.576046 762654.6323398001 56.9243359184 0.4206342686 1.0522961953 41.5647929262 6.571911639 7.3605985979 0.089182549
49151 353369.3 113.8454135327 34.0850294429 3776813.407678 762655.3319476 56.9332925864 0.1573122431 1.0541009594 41.4272088094 6.5601410299 7.3947204686 0.1049105194
49152 353369.41 113.8454213464 34.0850367909 3776814.243236 762656.0307196998 56.9397215005 -0.0141219409 1.0329234261 41.2998453458 6.5590488639 7.4270050827 0.0201087013
49153 353369.52 113.8454291649 34.0850441727 3776815.082559 762656.7298374 56.9367320407 0.0971423287 0.9837715017 41.1691708707 6.5585728405 7.4622545392 -0.0297756817
49154 353369.63 113.8454369806 34.0850515869 3776815.925461 762657.4285915 56.9333735295 0.2594486811 1.0024879459 41.0434844036 6.561350576 7.4886712855 0.0052620562
49155 353369.74 113.8454447943 34.0850590269 3776816.771233 762658.127084 56.9363716757 0.2397722565 0.9730531484 40.9115025422 6.5477311595 7.5189746978 0.058347377
49156 353369.85 113.8454526021 34.0850664964 3776817.620255002 762658.8249429 56.9423738699 0.1414583693 1.0207437639 40.7824905374 6.5578465249 7.5424134516 0.063604216
49157 353369.95 113.8454597038 34.0850733116 3776818.394848 762659.4596216 56.9453974552 0.0636899917 1.0255758613 40.651845056 6.5538227648 7.5762886042 0.0314926761
49158 353370.05 113.8454667986 34.085080156 3776819.172668 762660.0935742 56.9463889943 0.0881663099 1.0996241513 40.5376953697 6.5519463608 7.6049955653 0.0229572931
49159 353370.15 113.8454738969 34.0850870286 3776819.953624 762660.7277679 56.9456947036 0.220682982 1.066413879 40.4122748009 6.5434723096 7.6357120373 -0.0022443179
49160 353370.25 113.8454809809 34.0850939327 3776820.738048 762661.3605306 56.944349885 0.439460937 0.9942812547 40.2979643778 6.5334241775 7.6674294382 0.0241267079
49161 353370.28 113.8454831032 34.0850960078 3776820.973786 762661.5500891998 56.9449080918 0.5265576879 0.9519214363 40.2591796317 6.528579083 7.669137531 0.0483339825
49162 353370.38 113.8454901725 34.0851029426 3776821.761576999 762662.1814063 56.9505713349 0.6212684969 0.9178133117 40.1379334239 6.5209955874 7.6989869215 0.106912926
49163 353370.48 113.8454972387 34.0851098946 3776822.551267 762662.812384 56.9602804016 0.4527463201 0.9244515861 39.9997901336 6.5157511001 7.7144450062 0.124242491
49164 353370.58 113.845504298 34.0851168671 3776823.343207 762663.4426553 56.9732666258 0.0025394918 0.8794640485 39.8349599037 6.5092523579 7.7445766969 0.130793987
49165 353370.68 113.8455113469 34.0851238753 3776824.139088 762664.0718695 56.9769746969 -0.1682831111 0.9503742872 39.6684896135 6.502723423 7.77871989 -0.0046597155
49166 353370.78 113.8455183992 34.0851309123 3776824.938175 762664.7013006 56.9702927964 -0.0481745037 0.9793028977 39.4949774302 6.5053660213 7.8158953315 -0.0783103428
49167 353370.88 113.845525436 34.0851379827 3776825.740925 762665.3291986998 56.9619961847 0.1908195777 1.0163376442 39.3437347744 6.4844604551 7.8552458403 -0.0280146445
49168 353370.98 113.8455324575 34.0851450772 3776826.546306 762665.955609 56.9632132025 0.2491340207 1.004755121 39.1934605895 6.4735379898 7.8724210806 0.0621814865
49169 353371.08 113.8455394631 34.0851521945 3776827.354188 762666.5804758002 56.9689570814 0.2281980986 1.0160157909 39.0386204187 6.4578947204 7.9043012224 0.0488516596
49170 353371.18 113.8455464577 34.0851593349 3776828.1646 762667.2042608 56.9733947264 0.2974643644 1.0250555113 38.8794959458 6.45232447 7.9339153972 0.039213868
49171 353371.28 113.8455534398 34.0851665005 3776828.977775 762667.8268129 56.9767574035 0.3674490615 1.0639038984 38.7111248726 6.4344531757 7.9597550735 0.0596360168
49172 353371.38 113.8455604063 34.0851736907 3776829.793644 762668.4478455 56.9837682899 0.3045292863 1.095167303 38.5272417593 6.4238744183 7.9870747937 0.0925604889
49173 353371.48 113.8455673511 34.0851809099 3776830.612666 762669.0667856998 56.9912042273 0.3005860364 1.0238371081 38.3300751084 6.3944162189 8.0306594407 0.0678377091
49174 353371.52 113.8455701201 34.0851838075 3776830.941355 762669.3135143 56.9936001841 0.3130131367 1.039976883 38.2528485951 6.3872954096 8.0425005577 0.0531251696
49175 353371.62 113.8455770306 34.0851910681 3776831.7648910014 762669.9291564 56.9982409486 0.3822317255 0.9992092523 38.0481810779 6.3728017382 8.0693815976 0.0521524522
49176 353371.72 113.8455839145 34.0851983528 3776832.591033 762670.5422718 57.0046645552 0.4228150265 0.9237289939 37.8341179788 6.3383959448 8.0981073636 0.0762527504
49177 353371.82 113.8455907676 34.0852056647 3776833.420116 762671.1524632 57.0135508934 0.3701427578 0.8851093868 37.6199380272 6.3147849352 8.1249121159 0.0882388426
49178 353371.92 113.8455975963 34.0852130029 3776834.252054 762671.7603106 57.0213332735 0.3193400916 0.7928006925 37.3988303814 6.290118452 8.1600174424 0.0936960673
49179 353372.02 113.845604393 34.0852203682 3776835.086905998 762672.3651323002 57.0297766691 0.241048525 0.7917001428 37.1827155105 6.2676999144 8.1832812614 0.0861880457
49180 353372.12 113.8456111664 34.0852277611 3776835.9247760014 762672.9677037 57.0357811591 0.2268898636 0.7419325914 36.9785433068 6.2397696068 8.2131854689 0.0515030368
49181 353372.22 113.8456179095 34.0852351865 3776836.76617 762673.5673854002 57.0390548017 0.2480087044 0.7296337915 36.8136621512 6.2196426074 8.2473400959 0.0384954264
49182 353372.32 113.845624637 34.0852426298 3776837.609507 762674.1655670998 57.0442261761 0.2398614221 0.7081406731 36.6503068104 6.2066764162 8.2624652172 0.0639685055
49183 353372.42 113.8456313475 34.0852500944 3776838.455169 762674.7621104999 57.0498431092 0.2197753312 0.7433500132 36.4856655345 6.186455583 8.2941871085 0.0565514444
49184 353372.52 113.8456380445 34.085257581 3776839.303234 762675.3573486 57.0539409556 0.1973157968 0.7668812829 36.3198012434 6.1846792256 8.3179077254 0.0536042178
49185 353372.58 113.8456420505 34.0852620836 3776839.813219 762675.7133242 57.0565826213 0.1503755038 0.7523763135 36.2222189356 6.1538743586 8.3310030532 0.0575242083
49186 353372.68 113.8456487066 34.0852696108 3776840.665692 762676.3046539002 57.0616113646 0.0628952591 0.7721979158 36.0879640161 6.1412379338 8.3549155782 0.0432320181
49187 353372.78 113.845655353 34.0852771573 3776841.520274 762676.8950368 57.0652054865 -0.005095669 0.7499193818 35.9556455821 6.1288469313 8.3839740955 0.0296889618
49188 353372.88 113.8456619853 34.0852847261 3776842.3772949986 762677.4840381 57.0668054577 0.0237751784 0.7524646382 35.8351330016 6.1208652737 8.4043013908 0.0095187532
49189 353372.98 113.8456686122 34.0852923119 3776843.236196 762678.0724913002 57.0675186617 0.0374812083 0.7593600985 35.7106453398 6.1157199765 8.4214290074 0.0111095627
49190 353373.08 113.8456752224 34.0852999206 3776844.097585 762678.6593319002 57.0679559419 -0.0093266123 0.8547121464 35.5979514736 6.1021290116 8.4467289686 0.0103867603
49191 353373.18 113.845681823 34.0853075481 3776844.9610440014 762679.2452282 57.0677820574 -0.0388423455 0.887621345 35.4757474638 6.0955248107 8.4675156856 0.012531971
49192 353373.28 113.8456884093 34.0853151984 3776845.8269980014 762679.8297314 57.066224291 -0.0158045869 0.9229551913 35.361495217 6.0814963212 8.4940973439 0.0106636379
49193 353373.38 113.8456949847 34.0853228707 3776846.69536 762680.4131582 57.0644023465 -0.0428285951 0.9185570528 35.2385099258 6.0740952311 8.5154434934 -0.0028678122
49194 353373.48 113.8457015475 34.0853305649 3776847.566115 762680.9953590998 57.0624944987 -0.0546055051 0.9473452558 35.1184842821 6.0547408471 8.5411415627 0.0171741179
49195 353373.58 113.8457081 34.0853382812 3776848.439299 762681.5765343 57.0607563527 -0.0038184396 0.9535620073 35.0062188154 6.0539383506 8.5651160097 0.0113435587
49196 353373.68 113.845714642 34.085346017 3776849.31463 762682.1566872 57.0581594417 0.1133746609 0.963286903 34.8934630934 6.0400524177 8.5875814954 0.0065243807
49197 353373.78 113.8457211717 34.0853537731 3776850.192172 762682.7356402 57.0565045532 0.1913744676 0.9408440311 34.7785751283 6.029164529 8.6088945409 0.0181351339
49198 353373.87 113.845727036 34.0853607669 3776850.983414 762683.2555019 57.0579096973 0.1713900796 0.9719665978 34.6705146587 6.013706482 8.6231733961 0.0529788005
49199 353373.97 113.8457335421 34.0853685533 3776851.8642589985 762683.8321781 57.0610727053 0.161311809 1.0119535694 34.5589230247 6.0064095418 8.6384788702 0.0475683244
49200 353374.07 113.8457400355 34.0853763585 3776852.747156 762684.4076239 57.0627577761 0.2409199429 1.0019678855 34.4514270132 5.991379573 8.662407066 0.0392050598
49201 353374.17 113.8457465165 34.0853841797 3776853.631805 762684.9818811 57.0646186359 0.2969954517 1.0512187213 34.3377477703 5.9883899519 8.6715140865 0.0584711547
49202 353374.27 113.8457529871 34.0853920126 3776854.517715 762685.5551361998 57.0699194511 0.2430241486 0.9688576577 34.21088985 5.9675343423 8.699988098 0.0850686399
49203 353374.37 113.8457594321 34.0853998711 3776855.406413 762686.1259406002 57.0743739139 0.1272679334 0.9688625643 34.096025216 5.9554470227 8.7197245375 0.0413647634
49204 353374.47 113.8457658686 34.0854077443 3776856.296708 762686.6959300998 57.0776890088 -0.0147149482 0.9129647362 33.9761666726 5.9367727619 8.738683996 0.0423555099
49205 353374.57 113.8457722827 34.085415643 3776857.189781 762687.2637643 57.0787220504 -0.0247109363 0.8513058351 33.884567376 5.921783911 8.7697880206 -0.0070815162
49206 353374.67 113.8457786913 34.0854235602 3776858.084903 762687.8310328 57.074155177 0.237985105 0.7566837141 33.7791462485 5.9235219931 8.7822375252 -0.0396128859
49207 353374.77 113.8457850967 34.08543149 3776858.981403 762688.3979668 57.0728051094 0.3491556562 0.8193319975 33.6602813363 5.9189252134 8.7995032227 0.0296419779
49208 353374.87 113.8457914934 34.0854394273 3776859.878717 762688.9640696 57.080454859 0.1830216325 0.858995671 33.526849234 5.9058426003 8.805025334 0.1162906608
49209 353374.97 113.8457978713 34.0854473839 3776860.778118 762689.5283824 57.0882327864 0.038270943 0.9208177098 33.4057325606 5.8798976718 8.8260298427 0.0674491141
49210 353375.01 113.8458004196 34.0854505734 3776861.138633 762689.7538231999 57.0892025679 0.0875487552 0.9132665715 33.3575039825 5.8838347389 8.8452892709 0.0276592056
49211 353375.11 113.8458067744 34.0854585634 3776862.0416910006 762690.3159054 57.0876401076 0.18747212 0.9206770473 33.2524469122 5.8630288985 8.8652176762 0.0032402349
49212 353375.21 113.8458131116 34.085466574 3776862.946978 762690.8762921 57.0868766028 0.2311967933 0.9007170689 33.1571650526 5.8492120317 8.8907115652 -0.0257766656
49213 353375.31 113.8458194375 34.0854745972 3776863.853646 762691.4355896999 57.0895915991 0.3122233293 0.9413256402 33.0669509719 5.8464554344 8.8892343896 0.0914459438
49214 353375.41 113.8458257606 34.0854826303 3776864.761406 762691.9946076 57.095116429 0.1833222289 0.9966841627 32.9422165353 5.8467381518 8.9187227604 0.0851354909
49215 353375.51 113.8458320714 34.0854906792 3776865.670873998 762692.5524372 57.1001769407 0.1313080991 1.0175810349 32.8263805141 5.8282177853 8.9299548369 0.0719910398
49216 353375.61 113.8458383648 34.0854987503 3776866.58278 762693.1085981 57.1011395594 0.0339078813 1.103757501 32.7291337127 5.8093179759 8.9582561619 -0.0054309152
49217 353375.71 113.8458446471 34.0855068403 3776867.496743 762693.6636674 57.0994930575 0.1587448686 1.0255830301 32.6414021354 5.7950321047 8.9750117724 0.0019140797
49218 353375.81 113.8458509119 34.0855149482 3776868.412644 762694.2170703 57.099779469 0.2394608717 1.042468704 32.5517405381 5.7809685835 8.9931629712 0.036010506
49219 353375.91 113.8458571774 34.0855230645 3776869.329492 762694.7705019 57.1025880482 0.2980660143 1.0551878874 32.4428737409 5.7882478226 9.0004193048 0.0438336842
49220 353376.01 113.8458634226 34.0855311951 3776870.247861 762695.322022 57.1075443178 0.3210862899 1.0552769776 32.3452514706 5.7581814014 9.0189175076 0.0714292875
49221 353376.11 113.8458696537 34.0855393698 3776871.1710910015 762695.8721117 57.1064155418 0.2670976595 1.0418368043 32.2565451299 5.7490531579 9.0403499625 0.0593403975
49222 353376.16 113.8458727638 34.0855434654 3776871.633619 762696.1466174 57.1044511339 0.2749310457 1.0283097808 32.2101857622 5.7402989991 9.0539164673 0.0706378245
49223 353376.26 113.8458789723 34.0855516672 3776872.55979 762696.6945324 57.1005807221 0.2134654374 1.028985818 32.1174085707 5.7259143335 9.0642759304 0.0498061133
49224 353376.36 113.8458851728 34.0855598806 3776873.48724 762697.2416694 57.0957655432 0.1407462974 0.982344479 32.0144355743 5.7223913804 9.077040918 0.0404458359
49225 353376.46 113.8458913589 34.0855681094 3776874.416361 762697.787424 57.0895071141 0.1667379657 0.9539296486 31.9167126434 5.7031928947 9.0967964033 0.0099723694
49226 353376.56 113.8458975324 34.0855763535 3776875.347157 762698.3319779 57.0817343136 0.2027994299 0.9571355241 31.8155662139 5.7031507201 9.1051487061 0.0162840113
49227 353376.66 113.8459036931 34.085584608 3776876.279059 762698.8753125 57.0763704451 0.1442642365 0.9791243468 31.7040270959 5.6823689366 9.1286754441 0.0579473554
49228 353376.76 113.8459098333 34.0855928787 3776877.212718 762699.4166971998 57.0707492409 0.1799567455 0.9540978762 31.6029875802 5.6681684065 9.1418288925 0.0349785492
49229 353376.86 113.8459159609 34.08560116 3776878.147517 762699.9568908 57.0640233504 0.2006298973 0.9546662433 31.4760709117 5.6495388822 9.1538684514 0.0037682307
49230 353376.96 113.8459220696 34.0856094513 3776879.083372 762700.4953145002 57.0585596478 0.260764583 0.9691995764 31.345481699 5.6347251589 9.1590181547 0.0448502701
49231 353377.06 113.8459281547 34.0856177486 3776880.019835 762701.0315365 57.0564706838 0.2821519016 0.9730761507 31.2171578363 5.6039219268 9.187341736 0.0570400054
49232 353377.16 113.8459342102 34.0856260454 3776880.956171 762701.5650237 57.058175873 0.2867195083 1.0243387532 31.0891433844 5.5895969542 9.1941697668 0.0410514939
49233 353377.26 113.8459402509 34.0856343492 3776881.893243 762702.0971224 57.0610893406 0.177162125 1.0681901419 30.9408001738 5.5615167023 9.2085806284 0.070660133
49234 353377.36 113.8459462663 34.0856426683 3776882.831943 762702.6268442 57.0636687176 0.0663391667 1.0746571136 30.8060881962 5.5476238327 9.2220115824 0.0558829736
49235 353377.38 113.8459474667 34.0856443327 3776883.019744 762702.7325381 57.0642517097 0.0005564058 1.0694481338 30.7757656839 5.5438635957 9.218111069 0.0633247492
49236 353377.48 113.8459534507 34.0856526748 3776883.960918 762703.2592833 57.0623947289 -0.0201662177 1.0966679001 30.6407845584 5.5212509415 9.2552330119 0.0036859343
49237 353377.58 113.8459594207 34.085661028 3776884.9032910015 762703.7847015002 57.0573987905 0.0853022982 1.1062709923 30.4919924944 5.5122644259 9.2639328909 -0.0120855779
49238 353377.68 113.8459653653 34.0856693961 3776885.847252 762704.3077245 57.0535565773 0.1121723239 1.110534828 30.347999355 5.4763249782 9.2853367561 0.0022006174
49239 353377.78 113.8459712812 34.0856777813 3776886.793028 762704.8280495 57.0521820951 0.023255043 1.158947839 30.2025097886 5.4614378698 9.2906923014 0.0453241224
49240 353377.88 113.8459771759 34.0856861764 3776887.739854 762705.3463893002 57.0515501285 0.0851853227 1.1500491889 30.0281384875 5.4332232442 9.309744934 0.0602401793
49241 353377.98 113.8459830376 34.0856945907 3776888.688728 762705.8616198002 57.0495704999 0.2713826664 1.1520032721 29.8583948652 5.4050647565 9.3334133622 0.0186825078
49242 353378.08 113.8459888678 34.0857030159 3776889.638739 762706.3739066 57.0484371884 0.37529383 1.0850823018 29.6801885907 5.3639468289 9.3475274106 0.0517831107
49243 353378.18 113.8459946551 34.0857114535 3776890.589998 762706.8821985 57.0545889884 0.1837470494 1.0787364525 29.5084497814 5.338383226 9.3545524925 0.1272612738
49244 353378.28 113.8460004175 34.0857199044 3776891.542677 762707.3881417 57.0596492086 0.0287375064 1.0341670029 29.3168759445 5.3111003574 9.3848718792 0.0669136381
49245 353378.38 113.8460061484 34.0857283745 3776892.497408 762707.8911249002 57.0584626515 0.0419404159 1.0489766118 29.1402401113 5.2905417394 9.3975791259 0.0209317304
49246 353378.42 113.846008435 34.0857317665 3776892.879726999 762708.0917712 57.0570643572 0.0348521785 1.0318635087 29.0623412442 5.2794578803 9.4068380534 -0.016551116
49247 353378.52 113.846014126 34.0857402592 3776893.836861 762708.590998 57.0542894118 0.0016033248 1.086649952 28.8806750468 5.246744188 9.4235443383 0.0205315392
49248 353378.62 113.8460197884 34.0857487678 3776894.795695 762709.0875277 57.0528690275 0.0443778132 1.0617059022 28.6967800646 5.2176597424 9.4393936504 0.0188805713
49249 353378.72 113.8460254177 34.0857572948 3776895.756475 762709.5809538 57.0508927647 0.140105138 1.0938942589 28.5175606685 5.1856339978 9.4603962215 0.0116173698
49250 353378.82 113.8460310176 34.0857658364 3776896.718795 762710.071613 57.0499605918 0.1533074864 1.0731870643 28.3318575839 5.1592014934 9.4732847979 0.0244515431
49251 353378.92 113.8460365833 34.0857743926 3776897.682658 762710.559071 57.0517842239 0.0875849814 1.0694032105 28.1452936586 5.1232836705 9.4966814993 0.043313742
49252 353379.02 113.8460421149 34.0857829677 3776898.648525 762711.0433189 57.0516356286 0.1224122214 1.0191005648 27.9603199912 5.0977896096 9.5157057081 -0.0044401595
49253 353379.12 113.8460476153 34.0857915574 3776899.615937 762711.5246486998 57.0513637923 0.1667667521 1.0045821291 27.761556658 5.0581291523 9.5349250838 -0.0016257082
49254 353379.22 113.8460530862 34.0858001607 3776900.584783002 762712.0032045 57.0542644914 0.0430877702 1.0402086663 27.5437100361 5.0420239814 9.5459875222 0.0508974856
49255 353379.31 113.8460579802 34.0858079176 3776901.45821 762712.4311135 57.058684214 -0.1010214986 1.0041235415 27.3288205986 4.9981687073 9.5730081352 0.0414447312
49256 353379.41 113.8460633759 34.08581656 3776902.431197 762712.9026091 57.0584642422 -0.0565116127 1.0599399721 27.0983837924 4.9669328055 9.5921247779 -0.0293780058
49257 353379.51 113.8460687375 34.0858252211 3776903.406183 762713.3709002 57.0543920463 0.1298830756 1.0422295866 26.847312105 4.9242533277 9.6188635942 -0.0378662587
49258 353379.61 113.8460740464 34.0858339052 3776904.383568 762713.8342522 57.0533151534 0.2323730315 1.061735913 26.6076168533 4.8817318451 9.6383606978 0.0275167752
49259 353379.71 113.8460793156 34.0858426003 3776905.362086 762714.2939031002 57.0594200324 0.1445379641 1.0584061758 26.3559968267 4.8414884602 9.6535262703 0.0728663438
49260 353379.81 113.8460845333 34.085851317 3776906.342858 762714.7487248002 57.0646057427 0.1918062044 1.0725900641 26.1350269865 4.7972894956 9.680637901 0.0304453922
49261 353379.91 113.8460897136 34.0858600487 3776907.325208 762715.2000542 57.0659530247 0.3523352441 1.0606986711 25.9242389986 4.7668769105 9.6893373683 0.0174590208
49262 353380.01 113.846094856 34.0858687918 3776908.30872 762715.647846 57.070566494 0.4077992299 1.0551408794 25.7300243349 4.7338655377 9.7043218781 0.0859143645
49263 353380.11 113.8460999534 34.0858775464 3776909.293394 762716.091456 57.0793572878 0.2764325542 1.0568526625 25.5475894794 4.6950212563 9.7156948744 0.0947058433
49264 353380.12 113.8461004613 34.0858784224 3776909.3919089986 762716.1356422 57.080282501 0.2497113854 1.0585430557 25.527499575 4.6916833454 9.7157546133 0.0971051958
49265 353380.22 113.8461055216 34.0858871909 3776910.378036 762716.5757758 57.0874620527 0.136663089 1.078767435 25.3502037524 4.6637169567 9.7321200953 0.0661376213
49266 353380.32 113.8461105535 34.0858959724 3776911.365532 762717.0132489002 57.0913913306 0.1337391764 1.0394446857 25.1829007207 4.6315232131 9.7451649356 0.0221389938
49267 353380.42 113.8461155455 34.0859047731 3776912.355049 762717.4469785 57.0919753388 0.1987191217 1.0114183378 25.0458468919 4.6054307519 9.7707744762 0.0078912003
49268 353380.52 113.8461205153 34.0859135797 3776913.345155 762717.8786351 57.0949184699 0.1630871645 0.9962959507 24.8991307951 4.5857814999 9.7723726042 0.0718106799
49269 353380.62 113.8461254613 34.0859223961 3776914.336303 762718.3080714 57.0980782034 0.1150789533 0.9988921473 24.7555871132 4.5539341226 9.7860034153 -0.0214137436
49270 353380.72 113.846130383 34.0859312262 3776915.328903 762718.7352111 57.0999040818 0.1411604485 0.9961171489 24.6116635531 4.5337126772 9.8001811419 -0.0167279153
49271 353380.82 113.8461352808 34.0859400636 3776916.322256 762719.1601291 57.1018178593 0.1618504561 1.0538211955 24.4706061051 4.516589832 9.8050782836 0.0375959947
49272 353380.92 113.8461401544 34.0859489095 3776917.316479 762719.5827884 57.1063044444 0.1483526957 1.0453548216 24.33909955 4.4896786918 9.8196529309 0.0331765702
49273 353381.02 113.8461449973 34.0859577673 3776918.311951 762720.0025729 57.1091325935 0.204139987 1.0626455305 24.2181306692 4.458122067 9.830395436 0.0184868962
49274 353381.12 113.8461498228 34.0859666353 3776919.308513 762720.4207178 57.1122826356 0.1990256034 1.0020557403 24.0937661072 4.4418378135 9.8402410663 0.0379541865
49275 353381.15 113.8461512649 34.0859692969 3776919.607601 762720.5456423 57.113629709 0.2059723291 0.9812650492 24.0554227527 4.434075627 9.8400831503 0.0520387244
49276 353381.25 113.8461560575 34.085978177 3776920.605412 762720.9607074 57.11956436 0.0221227105 1.0213395359 23.9407326219 4.4198499199 9.8568361986 0.0357370455
49277 353381.35 113.8461608341 34.0859870655 3776921.604126 762721.3742816 57.1228582049 -0.0866158058 0.9938106432 23.8123562109 4.3962902518 9.8660197049 0.0028833449
49278 353381.45 113.8461655877 34.0859959673 3776922.604249 762721.7856774002 57.1219708789 -0.00609546 0.99110479 23.6912186972 4.3811146634 9.8830759548 -0.0238808478
49279 353381.55 113.8461703241 34.0860048797 3776923.605506 762722.1954576998 57.1197881736 0.1683055176 1.0259060528 23.5651748279 4.3683720053 9.8930253259 -0.0195470321
49280 353381.65 113.8461750367 34.0860137993 3776924.607506 762722.6030184 57.120721384 0.2300918468 1.0278631766 23.4361701178 4.3366313731 9.8988444281 0.0356127914
49281 353381.75 113.8461797207 34.0860227266 3776925.610279 762723.0079189 57.1274309326 0.1945554595 0.9868417567 23.3134431148 4.314311093 9.9105384432 0.0710047209
49282 353381.85 113.8461843794 34.0860316644 3776926.614157 762723.4104465998 57.1318402747 0.2352017526 1.0259856591 23.1945580346 4.2949532012 9.9187051734 0.0228145851
49283 353381.95 113.8461890225 34.0860406066 3776927.6184870014 762723.8115198001 57.1358396281 0.2305206249 0.992141077 23.0667614098 4.2737058923 9.9189224728 0.0468730079
49284 353382.05 113.8461936313 34.0860495605 3776928.624013 762724.2093843 57.1412274362 0.1915039765 1.0242488209 22.9476336034 4.2460218909 9.9348867746 0.0492645412
49285 353382.15 113.8461982056 34.0860585243 3776929.630561 762724.6040386 57.1450004708 0.2734661762 1.0669022172 22.8216301076 4.2305750929 9.9422827535 0.0487572109
49286 353382.23 113.8462018476 34.0860657017 3776930.436461 762724.9181340998 57.1481551183 0.3087881696 1.0947056193 22.7246895416 4.2087658651 9.9505636312 0.0604420447
49287 353382.33 113.846206379 34.0860746784 3776931.444321 762725.3087861 57.1539691957 0.2116374639 1.0885987339 22.6054903705 4.1920758862 9.9555936786 0.0800183351
49288 353382.43 113.8462108844 34.0860836617 3776932.452857 762725.6970192 57.1601617262 0.1295870392 1.0676105507 22.4725811787 4.1557433474 9.9674717006 0.0401316488
49289 353382.53 113.8462153654 34.0860926573 3776933.462686 762726.0829512 57.1597116347 0.3583246704 1.1037273563 22.360882161 4.1471183428 9.9762926694 -0.0032813496
49290 353382.63 113.8462198238 34.0861016566 3776934.4728769986 762726.466796 57.1611834075 0.5543960735 1.0407480022 22.2432907674 4.1139226949 9.9774389711 0.0833352284
49291 353382.73 113.8462242514 34.0861106586 3776935.4832769986 762726.8477872 57.1718658367 0.4833684709 1.059043328 22.1281172652 4.101555652 9.9836480015 0.1548006492
49292 353382.83 113.8462286637 34.0861196599 3776936.493573 762727.2273608 57.1833359972 0.4183740279 1.1062427993 21.991580555 4.0786597434 9.9864587215 0.1068051983
49293 353382.93 113.8462330534 34.0861286691 3776937.5046769986 762727.6048308002 57.190514802 0.4140244566 1.1695284101 21.8682249361 4.0547078566 9.9947354035 0.0377742794
49294 353383.03 113.846237419 34.0861376839 3776938.516342 762727.9800581 57.1974777533 0.302245474 1.1805315332 21.7401447095 4.0296424778 9.9989629515 0.0954559817
49295 353383.13 113.8462417416 34.0861467141 3776939.5296160006 762728.3512582 57.2053557746 0.1223178502 1.1764691676 21.6214796283 4.0011281328 10.0137855971 0.0851520861
49296 353383.23 113.8462460432 34.0861557532 3776940.543818 762728.7205017 57.2105454989 0.0335429368 1.1449286811 21.4974069655 3.9765145214 10.0268273484 0.0179547676
49297 353383.33 113.8462503187 34.086164807 3776941.55958 762729.0872891998 57.2096019359 0.0965374489 1.1165719007 21.384734073 3.9593265688 10.0352725459 -0.0120583313
49298 353383.43 113.8462545743 34.0861738683 3776942.576124 762729.452208 57.2094405051 0.1270579615 1.0545709902 21.255023126 3.9326073031 10.0459273334 0.0242911728
49299 353383.53 113.8462588053 34.08618294 3776943.59376 762729.8148321002 57.2119212476 0.098944614 1.0653670555 21.1281332974 3.9207245438 10.0607364133 0.0410090153
49300 353383.58 113.8462609154 34.0861874778 3776944.10278 762729.9956374002 57.213032769 0.1138999678 1.0389018571 21.0634815815 3.9187329144 10.0636885756 0.0362671167
49301 353383.68 113.8462651137 34.0861965618 3776945.121697 762730.3551995 57.2150306413 0.0999073166 1.0186026682 20.9295751596 3.8816944803 10.0795874374 0.0055142973
49302 353383.78 113.8462692848 34.086205658 3776946.141895 762730.7122091998 57.2155453674 0.0517818273 0.9916705808 20.7926524897 3.8599936511 10.0837643604 0.0044190858
49303 353383.88 113.8462734346 34.0862147632 3776947.163039 762731.0672241 57.2171320952 -0.0844935228 1.0180982849 20.63680655 3.8357395086 10.098190321 0.0119262448
49304 353383.98 113.8462775577 34.0862238815 3776948.185569002 762731.4197416998 57.2177133113 -0.0932476864 0.9665274677 20.4829639682 3.8165232586 10.1135158198 0.0030497234
49305 353384.08 113.8462816342 34.0862330318 3776949.211529 762731.7678469 57.21198068 -0.0546474109 0.9399057695 20.333947609 3.7734309079 10.1342242616 -0.0306810647
49306 353384.18 113.846285675 34.0862422093 3776950.240426 762732.1125800002 57.2025131034 0.019685616 0.921994657 20.1670041384 3.7487868226 10.1442043738 -0.0316602988
49307 353384.28 113.846289686 34.0862513997 3776951.270666002 762732.45452 57.194398935 0.1023160568 0.8836004491 19.9889135893 3.7175814105 10.1656122879 -0.0081858002
49308 353384.38 113.8462936594 34.0862606017 3776952.302103 762732.7929476999 57.1878808495 0.1769023045 0.8717816757 19.8185088303 3.6889759894 10.1736071473 0.0255708375
49309 353384.48 113.8462976024 34.0862698085 3776953.333987 762733.1285534998 57.1848219791 0.1711464642 0.8891661737 19.6280783699 3.6576153533 10.1752387716 0.0365760779
49310 353384.58 113.8463015074 34.0862790236 3776954.366694 762733.4606286 57.1808748525 0.1930736645 0.9216341283 19.436941325 3.621767653 10.1889837564 0.0104830195
49311 353384.68 113.8463053752 34.0862882345 3776955.398853 762733.7892809 57.177305324 0.2084224303 0.9621220815 19.2277220942 3.5785463696 10.1755851617 0.0324781371
49312 353384.71 113.8463065282 34.086290998 3776955.708507 762733.8871998 57.1769912364 0.1678315462 0.9614454904 19.1649197112 3.5741149866 10.1829849314 0.061854601
49313 353384.81 113.8463103316 34.0863002084 3776956.740436 762734.2099040998 57.1746386122 0.170725396 0.9877111887 18.9730841364 3.5247539666 10.1875509828 0.0488206044
49314 353384.91 113.8463140933 34.0863094158 3776957.771918 762734.528772 57.170323113 0.1816405013 0.9928330811 18.7754846869 3.4927724723 10.1752066509 0.0272536571
49315 353385.01 113.8463178065 34.0863186136 3776958.802215 762734.8431885 57.168847586 0.019425409 1.0099613001 18.5829838473 3.4365039394 10.156157334 0.0528957312
49316 353385.11 113.8463215073 34.0863277767 3776959.828629 762735.1565683002 57.1703752074 -0.0172276114 0.9812229354 18.3934310251 3.4042031006 10.1658993224 0.0044276118
49317 353385.21 113.8463251681 34.0863369234 3776960.853126 762735.4663058 57.1700121267 0.0155193276 1.0057482039 18.2141356206 3.3620022259 10.1363006519 -0.0172015282
49318 353385.31 113.846328792 34.0863460598 3776961.876380998 762735.7726623 57.169395172 0.0426561134 1.0259819896 18.0195436163 3.3186904699 10.1293863513 -0.0185634658
49319 353385.41 113.84633237 34.0863551866 3776962.898446 762736.0748163002 57.1697425582 0.0795366958 1.0283280088 17.8433104427 3.2794085447 10.1160645754 0.0060114632
49320 353385.51 113.8463359017 34.0863643008 3776963.919007 762736.3727322 57.1713931467 0.2088959659 0.9866023982 17.6729937876 3.2413183354 10.104807275 0.0509254545
49321 353385.61 113.8463393893 34.0863734001 3776964.937792 762736.6666271 57.1743817627 0.3849940669 0.9404373728 17.5095696016 3.1989421028 10.083772081 0.0377135098
49322 353385.71 113.8463428382 34.0863824819 3776965.9545370014 762736.9569989998 57.1795834648 0.3748886674 0.88344853 17.349736554 3.1571354184 10.0542093579 0.0721530151
49323 353385.73 113.8463435234 34.0863842969 3776966.157725 762737.0146550002 57.1811744366 0.3646588223 0.8695849313 17.3219573699 3.1583630606 10.0647386887 0.0947223661
49324 353385.83 113.846346919 34.0863933588 3776967.172121 762737.300159 57.1900072247 0.1173974547 0.8099100154 17.2115362301 3.1134512691 10.0428818037 0.0935685223
49325 353385.93 113.8463502873 34.0864024041 3776968.184614 762737.5832071 57.1967572197 -0.1060729917 0.8083652034 17.1458994051 3.1010074072 10.0277165072 0.0518375502
49326 353386.03 113.8463536385 34.0864114353 3776969.195488 762737.8647144 57.1966744568 -0.1383222702 0.7471001817 17.1203671607 3.0841189083 10.0113824648 -0.0088213782
49327 353386.13 113.8463569738 34.0864204483 3776970.20431 762738.1448019 57.1938842451 -0.0870406994 0.6977622355 17.1379504616 3.0764614177 9.9829291853 -0.0071069979
49328 353386.23 113.8463603037 34.0864294409 3776971.210843 762738.4244656 57.1917245975 0.0058203453 0.6792853033 17.2004207224 3.0767630881 9.9587289862 0.0002133734
49329 353386.33 113.8463636395 34.0864384078 3776972.214553 762738.7047451 57.1903285477 0.0615039888 0.6521734529 17.2907312216 3.0833501983 9.9338097843 0.0115400903
49330 353386.43 113.8463669799 34.0864473475 3776973.215243 762738.9855368 57.1913403347 0.1193291249 0.6203271987 17.4061747016 3.085489076 9.9019474753 0.0326239204
49331 353386.53 113.8463703361 34.0864562581 3776974.212755 762739.2678825 57.1935289437 0.1328822428 0.6687950147 17.5108779219 3.1109222764 9.8699605825 0.0169681191
49332 353386.63 113.8463737104 34.0864651412 3776975.207261 762739.5519783002 57.1954965414 0.1026644541 0.7113733539 17.5732616529 3.1219236335 9.8407772474 0.0346808565
49333 353386.73 113.8463770901 34.086473997 3776976.198745 762739.8366566999 57.1983467564 0.0158147389 0.7876135214 17.5438266596 3.1265020219 9.8071760335 0.0627641986
49334 353386.83 113.846380461 34.0864828329 3776977.187996 762740.120579 57.2007626798 0.0183590945 0.9055202505 17.4371530578 3.1021894065 9.7962071629 0.0181668451
49335 353386.93 113.8463838007 34.0864916542 3776978.175551 762740.4016716 57.2006545579 0.0740273475 0.953760753 17.2952344227 3.0682852361 9.7761502282 0.0133405038
49336 353387.03 113.8463870991 34.0865004621 3776979.16151 762740.6790007 57.2016878473 0.0304311896 0.9931503369 17.1241439007 3.0289960134 9.7617543337 0.0261466446
49337 353387.13 113.8463903559 34.0865092557 3776980.145787 762740.9525189998 57.2028789511 0.003690914 0.9858854944 16.9623333478 2.9859810805 9.7522390784 0.0172236505
49338 353387.23 113.8463935736 34.0865180356 3776981.128427 762741.2224804 57.2041308656 -0.0829342195 0.9993312394 16.8030627341 2.9542997592 9.7371228838 0.0072626487
49339 353387.33 113.8463967581 34.0865268012 3776982.1094059986 762741.4894077 57.2035252219 -0.0798265944 1.0488788425 16.6504544298 2.9265698135 9.7162572437 -0.0009271505
49340 353387.43 113.8463999074 34.0865355497 3776983.088385 762741.7531492 57.2026862865 0.0138512313 1.0888903761 16.4807289947 2.893092727 9.6931829963 0.0168499597
49341 353387.53 113.8464030126 34.0865442782 3776984.0650370014 762742.0128769 57.2015812891 0.1104294058 1.1183894465 16.3024099752 2.8499322667 9.6675172619 0.0161975099
49342 353387.63 113.8464060679 34.0865529764 3776985.038207 762742.2680891998 57.2024590494 0.1582507154 1.0926230269 16.1132182449 2.7988620453 9.6288846301 0.0316054943
49343 353387.73 113.8464090713 34.0865616383 3776986.007199 762742.5186169002 57.2068225928 0.0180494831 1.1070544975 15.9232081586 2.7478418252 9.5828079002 0.048100094
49344 353387.84 113.8464123179 34.0865711133 3776987.067069 762742.789095 57.2111422839 -0.0803221648 1.1147946193 15.7135085658 2.7002070637 9.5191608813 0.042431516
49345 353387.86 113.8464129027 34.0865728296 3776987.259043 762742.8377808002 57.2118795859 -0.1096043349 1.1161712871 15.6740366498 2.6963325222 9.5141067702 0.0417837251
49346 353387.97 113.8464160696 34.0865822171 3776988.308984 762743.1011733002 57.2125888234 -0.0629018397 1.166752096 15.4682883032 2.6310847774 9.4216322035 -0.0046303804
49347 353388.08 113.8464191585 34.086591514 3776989.3486730014 762743.3576329 57.2106097844 0.0846622518 1.1271234223 15.2545922551 2.5638239499 9.3223286672 0.0024392837
49348 353388.19 113.8464221642 34.0866007182 3776990.377869 762743.6067024 57.2101288419 0.035234075 1.1439031174 15.0407585675 2.4935480719 9.2146194242 0.0351716525
49349 353388.3 113.8464250933 34.0866098163 3776991.395084 762743.849026 57.2138723051 -0.1506045637 1.1212914968 14.8255638102 2.4267344517 9.1101833182 0.0595491017
49350 353388.41 113.8464279442 34.0866188159 3776992.401169 762744.0844310998 57.214980647 -0.1589240289 1.1211420881 14.6363804842 2.3635875207 9.0108360655 -0.0020007525
49351 353388.52 113.8464307282 34.0866277119 3776993.395579 762744.3139771 57.2108800868 0.0193034387 1.104898927 14.4654168034 2.30611084 8.9009282853 -0.0231341879
49352 353388.63 113.8464334458 34.0866365005 3776994.377908 762744.5377296 57.2074076608 0.1099418255 1.0857076677 14.3097500343 2.2537357659 8.7941827467 0.0085574859
49353 353388.75 113.8464363294 34.0866459576 3776995.434849 762744.7747413 57.2108133258 -0.0171482555 1.0112180555 14.1643416427 2.1915533916 8.6695614569 0.0749586669
49354 353388.87 113.8464391369 34.0866552843 3776996.477117 762745.0051305002 57.2138993479 -0.0830795737 0.9682013842 14.0314803615 2.1396731475 8.545831637 0.0064773009
49355 353388.99 113.8464418832 34.0866644766 3776997.50432 762745.2302851998 57.2124457303 -0.0731132415 0.9170299699 13.9228852817 2.0856806902 8.4177351794 0.0061305179
49356 353389.11 113.8464445662 34.086673525 3776998.515386 762745.4500379 57.2125118263 -0.1009481196 0.8629531274 13.840639375 2.0399056834 8.2982475403 0.0111874191
49357 353389.14 113.8464452281 34.0866757644 3776998.765612 762745.5042327 57.2133000111 -0.0973978585 0.8406463736 13.820088382 2.0333770652 8.2660585234 0.0412381081
49358 353389.26 113.846447842 34.0866846374 3776999.757037 762745.7181386999 57.2158151502 -0.2023823423 0.8327952415 13.7620891258 1.995643122 8.1410008589 0.046439308
49359 353389.39 113.8464506272 34.0866940958 3777000.813867 762745.9460665 57.2160719307 -0.2834758047 0.8567354123 13.6797881084 1.9568945386 8.0023189891 -0.0110838731
49360 353389.52 113.8464533415 34.0867033961 3777001.852977 762746.1679270002 57.2137577431 -0.2965689252 0.8709491895 13.634268476 1.903462933 7.865655251 -0.018384503
49361 353389.65 113.8464560008 34.0867125355 3777002.8740839986 762746.3852129001 57.2101896238 -0.2445396592 0.856989946 13.542924434 1.8654408508 7.7334847501 -0.0328764701
49362 353389.78 113.8464585976 34.0867215122 3777003.876976 762746.5972238001 57.2076886874 -0.1614545557 0.8900306625 13.4439457732 1.8159157718 7.5914752106 -0.0072884639
49363 353389.91 113.8464611257 34.0867303241 3777004.861393 762746.8034023001 57.2063742969 -0.1071608018 0.9144525001 13.3261578939 1.7708880221 7.4494830221 -0.0142749424
49364 353390.05 113.8464637622 34.0867396248 3777005.900337 762747.0180885 57.2065456398 -0.0399833688 0.8816279549 13.208045714 1.7063815136 7.2900039061 0.0195557445
49365 353390.19 113.8464663179 34.0867487209 3777006.916376998 762747.2259324002 57.2084807819 -0.0433061876 0.8570660655 13.0641164059 1.6594098409 7.1296317563 0.007640014
49366 353390.33 113.8464687885 34.0867576158 3777007.909869 762747.4265476 57.2088899892 0.0001067068 0.8706255738 12.9369318206 1.6009771907 6.9689552218 0.0094223959
49367 353390.48 113.8464713413 34.086766906 3777008.947428 762747.633537 57.2126209335 -0.1226649439 0.8594406143 12.7973203218 1.5420947299 6.7793773203 0.0398053466
49368 353390.63 113.8464737947 34.0867759388 3777009.956179 762747.8321304 57.2153694471 -0.1720591238 0.845382676 12.6708320843 1.4744791821 6.5849847424 0.0217543539
49369 353390.79 113.8464763013 34.0867852752 3777010.998748 762748.0347108 57.2151357643 -0.0597091834 0.8209211956 12.5397263474 1.4169904979 6.367643376 -0.0076100533
49370 353390.95 113.8464786959 34.0867942958 3777012.006001 762748.227912 57.2129845973 0.109294199 0.7969928373 12.4195220928 1.3428045085 6.1483734318 0.0157486346
49371 353391.12 113.8464811091 34.0868035092 3777013.034675 762748.4222409 57.2179090492 -0.0137813412 0.7569108695 12.2942041614 1.2842568609 5.8879221003 0.0406538097
49372 353391.18 113.8464819368 34.0868066625 3777013.386756 762748.4889196998 57.2200338123 -0.0778783485 0.7600489017 12.2381510816 1.2583017639 5.7911521809 0.0386959769
49373 353391.36 113.846484315 34.0868158234 3777014.409529 762748.6801813 57.2248024922 -0.1138428884 0.7683696078 12.1323960299 1.1734907785 5.5133874862 0.0168951905
49374 353391.55 113.846486659 34.0868249849 3777015.432275 762748.8682753 57.2247609748 -0.0791456479 0.6968255323 12.0010182388 1.1029726869 5.1998666141 0.0047869006
49375 353391.75 113.84648896 34.0868340492 3777016.444125 762749.0527128 57.2248155074 0.016595905 0.7398124589 11.8828725971 1.0204096739 4.8702296964 0.0233419121
49376 353391.96 113.8464911792 34.0868429173 3777017.433984 762749.2301934 57.2276132731 0.0193237409 0.7305790035 11.7639532105 0.9326396698 4.5126028514 0.0036921724
49377 353392.19 113.8464933997 34.0868517644 3777018.421524 762749.4078625998 57.2297740197 -0.009312249 0.7511049989 11.6353561232 0.844874497 4.0904983413 0.0287464576
49378 353392.45 113.846495624 34.0868606714 3777019.415719 762749.5856971998 57.229299319 -0.0006864865 0.77716586 11.5128543693 0.731759963 3.5941372934 0.01726167
49379 353392.76 113.8464978564 34.0868697287 3777020.426619 762749.7638186 57.229359841 0.067188736 0.7363563891 11.3898774565 0.5933241116 2.9765113561 0.0092737983
49380 353393.14 113.8465000073 34.0868785644 3777021.412708998 762749.9350976 57.2262304835 0.1181257478 0.7379298635 11.2368278824 0.4412940181 2.2539418365 -0.0039342763
49381 353393.71 113.8465021447 34.086887442 3777022.40342 762750.1049910998 57.223369414 0.1737798786 0.7653593973 11.1097020788 0.2413890615 1.2632501881 0.0050685918
49382 353395.04 113.8465041823 34.0868963564 3777023.397956 762750.265573 57.2088204762 0.3952511937 0.797166258 10.941766301 0.1336123417 0.7636808602 -0.0059881144
49383 353396.04 113.8465060634 34.0869042012 3777024.273398998 762750.4150024998 57.200047317 0.3980434646 0.8172727331 10.449930163 0.1879142266 1.0442755576 -0.0139942076
49384 353396.84 113.8465079457 34.0869131152 3777025.267481 762750.5612305 57.1974624209 0.4897768824 0.7910575623 10.022275276 0.2456772042 1.4233753939 -0.0193900129
49385 353397.47 113.8465097891 34.0869220191 3777026.260361 762750.7039071 57.1927006356 0.4359885325 0.8259255651 9.7412022938 0.2891333628 1.7329869782 -0.0090627403
49386 353398.01 113.8465115991 34.0869310295 3777027.264964 762750.8431656 57.1941923723 0.2778383346 0.8378494355 9.5097123613 0.3261331361 1.9682607446 -0.0069133773
49387 353398.5 113.8465134135 34.0869400944 3777028.275625 762750.9826689998 57.1961150141 0.1873362788 0.8528058819 9.3138815233 0.3509442106 2.1490333553 -0.0129493482
49388 353398.95 113.8465151942 34.0869491852 3777029.289077 762751.1189722 57.1915158611 0.1216051897 0.8919204202 9.1557460025 0.3626311783 2.3438193891 -0.0113560482
49389 353399.36 113.8465169674 34.0869582044 3777030.294565 762751.2548026999 57.1859567696 0.1040482548 0.9459087825 8.9858736035 0.4070652668 2.5432962898 -0.0475140768
49390 353399.74 113.8465186918 34.0869671857 3777031.295726 762751.3862556 57.1886062371 -0.1479348551 0.8733947759 8.864300361 0.4209927525 2.7035921499 -0.0462934646
49391 353400.1 113.8465204007 34.086976186 3777032.298942 762751.5162101 57.1829007268 -0.0484612156 0.758685009 8.8531946399 0.4362000017 2.8394035545 -0.030535767
