49457 353417.12 113.8470364288 34.0872820795 3777067.574024 762798.2173093002 56.9776470391 -0.1291093936 0.4204528867 82.392238493 5.3808929922 0.7184763815 0.0644186576
49458 353417.31 113.8470475213 34.0872832489 3777067.732348 762799.2379089 56.9856761387 -0.5359026986 0.5118893637 83.4369923041 5.4222859928 0.6233970411 -0.0150355888
49459 353417.5 113.8470586998 34.0872842655 3777067.873938 762800.2669221999 56.9744685413 -0.4885659982 0.5255687383 84.456841993 5.4645181872 0.5334374773 -0.0878522527
49460 353417.59 113.8470640253 34.0872846845 3777067.9341379986 762800.7573522 56.9675117107 -0.4030515808 0.5530368914 84.8865183232 5.4822397074 0.4871147019 -0.0693432687
49461 353417.78 113.8470753225 34.0872854601 3777068.049292 762801.7980766 56.9598008497 -0.29764741 0.6639879476 85.6912987636 5.5164310114 0.406908006 -0.0384519326
49462 353417.97 113.8470866946 34.0872861213 3777068.151935 762802.8460683002 56.9490813427 -0.2374677232 0.6822000417 86.2870302343 5.5545566363 0.3454659484 -0.0497670908
49463 353418.15 113.847097547 34.087286668 3777068.240536 762803.8464256 56.9451509733 -0.3119693764 0.7093937185 86.7136521762 5.5870516776 0.3077986361 0.0011631748
49464 353418.33 113.8471084702 34.0872871539 3777068.322577 762804.8535104 56.9414734701 -0.3690862389 0.7091981397 86.9784906606 5.6210853222 0.2765744274 -0.0573781146
49465 353418.51 113.8471194698 34.0872876025 3777068.400671 762805.8677645002 56.9310438624 -0.2651406574 0.7281837642 87.1468719482 5.672074944 0.271896793 -0.0470298559
49466 353418.69 113.8471305772 34.0872880372 3777068.4774940014 762806.8920114002 56.9241601108 -0.2989891955 0.6723048655 87.3120311083 5.7373679684 0.2600940934 -0.0316383887
49467 353418.72 113.8471324431 34.0872881083 3777068.490188 762807.0640785 56.9230427183 -0.3115653883 0.6726666177 87.3358886526 5.7530240151 0.2573113612 -0.0365568321
49468 353418.9 113.8471437463 34.087288514 3777068.564297 762808.1064925998 56.9162139148 -0.3043765261 0.6432590598 87.4872296633 5.8476519075 0.2420813893 -0.0236407466
49469 353419.07 113.8471546126 34.0872888782 3777068.632680998 762809.1087008 56.9080438772 -0.3086647391 0.7178701728 87.6288723821 5.9595439739 0.2183841088 -0.0639913496
49470 353419.24 113.8471656815 34.0872892309 3777068.700318 762810.12965 56.8985089855 -0.1433363112 0.7441246847 87.7830484661 6.0631073979 0.2151154799 -0.035080987
49471 353419.41 113.8471769622 34.0872895747 3777068.767504 762811.1701878002 56.8913118774 -0.1564735675 0.7311254118 87.9436223362 6.1853004185 0.2031331552 -0.0725998857
49472 353419.58 113.8471884486 34.0872898845 3777068.83145 762812.2298162 56.8848196929 -0.188859752 0.8249465244 88.0614393788 6.2914083897 0.1864571218 0.0074778624
49473 353419.74 113.8471994387 34.0872901638 3777068.890725 762813.2437105 56.8817736292 -0.3209210352 0.8247197742 88.1962232418 6.3856186127 0.1976423086 -0.0546963544
49474 353419.9 113.8472105697 34.0872904371 3777068.949706 762814.2706402 56.8726144955 -0.1511734593 0.790578994 88.2893013017 6.4479687404 0.1819711388 -0.0360934752
49475 353420.06 113.8472217744 34.0872906923 3777069.006867 762815.3044321 56.8675154131 -0.064962387 0.8111069845 88.3936582952 6.4779629561 0.1623297777 -0.0590797054
49476 353420.22 113.8472329965 34.0872909262 3777069.061704 762816.339888 56.8613535585 -0.0244070603 0.8553992587 88.4464079925 6.4779518007 0.152747036 -0.0115504996
49477 353420.38 113.8472442095 34.0872911526 3777069.11569 762817.3745333 56.863017871 -0.2460304253 0.8493168939 88.4699882294 6.467398152 0.1560989563 0.0109201087
49478 353420.54 113.8472554024 34.0872913741 3777069.169074 762818.4073426998 56.8626651652 -0.3336748206 0.8832802558 88.4772172198 6.4564504108 0.1457101718 -0.0267160358
49479 353420.7 113.8472665586 34.087291589 3777069.221635 762819.4367806 56.85427556 -0.1915171523 0.9663501525 88.4982054388 6.4293100184 0.1474597108 -0.0595007593
49480 353420.86 113.8472776708 34.0872918063 3777069.274357 762820.4621377 56.8488882622 -0.1387941523 0.9342200018 88.517890596 6.4045377667 0.1497988534 -0.0111193269
49481 353420.98 113.8472859711 34.0872919689 3777069.313767 762821.2280369998 56.8479327355 -0.1411833619 0.9491131654 88.5169611388 6.384162954 0.1447296006 -0.0132635005
49482 353421.14 113.8472970029 34.0872921698 3777069.36445 762822.2460355 56.845450812 -0.1891189187 1.020894191 88.5253384684 6.3578230956 0.1380984713 -0.0238448786
49483 353421.3 113.8473079916 34.0872923649 3777069.414383 762823.2600632 56.8437175127 -0.2832450957 1.0140506278 88.5267854304 6.3295828549 0.1493949117 -0.0029810371
49484 353421.46 113.8473189393 34.087292573 3777069.465665 762824.2702718 56.84331924 -0.3415119198 0.9913922668 88.5605939455 6.3092805354 0.1394057737 -0.0327986895
49485 353421.62 113.8473298516 34.0872927666 3777069.515232 762825.2772526 56.8365725726 -0.3420230205 0.9831038885 88.5972593622 6.2885471995 0.1382505241 -0.0460262135
49486 353421.78 113.8473407241 34.0872929562 3777069.564255 762826.2805658001 56.8318860922 -0.3501016782 0.9930640206 88.6647957729 6.2629180568 0.1356397649 -0.0243105854
49487 353421.94 113.8473515566 34.0872931311 3777069.611546 762827.2802444 56.828740349 -0.4071235006 0.9708797114 88.7072469225 6.2433939625 0.1224462325 -0.0507459877
49488 353422.11 113.8473630354 34.0872933128 3777069.661251 762828.3395649998 56.8207067531 -0.4757925189 1.0228685271 88.7630157097 6.2237512836 0.112374613 -0.0354415991
49489 353422.28 113.8473744755 34.0872934796 3777069.709208 762829.3953589002 56.8162755528 -0.5284014423 1.0306102744 88.8154351897 6.1965682575 0.112778752 -0.0241745599
49490 353422.45 113.8473858671 34.0872936457 3777069.756967 762830.4466864 56.8076604847 -0.4881229405 1.016289012 88.8739032942 6.1721724672 0.1136594609 -0.0854208537
49491 353422.62 113.8473972079 34.0872938026 3777069.803573 762831.4933455 56.7953644432 -0.2780580569 0.9766094515 88.926420437 6.1381642184 0.104759908 -0.0234244209
49492 353422.79 113.8474084918 34.0872939484 3777069.848792 762832.5347851 56.7919395445 -0.4078617008 1.0363100251 88.9709626263 6.1079989536 0.0899195839 -0.0260026746
49493 353422.96 113.8474197189 34.0872940811 3777069.892415 762833.5710261 56.7856812328 -0.4096770576 1.0763241958 89.0316662613 6.076834729 0.0879264295 -0.032777199
49494 353423.13 113.8474308815 34.0872942109 3777069.935554 762834.6013107 56.7796116238 -0.4309061621 1.0287009567 89.0745651577 6.0439846274 0.0869874409 -0.0446288822
49495 353423.3 113.8474419796 34.087294324 3777069.976671 762835.6257015 56.7715180498 -0.2999112817 1.0119740005 89.1222576101 6.0114144354 0.0733509378 -0.0505786359
49496 353423.47 113.8474530082 34.0872944392 3777070.017845 762836.6436626 56.7629519152 -0.1114378174 1.005046572 89.167916837 5.9671727736 0.0686181505 -0.040610195
49497 353423.64 113.8474639728 34.0872945417 3777070.057444 762837.6557552 56.7579091219 -0.2046305034 1.0375410457 89.1725300095 5.9347562233 0.0617986086 -0.0032679625
49498 353423.81 113.8474748736 34.0872946446 3777070.09692 762838.6619482 56.7577185091 -0.3624404462 1.0546706698 89.0725799075 5.8979944355 0.0836669703 0.0017532635
49499 353423.98 113.8474857101 34.0872947695 3777070.138665 762839.6621416998 56.7554327678 -0.4003672851 1.0289930153 88.9486320709 5.8662716273 0.0932491519 -0.0300745319
49500 353424.16 113.8474971142 34.0872949285 3777070.185669 762840.7146459002 56.7460385347 -0.2635888493 1.0472573917 88.7818500431 5.826882765 0.1051265305 -0.0539310479
49501 353424.34 113.8475084434 34.0872951175 3777070.23581 762841.7601298002 56.7412829883 -0.2614189294 1.0902523094 88.6076874703 5.792835249 0.1205439761 -0.0183498677
49502 353424.52 113.847519695 34.0872953474 3777070.290282 762842.7983311 56.7371200267 -0.1762472518 1.0150883783 88.3973536994 5.7460618675 0.1461204286 -0.0131956472
49503 353424.7 113.8475308661 34.0872956087 3777070.348031 762843.8290033 56.7351513794 -0.1826661925 1.0065320884 88.1678865965 5.7078400638 0.1701304179 -0.0169717599
49504 353424.86 113.847540726 34.0872958706 3777070.402478 762844.7385926 56.732480214 -0.1156607201 0.9815273475 87.9371031027 5.6667948211 0.1941056894 -0.0116421198
49505 353425.04 113.8475517371 34.087296218 3777070.469378 762845.754221 56.7306174869 -0.0719284168 0.9157741038 87.6366091861 5.6252951511 0.216839692 -0.0126589275
49506 353425.22 113.8475626574 34.0872965902 3777070.538796 762846.7613928 56.7301495299 -0.2537755117 0.9534229593 87.3087772045 5.5815136026 0.2432654298 0.0008340026
49507 353425.4 113.8475734955 34.0872970126 3777070.613561 762847.7608161998 56.7307066219 -0.4588620709 0.9358400986 86.9669471338 5.5356868068 0.2835284106 0.0109552751
49508 353425.59 113.8475848461 34.0872975174 3777070.698805 762848.8072973002 56.728863515 -0.5697701751 0.9956702885 86.6257617867 5.4974660426 0.3022087731 -0.0426166402
49509 353425.78 113.8475961139 34.0872980632 3777070.788383 762849.8460151998 56.7161296382 -0.4421382753 1.0410834691 86.2581079445 5.4550742562 0.3480130133 -0.0636163915
49510 353425.97 113.8476072754 34.0872986849 3777070.886103 762850.8746837 56.711517211 -0.3347930397 0.9622397616 85.9109551377 5.4001223141 0.3714571268 -0.0163095003
49511 353426.13 113.8476166072 34.087299225 3777070.970064 762851.7346599 56.7037608502 -0.2158803851 1.0343242145 85.5403062061 5.3628343656 0.3856427052 -0.0708107829
49512 353426.32 113.8476275933 34.0872999377 3777071.077431 762852.7468495 56.7001525834 -0.2133498119 1.0504743879 85.1186149464 5.304635233 0.4438878862 0.0339552964
49513 353426.51 113.8476384676 34.0873007107 3777071.191214 762853.7485294002 56.7016224153 -0.2710366656 1.0647342661 84.6442312348 5.2520864587 0.4719531203 -0.0206604797
49514 353426.71 113.847649796 34.0873015972 3777071.318749 762854.7917845 56.6969729429 -0.2255508703 1.0297041172 84.1763361142 5.1954819737 0.5263946714 -0.0191550355
49515 353426.91 113.8476609938 34.0873025507 3777071.4534 762855.8227808 56.6934291543 -0.1411814229 1.0434287807 83.6865671682 5.1344839126 0.5485768742 -0.0115618592
49516 353427.11 113.8476720558 34.0873035649 3777071.594428 762856.8410438001 56.6928100996 -0.1384733537 1.0853083865 83.206883912 5.0735069342 0.5799943576 -0.003902761
49517 353427.15 113.8476742519 34.0873037746 3777071.623351 762857.0431653 56.692396312 -0.1449488487 1.0540635824 83.1088537169 5.0630044639 0.5924186652 -0.0123665916
49518 353427.35 113.8476851456 34.0873048755 3777071.773561 762858.0456216999 56.6913821753 -0.1420661022 0.9762187149 82.6178719888 4.9956609546 0.6294489896 0.0042565143
49519 353427.55 113.8476958967 34.0873060348 3777071.929898 762859.0347365 56.6929663532 -0.1506472181 0.9696619549 82.1241400123 4.9308161925 0.6581455269 0.0082516629
49520 353427.76 113.8477070361 34.0873073101 3777072.100099 762860.0593324 56.6916367225 -0.1324442757 0.9848872765 81.6150094782 4.8594924353 0.7003658877 -0.0086424042
49521 353427.97 113.8477180198 34.0873086635 3777072.27857 762861.0693208 56.6907401141 -0.1570693517 0.9208508882 81.0848247426 4.7898147712 0.7394382591 0.0211505816
49522 353428.18 113.8477288549 34.0873100688 3777072.462424 762862.0654270998 56.6921700276 -0.2112837117 0.970033276 80.5746666691 4.7275843888 0.7560764006 0.00091267
49523 353428.39 113.8477395385 34.0873115278 3777072.651837 762863.0473724 56.690335107 -0.2424889149 1.0497081907 80.0542331836 4.653955785 0.7982389688 -0.0056283339
49524 353428.48 113.8477440703 34.0873121729 3777072.735097 762863.4638207 56.6895419955 -0.2626632607 1.0226685561 79.8269793838 4.6260531827 0.8098303754 -0.0044756146
49525 353428.7 113.8477550217 34.0873138097 3777072.9449309986 762864.4699419001 56.6876367433 -0.1794746641 0.955943243 79.274656545 4.5527262058 0.8424444418 0.002487978
49526 353428.92 113.8477657944 34.0873154965 3777073.159856 762865.4594134 56.6860528691 -0.1302051571 0.9928186446 78.7015175371 4.4740950553 0.8733201753 -0.0123999102
49527 353429.15 113.8477768544 34.087317325 3777073.39125 762866.4749728001 56.68296229 -0.0337658984 1.0266275695 78.1446701693 4.3918271064 0.9052982918 0.0093999828
49528 353429.38 113.8477877048 34.0873192135 3777073.628764 762867.4709981999 56.6848328896 -0.1126866536 0.9814630659 77.5514117762 4.3113840663 0.9313580933 0.019789218
49529 353429.61 113.8477983492 34.0873211528 3777073.87138 762868.4478457 56.6869169082 -0.149258947 1.0168377061 76.9951452892 4.228378022 0.9455938685 0.0195963559
49530 353429.85 113.8478092378 34.0873232294 3777074.129871 762869.4468044002 56.6859320449 -0.1222676236 1.0280433787 76.3977767113 4.1432794157 0.9813631302 0.0006106269
49531 353429.9 113.8478114769 34.0873236704 3777074.184572 762869.652192 56.6859229458 -0.1234400916 1.033525754 76.277489755 4.1232243886 0.9848872234 0.0058026044
49532 353430.14 113.847822095 34.0873258256 3777074.451086 762870.6259364 56.6852800828 -0.0866868021 0.9736777294 75.7188144983 4.0380138908 1.0084947861 0.0081194469
49533 353430.39 113.8478329254 34.0873281265 3777074.734312 762871.6188336 56.6858886359 -0.1338236343 0.9644197017 75.1117624182 3.9472767004 1.0310777167 0.0053361729
49534 353430.64 113.8478434864 34.0873304773 3777075.022383 762872.586706 56.688010525 -0.1275524272 0.9477592983 74.5567935616 3.8359574152 1.0370955598 0.0222935145
49535 353430.9 113.8478541829 34.0873329474 3777075.32404 762873.5667192 56.6852933001 -0.0448693401 0.9106249777 73.9670263334 3.7620922255 1.0588606226 -0.010799719
49536 353430.99 113.8478578512 34.087333817 3777075.43 762873.9027354999 56.6847429285 -0.0526120955 0.8755573857 73.7623708865 3.769369845 1.0832032478 -0.0110117373
49537 353431.24 113.8478683856 34.0873363869 3777075.742309 762874.8674731 56.6785515426 0.2324173978 0.8045632233 73.2866722292 4.0123171791 1.1916325264 0.0332442912
49538 353431.48 113.8478791703 34.0873390886 3777076.0699 762875.8549085 56.6806852985 0.1792729559 0.7336404105 72.958584124 4.2883624066 1.3064815523 -0.0050009813
49539 353431.7 113.8478897427 34.0873417892 3777076.396823 762876.8227505 56.678867002 0.2723100026 0.665077903 72.8308179571 4.5860820368 1.4117601236 0.005010016
49540 353431.91 113.8479005255 34.0873445397 3777076.729827 762877.8098556 56.677991448 0.3198498412 0.6812027133 72.7842425172 4.8927716556 1.4975857541 -0.0033658717
49541 353432.11 113.8479114008 34.0873473306 3777077.067546 762878.8053847 56.6783395288 0.3006827446 0.6158120821 72.8303183907 5.1410487107 1.5862781207 0.0145085542
49542 353432.3 113.8479221933 34.0873500888 3777077.401433 762879.7933693002 56.6779349139 0.2631885476 0.5670101552 72.9387732229 5.3436102167 1.6368784579 0.0151812339
49543 353432.48 113.8479327823 34.0873527835 3777077.727735 762880.7627579 56.6786732478 0.2160671796 0.5029560314 73.1596651904 5.5202058864 1.6721120612 0.0042629776
49544 353432.66 113.847943721 34.0873555075 3777078.0582 762881.7643520002 56.678198183 0.1988954466 0.4465130354 73.4637240752 5.6983611636 1.6903780566 -0.0047300282
49545 353432.83 113.8479543537 34.0873581073 3777078.374091 762882.7380673002 56.6782422848 0.1194192205 0.4091703163 73.8509310074 5.8574382669 1.7003634804 0.0105723656
49546 353433.0 113.8479652706 34.0873607034 3777078.69031 762883.7380379002 56.6776618343 0.0089511828 0.3695134968 74.3472383558 6.006738191 1.6760785314 0.0100109842
49547 353433.08 113.8479705065 34.0873619143 3777078.838164 762884.2177405 56.677062667 -0.0127899807 0.3249428288 74.5847226511 6.0760690247 1.6796400934 -0.0099738142
49548 353433.24 113.8479811561 34.0873643256 3777079.133182 762885.1936082 56.6738567995 0.1416902231 0.30988474 75.139534808 6.2166272273 1.6539594972 -0.0229413104
49549 353433.4 113.8479920497 34.0873666785 3777079.422344 762886.1921763001 56.668208167 0.3014837399 0.4257077319 75.6761733011 6.3571047004 1.6072399545 -0.0209471931
49550 353433.56 113.8480031648 34.0873689983 3777079.708403 762887.2113071 56.6691524917 0.1937818831 0.375589061 76.241517754 6.4745313039 1.5999855442 0.0445413996
49551 353433.71 113.8480137791 34.0873711289 3777079.972178 762888.1847785999 56.6761739347 -0.0523574265 0.3338423657 76.8163902535 6.5955053285 1.5433314899 0.0322175631
49552 353433.86 113.8480245971 34.0873731908 3777080.228853 762889.1772669002 56.6714544743 -0.0027116686 0.2781514837 77.4455310662 6.7174343939 1.5123311318 -0.0469211606
49553 353433.98 113.8480333931 34.087374799 3777080.429975 762889.9844615 56.6671688985 0.0279551264 0.294624306 78.023219064 6.8180643464 1.4499607138 -0.0083283465
49554 353434.13 113.8480445666 34.0873767152 3777080.671396 762891.0102355998 56.6656159796 -0.0627189639 0.3008227355 78.6826630021 6.9367825523 1.3918549272 -0.0189887149
49555 353434.28 113.848055926 34.0873785645 3777080.905866 762892.0533736 56.6616677567 -0.0053029939 0.2710742304 79.399464684 7.0515948767 1.3307117697 -0.0192905454
49556 353434.42 113.8480666953 34.0873802024 3777081.115364 762893.0426750998 56.6572145689 0.0041415312 0.2182376637 80.0563763799 7.1588926466 1.2606590466 -0.027168679
49557 353434.56 113.84807762 34.0873817602 3777081.316366001 762894.0465861 56.6545540486 0.0420417222 0.2009111944 80.7368510833 7.2585956438 1.1930560898 0.0133268168
49558 353434.7 113.8480887023 34.0873832152 3777081.506372 762895.0653533002 56.6519067325 0.0060126826 0.2219873703 81.3824761648 7.3624802985 1.1107871753 -0.0379795234
49559 353434.8 113.8480967122 34.0873842023 3777081.636539 762895.8018869002 56.6480045114 0.0408319425 0.2109604442 81.8493890771 7.4322294413 1.0740323557 -0.0116892317
49560 353434.94 113.8481080555 34.0873855143 3777081.8113480015 762896.8452064998 56.6475975458 -0.1120563887 0.1972249757 82.5140123156 7.535145142 0.996772447 0.0161576208
49561 353435.08 113.84811955 34.0873867262 3777081.975431 762897.9027952 56.6456096517 -0.2258959076 0.19368339 83.1604685475 7.6358239473 0.919593226 -0.0276122687
49562 353435.21 113.848130346 34.0873877729 3777082.119389 762898.8963931 56.6384254117 -0.1198017892 0.2053579827 83.7807399928 7.7157754177 0.8497728848 -0.0444632301
49563 353435.34 113.8481412632 34.0873887264 3777082.253305 762899.9014716998 56.6307274103 -0.0238539535 0.2370761385 84.3401129119 7.7999088415 0.7701603597 -0.0406735849
49564 353435.47 113.8481522954 34.0873896043 3777082.379137 762900.9174118 56.6263528718 0.0121872414 0.2524350347 84.9001392897 7.8799312398 0.7080533329 -0.0080877124
49565 353435.59 113.8481625776 34.0873903407 3777082.487336 762901.8645314 56.6241174294 0.0012540986 0.2357717544 85.3858800595 7.9570276352 0.6427995353 -0.0194586154
49566 353435.72 113.8481738194 34.0873910648 3777082.59664 762902.9002931998 56.621420321 0.0263283089 0.2285905476 85.9296742869 8.0253120563 0.5772938275 -0.0002510485
49567 353435.85 113.8481851625 34.0873917041 3777082.696792 762903.9456720002 56.6193162333 0.0518857061 0.2212754847 86.4739326204 8.0922081323 0.496373411 -0.0100159213
49568 353435.98 113.8481966 34.0873922561 3777082.787492 762905.000038 56.6172446134 0.0172406078 0.2120950688 87.0082026318 8.1611922808 0.4330467515 -0.0124424927
49569 353436.11 113.8482080973 34.0873927135 3777082.867855 762906.0602104 56.6159335021 -0.0666824742 0.1717324221 87.5279081878 8.2163778535 0.3537910706 0.0124742779
49570 353436.24 113.8482196673 34.0873930758 3777082.937847 762907.1273991 56.6110955281 -0.1458114183 0.1810706751 88.0189113331 8.2831995341 0.2800932127 -0.027259043
49571 353436.37 113.8482313271 34.0873933597 3777082.999385 762908.2031163 56.6055631759 -0.2937752255 0.172996368 88.4536313842 8.3378566236 0.2134858026 -0.0232078501
49572 353436.49 113.8482421593 34.0873935542 3777083.048854 762909.2027009 56.5981269069 -0.3139071595 0.2306653638 88.7834277445 8.3937422423 0.1569765831 -0.0560924661
49573 353436.52 113.848244878 34.0873935943 3777083.0603019986 762909.4536098002 56.5957604097 -0.299773991 0.246390992 88.8568669662 8.4054472252 0.1490794059 -0.0562239795
49574 353436.64 113.8482557953 34.0873937257 3777083.102991 762910.4612435 56.584659596 -0.221544082 0.3018955325 89.0990702308 8.4542802561 0.1063727884 -0.0753226195
49575 353436.76 113.8482667693 34.0873938232 3777083.142069998 762911.4742135998 56.5746125141 -0.1676611603 0.3168287603 89.2251686316 8.4955370542 0.0864988517 -0.0370234203
49576 353436.88 113.8482778009 34.0873939049 3777083.179542 762912.4925590998 56.5694099534 -0.2453625649 0.4014748038 89.2794475949 8.5451759387 0.0666933328 -0.0212426977
49577 353437.0 113.8482888932 34.0873939738 3777083.215744 762913.5165446999 56.561844145 -0.2566912843 0.3816765698 89.2988046603 8.5890670992 0.0766126119 -0.0427325092
49578 353437.12 113.8483000707 34.0873940607 3777083.254165 762914.5483399 56.5542738847 -0.243374471 0.395069482 89.3504506616 8.6321584066 0.0708832819 -0.0428215398
49579 353437.24 113.8483113232 34.0873941327 3777083.291133 762915.5871072 56.5470445398 -0.2394069198 0.3675479773 89.366125374 8.6789309941 0.0650920745 -0.0370014432
49580 353437.36 113.8483226331 34.0873942042 3777083.32818 762916.6311823 56.5390830785 -0.0774504822 0.458419642 89.4160800545 8.7240714283 0.0537180122 -0.0461517114
49581 353437.48 113.8483340022 34.08739426 3777083.363654 762917.6807611998 56.5321196308 -0.0082331433 0.4917042571 89.4411325375 8.7702580303 0.0520113711 -0.0408436322
49582 353437.6 113.8483454285 34.0873943214 3777083.3998839986 762918.7356115 56.5281854747 -0.0324608988 0.5071075613 89.4842739928 8.8134534695 0.0494334016 0.0183481566
49583 353437.72 113.8483569119 34.0873943696 3777083.434801 762919.7957755 56.5272274101 -0.2464930088 0.5568917528 89.4918210764 8.8577242881 0.0368068625 -0.0253383042
49584 353437.84 113.8483684538 34.087394423 3777083.470445 762920.8613214 56.5212499732 -0.2914156529 0.5465008772 89.5100416475 8.901753987 0.0489255158 -0.0418860866
49585 353437.96 113.8483800549 34.0873944803 3777083.506669 762921.9323225998 56.5131913489 -0.2104822062 0.5032352729 89.5084174238 8.951059157 0.0546682897 -0.0765357349
49586 353438.08 113.8483917132 34.0873945368 3777083.542962 762923.0086064 56.5031906832 -0.049062751 0.5033607604 89.4887448792 8.9875754348 0.0528254329 -0.0588602088
49587 353438.2 113.8484034225 34.0873945934 3777083.579397 762924.0896018002 56.5011503613 -0.1166322486 0.4852993597 89.4397005464 9.0353640607 0.0618643194 0.0323082142
49588 353438.32 113.8484151902 34.0873946592 3777083.616999 762925.1759575 56.4962606505 -0.079893408 0.5109257255 89.3960348398 9.0743359026 0.0629925323 -0.0163246868
49589 353438.43 113.8484260194 34.0873947249 3777083.652169 762926.1756618 56.4935316388 -0.1919701364 0.5043445023 89.3501852855 9.1074547791 0.0699157228 -0.0244442568
49590 353438.54 113.8484368925 34.0873947999 3777083.688488 762927.1793894002 56.4890199183 -0.1700845991 0.4880069123 89.3118359483 9.1397279082 0.0865453755 -0.0419653252
49591 353438.65 113.8484478074 34.0873948836 3777083.725875 762928.1869513 56.4848082094 -0.2052629318 0.4976338874 89.2801310309 9.1841083809 0.0840138937 -0.0406401409
49592 353438.76 113.8484587641 34.0873949684 3777083.7635 762929.1983711 56.4777705809 -0.2405591724 0.4850163919 89.2365182444 9.2147506306 0.0959016306 -0.0497010033
49593 353438.87 113.8484697589 34.0873950654 3777083.802576 762930.2132604 56.473094386 -0.3255099546 0.4970467929 89.2038522964 9.2428676609 0.0977497302 -0.0201019282
49594 353438.98 113.8484807917 34.0873951602 3777083.841506 762931.2316731 56.4681016896 -0.310065558 0.4833435406 89.1439879236 9.2766128828 0.1007201796 -0.0588081156
49595 353439.09 113.8484918582 34.0873952736 3777083.882587998 762932.2531455 56.4588325722 -0.1369347957 0.4707137778 89.1155740352 9.2997932824 0.120376682 -0.079876475
49596 353439.2 113.8485029532 34.0873953915 3777083.924235 762933.2772288 56.4513008501 -0.0492423218 0.4705696233 89.0678713274 9.3311580737 0.1156689447 -0.0318434963
49597 353439.31 113.8485140755 34.0873955208 3777083.967222 762934.303793 56.4507263042 -0.1427003243 0.4722667851 89.0380737891 9.3480392714 0.1328917104 0.0039523639
49598 353439.42 113.8485252262 34.0873956541 3777084.010733 762935.3329725 56.4493475035 -0.2030049483 0.4838136867 88.9947126964 9.3759950496 0.1284780918 -0.0354597153
49599 353439.53 113.8485364015 34.0873957942 3777084.055061 762936.3644048 56.4445412531 -0.1378037309 0.5124081583 88.9621940121 9.3885926925 0.1418413439 -0.0241653924
49600 353439.64 113.8485476013 34.0873959377 3777084.099818 762937.3980816 56.4393413616 -0.1255970938 0.5406213089 88.9268179116 9.4116806656 0.1405253145 -0.0367917409
49601 353439.75 113.8485588253 34.0873960857 3777084.145149 762938.4339878 56.4365604939 -0.1385165144 0.5471961498 88.8950174231 9.4321917745 0.156469064 -0.0023501165
49602 353439.86 113.848570072 34.0873962444 3777084.191714 762939.4719518 56.4346235246 -0.2221831787 0.5162684348 88.8759210935 9.457412505 0.1577070475 -0.035202592
49603 353439.97 113.8485813405 34.087396409 3777084.239004 762940.5119064 56.4310697345 -0.2730200153 0.5055047958 88.8588466276 9.4698777063 0.1690508165 -0.02939658
49604 353440.08 113.8485926339 34.0873965781 3777084.286848 762941.5541505 56.42557145 -0.224394214 0.4468185409 88.850021762 9.4870835026 0.1633150095 -0.0430235094
49605 353440.19 113.84860395 34.0873967522 3777084.335308 762942.5984774998 56.4192398088 -0.0479576615 0.4292662606 88.8432665365 9.5039588825 0.1769971376 -0.0470359553
49606 353440.3 113.8486152835 34.0873969246 3777084.383617 762943.6444205 56.4137571258 0.1275138485 0.4445181273 88.8418103925 9.5187751129 0.1661656992 -0.0115975565
49607 353440.41 113.8486266299 34.0873970967 3777084.43194 762944.6915423 56.4122275058 0.209698587 0.3864873985 88.8255421194 9.5227617318 0.1757313794 0.0476096116
49608 353440.52 113.8486379843 34.0873972756 3777084.481036 762945.7393872 56.4174289452 0.0220842569 0.4076681571 88.8318341957 9.5310127527 0.1697393134 0.0583346597
49609 353440.63 113.8486493537 34.087397445 3777084.529111 762946.7886489 56.4198326645 -0.0774035171 0.3848953634 88.8338103485 9.542235877 0.169026275 0.0221866231
49610 353440.74 113.8486607402 34.0873976254 3777084.578442 762947.8394580998 56.4165727394 -0.0403846256 0.345128452 88.9093506731 9.5624677381 0.175397901 -0.0379443984
49611 353440.85 113.8486721411 34.0873977898 3777084.626053 762948.8916451 56.4130040612 0.0357430184 0.3329151184 88.9839656541 9.5734573342 0.1528084818 -0.0149500678
49612 353440.96 113.8486835567 34.0873979386 3777084.671954 762949.9452357 56.4127640538 -0.0782228317 0.3207124591 89.0693958764 9.5864489339 0.1419815638 0.0114459956
49613 353441.07 113.8486949825 34.0873980753 3777084.716549 762950.9998068 56.4127177466 -0.1600077598 0.3174146892 89.1479206043 9.5905326709 0.1292027837 -0.0037779947
49614 353441.18 113.8487064195 34.0873982 3777084.7598440014 762952.055441 56.4095665486 0.0083670196 0.3423305286 89.2360756362 9.6019365239 0.1147574061 -0.0250832843
49615 353441.24 113.8487126639 34.0873982613 3777084.782726 762952.6318236 56.4067152357 0.1060076337 0.3531895021 89.2745070365 9.6112989998 0.1057953475 -0.0367084095
49616 353441.35 113.8487241154 34.0873983633 3777084.8235370014 762953.6888814 56.4035736676 0.2284857895 0.3447264473 89.3245736875 9.6041811164 0.0992443942 0.0271554763
49617 353441.46 113.8487355702 34.0873984596 3777084.863718 762954.746253 56.4088020977 0.1020482487 0.4005603295 89.3814361115 9.6119877631 0.085399205 0.0707748269
49618 353441.57 113.8487470381 34.0873985441 3777084.902631 762955.8048692 56.4115452459 0.0330556375 0.3393712926 89.4126216921 9.631028278 0.0824976395 -6.66028e-05
49619 353441.68 113.8487585158 34.0873986292 3777084.941621 762956.8643888 56.4102053633 0.0550118178 0.4013936137 89.4653630812 9.6361624594 0.0714680654 -0.0051300945
49620 353441.79 113.8487700011 34.087398698 3777084.97884 762957.9246659002 56.4111354873 -0.0048240996 0.3996214619 89.4892325199 9.6393446574 0.0674998326 0.0118948583
49621 353441.9 113.8487814963 34.0873987705 3777085.016483 762958.985841 56.4094463084 0.0272777729 0.4355675537 89.538188265 9.6514533016 0.0623701321 0.0005619301
49622 353442.01 113.8487929969 34.0873988304 3777085.0527489986 762960.0475498 56.4082446136 -0.0277000133 0.4101046367 89.5558369464 9.650624401 0.0545063951 -0.0018960004
49623 353442.12 113.8488045 34.087398884 3777085.088324 762961.1095193 56.4081414901 0.0080364852 0.4457337116 89.5906769418 9.6552512469 0.0506175477 0.0146342737
49624 353442.23 113.8488160114 34.0873989252 3777085.122536 762962.1722862 56.4060762655 0.1198868354 0.4821617432 89.6112218109 9.6580984524 0.0414312732 -0.0291911867
49625 353442.34 113.8488275263 34.0873989701 3777085.157171 762963.2353716998 56.4035076611 0.1627384026 0.4877685889 89.6425986777 9.6596201992 0.0513084478 0.0275493171
49626 353442.45 113.8488390399 34.087399007 3777085.190915 762964.2983494998 56.4069453096 0.0308168157 0.5095480748 89.6534781035 9.6640726938 0.0315194533 0.0562206072
49627 353442.56 113.8488505583 34.0873990407 3777085.224322 762965.3617946998 56.4084646339 -0.0177001869 0.5255954663 89.6646903233 9.6694655944 0.03697745 -0.0066877875
49628 353442.67 113.8488620778 34.087399075 3777085.257794 762966.4253279 56.4059506971 0.1693743905 0.5063419081 89.6834751194 9.6662309496 0.0388826672 -0.0169457609
49629 353442.78 113.848873598 34.087399108 3777085.2911230014 762967.4889391 56.4039443433 0.3295650989 0.5301307308 89.6985310106 9.6655870441 0.0356141609 0.0056418195
49630 353442.89 113.8488851106 34.0873991349 3777085.323751 762968.5518595 56.4075881401 0.3216833802 0.5339176927 89.716877596 9.655694723 0.0264159919 0.0841276982
49631 353443.0 113.8488966186 34.0873991648 3777085.3567120014 762969.6143522 56.4152701544 0.1306541615 0.5053350849 89.737664977 9.6561431033 0.032179854 0.0758938614
49632 353443.11 113.8489081292 34.0873991898 3777085.389127 762970.6771003 56.4196322337 0.054803945 0.4879400594 89.7478775054 9.6594695222 0.0170428945 0.0322224131
49633 353443.22 113.8489196418 34.0873992103 3777085.421044002 762971.7400441 56.4198563127 0.0559370566 0.4620018056 89.7570022017 9.655390426 0.025862414 -0.0008715194
49634 353443.33 113.8489311539 34.0873992343 3777085.453358 762972.8029259 56.4183225315 0.1297001615 0.4688515593 89.7826760797 9.659608904 0.0178292736 0.0134453127
49635 353443.44 113.8489426637 34.0873992519 3777085.484949 762973.8656203 56.4190373737 0.0949678364 0.4481047634 89.7957724044 9.654658474 0.0229226992 0.0128801732
49636 353443.55 113.8489541706 34.0873992689 3777085.51647 762974.9280561998 56.4200811936 0.0698831099 0.4377862316 89.8103937871 9.6508646275 0.0090032184 0.0460166766
49637 353443.66 113.848965674 34.0873992819 3777085.547538 762975.9901716999 56.4223782001 0.0009087344 0.4251592738 89.8113086714 9.6505714536 0.0173899186 0.0029528575
49638 353443.77 113.8489771792 34.0873992979 3777085.578942 762977.052448 56.4200943774 0.0756313995 0.4355876244 89.8286713766 9.6510050761 0.0159902235 -0.010314676
49639 353443.88 113.8489886793 34.087399305 3777085.609351 762978.11428 56.4188117646 0.1420936462 0.4781567078 89.8240844737 9.6438274116 0.0048115343 0.0399661843
49640 353443.99 113.8490001746 34.0873993131 3777085.63985 762979.1756656 56.4209810309 0.18200098 0.5075228756 89.8220113478 9.643490822 0.0101439716 0.0505074634
49641 353444.1 113.8490116702 34.0873993186 3777085.670069 762980.2370799 56.4211460426 0.2492645665 0.5361076068 89.8052716241 9.6409512891 0.0023965302 0.0230461695
49642 353444.21 113.8490231597 34.0873993341 3777085.701382 762981.2979063 56.4251542958 0.1226979412 0.4987055085 89.80681979 9.6297775935 0.0235286653 0.0687063179
49643 353444.32 113.8490346434 34.0873993537 3777085.733127 762982.3581899 56.4300063271 -0.0131745069 0.4696100101 89.8046645301 9.6312001958 0.0158842372 0.0404717158
49644 353444.43 113.849046126 34.087399377 3777085.7652839986 762983.4183555 56.428213696 0.1262797186 0.4221179928 89.8027743581 9.625932331 0.0281750976 -0.0311699928
49645 353444.54 113.8490576053 34.0873993963 3777085.796989 762984.4782235 56.4247828042 0.2843255724 0.406903305 89.7837591594 9.6218172079 0.0147691866 0.002040076
49646 353444.65 113.849069074 34.0873994138 3777085.828476 762985.5371226999 56.4283800069 0.2546556808 0.4357431041 89.7662165678 9.6102915055 0.0204462869 0.0837248188
49647 353444.76 113.8490805361 34.0873994337 3777085.860204 762986.5954076998 56.4344558911 0.1727415325 0.5031421963 89.7440389939 9.6147141534 0.0206620418 0.0496838173
49648 353444.87 113.849091995 34.0873994521 3777085.891754 762987.6534006 56.4364856528 0.1841420405 0.5479362524 89.7263854954 9.6045446302 0.0236706784 0.0266390052
49649 353444.98 113.8491034477 34.0873994798 3777085.9243230014 762988.7107927 56.4382944116 0.0862109212 0.5497780245 89.7164010634 9.600409812 0.0280051529 0.056408674
49650 353445.09 113.8491148941 34.0873995066 3777085.956776 762989.7676062 56.4413631344 -0.0160803092 0.5189607129 89.7174641194 9.5986204461 0.0337402849 0.0226393462
49651 353445.2 113.84912634 34.0873995368 3777085.9896059986 762990.8243579002 56.4386182493 0.1624452686 0.4892741741 89.7364009306 9.5949014434 0.032807735 -0.0407359372
49652 353445.31 113.8491377811 34.0873995576 3777086.021383 762991.880698 56.4354859646 0.3998667505 0.4596329802 89.7440497223 9.5884240718 0.0259216063 0.0296917298
49653 353445.42 113.8491492096 34.0873995818 3777086.053504 762992.9358706998 56.4404178308 0.3914050962 0.4770170247 89.761790484 9.5813349263 0.0227331674 0.0984621622
49654 353445.53 113.8491606308 34.0873995975 3777086.084663 762993.9903882 56.448294336 0.1341368105 0.44592426 89.7579174415 9.5812255373 0.0202940081 0.08250995
49655 353445.64 113.849172046 34.0873996207 3777086.116635 762995.0443301 56.4529684652 -0.0080449088 0.4284417846 89.7699228633 9.5716731597 0.0262463195 0.0250054246
49656 353445.68 113.8491761969 34.0873996277 3777086.128101 762995.4275821 56.4536475195 -0.0116366548 0.4378584634 89.7718190097 9.5705631949 0.0245706004 0.0279330443
49657 353445.79 113.8491876129 34.0873996442 3777086.159328 762996.4816151 56.4503805488 0.1238860993 0.4167753982 89.7809564673 9.5720350694 0.0301435448 -0.0439379485
49658 353445.9 113.8491990249 34.0873996583 3777086.190286 762997.5352857 56.4469786361 0.207702608 0.439079145 89.7892547915 9.56327587 0.0085661073 0.0281866591
49659 353446.01 113.8492104273 34.0873996659 3777086.220504 762998.5881015002 56.4508849783 0.0178424542 0.476106708 89.7812403375 9.5612852307 0.0170482561 0.0597416341
49660 353446.12 113.8492218287 34.0873996761 3777086.250993 762999.6408115 56.4534690138 -0.0332636371 0.5163776667 89.7839037175 9.5622658215 0.0126392617 -0.0058215297
49661 353446.23 113.8492332299 34.0873996844 3777086.281284 763000.6935065 56.4493332719 0.0813334608 0.544273914 89.786507582 9.5537719354 0.0160942176 -0.0224097178
49662 353446.34 113.8492446242 34.0873996944 3777086.311739 763001.7455601 56.4468108201 0.1179210712 0.5674737924 89.7982023229 9.551123983 0.0099851192 0.0321298591
49663 353446.45 113.84925601 34.0873997033 3777086.342051 763002.7968279 56.4483678015 0.0582699877 0.5429673104 89.7972268659 9.5431439986 0.01830439 0.0127918976
49664 353446.56 113.8492673892 34.0873997135 3777086.372495 763003.8474833 56.4488005191 0.0985909241 0.5688260274 89.8043521502 9.5340831509 0.0102462522 0.0011385393
49665 353446.67 113.8492787625 34.0873997151 3777086.401961 763004.8976237 56.4485543016 0.1778447929 0.539761129 89.7940253126 9.534598224 0.012324199 0.015029153
49666 353446.78 113.8492901272 34.0873997278 3777086.432649 763005.9469434 56.4499085909 0.1367953369 0.5337190191 89.804546445 9.5256462708 0.0197901434 0.0320694474
49667 353446.89 113.8493014837 34.0873997333 3777086.462505 763006.9955198001 56.4519486483 0.1207970594 0.5432646067 89.7947034696 9.5185115517 0.0025162397 0.0352802721
49668 353447.0 113.8493128333 34.0873997404 3777086.492518 763008.0434555 56.453187054 0.1249526278 0.5185478994 89.7948641824 9.5096630052 0.0166789742 0.0245182897
49669 353447.11 113.8493241737 34.0873997527 3777086.5231 763009.0905232 56.4542517699 0.086504015 0.4952752433 89.7882034882 9.508753445 0.0100339458 0.0274326086
49670 353447.22 113.849335506 34.0873997689 3777086.554081 763010.1368316 56.454866494 0.0859949491 0.4681035215 89.778636435 9.5028923567 0.0203519856 0.0054552706
49671 353447.33 113.8493468314 34.0873997864 3777086.585194 763011.1825037 56.455389264 0.1019422949 0.4856062749 89.7687363359 9.4968025486 0.0117391306 0.0137020467
49672 353447.44 113.8493581485 34.0873998065 3777086.616575 763012.2273961 56.4552381169 0.0943193997 0.4235306686 89.7619888273 9.4863697123 0.0287550526 0.0246318079
49673 353447.55 113.8493694543 34.0873998338 3777086.648729 763013.271222 56.4571979316 0.0567917049 0.4238408804 89.7585466458 9.4799038725 0.0211037997 0.0372436601
49674 353447.66 113.8493807524 34.0873998551 3777086.680189 763014.3143554 56.4578041416 0.1075924706 0.3535910781 89.7500709822 9.4757821805 0.0288270956 0.0040224346
49675 353447.77 113.8493920377 34.0873998853 3777086.712604 763015.3562833 56.4563075956 0.223380619 0.3511051502 89.7556216256 9.456157978 0.0207208192 0.019159013
49676 353447.88 113.8494033089 34.0873999037 3777086.743685 763016.3969476 56.4588786159 0.1534279935 0.3180927413 89.7454461204 9.4477970679 0.0187254936 0.0527969206
49677 353447.99 113.8494145653 34.0873999311 3777086.7757129986 763017.4362143001 56.4634418814 -0.0360237295 0.381968737 89.7652489694 9.434873086 0.0169268783 0.0532586688
49678 353448.1 113.8494258116 34.0873999426 3777086.805959 763018.4745989002 56.4647182599 -0.0568604373 0.3878050423 89.7679298347 9.4284431275 0.0130916172 -0.0090948552
49679 353448.21 113.8494370423 34.0873999622 3777086.837065 763019.5115133 56.4621791085 0.0257713389 0.4271158247 89.7902822666 9.4066913838 0.0144314464 -0.0318463836
49680 353448.32 113.84944823 34.0873999672 3777086.866432 763020.544508 56.4616295099 0.0217577543 0.4686662139 89.787142567 9.3597129953 0.006408807 0.0275607008
49681 353448.43 113.8494593872 34.0873999803 3777086.896628 763021.5746556999 56.4624210168 0.0150235688 0.4591696776 89.8110180347 9.3453422682 0.0207785578 0.0164221919
49682 353448.54 113.8494705169 34.0873999922 3777086.92661 763022.6022791 56.4618308283 0.1012260463 0.4210113575 89.8186079259 9.3221544007 0.0145832627 -0.0085118758
49683 353448.65 113.8494816196 34.0874000002 3777086.9561 763023.6274076 56.4645542186 0.0629038306 0.4211332287 89.8314158151 9.2980167195 0.0107757057 0.03724284
49684 353448.76 113.8494926901 34.0874000047 3777086.985111 763024.6495845 56.4665085934 0.0840602359 0.4348990531 89.8454100256 9.2684500961 0.0001037635 0.0442303421
49685 353448.87 113.8495037316 34.087400007 3777087.013808 763025.6690886999 56.4651435372 0.2526788447 0.4617988654 89.8576356941 9.2484438498 0.0032569759 -0.0016123474
49686 353448.98 113.8495147391 34.0874000071 3777087.042177 763026.6854556 56.4663181836 0.2468844483 0.461860496 89.8591699379 9.2203483106 0.0024907487 0.0542752747
49687 353449.09 113.8495257086 34.0874000072 3777087.070439 763027.6983134 56.472419587 0.0213209028 0.4493788626 89.8652493929 9.1877183533 0.0065365489 0.0842038336
49688 353449.2 113.8495366461 34.0874000113 3777087.099069 763028.7082100002 56.4764676942 -0.1093694901 0.4335695238 89.8822321816 9.1678943891 -0.0004733703 0.0151101186
49689 353449.31 113.8495475579 34.0874000136 3777087.127427 763029.7157333 56.4744417304 -0.0272244599 0.3772895656 89.8958605727 9.1458016088 0.0004539445 -0.0257176733
49690 353449.42 113.8495584391 34.0874000147 3777087.155583998 763030.7204418002 56.4706919547 0.044622009 0.3706075257 89.9093526242 9.1186481451 -0.0067104162 -0.0097873548
49691 353449.53 113.8495692842 34.0874000045 3777087.182384 763031.7218443 56.4701454332 0.086059762 0.3779054979 89.9126418597 9.0850110751 -0.0121235521 0.0294463245
49692 353449.65 113.849581077 34.0874000004 3777087.212307 763032.8107326998 56.4711189372 0.0709282636 0.3810473885 89.9474427253 9.0529389674 -0.0059403982 0.0153072791
49693 353449.77 113.8495928299 34.087399988 3777087.241204 763033.8959736 56.4722930351 0.0035622997 0.3399525665 89.964323465 9.0259556569 -0.0161099879 0.0316455253
49694 353449.89 113.8496045407 34.0873999727 3777087.269671 763034.977324 56.4735670723 -0.0277406122 0.3782933223 89.9972121664 8.9890528748 -0.0163190218 0.014137348
49695 353450.01 113.8496162158 34.08739995 3777087.297233 763036.0554108 56.4719089316 0.1089516817 0.3229767259 90.0301696468 8.9682581462 -0.0209535515 -0.0267476953
49696 353450.13 113.8496278546 34.0873999275 3777087.324714 763037.1301433 56.4696055278 0.1040710367 0.301823921 90.0856135604 8.9302869957 -0.0223120457 0.023535852
49697 353450.25 113.8496394482 34.0873998886 3777087.350264 763038.2007441 56.4751039604 -0.2053751404 0.2870092542 90.1143094757 8.9013011146 -0.0403605182 0.0649522417
49698 353450.37 113.8496510052 34.087399847 3777087.375408 763039.2679823001 56.4756008182 -0.2143472667 0.2602501957 90.167079268 8.8733303212 -0.0381681173 -0.031330404
49699 353450.49 113.8496625268 34.0873998011 3777087.399992 763040.3319614 56.4676886527 0.0471620626 0.2245110322 90.2137330536 8.8384127186 -0.0490205487 -0.0638002943
49700 353450.61 113.8496740033 34.0873997426 3777087.423073998 763041.3918233 56.4639253896 0.2129623611 0.2404613748 90.2517726207 8.8063433718 -0.0566977212 0.0374961808
49701 353450.73 113.8496854293 34.0873996759 3777087.445096 763042.4470365 56.4684955478 0.1154260345 0.2597184627 90.288243285 8.7641837099 -0.0638414243 0.0565403041
49702 353450.85 113.8496968099 34.0873996003 3777087.466021 763043.4980864 56.4727001153 0.1074460024 0.3013791047 90.3218716072 8.7323591346 -0.0675119108 0.028753035
49703 353450.97 113.8497081439 34.08739952 3777087.486304 763044.5448596998 56.4745213306 0.2163937511 0.3364610801 90.3504085603 8.7009988408 -0.0765237974 0.0147221584
49704 353451.09 113.8497194309 34.0873994384 3777087.506333 763045.5872877 56.4745043144 0.2467004455 0.3068320651 90.3701678654 8.6552690323 -0.071138859 0.0297734974
49705 353451.21 113.8497306672 34.0873993648 3777087.527107 763046.625005 56.4805825222 0.0184609989 0.2926496935 90.3882411685 8.6199038316 -0.0748704617 0.0874226731
49706 353451.33 113.8497418588 34.0873992809 3777087.546623002 763047.6586377 56.485257484 -0.1259750037 0.28671122 90.3878084361 8.5899698803 -0.0788662554 0.01953932
49707 353451.45 113.8497530096 34.0873992006 3777087.566435 763048.6884893002 56.4829749968 -0.1324436942 0.3177115914 90.3739883253 8.5581398758 -0.0779822221 -0.0238872541
49708 353451.57 113.8497641167 34.0873991194 3777087.586041 763049.7143085 56.4786881972 -0.0222896919 0.276827392 90.3237179827 8.5232984021 -0.06924153 -0.0172230966
49709 353451.69 113.8497751754 34.0873990567 3777087.607565 763050.7355925002 56.4768684954 0.1085291701 0.2982079383 90.2836608363 8.485233917 -0.0604589375 -0.0005060906
49710 353451.81 113.8497861847 34.0873989888 3777087.628396 763051.7523388 56.4767813543 0.1932547063 0.3231102002 90.2237205063 8.4457134219 -0.0606571456 0.0185836636
49711 353451.93 113.8497971426 34.0873989384 3777087.651033 763052.7642846998 56.4775146358 0.2551770735 0.3336473178 90.1932399731 8.4048730042 -0.0436659208 0.0448948214
49712 353452.05 113.8498080462 34.0873988911 3777087.673868 763053.7712087 56.4833387993 0.1738013445 0.3183571954 90.1402085726 8.3659281839 -0.0457805137 0.0539154499
49713 353452.17 113.8498189057 34.0873988603 3777087.698421 763054.7740136 56.4872917645 0.1843774036 0.3385711694 90.0952951196 8.325189087 -0.0240484629 0.0384376131
49714 353452.3 113.8498306111 34.0873988302 3777087.725233 763055.8549145 56.4903528318 0.1099637814 0.3393975601 90.0351772028 8.2816490922 -0.0289998909 0.03143413
49715 353452.43 113.8498422558 34.0873988142 3777087.75346 763056.9301723002 56.4939779015 0.0702144198 0.3177496961 89.9855691512 8.2367265871 -0.0097785943 0.0529656216
49716 353452.56 113.8498538396 34.0873988026 3777087.782016 763057.9997854 56.4960311083 0.0020819946 0.369451583 89.9225488841 8.1932019118 -0.0131382001 0.0223667485
49717 353452.69 113.8498653635 34.0873987961 3777087.810978 763059.0638547 56.496460421 -0.0119745892 0.3970670183 89.8732639525 8.1529859978 0.0005054983 0.0127198623
49718 353452.82 113.8498768271 34.0873988087 3777087.841913 763060.1223068001 56.4967725882 -0.0537231314 0.4162374041 89.8340465898 8.1115868058 0.0075430201 0.0100267104
49719 353452.95 113.8498882335 34.0873988192 3777087.872457 763061.1754683 56.4956906503 -0.1046467084 0.3976266595 89.7785681299 8.0658804933 0.0125644397 0.0010311476
49720 353453.08 113.8498995846 34.0873988409 3777087.904106 763062.2234964 56.4951082533 -0.0809090965 0.4615153868 89.7414428154 8.0342625422 0.0109281134 0.0061372459
49721 353453.21 113.8499108861 34.0873988549 3777087.934778 763063.266974 56.4929512898 -0.043178492 0.418277803 89.6940732741 7.9888158351 0.0211214915 -0.0154090956
49722 353453.34 113.849922126 34.0873988885 3777087.96746 763064.3047009 56.4908891739 -0.0396564268 0.3888855021 89.6786154341 7.9432468719 0.0238188293 0.0064758736
49723 353453.47 113.8499333012 34.0873989208 3777087.999833 763065.3364527 56.49208513 -0.0168038402 0.3381491574 89.6557488024 7.9042258013 0.0343884769 -0.0098686529
49724 353453.6 113.8499444133 34.0873989651 3777088.033378 763066.3623410999 56.4900950054 0.0804157096 0.2797284591 89.6522811279 7.8612549154 0.0364336105 -0.033583548
49725 353453.73 113.8499554593 34.0873989994 3777088.06564 763067.3821625998 56.4890492242 0.0768553779 0.2506032908 89.6218713992 7.807354467 0.0242143288 0.0350149222
49726 353453.86 113.8499664366 34.0873990372 3777088.098118 763068.3956293 56.4933309089 -0.0280847072 0.2733048758 89.6104479636 7.7578221326 0.0319481953 0.0439800391
49727 353453.99 113.8499773509 34.0873990741 3777088.130336 763069.4032738 56.4946570005 0.0088599063 0.2598836458 89.5847331096 7.7190760387 0.0379295006 -0.0132911578
49728 353454.12 113.8499881986 34.0873991257 3777088.164009 763070.4047346 56.4911079239 0.0987839633 0.2719224924 89.5707591855 7.6687233202 0.0439608746 -0.017206475
49729 353454.26 113.8499997924 34.0873991841 3777088.200351 763071.4750574002 56.4918435626 0.0464891674 0.2628663245 89.5405901658 7.6044459999 0.0393299005 0.0395842088
49730 353454.4 113.8500112917 34.0873992599 3777088.238392 763072.5366039 56.4950280506 -0.0705364084 0.2170237989 89.535549858 7.5420176621 0.055658481 0.020426079
49731 353454.54 113.8500226814 34.0873993334 3777088.275894 763073.5880298 56.4960258612 0.0265947124 0.212506755 89.5114216633 7.4658826006 0.0415344571 -0.0091914571
49732 353454.68 113.8500339613 34.0873994021 3777088.312573 763074.6293423 56.4922019606 0.1997714439 0.1678183513 89.5021352542 7.3924179595 0.0622463773 -0.0190176077
49733 353454.82 113.85004512 34.0873994793 3777088.349888 763075.6594356 56.493389234 0.1956004072 0.1545955353 89.5183137877 7.3096975098 0.0541819005 0.0543455804
49734 353454.96 113.850056163 34.0873995401 3777088.385089 763076.6788946999 56.5001589265 0.0814415689 0.2240672748 89.524223363 7.2340846423 0.0323778901 0.0499877131
49735 353455.1 113.8500670963 34.0873995928 3777088.419109 763077.6882451 56.5028526569 0.0153169163 0.3048659198 89.5615443057 7.1619294097 0.0369845745 0.0121498258
49736 353455.24 113.8500779236 34.0873996384 3777088.452064 763078.687839 56.5021465206 0.02535883 0.2479540022 89.621003368 7.0955214472 0.0380190459 -0.0049441893
49737 353455.39 113.8500893969 34.0873996778 3777088.485992 763079.7470926999 56.5034896508 -0.0302727376 0.2910993825 89.6750809801 7.0064270731 0.0182527772 0.0244102978
49738 353455.54 113.8501007423 34.0873997005 3777088.51774 763080.7945918002 56.5036332766 -0.0668180256 0.2917101252 89.7274418426 6.9345837742 0.0162817929 -0.0094866617
49739 353455.69 113.8501119572 34.0873997221 3777088.549033999 763081.8300454002 56.5025353907 -0.0236307481 0.2814313279 89.7942814341 6.848822627 0.0029616159 0.0065886708
49740 353455.84 113.8501230387 34.0873997299 3777088.578451 763082.8532258002 56.5020213379 0.0251151603 0.2267982937 89.8410121181 6.7669968515 0.0001017007 -0.0082340367
49741 353455.99 113.8501339678 34.0873997272 3777088.606304 763083.8623630998 56.5015170053 0.1898462677 0.2694949487 89.8999004078 6.6589648408 -0.0099078853 0.0218416951
49742 353456.15 113.8501454216 34.0873997125 3777088.6341800014 763084.9199929 56.5034260359 0.1586069445 0.3372319641 89.9476628977 6.540198979 -0.0088681781 0.0044045638
49743 353456.31 113.8501566478 34.0873997021 3777088.661949 763085.9565858 56.5072361827 0.1228102753 0.3434903391 90.0036909467 6.399419875 -0.0114862358 0.0533579731
49744 353456.47 113.8501676157 34.0873996796 3777088.68771 763086.9693724 56.5136165796 -0.0872673264 0.3681793763 90.0347159444 6.2451245441 -0.0194523021 0.0274942542
49745 353456.64 113.8501789322 34.0873996547 3777088.714101 763088.0143476998 56.5151260123 -0.2677915591 0.3731396778 90.0957967272 6.0180405575 -0.0207381604 0.0217456931
49746 353456.81 113.850189774 34.0873996208 3777088.738276 763089.0155189 56.5173969688 -0.4099855696 0.3843624281 90.1391465282 5.7455918029 -0.0279468247 0.0061447625
49747 353456.99 113.8502006962 34.0873995814 3777088.7620440014 763090.0241335002 56.5122439768 -0.2613204935 0.3648155648 90.2011041515 5.4457038473 -0.0310895966 -0.0385839677
49748 353457.08 113.8502059382 34.0873995606 3777088.773242 763090.5082193002 56.5088730212 -0.1807298805 0.327945623 90.2222517518 5.2969640748 -0.0261127214 -0.0272949962
49749 353457.28 113.8502170557 34.0873995017 3777088.795346 763091.5349238 56.5060566803 -0.0636168447 0.3249450833 90.256647664 4.9574883938 -0.0391974861 0.0027591227
49750 353457.49 113.8502279344 34.087399426 3777088.814971 763092.5396416 56.508053639 -0.1405024701 0.3666823938 90.3057457462 4.5983414026 -0.036063529 0.0108096438
49751 353457.72 113.8502389164 34.0873993587 3777088.8357980014 763093.5538594 56.5098056719 -0.1781913719 0.3329061628 90.350140852 4.2012753622 -0.0377739575 0.0180539848
49752 353457.98 113.8502501337 34.0873992598 3777088.853729 763094.5899078 56.5127939852 -0.1994561049 0.3861764748 90.3965985958 3.7504043491 -0.0453615419 -0.0021159609
49753 353458.27 113.8502611069 34.0873991759 3777088.87269 763095.6033734 56.5086722244 -0.1783087188 0.3497602401 90.4364082676 3.2337629469 -0.037691368 -0.0078582198
49754 353458.62 113.8502721869 34.0873990682 3777088.889289 763096.6267665 56.5090961633 -0.2458624069 0.3893821328 90.4868314686 2.6221475423 -0.0319722604 0.004134089
49755 353459.07 113.8502830903 34.0873989697 3777088.906443 763097.6338358001 56.5075917588 -0.3127875426 0.3549240101 90.5390187114 1.8691088282 -0.0218630672 -0.0143357607
49756 353459.82 113.8502939735 34.0873988614 3777088.922471 763098.6390598002 56.4987636153 -0.2633134584 0.3982960975 90.5899279123 0.8276119936 -0.0112104018 -0.0107134895
49757 353484.06 113.8503040758 34.087398811 3777088.942898 763099.572007 56.5274022454 0.1494623294 0.4170609516 90.6664744092 1.0568980292 -0.0119469564 -0.0135877808
49758 353484.73 113.8503150577 34.0873986969 3777088.958533 763100.5863678 56.5144823343 0.3683658462 0.4393948072 90.7823042151 1.9860673281 -0.0254753218 -0.0070518446
49759 353485.18 113.8503260117 34.0873985671 3777088.972353 763101.598195 56.5076352749 0.4012595816 0.4122085268 90.8953382131 2.4793549671 -0.0373500942 -0.0087662865
49760 353485.56 113.8503369112 34.0873984121 3777088.983233 763102.6050713002 56.5040995404 0.3751819454 0.4158970352 90.9941829536 2.8205222646 -0.0451115955 -0.0067082238
49761 353485.9 113.8503478017 34.0873982422 3777088.99244 763103.611168 56.5009284634 0.3534122112 0.4349078944 91.0994772225 3.0950783931 -0.052279259 -0.0001195933
49762 353486.02 113.8503518809 34.0873981792 3777088.995959 763103.988015 56.5006293748 0.3595866755 0.4466409943 91.1519159302 3.1904502122 -0.063980854 0.0011160403
49763 353486.33 113.8503629579 34.0873979725 3777089.00156 763105.0114437 56.4983990528 0.3182749443 0.4175331993 91.2828510805 3.4264401773 -0.0770203433 0.0043953877
49764 353486.62 113.8503739445 34.0873977481 3777089.004967 763106.0265723 56.4976602132 0.2916381404 0.3940646248 91.4133723516 3.5824997379 -0.084280618 -0.0019077543
49765 353486.9 113.8503849332 34.0873975046 3777089.006262 763107.0419641 56.4958281433 0.1792031685 0.3640050646 91.5371777974 3.686000437 -0.094415201 -0.0143022673
49766 353487.18 113.850396144 34.0873972257 3777089.004197 763108.0779676 56.4954974372 0.0897317865 0.3465064497 91.6997281304 3.7051237363 -0.1079354481 0.0128792838
49767 353487.45 113.8504069769 34.0873969293 3777088.999207 763109.0791383 56.4947943352 0.0335567482 0.3314528173 91.843701885 3.6998100276 -0.1181012657 -0.0165244704
49768 353487.73 113.8504181588 34.0873965944 3777088.990851002 763110.1126502 56.4911835119 -0.0032322176 0.2503645875 91.9782538016 3.6698328963 -0.1297382559 -0.0090095815
49769 353488.01 113.8504292314 34.0873962402 3777088.980077 763111.1361223 56.4893622818 0.0183074728 0.2330168953 92.1099530353 3.6308418348 -0.1351781154 -0.0064988894
49770 353488.29 113.8504401754 34.0873958869 3777088.96907 763112.1477239 56.4833736448 0.2023232992 0.1906376981 92.2279431826 3.5821299494 -0.1434310603 -0.027436717
49771 353488.58 113.8504513551 34.0873955185 3777088.956988 763113.1811378 56.479722105 0.231144208 0.1295327821 92.266801487 3.5328664093 -0.1457044922 -0.0169309899
49772 353488.87 113.8504623821 34.087395146 3777088.944058 763114.2004575 56.4791150363 0.1983099171 0.1414750098 92.2467565042 3.4855899299 -0.1489468847 -0.0148448125
49773 353489.16 113.8504732618 34.0873947906 3777088.932659 763115.2061285998 56.4802876646 0.1479819597 0.1219556282 92.1062821208 3.4385197483 -0.133011994 -0.015242785
49774 353489.46 113.8504843594 34.0873944593 3777088.924488 763116.2318469 56.4792276155 0.1785756132 0.0413281828 91.8625595388 3.38896392 -0.1145163459 -0.0247667013
49775 353489.76 113.8504952985 34.0873941704 3777088.920613 763117.242797 56.4771971721 0.3185109684 0.0503853353 91.5043747549 3.337965092 -0.0924106748 -0.0071861411
49776 353490.07 113.8505064132 34.0873939457 3777088.924314 763118.2697543 56.4762513079 0.4754291531 0.0462942891 90.9424002525 3.2737901021 -0.0608142504 0.0013630742
49777 353490.38 113.8505173134 34.0873938403 3777088.9407 763119.2765431999 56.4792426526 0.5775775317 0.0255793342 90.0202537542 3.2163947693 -0.0102595045 0.0094969354
49778 353490.7 113.8505283337 34.0873939024 3777088.975993 763120.2939076 56.4858714193 0.595162627 0.0324238061 88.7107416958 3.1447123326 0.0602847082 0.0187341908
49779 353490.83 113.8505327411 34.0873939796 3777088.995918 763120.7006181999 56.4889941486 0.5951963096 0.1121515956 88.1198202141 3.114918548 0.0742421333 0.0129909568
49780 353491.16 113.8505437405 34.0873943695 3777089.067522 763121.7150415998 56.4965471402 0.6722608238 0.1757893196 86.2323264839 3.0381056016 0.1770087993 0.0159625211
49781 353491.5 113.8505547938 34.0873950865 3777089.175575 763122.7334198002 56.5029336484 0.6569982761 0.1111544505 83.8905764371 2.9577412343 0.3011403749 0.0219274948
