50365 353715.91 113.8451361274 34.0847845348 3776785.515059 762630.4742332 56.8302235864 0.2250456824 1.0994391304 46.0395854517 4.0259370536 3.8582290568 0.0489207596
50366 353716.09 113.8451439656 34.0847908297 3776786.233801998 762631.1785346 56.8311003652 0.3305779042 1.0482824545 45.8974537169 4.0201826589 3.8952394832 -0.0410569832
50367 353716.27 113.8451518048 34.0847971441 3776786.954722 762631.882869 56.8324276842 0.4284138 1.0151945272 45.6962441976 4.0231341679 3.8987266304 0.0606618801
50368 353716.45 113.8451596188 34.0848035013 3776787.680317 762632.5847414002 56.8416845873 0.4057543453 0.9312463478 45.5508043175 4.0160569896 3.9207897119 0.0400046532
50369 353716.63 113.845167443 34.0848098798 3776788.4083 762633.2874818002 56.8451226829 0.4185508877 0.9543416025 45.3787396165 4.0163910561 3.9348106842 0.0457391667
50370 353716.81 113.8451752504 34.0848163023 3776789.141135 762633.9885476999 56.8542061113 0.2157480566 0.8496674152 45.2207001789 4.0087988897 3.9657630635 0.0691690541
50371 353716.99 113.8451830528 34.084822765 3776789.878409 762634.6890201 56.8617285909 0.093829944 0.7268699478 45.0508556331 4.014651611 3.9878937757 0.0358337807
50372 353717.17 113.8451908566 34.0848292799 3776790.6214910015 762635.3894632 56.858829164 0.0590416918 0.7545182104 44.876496176 4.0163210163 4.0158075047 -0.0027682105
50373 353717.35 113.8451986533 34.0848358475 3776791.37039 762636.0890858001 56.8557715183 0.0398940402 0.7235431942 44.7234469322 4.0171324415 4.0436962935 0.0182318077
50374 353717.53 113.8452064492 34.0848424575 3776792.123998998 762636.7885031998 56.8527037427 0.0752275158 0.6562156591 44.5719750018 4.0185936427 4.0696908418 -0.0029957896
50375 353717.71 113.8452142584 34.0848491066 3776792.881979 762637.4890247 56.8456213065 0.1944255672 0.6029216796 44.4758568143 4.0225561855 4.0916679329 0.0168307199
50376 353717.89 113.8452220869 34.0848557774 3776793.642418 762638.1912678 56.8467895053 0.1486288391 0.6606905618 44.4013067218 4.0291271948 4.104869122 0.0432809084
50377 353718.07 113.8452299252 34.0848624788 3776794.406284 762638.8943203 56.8441636125 0.2567753169 0.6223600315 44.3653485383 4.0358354975 4.1232858801 0.0060136347
50378 353718.25 113.8452378044 34.0848691841 3776795.170671 762639.6011297 56.8449426023 0.2245482952 0.5697309974 44.3086392369 4.0454681119 4.1409834733 0.0326953546
50379 353718.43 113.8452456931 34.0848759192 3776795.9384 762640.3087332 56.8496462693 0.134725214 0.5401987611 44.2563540266 4.054301476 4.1526740427 0.0502787525
50380 353718.61 113.8452536112 34.0848826727 3776796.708257 762641.0189925998 56.8507924536 0.0690627559 0.5771058252 44.2011230374 4.0664598969 4.1721894508 0.00058355
50381 353718.79 113.8452615389 34.0848894674 3776797.482702 762641.730008 56.8494675485 0.08219378 0.5359002274 44.1576421888 4.0709478303 4.1963461149 0.0339470207
50382 353718.97 113.8452694983 34.0848962849 3776798.259758 762642.4438741 56.8507574806 0.0159940062 0.5645700605 44.1010154174 4.0909094983 4.2084327208 0.0133796671
50383 353719.15 113.8452774821 34.084903129 3776799.039826 762643.1599241 56.8505658852 -0.0160190533 0.5962379808 44.0486699232 4.0938792312 4.2305624918 0.0076309562
50384 353719.32 113.8452850471 34.0849096236 3776799.780031 762643.8383718 56.8497642148 0.0263128966 0.6207661061 43.9981696659 4.1138957634 4.2484263738 0.0003652872
50385 353719.36 113.8452868317 34.0849111571 3776799.9548059986 762643.9984154998 56.8497335231 0.0260222875 0.6347733774 43.9843004412 4.1185917448 4.2555266141 0.0101041763
50386 353719.53 113.8452944387 34.0849177006 3776800.700543 762644.6806024 56.8505813964 0.0090688834 0.6838084848 43.9329459354 4.1381522236 4.2862610171 0.0025264837
50387 353719.7 113.8453020909 34.0849242918 3776801.451697 762645.366809 56.8499261308 -0.0842909383 0.759170255 43.8815985384 4.166790726 4.3150362747 0.0101292486
50388 353719.87 113.8453097789 34.0849309294 3776802.208094 762646.0561715 56.8501886381 -0.0743318045 0.7989314262 43.8231968558 4.1804384071 4.3410821826 0.0065007375
50389 353720.04 113.845317508 34.0849376122 3776802.969613 762646.7492002 56.8485506009 -0.0707743593 0.876323256 43.776226409 4.2101726904 4.3787126988 -0.0219591678
50390 353720.21 113.8453252815 34.0849443404 3776803.7362730014 762647.4461767 56.8428354692 0.0660182733 0.8995959042 43.7209025383 4.2245904037 4.4124613437 -0.0011075748
50391 353720.38 113.8453330991 34.0849511116 3776804.507827 762648.1471039002 56.843062398 -0.0103653621 0.9713925697 43.6747512244 4.2561706974 4.4316491329 0.0137885591
50392 353720.55 113.8453409551 34.0849579326 3776805.2850129986 762648.8514175002 56.8403126588 0.0383251549 0.9863282541 43.6241845606 4.2616786781 4.4751981456 0.0169164164
50393 353720.72 113.845348835 34.0849648029 3776806.067719 762649.5577829 56.8400229635 0.082665816 0.9544695493 43.5841694992 4.2952302597 4.4893833882 -0.0213585805
50394 353720.89 113.8453567691 34.0849717059 3776806.854201 762650.2690558 56.8369174609 0.2331270927 1.0283390748 43.5321237812 4.3081378808 4.5260477638 0.0267015519
50395 353721.05 113.8453642647 34.084978249 3776807.599615 762650.9409491002 56.83878054 0.2081471935 1.0062370926 43.4951264889 4.3315790668 4.5555801165 0.0174645312
50396 353721.21 113.845371788 34.0849848224 3776808.348463 762651.615308 56.8409167482 0.2085615514 1.0078500013 43.4470879534 4.3489806195 4.5756487522 0.0310916627
50397 353721.37 113.8453793388 34.0849914378 3776809.102036 762652.2920734 56.8420184851 0.2383234292 1.0060304457 43.4004018795 4.3632748929 4.6054452997 0.0004677685
50398 353721.53 113.8453869257 34.0849980841 3776809.859135 762652.9720804 56.8444082849 0.2851836777 1.0287364107 43.3460588092 4.3855940038 4.6305327894 0.058806524
50399 353721.69 113.8453945362 34.0850047695 3776810.620642 762653.6541402 56.8468271596 0.3087408336 1.0115265286 43.2901253453 4.3911849793 4.6640107911 0.0103530163
50400 353721.85 113.8454021664 34.0850114934 3776811.386456 762654.3379008998 56.8491976168 0.4469129215 1.011971688 43.1694702256 4.409574287 4.6764049934 0.0530995551
50401 353722.01 113.8454098162 34.0850182595 3776812.157018 762655.0233414002 56.8547386136 0.2865884453 1.0667009145 42.9360327036 4.4152439221 4.7192698181 0.0409282568
50402 353722.17 113.8454174667 34.0850250853 3776812.934207 762655.7086632 56.8613602789 0.087842889 1.0406455749 42.7111727965 4.411714601 4.7564512806 0.0755099444
50403 353722.33 113.8454251206 34.0850319719 3776813.718145 762656.3941145 56.8670189669 -0.0347383887 1.0032380522 42.4698308365 4.4198279369 4.8046634102 0.0001107644
50404 353722.49 113.8454327844 34.0850389255 3776814.509546 762657.0802665 56.8602570901 0.1702992296 0.9150971162 42.2540536307 4.4166838033 4.8497496021 -0.0225670973
50405 353722.65 113.8454404629 34.0850459389 3776815.307624 762657.7675979 56.8610101128 0.1918026617 0.9191680793 42.0289782762 4.4261072159 4.8920030041 0.0363950285
50406 353722.7 113.8454428645 34.0850481438 3776815.558489 762657.9825340002 56.862034779 0.1663336794 0.9053174454 41.9603154728 4.4311117715 4.9032507654 0.0325068986
50407 353722.86 113.8454505559 34.0850552408 3776816.365877 762658.6708016 56.8626145525 0.1989671588 0.9181758117 41.7488718809 4.438350451 4.9495999974 0.023038219
50408 353723.02 113.8454582539 34.0850623972 3776817.17987 762659.3594822 56.8657510234 0.0976333659 0.9307675412 41.5199316641 4.4393570476 4.9879351681 0.0254800861
50409 353723.17 113.8454654695 34.0850691738 3776817.950483 762660.0047983001 56.8670437047 0.0105966658 0.9281317805 41.3162887662 4.4477472329 5.0282190255 0.0122913395
50410 353723.32 113.8454726995 34.085075999 3776818.726512002 762660.6512979 56.8679463221 0.0616701885 0.9939346154 41.100629393 4.4502750897 5.0692602927 0.0152256145
50411 353723.47 113.8454799251 34.0850828815 3776819.508899 762661.2972119 56.8664059127 0.2579888877 0.9564489353 40.9046622301 4.4399359146 5.1126112534 -0.0214623856
50412 353723.62 113.8454871405 34.0850898182 3776820.297268 762661.942009 56.864874023 0.5300659282 0.8305265518 40.6997802604 4.4309536351 5.1500330056 0.0211391557
50413 353723.77 113.845494353 34.0850967949 3776821.090072 762662.5864188 56.8705299078 0.7189832881 0.845532645 40.4937056251 4.4451348833 5.1668583895 0.0853600713
50414 353723.92 113.8455015708 34.0851038126 3776821.887439 762663.2311954 56.880593868 0.4313150098 0.8701471353 40.2905768072 4.4395248656 5.2149812814 0.0796228179
50415 353724.07 113.8455087712 34.0851108871 3776822.691069002 762663.87419 56.8961885674 -0.1479517428 0.7927895087 40.0946605284 4.4300852658 5.2509540121 0.1252528458
50416 353724.22 113.8455159933 34.0851180126 3776823.500411 762664.5190188001 56.900030735 -0.2272323297 0.8106241653 39.8742970618 4.4532862763 5.2876132578 -0.0513703194
50417 353724.37 113.8455232237 34.0851251963 3776824.316242 762665.1644451 56.8890707204 0.1227211774 0.8668844873 39.6743748878 4.4470138108 5.3307534525 -0.0612392839
50418 353724.52 113.8455304544 34.0851324275 3776825.137337 762665.8097509 56.8900841717 0.1086246127 0.9340546004 39.4807861032 4.4486811576 5.3664709783 0.0582985028
50419 353724.67 113.8455376816 34.0851397128 3776825.964428 762666.4545641999 56.895617852 0.0642597497 0.9735832355 39.2831168234 4.4409757797 5.4087666173 0.0037799318
50420 353724.76 113.845542018 34.0851441107 3776826.463638 762666.841375 56.8952587899 0.1282685525 0.9670901608 39.168203571 4.447268179 5.4313816444 -0.0264082784
50421 353724.91 113.8455492471 34.085151477 3776827.299727 762667.4861115 56.8942739423 0.3687834681 0.9781713446 38.962686912 4.4477561884 5.4638456347 0.0244792195
50422 353725.06 113.845556474 34.0851588969 3776828.1417519986 762668.1304882 56.8993008696 0.3451599572 1.0071051593 38.7651702493 4.4519629921 5.5054481278 0.0379979093
50423 353725.21 113.8455637127 34.0851663737 3776828.9901230014 762668.7757713002 56.9060001243 0.2999538586 1.0073336129 38.5512845168 4.4507773889 5.5543603088 0.071103598
50424 353725.36 113.8455709378 34.0851739063 3776829.844654 762669.4196257 56.9121447774 0.3313304951 0.972918248 38.2984798828 4.4384853532 5.5913504515 0.0304891472
50425 353725.5 113.8455776663 34.085180983 3776830.647308 762670.0190304 56.9157060208 0.4237638084 0.9196672501 38.0332464611 4.431818748 5.6302291284 0.0290818046
50426 353725.64 113.8455843718 34.0851881156 3776831.456111 762670.6161456 56.9207181977 0.446077599 0.7997680596 37.7817103843 4.4098077738 5.6728359513 0.0586511369
50427 353725.78 113.8455910616 34.0851952868 3776832.269166 762671.2116894 56.9302373901 0.4434439598 0.7403802111 37.5330428784 4.4095508317 5.6963178298 0.0717074354
50428 353725.92 113.8455977339 34.085202503 3776833.087159 762671.8054762 56.936898347 0.3806349919 0.6885290857 37.2789198385 4.3857172688 5.7367192508 0.0298611095
50429 353726.06 113.845604387 34.0852097691 3776833.910642 762672.3973378 56.9431189494 0.3504176126 0.5986124899 37.0429088065 4.3824664527 5.774461356 0.0609556795
50430 353726.2 113.8456110254 34.0852170831 3776834.739403 762672.9876998 56.9522853587 0.2419051 0.6391258221 36.7994410086 4.3761469861 5.8124502765 0.0572474932
50431 353726.34 113.845617656 34.0852244488 3776835.573877 762673.57717 56.9557635309 0.2425686414 0.6526141468 36.5737445601 4.3706933045 5.8526512158 0.0155425581
50432 353726.48 113.8456242742 34.0852318654 3776836.41397 762674.1653435002 56.9592644321 0.2355494047 0.6287435063 36.3459190123 4.3614000265 5.8977656244 0.0416070913
50433 353726.6 113.8456299405 34.0852382572 3776837.13789 762674.6687915998 56.9642992094 0.2075992576 0.633088049 36.1548189729 4.3595445923 5.9170133941 0.0443639629
50434 353726.74 113.8456365462 34.0852457575 3776837.987246 762675.2555486 56.9679921651 0.2238859445 0.6813627332 35.9414647689 4.35324119 5.9566705461 0.0238012416
50435 353726.88 113.84564314 34.0852533068 3776838.842006 762675.8410653 56.9700425044 0.2332926661 0.6694932675 35.7389474452 4.3457850487 5.9986289778 0.0253747796
50436 353727.02 113.8456497235 34.0852609038 3776839.702028 762676.4254719 56.9751822148 0.1491425393 0.6504834655 35.5569456949 4.3414876974 6.0329030283 0.0561976446
50437 353727.16 113.8456563084 34.0852685478 3776840.567275 762677.0098649 56.9776583491 0.090389541 0.6533930548 35.3905100449 4.3371108775 6.072352179 0.0039701541
50438 353727.3 113.8456628935 34.0852762369 3776841.4375269986 762677.5941433002 56.9797600713 0.035225168 0.6453946869 35.2303617508 4.3407173271 6.1080085045 0.0302241428
50439 353727.44 113.8456694801 34.0852839717 3776842.312857 762678.1784139 56.9804192558 -0.0031769445 0.7008445539 35.0612306044 4.3448737255 6.1423108998 -0.019443896
50440 353727.58 113.8456760689 34.0852917542 3776843.1934879986 762678.7627368 56.9792627897 0.0310989483 0.70518413 34.896143948 4.347198166 6.1855875124 0.0075343867
50441 353727.72 113.8456826578 34.0852995833 3776844.079284 762679.3469285 56.9797903122 -0.0231124119 0.764085485 34.7185865439 4.3436449849 6.2220258234 0.0098782926
50442 353727.86 113.8456892474 34.085307459 3776844.970249 762679.9310393 56.9791652048 0.003553612 0.7891622454 34.552541755 4.3429438727 6.2583344268 -0.0037032071
50443 353727.95 113.845693483 34.0853125472 3776845.54582 762680.3064167 56.9785827389 -0.0062837183 0.8032953318 34.4411965823 4.3398516974 6.2827395361 -0.0012952367
50444 353728.09 113.8457000635 34.0853205074 3776846.446152 762680.8894262 56.9774110345 -0.0386645572 0.8252091792 34.2774434515 4.3362247331 6.3193885217 -0.0044174828
50445 353728.23 113.8457066529 34.0853285105 3776847.351256 762681.4731242 56.9754773285 -0.0112798243 0.846589194 34.1195721242 4.3398643303 6.358255625 -5.67624e-05
50446 353728.36 113.8457127623 34.0853359891 3776848.196925 762682.0141238002 56.973511043 -0.0023612049 0.834995555 34.0266879946 4.3335558443 6.4000984947 -0.0080761144
50447 353728.49 113.8457188823 34.0853434989 3776849.046087 762682.5559999002 56.9709850829 0.1429469346 0.8520799574 33.983022474 4.3540028102 6.4105592888 9.68149e-05
50448 353728.62 113.8457250185 34.085351036 3776849.898319 762683.0992945 56.9698841851 0.1833489554 0.8491966814 33.9508911732 4.3549322662 6.4386580423 0.0061997657
50449 353728.75 113.8457311685 34.0853586003 3776850.753599 762683.6437801998 56.9719139505 0.1741042132 0.9070057829 33.9482669351 4.3796488028 6.4581127758 0.0405480284
50450 353728.88 113.8457373412 34.0853661857 3776851.61128 762684.1902959001 56.9740954945 0.2002606637 0.8947697797 33.95409623 4.3844052993 6.483381215 0.0139391324
50451 353729.01 113.8457435304 34.0853737945 3776852.471604 762684.738257 56.9752028286 0.281652249 0.904802391 33.9674469011 4.4055227941 6.4900341167 0.0234207164
50452 353729.14 113.8457497428 34.0853814189 3776853.3337199986 762685.2883135 56.9770387635 0.2522190287 0.9452902553 33.9572183546 4.4160065132 6.5137984579 0.0385508347
50453 353729.27 113.8457559606 34.0853890683 3776854.198621 762685.838793 56.9818659993 0.2550407687 0.8572801135 33.9591492461 4.4211061535 6.5400004672 0.0601353494
50454 353729.4 113.8457621958 34.0853967443 3776855.066512 762686.3908020002 56.9843550874 0.1696222836 0.8548635232 33.9102882768 4.4375873293 6.558472463 -0.003338956
50455 353729.53 113.8457684449 34.0854044455 3776855.9372519986 762686.9440139 56.9857095899 0.0575507685 0.8295787858 33.8086594739 4.4368944984 6.5824187526 0.044949421
50456 353729.66 113.8457746891 34.0854121816 3776856.81184 762687.4966599 56.9901205488 -0.0320984332 0.7829267788 33.702849437 4.4334391954 6.6152379553 0.0111991293
50457 353729.79 113.8457809318 34.0854199593 3776857.691045 762688.0490455999 56.9853446046 0.2314726834 0.7338543146 33.5739723073 4.4379964918 6.653894111 -0.0441813919
50458 353729.92 113.8457871814 34.0854277637 3776858.57323 762688.6019766999 56.9831678094 0.3437980212 0.7978790939 33.3915321467 4.4410469735 6.6668437387 0.0324330231
50459 353729.94 113.8457881438 34.0854289678 3776858.709329 762688.6871244 56.9835513849 0.3361605167 0.8028967967 33.3556084324 4.442781091 6.6804607996 0.0311568216
50460 353730.07 113.8457943771 34.0854368166 3776859.596406 762689.2384105 56.9915583981 0.0994253878 0.8381979114 33.1691051451 4.4178698581 6.7134628473 0.0798490953
50461 353730.2 113.8458005932 34.0854447153 3776860.488966 762689.7879636999 56.9950210173 0.1072100472 0.8315858652 33.0020458199 4.411165949 6.7436404392 0.0048161162
50462 353730.33 113.845806805 34.0854526517 3776861.3857 762690.337004 56.9910608195 0.2662408889 0.8389584569 32.8294982854 4.4066128139 6.785234136 -0.0020312788
50463 353730.46 113.8458130133 34.0854606255 3776862.286588 762690.8856029002 56.9936331045 0.2459205261 0.8864160951 32.6634425502 4.4040126649 6.8127495526 0.103645191
50464 353730.59 113.8458192127 34.0854686431 3776863.192296 762691.4332446 56.9981699456 0.1256517636 0.937048367 32.4958068221 4.398080521 6.8564832038 0.0191349914
50465 353730.72 113.8458254111 34.0854767092 3776864.103392 762691.9806424 56.9967811108 0.2819946856 0.9792061591 32.3433135557 4.3990206762 6.896071033 0.0114180468
50466 353730.85 113.8458316148 34.0854848279 3776865.02034 762692.5283646998 56.999187192 0.1952493919 0.9929626583 32.1865092378 4.3982480764 6.942321343 0.0511138562
50467 353730.98 113.8458378206 34.0854930009 3776865.943326 762693.0761215 57.0027658222 0.1421987816 1.0254463086 32.0525223522 4.4022138673 6.9889982202 0.0143409093
50468 353731.11 113.8458440346 34.0855012259 3776866.872091002 762693.6244715 57.0019620899 0.1700257134 1.0035782016 31.9109894151 4.4138417662 7.0340387902 -0.0099887612
50469 353731.23 113.8458497709 34.0855088684 3776867.734998 762694.1305108 57.0021209512 0.2249573893 0.9819240952 31.8380377126 4.4137720184 7.0748251333 0.026483983
50470 353731.35 113.8458555251 34.0855165475 3776868.602004 762694.6380849 57.0034122653 0.3176906144 0.9810454502 31.7810333804 4.4320695958 7.1104328706 0.0099088953
50471 353731.47 113.8458612991 34.0855242636 3776869.473168 762695.147384 57.006184509 0.3574090413 0.959218831 31.7356134502 4.4463898155 7.1474573511 0.0481778016
50472 353731.59 113.8458670853 34.0855320154 3776870.348317 762695.6576866 57.0108850142 0.3543242838 0.9791826151 31.7062914724 4.4564286587 7.1762221672 0.0443735234
50473 353731.71 113.845872888 34.0855398013 3776871.227304 762696.1694153001 57.0154634444 0.3360235797 0.954623923 31.6856944554 4.462603349 7.2034493463 0.0335462845
50474 353731.83 113.845878715 34.0855476167 3776872.10962 762696.6832962 57.0209115595 0.2394102591 0.9396358986 31.6543260831 4.4904756348 7.238221855 0.0484025385
50475 353731.95 113.8458845581 34.0855554667 3776872.995818 762697.1985556999 57.0249086032 0.169202571 0.9604743253 31.6284728308 4.4992807802 7.2661793137 0.0424543767
50476 353732.07 113.845890424 34.0855633582 3776873.886685 762697.7157914 57.0269924654 0.1768806814 0.9827676497 31.563346105 4.5153307033 7.2996181179 0.0298928099
50477 353732.19 113.8458963004 34.0855713094 3776874.7842089985 762698.2338132 57.02321357 0.1958764059 0.9958115374 31.4469768351 4.5156103201 7.3435156187 0.0118257039
50478 353732.28 113.8459007152 34.0855772964 3776875.459980998 762698.6229477 57.0208642799 0.2234435138 1.0238796844 31.3155845072 4.5280840314 7.368267037 0.0429942275
50479 353732.4 113.8459065934 34.0855853185 3776876.365375 762699.1409127 57.021341159 0.1588201359 1.0031327413 31.1155476067 4.5104549194 7.4185182577 0.0421194869
50480 353732.52 113.8459124484 34.0855933958 3776877.276832 762699.6565711 57.0187597992 0.2221106009 0.9865258211 30.935472663 4.5039564181 7.4556404198 0.012877884
50481 353732.64 113.8459183019 34.0856015156 3776878.192998002 762700.1719545998 57.0156172048 0.3084796625 0.9733980923 30.7387114983 4.4897659765 7.501213701 0.0344532347
50482 353732.76 113.8459241434 34.0856096804 3776879.114127 762700.6860926 57.0157607617 0.3044247863 0.9891732678 30.5446219822 4.4893812477 7.5443557763 0.0529258679
50483 353732.88 113.8459299724 34.0856178861 3776880.039775 762701.1989507 57.0167002576 0.3609478439 0.9765445052 30.344201686 4.471345046 7.5785293947 0.0430230815
50484 353733.0 113.8459357855 34.0856261386 3776880.970567 762701.7101901 57.0164467916 0.3500253853 1.0439611794 30.1530739476 4.4660720708 7.6140395636 0.0511000809
50485 353733.12 113.8459415704 34.085634414 3776881.903825 762702.2187592 57.021472875 0.1964555405 1.0864244212 29.9529683276 4.4525900299 7.6626068599 0.059878435
50486 353733.24 113.8459473263 34.0856427347 3776882.842033 762702.7245112 57.0266528726 0.0677592226 1.016303832 29.80057249 4.4296477332 7.7074188125 0.0456682183
50487 353733.36 113.8459530772 34.0856511037 3776883.785601 762703.2296471 57.0270664459 0.0859698288 1.0018305776 29.6530017696 4.4369555135 7.7525381695 -0.0256350369
50488 353733.48 113.845958836 34.0856595124 3776884.733582 762703.7354015 57.0251396522 0.1743551468 1.0640062446 29.4928959579 4.4420579524 7.7926150485 -0.0117028986
50489 353733.6 113.8459645889 34.0856679632 3776885.686236 762704.2404653 57.0256896 0.1164778866 1.0947818316 29.3600161921 4.4409255538 7.829507667 0.0372423176
50490 353733.72 113.8459703296 34.0856764617 3776886.6441339985 762704.7442638002 57.0267460793 0.0912646244 1.0730466226 29.2501747588 4.4283178288 7.8679689809 0.0390713067
50491 353733.84 113.8459760764 34.0856849956 3776887.605987 762705.2485196 57.0269980757 0.1849409558 1.0497775783 29.145486983 4.434109583 7.898747493 0.0185582054
50492 353733.96 113.8459818213 34.08569357 3776888.572326 762705.7524628 57.0280189626 0.3757384956 1.0058495399 29.0408380315 4.4224304717 7.9461471228 0.0076354783
50493 353734.07 113.8459870952 34.0857014598 3776889.461482 762706.2150444002 57.0290767159 0.4212735901 0.9890001002 28.9392274599 4.4310655743 7.9676534248 0.0438602729
50494 353734.18 113.8459923694 34.0857093761 3776890.353575 762706.677567 57.0359887034 0.2927788058 0.9552161077 28.8404524343 4.4203979653 7.9944377093 0.0890603607
50495 353734.2 113.8459933282 34.0857108186 3776890.516127 762706.7616348 57.0380636416 0.2477766582 0.9541838461 28.8255892008 4.4262332588 8.0022082915 0.1160960879
50496 353734.31 113.845998605 34.0857187712 3776891.412256 762707.2242823001 57.0443761265 0.1173037428 0.9416553535 28.7212067943 4.4335079668 8.0406555292 0.049411522
50497 353734.42 113.846003883 34.0857267564 3776892.31201 762707.6869481 57.0443340624 0.1383076326 0.9475044609 28.615962789 4.4366984308 8.0709606552 -0.002195035
50498 353734.53 113.8460091605 34.0857347735 3776893.2153 762708.1494636 57.0446147276 0.1065711838 0.9826555247 28.5148122821 4.4346941407 8.099313259 0.0299140271
50499 353734.64 113.8460144387 34.0857428231 3776894.122205 762708.6119365 57.0468116468 0.0788285665 0.9984529287 28.4120918953 4.4331199706 8.139409349 0.0491822908
50500 353734.75 113.8460197133 34.0857509074 3776895.032942 762709.0739796 57.0477194088 0.1156543215 0.9906710621 28.3150510961 4.4326087987 8.1771653563 0.0156582493
50501 353734.86 113.8460249895 34.0857590226 3776895.947117 762709.536071 57.0470387088 0.191610746 1.0026715371 28.2181446677 4.4341688516 8.2015104667 0.0134783013
50502 353734.97 113.8460302631 34.0857671694 3776896.86479 762709.9978198 57.0489421636 0.166984688 0.9985364235 28.1360232891 4.4240260558 8.2272295471 0.052419327
50503 353735.08 113.8460355392 34.0857753454 3776897.785709 762710.4597146 57.0538587123 0.0698992198 0.978580974 28.0532572365 4.4292831442 8.2608241636 0.0479790965
50504 353735.19 113.8460408148 34.0857835537 3776898.710221 762710.9214631 57.055484334 0.1549782559 0.9102042712 27.9771060759 4.4236298964 8.2952681833 -0.0120623459
50505 353735.3 113.846046091 34.0857917913 3776899.637981 762711.3831797 57.0554621508 0.1967392982 0.9069687417 27.8938396147 4.4297851737 8.3159142291 0.0145636421
50506 353735.41 113.8460513723 34.0858000553 3776900.568681 762711.8452782 57.0593404192 0.0619521517 0.9113934325 27.8074459798 4.4316019088 8.3462759695 0.055153822
50507 353735.52 113.8460566518 34.0858083495 3776901.50273 762712.3071193001 57.0642599724 -0.0793306033 0.9046063187 27.7197170699 4.4331183374 8.3818708319 0.0267517001
50508 353735.63 113.8460619348 34.0858166763 3776902.440397 762712.7691885 57.0629272712 0.0404020441 0.9039487476 27.6129914395 4.4316648471 8.4111128732 -0.0367933564
50509 353735.74 113.8460672148 34.0858250357 3776903.381687 762713.2308687 57.0594630027 0.223435438 0.9228204001 27.4947068463 4.4239281326 8.4483519369 -0.0115213995
50510 353735.85 113.8460724863 34.085833427 3776904.326483 762713.6916704002 57.0605140217 0.2028326923 0.9304761049 27.3711999496 4.4198452856 8.4727880414 0.041935923
50511 353735.96 113.8460777499 34.085841847 3776905.27445 762714.1516538 57.066410088 0.1484016962 0.9661259582 27.2462976396 4.4163699873 8.5035257323 0.0618527138
50512 353736.07 113.8460830072 34.085850299 3776906.225955 762714.6109658001 57.0705329087 0.213078043 0.9544790212 27.1065297424 4.405055772 8.5428058488 0.0188952117
50513 353736.18 113.8460882505 34.0858587844 3776907.181137 762715.0688695 57.070811999 0.3750140421 0.9944795308 26.9706076704 4.3967979625 8.5662659439 0.0039909257
50514 353736.29 113.8460934875 34.0858672932 3776908.138893 762715.5261188 57.0760549903 0.4034061913 1.0057604545 26.811899158 4.3898122966 8.591364918 0.0777089374
50515 353736.31 113.8460944377 34.0858688439 3776908.313427 762715.6090672 57.0777888792 0.3722639517 1.0018205991 26.7799563661 4.3823770701 8.6041137276 0.0975253425
50516 353736.42 113.8460996446 34.0858773925 3776909.275519 762716.0634145002 57.0868027853 0.2357677273 1.0241386414 26.6178601855 4.3655376651 8.6333646892 0.0820666909
50517 353736.53 113.8461048385 34.0858859724 3776910.241058 762716.5164709 57.0928038675 0.1498236592 1.0369098963 26.4307362068 4.3525236412 8.6735441022 0.0475264479
50518 353736.64 113.8461100134 34.0858945878 3776911.210474 762716.9676621 57.0964843659 0.1783274093 1.0345242714 26.2564265396 4.3411856528 8.7119932202 0.0300627646
50519 353736.75 113.8461151636 34.0859032401 3776912.183932 762717.4164499 57.0983206229 0.2198639882 1.0244305813 26.07773714 4.3145497026 8.746188345 0.0136918411
50520 353736.86 113.846120295 34.0859119256 3776913.161026 762717.8634076 57.1013921266 0.1987829646 1.0304140121 25.8966542901 4.3003731723 8.7749436144 0.0600874765
50521 353736.97 113.8461254121 34.0859206443 3776914.141764 762718.3089406998 57.1058608973 0.0757463672 1.0512645422 25.7119893962 4.2823706958 8.8146029342 0.0154001682
50522 353737.08 113.8461305017 34.0859294031 3776915.126883 762718.7518156 57.1068457058 0.2054201115 1.0137166539 25.5368751949 4.258850286 8.8489512172 -0.0105847092
50523 353737.19 113.8461355773 34.0859381923 3776916.115349 762719.1932890002 57.1084251124 0.2224381397 1.0501377869 25.3413381445 4.255212741 8.8734498558 0.0419784664
50524 353737.3 113.8461406274 34.0859470121 3776917.107127 762719.6323228001 57.114241844 0.1304335074 1.0633116474 25.1626643724 4.2219236642 8.9148479715 0.0407900773
50525 353737.41 113.8461456533 34.0859558654 3776918.10257 762720.0690172 57.1172301378 0.2091988736 1.0563201939 24.9870482643 4.2071101122 8.9441263837 0.0026666129
50526 353737.52 113.8461506556 34.0859647501 3776919.101444 762720.5034358002 57.1194562707 0.2553930888 1.0085763175 24.8129972521 4.1844737898 8.9759401093 0.0334543959
50527 353737.63 113.8461556324 34.0859736633 3776920.103404 762720.9354205 57.1254791264 0.1040153823 1.0050332939 24.6415832826 4.171411461 9.0025786693 0.0696939738
50528 353737.67 113.8461574381 34.0859769124 3776920.468625 762721.0920991 57.1277686032 0.0340201792 1.0092285158 24.583438743 4.1676847699 9.0169812054 0.0506009135
50529 353737.78 113.8461623902 34.0859858704 3776921.4755 762721.5216553998 57.1309680585 -0.0547185124 0.9884028467 24.4269963264 4.1464276973 9.0476668163 0.0083549951
50530 353737.89 113.8461673277 34.0859948615 3776922.486013 762721.9497624 57.1300365142 0.0452931364 0.9634776213 24.2686488847 4.1368840624 9.0830032646 -0.0201212151
50531 353738.0 113.8461722467 34.0860038854 3776923.500106 762722.3760547 57.1281839758 0.2155330497 0.9662679206 24.1235032501 4.1260859047 9.1176200092 -0.0092903875
50532 353738.1 113.8461767036 34.0860121122 3776924.42456 762722.7621545 57.1290903818 0.2576296341 0.9790983038 23.9921389856 4.115935737 9.1374179203 0.0410421744
50533 353738.2 113.846181139 34.0860203613 3776925.351436 762723.146189 57.1351373596 0.2283076338 0.9485936342 23.8699510256 4.089059519 9.1628781517 0.074298374
50534 353738.3 113.8461855602 34.0860286346 3776926.280962 762723.5288386998 57.1396518117 0.2404695117 0.9908098804 23.7425913641 4.0824581728 9.1843101191 0.0363187545
50535 353738.4 113.8461899729 34.0860369254 3776927.212403 762723.910656 57.1425103582 0.2682761697 0.9873918884 23.6080368221 4.0675261515 9.2076510519 0.0489028273
50536 353738.5 113.8461943613 34.0860452358 3776928.145951 762724.2901618 57.1479567187 0.2488044908 0.9936581204 23.4813198008 4.0463844736 9.2281141421 0.0661877108
50537 353738.6 113.8461987368 34.0860535653 3776929.081587998 762724.6684266998 57.1531348834 0.252736539 1.0082849154 23.3451257718 4.0386031925 9.2527903896 0.0363692707
50538 353738.7 113.8462030971 34.086061914 3776930.019318 762725.0452178002 57.1564222183 0.3315625104 1.0751122666 23.21383099 4.0266078215 9.2711332947 0.0417899858
50539 353738.8 113.8462074398 34.0860702783 3776930.958746 762725.4203399002 57.1618802044 0.2171443359 1.0963111315 23.0641145073 4.0042903746 9.2850309208 0.0705121417
50540 353738.9 113.8462117548 34.0860786564 3776931.899616 762725.7928643002 57.1688327109 0.1186125729 1.0829017931 22.8991615554 3.9773337368 9.3040205641 0.0830842513
50541 353739.0 113.8462160419 34.0860870493 3776932.842065 762726.1627593002 57.1718064118 0.2599190425 1.1196679449 22.7269014764 3.9554996951 9.317579829 0.0056518687
50542 353739.1 113.8462202985 34.0860954519 3776933.785512 762726.5298139 57.1721826484 0.4680174101 1.0833220402 22.5645038004 3.916853222 9.3293544002 0.0423640125
50543 353739.13 113.8462215665 34.0860979737 3776934.068643 762726.6390966999 57.1728704283 0.5285896965 1.078187213 22.5257617572 3.902250201 9.3237446129 0.0331254049
50544 353739.23 113.8462257747 34.0861063809 3776935.012473 762727.0016695 57.1828570906 0.4320184863 1.0616525603 22.3764321633 3.8790254307 9.3179482096 0.1424421466
50545 353739.33 113.8462299626 34.0861147879 3776935.956237002 762727.3623652 57.1947143897 0.342678404 1.0882285641 22.2066365657 3.859740848 9.327655726 0.0925291751
50546 353739.43 113.8462341262 34.0861231975 3776936.900217 762727.7208055998 57.2026373232 0.4104967778 1.2006507354 22.0204504545 3.8413344949 9.3282000295 0.0694891025
50547 353739.53 113.8462382561 34.0861316108 3776937.844522 762728.076133 57.208931827 0.3813602142 1.2625726685 21.803491769 3.7999702533 9.3366731761 0.0817293086
50548 353739.63 113.846242338 34.0861400307 3776938.789445 762728.4270003 57.2175761946 0.2246546551 1.2625359096 21.5926468419 3.7517262826 9.3458636475 0.1062210494
50549 353739.73 113.846246374 34.0861484564 3776939.734885 762728.7736095 57.2266613608 0.055883689 1.2251987613 21.4026704514 3.7151626582 9.3498069283 0.0874879598
50550 353739.83 113.8462503706 34.0861568909 3776940.681204 762729.1165572 57.2302840836 0.0630952284 1.2197811657 21.2168898756 3.6836268636 9.3573179998 0.0134679569
50551 353739.93 113.8462543378 34.0861653267 3776941.627588 762729.4567844 57.2305336129 0.096710799 1.1344375147 21.0164233475 3.6435487462 9.3596618172 0.0065953238
50552 353740.03 113.8462582591 34.0861737674 3776942.574408 762729.7927607 57.232710016 0.1110057559 1.1166326503 20.8279939846 3.61066894 9.3615117927 0.0335399601
50553 353740.13 113.8462621411 34.0861822143 3776943.521803 762730.125089 57.2366277147 0.0564500058 1.0944069792 20.6295725146 3.5786703567 9.3636960318 0.0368890294
50554 353740.23 113.846265987 34.0861906634 3776944.4693519985 762730.4540748 57.2393067023 0.0643927481 1.0732003762 20.4451653483 3.5422269052 9.3747085207 0.0280034342
50555 353740.33 113.8462697926 34.0861991163 3776945.417221 762730.7793294 57.2416740321 0.0479295144 1.0286030844 20.2696304171 3.507023783 9.3725440442 0.0214816277
50556 353740.37 113.846271305 34.0862024989 3776945.796506 762730.9085138 57.2421403416 0.0228882397 0.9930734189 20.2016311506 3.491911704 9.3751103972 0.0070702296
50557 353740.47 113.8462750624 34.0862109544 3776946.7445410006 762731.2293038 57.2441315036 0.0283713516 0.9905897469 20.037422817 3.468523825 9.3727994998 0.0307906178
50558 353740.58 113.846279163 34.0862202564 3776947.787402 762731.5791761 57.2472005412 -0.0704417811 0.9580965061 19.8514281425 3.4345151187 9.3806334663 0.0238321311
50559 353740.69 113.8462832207 34.0862295634 3776948.8307 762731.9250606 57.2469429858 -0.1105479476 0.941376547 19.6648929895 3.3979143531 9.3866613322 -0.0086291175
50560 353740.8 113.8462872442 34.086238871 3776949.8739910014 762732.267796 57.2451352803 -0.0184705585 0.9358674166 19.4618938021 3.37120605 9.3812457005 -0.0079211782
50561 353740.91 113.846291225 34.0862481792 3776950.91722 762732.6065753 57.2443077369 0.0857133925 0.9512421591 19.2488094916 3.3336524895 9.3817144476 -0.0071348052
50562 353741.02 113.8462951566 34.0862574882 3776951.9604300014 762732.9408233 57.2455697991 0.1142656098 0.9278162849 19.0206649126 3.2889975782 9.3803852144 0.008580715
50563 353741.13 113.846299023 34.0862667931 3776953.003 762733.2690529 57.2490311386 0.1457692429 0.9391560493 18.7826282173 3.2406526288 9.3799780962 0.0404714865
50564 353741.24 113.8463028394 34.0862760976 3776954.04541 762733.5926699998 57.2523595961 0.1722026477 0.9465544491 18.5500530613 3.1989369883 9.3848257074 0.0376150119
50565 353741.35 113.8463066056 34.0862854005 3776955.087509 762733.9116514 57.2548332075 0.1827254725 0.9649498886 18.3094287429 3.1573467818 9.374904283 0.0346998583
50566 353741.46 113.8463103217 34.0862946999 3776956.129093 762734.2260218002 57.2602749122 0.1351409077 0.9871098126 18.0734392164 3.1151617431 9.3828273257 0.0583676017
50567 353741.57 113.8463139857 34.0863039999 3776957.170598998 762734.5355863002 57.2624326814 0.2115531072 0.9795129388 17.8438671732 3.0703098223 9.3770170338 0.0257115307
50568 353741.67 113.8463172699 34.0863124505 3776958.1168699986 762734.8127035 57.2662261864 0.1501962097 0.9711181106 17.6722934808 3.0349941377 9.3732303147 0.0525391927
50569 353741.78 113.8463208415 34.0863217404 3776959.157024 762735.1137602 57.2720795805 0.1024408848 0.9553125551 17.5094199902 3.0032501976 9.3618388938 0.0697072958
50570 353741.89 113.8463243746 34.0863310277 3776960.1967940014 762735.411265 57.2751859436 0.0136602689 0.9390253625 17.3728759603 2.9725836355 9.3697751468 0.0274339022
50571 353742.0 113.8463278796 34.0863403077 3776961.235678 762735.7062104 57.2750404179 0.1141249362 0.9010965438 17.2547409305 2.9491928896 9.3518369231 0.0053812106
50572 353742.11 113.8463313457 34.0863495997 3776962.2758019986 762735.9975123 57.2750119725 0.1333782725 0.9276279587 17.1837273083 2.9216658433 9.3477576964 0.0295064256
50573 353742.22 113.8463347901 34.0863588878 3776963.315426 762736.2868354998 57.2742907498 0.1991506406 0.8584052037 17.125807336 2.9010196562 9.3366938519 0.031343657
50574 353742.33 113.8463382152 34.086368162 3776964.353466002 762736.5744141 57.2748757871 0.3460623623 0.8316965811 17.0794356288 2.892535463 9.3217224672 0.0483627558
50575 353742.44 113.8463416316 34.0863774196 3776965.389638 762736.8612372 57.2768481029 0.4085808935 0.8074043847 17.0229915079 2.882515647 9.3025400278 0.0517794092
50576 353742.55 113.8463450241 34.0863866614 3776966.4239879986 762737.1459048998 57.2817327566 0.2786503706 0.8003825401 16.9767014871 2.8617680418 9.2819765285 0.1084531199
50577 353742.66 113.8463484008 34.0863958826 3776967.456017 762737.4291806 57.2889622152 0.0182631204 0.7947667851 16.9176613215 2.8469186001 9.2609674678 0.0936442921
50578 353742.77 113.8463517618 34.086405084 3776968.485815 762737.7110665 57.2908779159 -0.088907174 0.8357434381 16.8496005552 2.8402176354 9.2483353435 0.0218685663
50579 353742.88 113.8463551047 34.0864142758 3776969.514492 762737.9913055 57.2861015387 -0.0879184726 0.8417673308 16.7582200301 2.817436167 9.2437595049 -0.0245616231
50580 353742.99 113.8463584245 34.0864234557 3776970.541792 762738.2694534 57.2814862728 -0.011124272 0.8471111465 16.6435916058 2.7978131553 9.2273122801 0.0121959141
50581 353743.1 113.8463617287 34.0864326125 3776971.566488 762738.5462335 57.2803187389 0.0413262708 0.8874405531 16.5251962156 2.7728712884 9.2178193937 -0.0061559449
50582 353743.21 113.8463650114 34.0864417503 3776972.58902 762738.8210839 57.2808991261 0.113148106 0.8331210788 16.3816278873 2.7377140514 9.2069557074 0.0176913541
50583 353743.32 113.8463682523 34.0864508727 3776973.6097410014 762739.0921282 57.2845331915 0.1169878412 0.8412043707 16.2489477406 2.7115544703 9.1894465059 0.040190693
50584 353743.43 113.8463714664 34.0864599806 3776974.628779 762739.3607319 57.2868608804 0.1556841545 0.8533052237 16.1162940045 2.688051649 9.1780254692 0.0370488633
50585 353743.54 113.846374647 34.0864690772 3776975.646472 762739.6262836 57.2900380874 0.0932941882 0.8264846505 15.9966913676 2.6645878254 9.1665051048 0.0377007523
50586 353743.65 113.8463778015 34.0864781595 3776976.662514 762739.8894701 57.2947212514 0.0830915517 0.8645346194 15.8760194143 2.6389451364 9.1486685918 0.0599014481
50587 353743.76 113.8463809316 34.0864872313 3776977.677329 762740.1504372 57.2971960101 0.0807960267 0.8819535481 15.7664907642 2.6171975867 9.143644764 0.0193860699
50588 353743.8 113.8463820637 34.0864905266 3776978.045941 762740.2447755 57.2976809274 0.0733208153 0.8760448096 15.7294110878 2.6101729166 9.1341140389 0.0113618345
50589 353743.91 113.8463851457 34.0864995805 3776979.058649 762740.5013513 57.2998378258 0.0718863359 0.9134152828 15.6542422447 2.5751789898 9.1177464589 0.0356859744
50590 353744.02 113.8463882138 34.0865086143 3776980.0690910006 762740.7567084002 57.30266596 0.0341785829 0.8914624634 15.5710881505 2.5672043895 9.1039949965 0.0273541952
50591 353744.13 113.8463912582 34.0865176335 3776981.0778480014 762741.0099298 57.3047704902 -0.0260155161 0.9564115007 15.4799809865 2.5478119537 9.0886231589 0.0236996552
50592 353744.24 113.8463942894 34.0865266319 3776982.084264 762741.2619818002 57.3063975275 -0.0248967844 0.9967267993 15.3802273346 2.5379942529 9.0641714427 0.0200559237
50593 353744.35 113.8463972891 34.0865356148 3776983.088872 762741.5111833 57.3070995621 0.0796648383 1.0188929061 15.2889743568 2.5056528808 9.0396998396 0.0238908323
50594 353744.46 113.8464002543 34.0865445782 3776984.091236 762741.7572623 57.3083194196 0.1345100228 0.9961731913 15.2077974203 2.4823310205 9.0271584924 0.0276948186
50595 353744.57 113.8464031949 34.0865535272 3776985.091934 762742.0011076998 57.3105416438 0.1793348861 0.9632615507 15.1300892813 2.4578797984 9.0158039252 0.0412569361
50596 353744.68 113.8464061131 34.0865624581 3776986.0905699986 762742.2429351 57.3153413627 0.0887719229 1.0039208376 15.0593683357 2.4471881112 8.9826784492 0.0639626015
50597 353744.79 113.8464090234 34.0865713602 3776987.085987 762742.4841335998 57.3202036908 0.0031686864 1.0053935737 14.9575384712 2.4365120068 8.9601200911 0.0524354743
50598 353744.9 113.8464119061 34.0865802442 3776988.079322 762742.722835 57.3220401602 0.0625462726 1.0575433159 14.8698162665 2.4125977821 8.9451649405 0.0065884993
50599 353745.01 113.8464147665 34.0865891051 3776989.070042 762742.9595431 57.3224513046 0.1751860464 1.0590471829 14.7670864216 2.3884315651 8.9221129082 0.0088709204
50600 353745.12 113.8464175831 34.0865979446 3776990.058276002 762743.1922833 57.3248856608 0.1632722127 1.1039616454 14.6761359364 2.3528807782 8.8951454976 0.0265234264
50601 353745.23 113.8464203768 34.0866067598 3776991.043743 762743.4229746 57.3305103583 0.0192872197 1.0847296203 14.5821398458 2.3360915481 8.8706749474 0.0624299391
50602 353745.34 113.8464231331 34.0866155543 3776992.026825 762743.6502864 57.3348613288 -0.0444880033 1.0804489934 14.5063531169 2.3083694749 8.8558617817 0.028645922
50603 353745.45 113.8464258764 34.0866243262 3776993.007361 762743.8764649 57.3341910234 0.0853028296 1.114639185 14.4175031605 2.3089341045 8.8363463652 -0.0143869211
50604 353745.56 113.8464285973 34.0866330728 3776993.985029 762744.1006458 57.3332221191 0.2026516871 1.1264428614 14.314194051 2.2742566305 8.8024925475 0.0157548486
50605 353745.68 113.8464315287 34.086642585 3776995.048216 762744.3418986 57.3382375874 0.1342878205 1.1111086689 14.2204391372 2.2503307039 8.7775634755 0.0844255262
50606 353745.8 113.8464344201 34.0866520683 3776996.108083002 762744.5795484 57.3453605287 0.0016510728 1.0049552575 14.1254341387 2.2102995629 8.7503507849 0.0518777949
50607 353745.92 113.8464372853 34.0866615265 3776997.165096 762744.8148564 57.3461198472 0.066628594 0.9614523805 14.0310251189 2.2062976613 8.728391791 -0.0057511167
50608 353746.04 113.8464401308 34.0866709543 3776998.218682 762745.0484413 57.3464888856 0.0752981118 0.9313176851 13.9194221094 2.179867237 8.69744703 0.0126343835
50609 353746.05 113.8464403659 34.0866717393 3776998.306408 762745.0677201998 57.3466758504 0.0871580944 0.9184348319 13.9101036264 2.176155651 8.7011093637 0.0244813018
50610 353746.17 113.846443167 34.08668114 3776999.356875 762745.297293 57.3500633715 -0.0264958054 0.8870758956 13.8211282573 2.1536353707 8.6763071473 0.040575639
50611 353746.29 113.8464459426 34.0866905139 3777000.404312 762745.5245923002 57.3530448032 -0.191113279 0.8864377834 13.7408386125 2.1360466576 8.6500708001 0.0323822746
50612 353746.41 113.8464486978 34.0866998615 3777001.4487660006 762745.7500851 57.3513047397 -0.1419068345 0.8393549094 13.7126056239 2.1147376969 8.6213297864 -0.0093406567
50613 353746.53 113.8464514321 34.0867091841 3777002.490401 762745.9737234998 57.3488523886 -0.1686946994 0.8367003941 13.7276087541 2.1080853376 8.6041119825 -0.0130128758
50614 353746.65 113.8464541657 34.0867184743 3777003.528433 762746.1974024 57.3454597108 -0.0361604158 0.8140916052 13.7569731824 2.1103868844 8.561158 -0.0222518268
50615 353746.77 113.8464569024 34.0867277323 3777004.562893 762746.4214620999 57.3452797784 -0.0031072704 0.8125491596 13.7787128972 2.10791529 8.5408935788 0.0107560784
50616 353746.89 113.8464596321 34.0867369577 3777005.593725 762746.6449786 57.3445651503 0.0253451832 0.8019427836 13.8083488667 2.1019371576 8.5091043999 0.0044748155
50617 353747.01 113.8464623559 34.0867461465 3777006.620485 762746.8680645 57.3464219095 0.1089315197 0.8012708986 13.8076402117 2.1006434309 8.4701308647 0.0274943984
50618 353747.13 113.8464650655 34.0867553017 3777007.643473 762747.0899478 57.3472336829 0.1321853222 0.7973465155 13.75845346 2.0870037567 8.4428643352 0.0175093779
50619 353747.25 113.8464677482 34.0867644201 3777008.662313 762747.3094539002 57.350079257 0.1079938695 0.8254923563 13.6785783223 2.0707577112 8.4058126863 0.0399011596
50620 353747.37 113.8464704057 34.0867734974 3777009.676524 762747.5267623 57.3540854044 -0.0503818785 0.8663991667 13.5699345347 2.0466073372 8.3681891804 0.0515700741
50621 353747.49 113.846473022 34.0867825237 3777010.6849589986 762747.7404172 57.3566400083 -0.0211377354 0.8728643705 13.4441489302 2.0110017963 8.3114443562 0.0147122668
50622 353747.61 113.8464755895 34.0867914765 3777011.685128 762747.9498003002 57.3549485514 0.1579264999 0.8632145435 13.3171499465 1.964370562 8.231236975 0.0071246205
50623 353747.73 113.8464780973 34.0868003272 3777012.673805 762748.1539920998 57.3564044489 0.1519451161 0.7689584671 13.1971289952 1.9152867211 8.1195499938 0.0676437327
50624 353747.86 113.8464807431 34.0868097551 3777013.726889 762748.369135 57.3642968806 -0.0370928612 0.7917388296 13.0582563036 1.8695134123 7.9546406058 0.0799415344
50625 353747.99 113.8464833141 34.0868189892 3777014.758285 762748.5779663 57.370848313 -0.1362578404 0.7866291649 12.9277699583 1.8043440845 7.7923244139 0.0347032571
50626 353748.12 113.8464857891 34.0868280426 3777015.769371 762748.7785004 57.3690614626 -0.0182321171 0.7847731453 12.8084492777 1.745796292 7.6303988962 0.0039817772
50627 353748.25 113.846488189 34.086836904 3777016.758957 762748.9726863 57.3650831897 0.1049592604 0.7728506724 12.6657910668 1.6840205625 7.4640942446 0.0267774596
50628 353748.39 113.8464906776 34.0868462266 3777017.799956 762749.1736429 57.3664316488 0.076024299 0.754011812 12.5243096499 1.6303196666 7.2766061153 0.0614101927
50629 353748.46 113.8464918867 34.0868507982 3777018.310413 762749.2711513998 57.3676731503 0.0407170349 0.7638067208 12.4524704067 1.6004139402 7.1796046581 0.0496441569
50630 353748.6 113.8464942355 34.0868597614 3777019.311158 762749.4603020998 57.368922933 0.0556591219 0.7660138119 12.3270620767 1.5362089018 6.9881856085 0.036360049
50631 353748.75 113.8464966552 34.0868690734 3777020.350799 762749.6549321 57.369078055 0.1107010199 0.8032603561 12.1905278453 1.466512578 6.7502139691 0.0303355172
50632 353748.9 113.8464989447 34.0868780314 3777021.350828 762749.8386311 57.3704264257 0.1183415483 0.7810801155 12.0711938648 1.389802262 6.4551551243 0.0659335178
50633 353749.06 113.8465012474 34.0868870923 3777022.362302 762750.0232235 57.370115866 0.1072859829 0.8359029762 11.9360244443 1.3010118606 6.0793487499 0.0492544404
50634 353749.23 113.8465035326 34.0868960986 3777023.367674 762750.2063792 57.3598312745 -0.0474765777 0.8325305195 11.8039364052 1.1881652627 5.6727275716 0.0569460801
50635 353749.41 113.8465057579 34.0869049428 3777024.354902 762750.3844931999 57.3451423217 -0.107800732 0.8370978161 11.6483123788 1.0858722596 5.2259632554 0.0411442205
50636 353749.61 113.8465080028 34.0869140678 3777025.373345 762750.5635635002 57.3255306333 0.1207278897 0.7880497002 11.5271401733 1.0060985738 4.970824578 -0.0083991791
50637 353749.81 113.8465101624 34.0869229186 3777026.361141002 762750.7355983001 57.299814281 0.3067489985 0.8139958133 11.3928476551 0.9806681893 4.8518282184 0.00413778
50638 353750.02 113.8465123486 34.0869319851 3777027.37294 762750.9094143001 57.2847382128 -0.0045032347 0.8735388362 11.2738223229 0.9375625054 4.7336296851 0.0589839299
50639 353750.23 113.8465144304 34.0869408468 3777028.361747 762751.074233 57.2848984329 -0.1594611708 0.8864090576 11.1514397108 0.9019051127 4.6240636795 -0.0113655644
50640 353750.45 113.8465165261 34.0869499156 3777029.373566 762751.239691 57.2770106681 -0.1282945784 0.9142758823 11.0431966326 0.8653463655 4.5125411242 0.0032605436
50641 353750.67 113.8465185443 34.0869587679 3777030.361157 762751.3986674 57.271769248 -0.2290198474 0.8758460384 10.8982373407 0.8410356844 4.4074657414 -0.0341830357
50642 353750.9 113.8465205808 34.0869677915 3777031.367808 762751.558803 57.2673645187 -0.4114082247 0.9018523566 10.8150003534 0.8068081992 4.2958519095 0.0081788041
50643 353751.14 113.8465226179 34.0869769528 3777032.389745 762751.7185590002 57.2584341187 -0.315718007 0.7473235758 10.7818630819 0.7662955024 4.1721293973 -0.0335034601
50644 353751.38 113.8465246105 34.0869858421 3777033.38138 762751.8750604 57.2476483584 -0.0729796502 0.7435174443 10.8569818976 0.7655879383 4.0473941691 -0.0375253894
