51207 354018.45 113.8470643309 34.0873283588 3777072.781774 762800.6504755 57.0300649013 -0.5233325839 0.671708415 85.1956586832 3.6092948963 0.318461121 -0.0543825828
51208 354018.73 113.847075163 34.0873290744 3777072.889072 762801.6484415 57.0187376915 -0.4395771533 0.6991690157 86.0329069961 3.5248541121 0.2586539626 -0.0475808035
51209 354018.75 113.8470759272 34.0873291195 3777072.8960379986 762801.7188621998 57.0178799508 -0.4350184642 0.6993784688 86.091877445 3.5215693528 0.2513225239 -0.0478237738
51210 354019.04 113.8470868585 34.0873296942 3777072.987953 762802.7264224 57.0074761175 -0.4054367654 0.727150633 86.9124069693 3.4321430712 0.1959238799 -0.0413494356
51211 354019.34 113.8470978714 34.0873301437 3777073.06618 762803.7419015 57.0002842546 -0.4575482931 0.7062623196 87.7209538432 3.3469061549 0.1438227378 -0.0257990662
51212 354019.65 113.8471089652 34.0873304568 3777073.129478 762804.7652635998 56.9933301844 -0.4877504896 0.7115791366 88.5455282347 3.2658483332 0.0998969117 -0.0412061166
51213 354019.97 113.8471201287 34.0873306425 3777073.1788160014 762805.7954683 56.9854644109 -0.5381337729 0.7355189583 89.3443934122 3.181869415 0.0562537718 -0.0454089664
51214 354020.04 113.8471225336 34.0873306652 3777073.187524 762806.0174508 56.9831821192 -0.528582888 0.7742564306 89.495725866 3.1640198039 0.0347369888 -0.0435677307
51215 354020.36 113.847133364 34.0873307056 3777073.219885 762807.0173386999 56.9765744973 -0.6045291657 0.9014265726 89.8245302439 3.0871903647 0.0115995055 -0.0375036721
51216 354020.69 113.8471442676 34.0873307497 3777073.252843 762808.0239791998 56.9665556243 -0.5774529911 0.8286088925 89.7183386137 3.0142654379 0.0272648203 -0.040747969
51217 354021.03 113.8471552125 34.0873308135 3777073.288088 762809.0343753 56.9565231288 -0.5041777262 0.8045716592 89.6329662103 2.935015913 0.0347714337 -0.040397337
51218 354021.37 113.8471661719 34.0873308732 3777073.322916 762810.0461173998 56.940701101 -0.1405763842 0.882485561 89.5917650764 3.1082418201 0.0264583134 -0.066167275
51219 354021.68 113.8471772223 34.0873309416 3777073.358947 762811.0662351 56.9319168255 -0.0548982342 0.9033633954 89.5693716057 3.4962152561 0.034029467 -0.03628621
51220 354021.96 113.8471884643 34.0873310228 3777073.39689 762812.1040118 56.9269630946 -0.050936702 0.82626695 89.6083123196 3.9247271656 0.0354018083 -0.0087925096
51221 354022.21 113.847199635 34.0873310711 3777073.431008 762813.1352987 56.9185864087 -0.0532047853 0.8983785566 89.6461447112 4.3336209306 0.0266532372 -0.0379054893
51222 354022.44 113.8472108965 34.0873311259 3777073.466074 762814.1749499 56.9127582451 0.0042754736 0.877657561 89.7097211969 4.7165724569 0.0385604279 -0.0485980104
51223 354022.65 113.8472219795 34.0873311668 3777073.499136 762815.1981692 56.9031664077 0.2233259048 0.8873768648 89.7711504477 5.0414447074 0.0234681165 -0.0738410899
51224 354022.85 113.8472331967 34.0873311961 3777073.531258 762816.2338096999 56.8959918721 0.2502026569 0.860163339 89.831879602 5.3345647643 0.0278460235 -0.0175097541
51225 354023.04 113.8472444669 34.0873312219 3777073.563124 762817.2743553 56.8943524975 0.1249498864 0.809036476 89.8775130232 5.6256801483 0.0144800969 -0.0105299667
51226 354023.22 113.8472556802 34.0873312234 3777073.592155 762818.3097167 56.8954116283 0.0083721637 0.8222700598 89.9062673476 5.8896536144 0.0086397492 -0.0236512682
51227 354023.39 113.8472667353 34.0873312267 3777073.620971 762819.3304751 56.8851365941 0.1346271922 0.7533266671 89.9186222806 6.1301666174 0.0162024814 -0.0983530213
51228 354023.56 113.847278205 34.0873312263 3777073.650451 762820.3895188002 56.8780007772 0.1807885886 0.7318945583 89.9313320007 6.3409761005 0.0092015323 -0.0037640051
51229 354023.72 113.84728933 34.0873312231 3777073.678726 762821.4167566998 56.8777018134 0.119790202 0.7246185725 89.9288974333 6.5139494148 0.0088501134 -0.0382064764
51230 354023.88 113.8473007424 34.0873312195 3777073.707702 762822.4705183002 56.8727590386 0.1474823733 0.7739131908 89.9308328118 6.6695459393 0.0100324104 -0.0270719173
51231 354024.03 113.8473116795 34.0873312206 3777073.7359730015 762823.4803827 56.8702951213 0.0353725017 0.7082682493 89.9256654779 6.8070510927 0.0150809698 -0.0046067723
51232 354024.18 113.8473228278 34.0873312204 3777073.764643 762824.5097604 56.8703434151 -0.1586197425 0.7312536588 89.9022109833 6.9334135225 0.0011757815 -0.0224619982
51233 354024.33 113.8473341912 34.0873312213 3777073.793994 762825.5589882 56.8653524667 -0.165369204 0.7324113648 89.8976941895 7.0668455712 0.0120026017 -0.0622554591
51234 354024.48 113.847345766 34.0873312295 3777073.824689 762826.6277121998 56.8557762662 -0.0876785112 0.7174485952 89.9021773901 7.1899304256 0.0106960681 -0.0559939903
51235 354024.62 113.8473567543 34.0873312303 3777073.853063 762827.6423080999 56.8510182519 -0.1478431045 0.7254028911 89.9036504479 7.3104722417 0.0113311066 -0.0480795326
51236 354024.76 113.8473679192 34.0873312323 3777073.882027 762828.6732007 56.8451829441 -0.1915660427 0.7584564619 89.9036153899 7.4284518929 0.0079551485 -0.0601287733
51237 354024.9 113.8473792547 34.087331236 3777073.911608 762829.7198475002 56.8378407629 -0.2255990618 0.7455595801 89.906925618 7.5377093441 0.011844721 -0.0622367122
51238 354025.04 113.8473907578 34.0873312382 3777073.941466 762830.7819725 56.830726048 -0.2070785784 0.7777615563 89.9039771388 7.6411692597 0.0082922876 -0.046869622
51239 354025.17 113.847401592 34.0873312366 3777073.969167 762831.7823395 56.8232747037 -0.1872370331 0.7931461149 89.9083583503 7.7434754489 0.0072091383 -0.0835476724
51240 354025.3 113.8474125673 34.0873312365 3777073.997411 762832.7957378002 56.8158170832 -0.2099839784 0.7752679994 89.9114215683 7.8511795633 0.0108624943 -0.0625571536
51241 354025.43 113.8474236857 34.0873312366 3777074.026036 762833.8223488001 56.8103522314 -0.2277282217 0.7932876776 89.9094319512 7.9504598938 0.0082430982 -0.0360311806
51242 354025.56 113.8474349435 34.087331234 3777074.054721 762834.8618411998 56.8024467854 -0.1251594881 0.8034002157 89.9021644716 8.0394222364 0.0099255248 -0.0892784629
51243 354025.69 113.8474463261 34.0873312356 3777074.0842019985 762835.9128364 56.7944166893 -0.0014334673 0.8212217203 89.8778358148 8.125804266 0.0150819905 -0.054607372
51244 354025.82 113.8474578254 34.0873312433 3777074.114658002 762836.9745904 56.7894136626 -0.0599170919 0.8046542901 89.8344865612 8.2118248523 0.0159821744 -0.0323345796
51245 354025.95 113.8474694434 34.087331258 3777074.14619 762838.0472885 56.7870913986 -0.1517029184 0.799494645 89.7920821579 8.2959860558 0.0213188449 -0.0157267596
51246 354026.07 113.8474802732 34.0873312761 3777074.176075 762839.047194 56.7845594129 -0.2368831433 0.8082360319 89.7638623432 8.3753170304 0.0251461613 -0.0554714929
51247 354026.19 113.8474912022 34.0873313026 3777074.207149 762840.056232 56.77707191 -0.1399641166 0.7944899793 89.7356245076 8.450712196 0.0347821838 -0.072005141
51248 354026.31 113.847502233 34.0873313304 3777074.238619 762841.0746696 56.7700048192 -0.0728561987 0.8057457679 89.6967080313 8.5267768688 0.0313702927 -0.067020722
51249 354026.43 113.8475133601 34.087331362 3777074.270776 762842.1019850002 56.764515629 -0.0216836266 0.8241895528 89.6494940593 8.6023101963 0.0418293333 -0.0469977484
51250 354026.55 113.847524578 34.0873313988 3777074.303735 762843.1376636998 56.7636202676 -0.1196671257 0.8355008253 89.5998349242 8.6680474627 0.0447417366 -0.020017484
51251 354026.67 113.8475358865 34.0873314466 3777074.338142 762844.1816823 56.7609367184 -0.1482211131 0.8418381779 89.5478487284 8.7340818666 0.0577780276 -0.0321287441
51252 354026.79 113.8475472866 34.0873315057 3777074.374046 762845.2341151 56.7548833443 -0.0686218799 0.8293506179 89.5135464461 8.813189812 0.0662573562 -0.062411921
51253 354026.91 113.8475587773 34.0873315748 3777074.411289 762846.2948876 56.7490722239 0.0167480498 0.7708125932 89.4773737992 8.8836362693 0.0783535077 -0.0561265609
51254 354027.03 113.847570363 34.08733165 3777074.44946 762847.3644186 56.7462505922 -0.0564677561 0.7834146073 89.4305376078 8.9532266126 0.0797339474 -0.010000961
51255 354027.15 113.8475820331 34.0873317261 3777074.487949 762848.4417266998 56.7466461575 -0.2620961452 0.8008930165 89.3749239655 9.0206798395 0.0847721512 -0.0074879433
51256 354027.27 113.8475937955 34.0873318156 3777074.528154 762849.5275278002 56.7413063096 -0.3117674321 0.86001432 89.3310749221 9.0908887068 0.0893438635 -0.074990534
51257 354027.38 113.8476046549 34.0873319047 3777074.565995 762850.529946 56.7323742174 -0.2542021131 0.8024816577 89.3091149595 9.1498323664 0.1039447821 -0.0922269614
51258 354027.49 113.8476155806 34.0873320019 3777074.60491 762851.538461 56.7242932562 -0.1671553684 0.8248151163 89.3039022749 9.2077973367 0.1019486676 -0.0523732996
51259 354027.6 113.84762657 34.0873320914 3777074.643124 762852.5528866 56.7190030729 -0.1119647177 0.8516369351 89.3118346917 9.2557433693 0.0948321456 -0.0411932491
51260 354027.71 113.8476376219 34.0873321859 3777074.682067 762853.5730575 56.71469134 -0.1123420951 0.8271157114 89.3743247587 9.3127876228 0.1046767762 -0.0417019495
51261 354027.82 113.8476487394 34.0873322709 3777074.720112 762854.5993259 56.7115291804 -0.1066395573 0.7916120094 89.4752461934 9.3607580467 0.0836967594 -0.0366490368
51262 354027.93 113.8476599221 34.0873323345 3777074.7559589986 762855.6316742 56.7078832881 -0.0552604521 0.8532078007 89.5871214078 9.4221885381 0.0516121176 -0.0388730923
51263 354028.04 113.8476711693 34.0873323718 3777074.789054 762856.6700573001 56.703323287 -0.0072645013 0.8873044053 89.6914645449 9.4656758972 0.0347978318 -0.0449202336
51264 354028.15 113.847682477 34.0873324013 3777074.821433 762857.7140624 56.7014246499 -0.1031754377 0.9126153831 89.7954607497 9.524778438 0.0219018734 -0.0083420515
51265 354028.26 113.8476938474 34.087332413 3777074.851992 762858.7639056 56.7009075526 -0.2144781291 0.9417413961 89.8709446631 9.5723744629 0.0072793966 -0.0205446172
51266 354028.37 113.8477052832 34.0873324106 3777074.8811699986 762859.8198250999 56.6965651 -0.145760821 0.9206247689 89.9187748466 9.6280966589 0.002538602 -0.0704910956
51267 354028.48 113.847716785 34.0873324056 3777074.9102199986 762860.8818503 56.6892653331 -0.032494079 0.916334863 89.9778725606 9.6851015597 -0.007756222 -0.0473842646
51268 354028.59 113.8477283446 34.0873323881 3777074.938041 762861.9492526 56.6864556428 -0.0895733438 0.8975295623 90.0235581494 9.7321148839 -0.019807421 -0.0143556144
51269 354028.7 113.8477399613 34.0873323652 3777074.965403 762863.0219469 56.6857283926 -0.2374127007 0.8763244284 90.0562920467 9.7827243559 -0.0263012195 -0.0167865734
51270 354028.81 113.8477516347 34.087332334 3777074.991981 762864.0998913 56.6809899043 -0.321204596 0.9197803973 90.060787281 9.8269892778 -0.0350472741 -0.0696112344
51271 354028.92 113.847763361 34.0873323004 3777075.018443 762865.1827425 56.6741386391 -0.2611555015 0.9140823517 90.0479353291 9.867773603 -0.0253765763 -0.0576718011
51272 354029.03 113.8477751378 34.0873322778 3777075.046245 762866.2702153 56.6654637372 -0.0970898062 0.875316674 90.0442043761 9.9146607756 -0.012795931 -0.079437745
51273 354029.14 113.8477869585 34.087332256 3777075.074266 762867.3617337 56.6598966504 -0.0580189073 0.8563526456 90.0185080948 9.9403647888 -0.0201962115 -0.0216519783
51274 354029.25 113.8477988137 34.0873322357 3777075.102530998 762868.4564423 56.6609687647 -0.2790744487 0.88309628 89.9989238778 9.9694119051 -0.0160422831 0.0071727148
51275 354029.36 113.8478107052 34.0873322184 3777075.131223 762869.5544862 56.6587088611 -0.3191834612 0.8908168177 89.9881275441 9.997277557 -0.0124588331 -0.0613618488
51276 354029.46 113.8478215426 34.0873322028 3777075.157392 762870.5552014 56.6507854369 -0.2290416848 0.8578766478 89.9772495442 10.0165318814 -0.0131242035 -0.0956005503
51277 354029.56 113.8478324019 34.0873321913 3777075.184067 762871.5579245 56.6439207336 -0.1927872271 0.8627046971 89.9691094307 10.0365960418 -0.0132777453 -0.0431558145
51278 354029.66 113.8478432764 34.0873321832 3777075.211163 762872.5620386999 56.6420424096 -0.3088789583 0.8376350902 89.9597168082 10.0521316001 -0.007664631 -0.0152670113
51279 354029.76 113.8478541711 34.0873321798 3777075.238828 762873.5679976 56.638028699 -0.2900826044 0.7917648803 89.957173744 10.0730702559 -0.0007562967 -0.0621490032
51280 354029.86 113.8478650827 34.0873321773 3777075.266641998 762874.5755231 56.6309306072 -0.2027403779 0.7032080803 89.9455059234 10.0825084992 -0.0011460175 -0.0778653886
51281 354029.96 113.8478760102 34.0873321761 3777075.294642 762875.5845059 56.6260257168 -0.2094184266 0.7003309531 89.9311230992 10.0991499202 -0.0033125783 -0.0260068793
51282 354030.06 113.8478869519 34.0873321709 3777075.322227 762876.5948229998 56.6244495977 -0.3136711451 0.7163634694 89.9201277108 10.1132087968 -0.0072571008 -0.0114235479
51283 354030.16 113.8478979106 34.0873321685 3777075.350176 762877.6066944002 56.6204782696 -0.3390108623 0.6920425294 89.9047698379 10.129648673 0.0052323035 -0.067759517
51284 354030.26 113.84790889 34.0873321684 3777075.378433 762878.6204660998 56.6136402907 -0.2927552086 0.7236707815 89.8921739281 10.1455821744 0.0001209633 -0.082092277
51285 354030.36 113.8479198871 34.0873321666 3777075.406543 762879.6358869 56.6068943525 -0.2960992411 0.7482524002 89.8749063199 10.1674146487 0.0030792847 -0.0741125015
51286 354030.46 113.847930901 34.0873321707 3777075.435344 762880.652828 56.6014919206 -0.2746804071 0.7965997193 89.8670963358 10.1788257176 0.0090829784 -0.0509271622
51287 354030.56 113.8479419313 34.0873321689 3777075.4635480014 762881.671309 56.5971949259 -0.2636613804 0.8415099979 89.8478148979 10.193470623 -0.0064287158 -0.0510320911
51288 354030.66 113.847952979 34.0873321715 3777075.492276 762882.6913843 56.5915465811 -0.2535537819 0.8412241569 89.8290310729 10.2077232046 0.0080286206 -0.0504540811
51289 354030.76 113.8479640419 34.0873321808 3777075.52179 762883.7128436 56.5868963553 -0.3393802074 0.8162247958 89.806665123 10.222000266 0.0115206057 -0.0475666137
51290 354030.86 113.8479751206 34.0873321961 3777075.552004 762884.7357423998 56.5821337458 -0.3849699501 0.817887852 89.7906151091 10.2361332305 0.0230113389 -0.0602499378
51291 354030.96 113.8479862178 34.0873322143 3777075.582599 762885.7603337 56.5742955236 -0.1949143876 0.8207183229 89.7879104066 10.2535356387 0.0197112767 -0.094793138
51292 354031.06 113.8479973311 34.0873322332 3777075.613302 762886.786412 56.5658167554 -0.0003175119 0.7967282104 89.779778122 10.2679597413 0.02243172 -0.0672921232
51293 354031.13 113.8480051164 34.0873322474 3777075.634924 762887.5052165998 56.5634492915 -0.0381392954 0.8342970662 89.7729611683 10.2743612106 0.0187402165 0.0021624324
