5563 309011.74 113.8412697761 34.0913503209 3777504.2291440014 762253.1988235 58.1726987371 0.2930716135 1.0603007115 262.7040695464 -9.8052359928 -1.229133481 -0.1145337066
5564 309011.79 113.8412644568 34.0913497669 3777504.154001 762252.7094014 58.1687284652 0.3890391416 1.0255045067 262.6114023476 -9.8326608645 -1.2409732203 -0.0621640236
5565 309011.9 113.8412527112 34.0913485103 3777503.984375 762251.6288108 58.1701105544 0.454708063 1.0172395261 262.3999599384 -9.8719601897 -1.2877096559 0.1076044583
5566 309012.0 113.8412419736 34.0913473331 3777503.826158 762250.6410472 58.1805512933 0.2398673484 1.0148678439 262.1871434022 -9.9336727299 -1.3276541851 0.1098774228
5567 309012.1 113.8412311738 34.0913461158 3777503.663319 762249.6476588 58.1838963991 0.3223348713 0.9847630037 261.9957967783 -9.9922378582 -1.3817251975 0.0175954836
5568 309012.2 113.8412203179 34.0913448671 3777503.496869 762248.6491899998 58.1840548301 0.4155332319 1.0284455212 261.7997675134 -10.0392227073 -1.4069564836 -0.0081215046
5569 309012.3 113.8412094033 34.0913435808 3777503.326079 762247.6454225002 58.1859840024 0.5930425985 1.0330463557 261.6088730374 -10.095265282 -1.4589316129 0.024865215
5570 309012.4 113.8411984275 34.0913422548 3777503.15074 762246.6361276 58.1906805038 0.8010859292 1.0623294703 261.4232674363 -10.1543787787 -1.4989932173 0.052925147
5571 309012.5 113.8411873896 34.091340893 3777502.9712519986 762245.6212048002 58.1999823051 0.7090399574 1.0559191606 261.2381766328 -10.208150079 -1.5378900121 0.1270458705
5572 309012.6 113.8411762923 34.0913394906 3777502.7871239986 762244.6009166 58.2157929028 0.3877668439 1.1008791271 261.0586770502 -10.2623714552 -1.5750304282 0.1990031351
5573 309012.65 113.841170714 34.0913387786 3777502.693783 762244.0880709002 58.2211444136 0.2602217952 1.1093005786 260.9732207958 -10.3076825651 -1.5942386132 0.0516507865
5574 309012.75 113.8411595024 34.0913373193 3777502.503028 762243.0574144 58.2211502809 0.2661907269 1.1154242748 260.8174595619 -10.3688523362 -1.6523031629 -0.0534708627
5575 309012.85 113.8411482192 34.0913358216 3777502.307843 762242.0202655 58.2149673412 0.3913069024 1.109756847 260.6532192667 -10.4431738689 -1.6881266913 -0.0751356857
5576 309012.95 113.841136869 34.0913342884 3777502.108539 762240.9770382 58.2163681872 0.2577848817 1.0796984297 260.4711104834 -10.499227104 -1.7321805357 0.0599230733
5577 309013.05 113.8411254484 34.0913327124 3777501.904305 762239.9274378 58.2240466131 -0.0127607592 1.0681425858 260.2911046223 -10.5749979523 -1.7720196622 0.0531030643
5578 309013.15 113.8411139587 34.0913310918 3777501.6949519985 762238.8716013002 58.2226717062 0.1015329903 1.0544510018 260.113519009 -10.631094637 -1.823104368 -0.0478043991
5579 309013.25 113.8411023993 34.0913294289 3777501.480717 762237.8094594 58.2145055644 0.4928927416 1.0868011076 259.9159699692 -10.7006088113 -1.8586713407 -0.043609824
5580 309013.35 113.8410907768 34.0913277263 3777501.261919 762236.7416096 58.2134125195 0.6945095833 1.053575105 259.6866631073 -10.7449089628 -1.9199250061 0.0642300603
5581 309013.45 113.841079099 34.0913259705 3777501.03707 762235.6688202 58.224023968 0.5268886227 1.0704430133 259.4712241541 -10.8024845005 -1.9748705856 0.1517690659
5582 309013.46 113.8410779276 34.0913257928 3777501.014343 762235.5612141 58.2252940806 0.4825006413 1.0662472292 259.4497586021 -10.8095245768 -1.9753978214 0.1383400693
5583 309013.56 113.841066182 34.0913239826 3777500.783289 762234.4823404 58.2359365793 0.2478520413 0.9357897525 259.2412481848 -10.8659106186 -2.0421699155 0.082168244
5584 309013.66 113.8410543743 34.0913221175 3777500.545976 762233.3978958002 58.2392766504 0.13468212 0.8394723314 259.0471768403 -10.9292746153 -2.0934803708 -0.035454502
5585 309013.75 113.8410436895 34.0913204003 3777500.327969 762232.4166715 58.2355881836 0.2739061237 0.7349941496 258.8810577593 -10.9684844562 -2.1371822636 -0.0446507335
5586 309013.84 113.8410329485 34.0913186458 3777500.105668 762231.4303729 58.2314928016 0.5008615903 0.6531507562 258.7070390162 -11.0390963458 -2.1787820938 -0.0160168214
5587 309013.93 113.8410221602 34.0913168628 3777499.880093 762230.4397902 58.2337904572 0.5126716791 0.6518201454 258.5293432325 -11.0758293864 -2.2119646387 0.0915784639
5588 309014.02 113.8410113252 34.0913150486 3777499.650937 762229.4449963 58.2449894575 0.043022489 0.7141757277 258.34015014 -11.1352434416 -2.2618996337 0.0979008709
5589 309014.11 113.8410004444 34.0913131935 3777499.417111 762228.4461026 58.2512463685 -0.1033786573 0.7680176389 258.1690165194 -11.1948666692 -2.3026325279 0.0247253655
5590 309014.2 113.8409895113 34.0913113014 3777499.179054 762227.4424945 58.2451910498 0.0685764573 0.8801961982 258.0068236824 -11.2440158982 -2.3433744391 -0.1139709559
5591 309014.24 113.8409846338 34.0913104495 3777499.071989 762226.9947851999 58.2403153749 0.2224661378 0.8495587534 257.9349220156 -11.2709700072 -2.3676597961 -0.1300733548
5592 309014.33 113.8409736263 34.0913084968 3777498.827013 762225.9844935002 58.2315352717 0.5727446884 0.6312020414 257.7715536551 -11.3009190587 -2.4443461434 -0.0397431153
5593 309014.42 113.8409625806 34.0913064944 3777498.576425 762224.9708261999 58.2353482302 0.5747611096 0.5937632745 257.6110362263 -11.3575292323 -2.4657700639 0.1326229119
5594 309014.51 113.8409514962 34.0913044607 3777498.322267 762223.9536826998 58.2481906451 0.5093486585 0.3571894841 257.4358007618 -11.391143237 -2.539704262 0.1581261627
5595 309014.6 113.8409403647 34.0913023765 3777498.062381 762222.9323521998 58.2534203837 0.6614873156 0.3701000427 257.2812117908 -11.4469290882 -2.5707808577 0.0116883434
5596 309014.69 113.8409291884 34.0913002757 3777497.8005410014 762221.9069341 58.2580379713 0.6848743674 0.1956870798 257.068408218 -11.474642047 -2.6048066129 0.0180238666
5597 309014.78 113.8409179748 34.0912981267 3777497.533254 762220.8782202 58.2678044532 0.4198360804 0.2559334719 256.8785311383 -11.5172262569 -2.6650703542 0.1494881991
5598 309014.87 113.8409067173 34.0912959509 3777497.262869002 762219.8455310998 58.2783310954 0.0762809962 0.2240349547 256.6664408586 -11.5756344574 -2.7006668314 0.0904585365
5599 309014.96 113.8408954118 34.0912937224 3777496.986527 762218.808575 58.277397735 0.040318564 0.2147887263 256.4876236128 -11.6234206615 -2.7680228842 -0.0512328931
5600 309015.05 113.8408840592 34.0912914547 3777496.705707 762217.7673917 58.2699926589 0.1493293174 0.2111463233 256.2992220376 -11.6652536787 -2.8101407503 -0.0887541341
5601 309015.08 113.8408802632 34.0912906887 3777496.610949 762217.4192675998 58.2677695612 0.1867371717 0.219838314 256.2416355451 -11.6866042048 -2.8339601509 -0.0706121423
5602 309015.17 113.8408688505 34.0912883626 3777496.323498 762216.3727196 58.2635182096 0.4046464723 0.1949655824 256.0631188943 -11.7243816623 -2.8812517847 -0.0135043417
5603 309015.26 113.8408573986 34.0912859984 3777496.031715 762215.3226653001 58.2669149544 0.4531927129 0.1997189659 255.8858396149 -11.7603060905 -2.9320489114 0.0627307329
5604 309015.35 113.8408459064 34.0912835955 3777495.735543 762214.2690084 58.2748501562 0.3384491298 0.2669861198 255.7076434597 -11.8065873236 -2.9746646989 0.0946894221
5605 309015.44 113.8408343745 34.0912811571 3777495.435319 762213.2117948001 58.2827253826 0.169465894 0.2993426066 255.5443790918 -11.84832427 -3.0238914775 0.0536673743
5606 309015.53 113.8408228002 34.0912786745 3777495.130085 762212.1508129 58.2833818952 0.2361951234 0.3077363298 255.3952280491 -11.8926341683 -3.0765147369 -0.026967861
5607 309015.62 113.8408111798 34.0912761582 3777494.820995 762211.0856656 58.2801663643 0.35226006 0.350199966 255.2425862103 -11.9417066623 -3.1148114233 -0.0423458338
5608 309015.71 113.8407995182 34.0912736069 3777494.507908 762210.0168292 58.2796953963 0.3631807056 0.3461270368 255.0865888402 -11.9765512965 -3.1590244536 0.0343411113
5609 309015.8 113.8407878191 34.0912710162 3777494.19035 762208.9446473998 58.2862845874 0.1402531101 0.346161705 254.9447118796 -12.0180782627 -3.2111766442 0.0649072724
5610 309015.89 113.8407760771 34.0912683866 3777493.868379 762207.8686281 58.2894328814 0.0013497968 0.3979482831 254.8225648155 -12.0690620961 -3.2492052824 -0.0064795405
5611 309015.92 113.8407721532 34.0912675026 3777493.7602 762207.5090631 58.2886953046 0.0623545472 0.3797414766 254.7853040811 -12.0799072554 -3.2690621174 -0.0326198234
5612 309016.0 113.8407616626 34.0912651296 3777493.469905 762206.5477995998 58.2846324323 0.0984970699 0.4203608546 254.6864372623 -12.121854297 -3.2984660829 -0.0867695105
5613 309016.08 113.8407511344 34.0912627397 3777493.17765 762205.583104 58.2811354874 0.0851394554 0.4245124076 254.5681242782 -12.1664728598 -3.3300323851 -0.0564535003
5614 309016.16 113.8407405702 34.0912603257 3777492.882621 762204.6151662 58.2797615854 0.0754062518 0.4458116588 254.4568880726 -12.212283102 -3.3686559493 0.0039913365
5615 309016.24 113.8407299735 34.0912578862 3777492.584679 762203.6443043002 58.278437716 0.1303748939 0.5433650512 254.3429764473 -12.2430857097 -3.4021916363 -0.0294400599
5616 309016.32 113.840719342 34.0912554231 3777492.284033 762202.6703043 58.2764342008 0.2292662211 0.5399574601 254.2339964769 -12.2819310154 -3.4401920468 -0.018418358
5617 309016.4 113.8407086842 34.0912529287 3777491.979836 762201.6939654 58.2755684815 0.3117343232 0.573730553 254.130787812 -12.3047079823 -3.4800867755 0.011242091
5618 309016.48 113.8406979982 34.0912504154 3777491.673485 762200.7150891 58.2794237947 0.1338895627 0.6253869729 254.0048677042 -12.3387114036 -3.4987308388 0.0551870196
5619 309016.56 113.8406872829 34.0912478776 3777491.364324 762199.7335838 58.2836603522 -0.0500972371 0.6661108673 253.8736844119 -12.3807276415 -3.5435823621 0.0255135904
5620 309016.64 113.8406765416 34.0912453104 3777491.05184 762198.7497603 58.2810077053 -0.0334838691 0.7860468838 253.7532737901 -12.4081144504 -3.5831050242 -0.1005337952
5621 309016.72 113.8406657706 34.0912427174 3777490.736427 762197.7632862 58.2737623835 0.1878282352 0.8599838436 253.633426356 -12.4427781741 -3.6178665985 -0.0946598087
5622 309016.8 113.8406549797 34.0912401008 3777490.418324 762196.7750337 58.2679887218 0.4372284743 0.9239933879 253.501239235 -12.4571188025 -3.6418329893 -0.029967201
5623 309016.88 113.8406441714 34.0912374607 3777490.097582 762195.7852609998 58.272304574 0.3607583577 0.9446600442 253.3420942441 -12.4700471789 -3.6835777624 0.0900284371
5624 309016.89 113.8406428199 34.0912371283 3777490.057222 762195.6615034002 58.2735917866 0.3451657879 0.9498048597 253.3202780996 -12.4710455636 -3.6911025296 0.1230155024
5625 309016.97 113.8406319967 34.0912344522 3777489.732449 762194.670451 58.2835194999 -0.0511182908 1.0639786191 253.1652539856 -12.5015880997 -3.7356334366 0.1084519222
5626 309017.05 113.8406211555 34.0912317434 3777489.403995 762193.6778516999 58.285847052 -0.0593014819 1.0469777954 253.028647596 -12.510044384 -3.7897181564 -0.0463429711
5627 309017.13 113.8406102924 34.0912290051 3777489.072207 762192.6833115 58.280471215 0.0544574467 1.0649638287 252.8902949633 -12.5459248153 -3.8223556083 -0.1130046646
5628 309017.21 113.8405994121 34.0912262413 3777488.7375550014 762191.6872687 58.2730263155 0.3837232864 1.0074648306 252.7407078829 -12.5561659727 -3.8675255021 -0.0766137521
5629 309017.29 113.8405885219 34.0912234453 3777488.399302 762190.6904091998 58.2733082892 0.3447757594 0.940778453 252.5807101004 -12.5627542638 -3.9051969114 0.0716110419
5630 309017.37 113.84057762 34.0912206211 3777488.057882 762189.6925479998 58.2807473363 0.1002463296 0.9375569687 252.4117940513 -12.5871682708 -3.945716333 0.1037794433
5631 309017.45 113.8405667031 34.091217764 3777487.71278 762188.6934165 58.2837897576 0.154671946 0.8857182759 252.2504556398 -12.5980401903 -3.9940013907 0.0005540239
5632 309017.53 113.8405557702 34.0912148716 3777487.363718 762187.6929049 58.2818694301 0.2822752731 0.8583819635 252.1009716142 -12.6186778609 -4.040254035 -0.0385216902
5633 309017.61 113.8405448269 34.0912119471 3777487.011064 762186.6915415998 58.2798684053 0.6056987158 0.8071011159 251.9448249528 -12.6304523271 -4.0824029017 0.0155915866
5634 309017.69 113.8405338738 34.091208998 3777486.655657 762185.6893498 58.284913349 0.5272005003 0.7965960565 251.7820687752 -12.6382554389 -4.1151635351 0.1152582736
5635 309017.72 113.8405297659 34.0912078844 3777486.521521 762185.3134999 58.2890572343 0.4761752294 0.7751030622 251.7228989862 -12.6358077673 -4.1350971184 0.1655310095
5636 309017.8 113.8405188029 34.0912048909 3777486.16116 762184.3105229 58.3000583611 0.1481121871 0.7894872442 251.5720737676 -12.6562048598 -4.1779517867 0.1075841358
5637 309017.88 113.8405078239 34.0912018693 3777485.7976379986 762183.3061614 58.3046983536 0.0210176417 0.790527135 251.4291723947 -12.6709293957 -4.2178240893 0.0142096834
5638 309017.96 113.8404968351 34.0911988191 3777485.430918 762182.3009821 58.3012005938 0.1676681281 0.7638131384 251.2877275453 -12.6748528537 -4.2559323184 -0.0736542543
5639 309018.04 113.8404858464 34.0911957416 3777485.061179 762181.2958916 58.2975831022 0.3069836464 0.7090974548 251.147108382 -12.6688697474 -4.2929164254 -0.0173591426
5640 309018.12 113.8404748761 34.0911926326 3777484.687981 762180.2926057 58.2988464385 0.3890357079 0.668354419 251.0019758055 -12.6553408895 -4.3287164081 0.071316639
5641 309018.2 113.8404639211 34.0911895047 3777484.312725 762179.2907821998 58.3054382615 0.3230776414 0.6603205511 250.8555256936 -12.6354508988 -4.353146258 0.0908414139
5642 309018.28 113.8404529903 34.0911863583 3777483.935477 762178.291259 58.312997018 0.2846281319 0.6327093146 250.7090168575 -12.599574175 -4.3799373981 0.066301323
5643 309018.36 113.8404420809 34.0911831982 3777483.556767 762177.2937424 58.3206253303 0.1673188544 0.6632781872 250.5533307424 -12.585143381 -4.3903668005 0.088981087
5644 309018.44 113.8404311972 34.0911800201 3777483.176121 762176.2986589002 58.3252651319 0.1923683475 0.6369674928 250.3900919345 -12.547262677 -4.4253931731 0.0434055014
5645 309018.5 113.8404230515 34.0911776205 3777482.88891 762175.5539784002 58.3275101185 0.1194504454 0.6455350872 250.2793750562 -12.5265805233 -4.4451631848 0.0295152902
5646 309018.58 113.8404122178 34.0911744046 3777482.504197 762174.563625 58.3303385638 0.0295856405 0.6240478981 250.1255945151 -12.4863298155 -4.4744637692 0.0408405012
5647 309018.66 113.8404014181 34.0911711672 3777482.117193 762173.5764874001 58.3322666148 -0.1283169625 0.5846661803 249.9809364193 -12.4462126912 -4.5045966954 -0.0039357496
5648 309018.74 113.8403906565 34.091167912 3777481.728306 762172.5929128 58.3312863279 -0.0829636713 0.5492107904 249.8349934749 -12.3981065502 -4.526289514 -0.0356261841
5649 309018.82 113.8403799393 34.0911646471 3777481.338462 762171.61347 58.3285980942 -0.111662344 0.536603315 249.669618778 -12.3396132605 -4.5317616974 -0.0265037099
5650 309018.9 113.840369282 34.0911613755 3777480.948021 762170.6395771998 58.3289006287 -0.2494106414 0.5379998831 249.5039480568 -12.2674029583 -4.5453054651 0.0167755193
5651 309018.98 113.8403586933 34.0911580934 3777480.556603 762169.6720544002 58.3287959155 -0.3225073066 0.5160678951 249.3421287989 -12.1800149786 -4.5616895714 -0.0108915783
5652 309019.06 113.8403481801 34.0911548024 3777480.1643839986 762168.7115263002 58.3256813576 -0.3373149164 0.4916462467 249.193431665 -12.0884288457 -4.5689016994 -0.0525992288
5653 309019.14 113.8403377397 34.0911515074 3777479.771904 762167.7577346 58.3199350312 -0.1156278365 0.4609843635 249.0446872231 -11.9954888821 -4.5619336122 -0.0581440248
5654 309019.22 113.8403273839 34.0911482127 3777479.379676 762166.8117558 58.3164360784 -0.096316421 0.4028486278 248.8863821346 -11.8928529867 -4.5670922624 0.0220488282
5655 309019.25 113.8403235246 34.0911469762 3777479.23255 762166.4592394 58.316868742 -0.2055269722 0.4156290593 248.8318479724 -11.8516430326 -4.5681077731 0.0276721504
5656 309019.33 113.8403132922 34.091143685 3777478.841023002 762165.524643 58.3200015118 -0.4412024555 0.4559840189 248.6741515026 -11.7544825455 -4.5555766759 0.0380395909
5657 309019.41 113.8403031471 34.0911403999 3777478.450412 762164.5980813 58.3184442418 -0.4911942596 0.4184900675 248.5210273318 -11.6466545342 -4.5564652581 -0.06964002
5658 309019.5 113.840291843 34.0911367042 3777478.011245 762163.565788 58.3110970696 -0.3254276647 0.4105135907 248.3741584132 -11.528492614 -4.541106878 -0.0898616362
5659 309019.59 113.8402806617 34.0911330214 3777477.573832 762162.5447789001 58.3037477983 -0.1071532486 0.4137164472 248.2259840217 -11.4079673544 -4.543400382 -0.0731117038
5660 309019.68 113.8402696132 34.0911293502 3777477.138051002 762161.5360016 58.3014969155 0.1739559214 0.3014482298 248.0949835878 -11.2613711672 -4.5149654201 0.0278087215
5661 309019.77 113.8402587029 34.0911256919 3777476.70405 762160.5399451 58.3046882851 0.3714337613 0.1582842167 247.9654407377 -11.1047226883 -4.5057739366 0.0776034614
5662 309019.86 113.8402479271 34.0911220608 3777476.273414 762159.5562224 58.3151963418 0.0122820861 0.2712942589 247.8226772971 -10.9804096029 -4.4401582428 0.1433042475
5663 309019.95 113.8402372903 34.0911184625 3777475.846771 762158.5852283002 58.3277356597 -0.5130839361 0.2441246651 247.6587204803 -10.8338007845 -4.4311633554 0.1392221721
5664 309020.04 113.8402267951 34.0911148781 3777475.422039 762157.6272688 58.3308648197 -0.9357816169 0.3499333866 247.5100263011 -10.693548399 -4.3892930472 -0.0546230008
5665 309020.13 113.8402164312 34.0911113255 3777475.001173 762156.6813348002 58.3203422576 -0.9147870948 0.4565968108 247.3475684713 -10.5483847857 -4.3617151036 -0.1642704194
5666 309020.16 113.8402130085 34.0911101462 3777474.861514 762156.3689585 58.3152514212 -0.8635535359 0.506189323 247.3020851674 -10.5058090912 -4.3490825139 -0.1831725015
5667 309020.25 113.8402028428 34.0911066231 3777474.444429 762155.4412366998 58.2986907335 -0.4764785608 0.572230253 247.1695439756 -10.3359464834 -4.3208769089 -0.1707738586
5668 309020.34 113.8401928369 34.0911031287 3777474.030943 762154.5281689 58.2892668396 -0.119393441 0.5930712271 247.0567890208 -10.1750676791 -4.2875597759 -0.0188599362
5669 309020.44 113.8401819062 34.0910992871 3777473.576543 762153.5308010002 58.289620026 -0.0179394868 0.7031680667 246.9240493349 -9.9992506279 -4.2185233922 0.0511173233
5670 309020.54 113.8401711768 34.0910954996 3777473.128668 762152.5518358 58.2957503656 -0.1292210098 0.8123573103 246.7929265786 -9.805492391 -4.1704778044 0.0568693024
5671 309020.64 113.8401606484 34.091091758 3777472.686408 762151.5913019 58.300185753 -0.1660913109 0.8529513385 246.6788582924 -9.621222204 -4.113269547 0.0291816839
5672 309020.74 113.8401503247 34.0910880623 3777472.249771 762150.6495166 58.3003900405 -0.2462058489 0.7882121961 246.579601777 -9.4239336065 -4.0694360439 -0.0002658985
5673 309020.84 113.8401402104 34.0910844155 3777471.819092 762149.7269139 58.3036692319 -0.4835671401 0.7165557534 246.4827763134 -9.2330543735 -4.0039516282 0.0641431613
5674 309020.95 113.8401293124 34.0910804661 3777471.35282 762148.7328946998 58.3039616244 -0.6320761796 0.5790945228 246.3668832406 -9.0419917214 -3.9464689424 -0.0353376823
5675 309021.06 113.8401186576 34.0910765784 3777470.894012002 762147.7611289001 58.2973277802 -0.5342580981 0.5169988099 246.2482530492 -8.8395306699 -3.8794930039 -0.0717485364
5676 309021.17 113.8401082393 34.0910727748 3777470.445156 762146.8109528002 58.2891723523 -0.3135348657 0.5252887906 246.1088665814 -8.6424058381 -3.7991673082 -0.0707374767
5677 309021.2 113.8401054431 34.0910717501 3777470.324258 762146.5559386999 58.2883430664 -0.3630893862 0.5637357918 246.0681183142 -8.5700790045 -3.7807790727 -0.0221073159
5678 309021.31 113.8400953389 34.0910680331 3777469.885818 762145.6344858 58.2871121122 -0.3667799883 0.6848504254 245.9268072888 -8.378500524 -3.7089903986 -0.0135741708
5679 309021.43 113.8400845988 34.0910640591 3777469.417219002 762144.6551207 58.288587844 -0.4065391666 0.7411752314 245.7352311615 -8.1477342628 -3.6465856317 -0.0102341751
5680 309021.55 113.8400741596 34.0910601545 3777468.957097 762143.7033141998 58.2862144969 -0.2827557583 0.8244449843 245.5444851151 -7.9160317306 -3.5717383655 -0.021349213
5681 309021.67 113.8400640205 34.0910563301 3777468.506644 762142.7789759 58.2845680602 -0.2028127611 0.8078388535 245.3401039284 -7.6785583738 -3.5060089811 -0.0122945754
5682 309021.8 113.8400533895 34.0910522708 3777468.028867 762141.80994 58.2860089662 -0.1850274365 0.8144123701 245.1445374558 -7.4185651197 -3.4215221765 0.019828618
5683 309021.93 113.8400431263 34.0910483175 3777467.563785 762140.8745391999 58.2896441696 -0.1951379146 0.7811529754 244.9533428555 -7.150341464 -3.326057687 0.0265871711
5684 309022.06 113.8400332669 34.0910444869 3777467.113372 762139.9760379002 58.2937738448 -0.2833488477 0.7226748505 244.7667558621 -6.847786424 -3.2152047896 0.0175942612
5685 309022.2 113.84002313 34.0910405148 3777466.646533998 762139.0523553998 58.2958262777 -0.3043107372 0.703542409 244.5870499086 -6.5149074507 -3.0830095781 0.0049724504
5686 309022.32 113.8400148476 34.0910372488 3777466.262821 762138.2977205 58.2969360109 -0.3848832826 0.6975573063 244.4424567933 -6.2267927558 -2.9657907034 0.0073623969
5687 309022.47 113.8400050232 34.0910333413 3777465.803958 762137.4026876 58.2987291077 -0.3721469975 0.6340964833 244.2974830215 -5.8641978743 -2.8130094154 0.0264004311
5688 309022.63 113.8399952008 34.091029419 3777465.343456 762136.5078926998 58.2991837282 -0.1921876116 0.6531635792 244.1337377336 -5.4638781139 -2.6343601278 -0.0155390044
5689 309022.81 113.8399849563 34.0910252953 3777464.859512 762135.5747433002 58.2972443104 -0.2751719447 0.6776766272 243.9709599901 -5.0322601336 -2.4494046647 -0.0071005436
5690 309023.0 113.8399750882 34.0910213031 3777464.391139 762134.6759366 58.3053785684 -0.4809913126 0.7729838234 243.7993070036 -4.5606033285 -2.2149398429 0.0930831558
5691 309023.21 113.8399653093 34.0910173136 3777463.923296 762133.785364 58.3082695548 -0.5874287419 0.8684114515 243.6545660001 -4.044158316 -1.990634328 -0.0448459638
5692 309023.45 113.8399555016 34.0910132785 3777463.45031 762132.8922656998 58.2992788292 -0.402900785 0.8128631667 243.4909277338 -3.5516346052 -1.763012569 -0.0186981963
