6219 309073.43 113.8374082004 34.0870373652 3777015.6795660006 761909.956971 57.5389887476 0.1803607971 1.261617378 172.5734390757 1.660693472 -13.2446127591 -0.0583633022
6220 309073.49 113.8374092995 34.087030194 3777014.886549 761910.0805644 57.5396843599 0.0752865413 1.3034613094 172.3939645834 1.7111516205 -13.2804637177 0.0217326023
6221 309073.57 113.8374108122 34.0870206129 3777013.8271449986 761910.2497789002 57.5447764611 0.1694553843 1.2610408159 172.1697605711 1.7775644402 -13.306156193 0.062629609
6222 309073.65 113.8374123775 34.0870109971 3777012.764028 761910.4239436 57.5459583458 -0.1283000275 1.311128028 171.9302796406 1.8293423535 -13.3609073733 -0.0081625401
6223 309073.73 113.8374140011 34.0870013534 3777011.697965 761910.603588 57.5410841424 -0.003775332 1.2192761901 171.7152948443 1.908731313 -13.3934675206 -0.0458988905
6224 309073.81 113.8374156853 34.0869916839 3777010.629196 761910.7889105 57.5345145184 0.0420234315 1.1482654122 171.5241879668 1.9661620395 -13.4349487535 -0.069497153
6225 309073.89 113.8374174244 34.0869819844 3777009.55724 761910.9793833002 57.5274429191 0.1949571398 1.0113139585 171.348472565 2.0333241786 -13.4687634844 -0.053371454
6226 309073.97 113.8374192069 34.0869722612 3777008.482759 761911.173948 57.5252146497 0.1336985696 0.9295658625 171.1700002365 2.0699751568 -13.5008857602 -0.0040049861
6227 309074.05 113.8374210245 34.0869625066 3777007.404892 761911.3718410998 57.5265105311 -0.0287291355 0.8992625089 170.9682215343 2.1171246503 -13.5477049745 0.0485469498
6228 309074.13 113.8374228877 34.0869527168 3777006.32323 761911.5740624 57.5266119447 -0.3354279127 0.911999805 170.7647217711 2.1710465532 -13.5995889686 -0.0603248254
6229 309074.17 113.837423836 34.0869478092 3777005.7810370014 761911.6767454002 57.5237157978 -0.3568069597 0.9102892453 170.6644977262 2.195612938 -13.620181535 -0.0860918032
6230 309074.25 113.8374257729 34.0869379633 3777004.693335 761911.8859428002 57.5104543408 -0.0790626914 0.9178850337 170.4847682115 2.2556855421 -13.673247328 -0.1927676789
6231 309074.33 113.8374277534 34.0869280831 3777003.60194 761912.0992663 57.4956637137 0.3106625458 0.8912477979 170.3105151481 2.3002570845 -13.7220509614 -0.1431209301
6232 309074.41 113.8374297837 34.0869181683 3777002.506837 761912.3173038 57.4924325645 0.4332464539 0.8033800003 170.1481979314 2.3668597024 -13.7630782871 0.0885205712
6233 309074.49 113.8374318621 34.0869082207 3777001.4082160015 761912.5398716 57.5005890839 0.0867072922 0.8080201565 170.0004741941 2.4140307198 -13.8117961243 0.1301822246
6234 309074.57 113.8374339813 34.0868982296 3777000.304875 761912.7663511998 57.5046826824 0.0151801067 0.7645944926 169.8652225793 2.4696234943 -13.8797534119 -1.72744e-05
6235 309074.65 113.837436138 34.0868881897 3776999.196205 761912.9964346999 57.498752336 0.2167120998 0.7987801399 169.7276259119 2.4960900014 -13.952707283 -0.1031784327
6236 309074.73 113.8374383252 34.0868781049 3776998.08264 761913.2294778002 57.4903826918 0.5045302792 0.8125302256 169.5709126327 2.5436071758 -14.0031892026 -0.0649739814
6237 309074.81 113.8374405492 34.086867978 3776996.964494 761913.4660448001 57.4902383843 0.5166717757 0.8851812532 169.399786963 2.5793618502 -14.0756637187 0.0608847293
6238 309074.88 113.8374425318 34.0868590842 3776995.9825699986 761913.6765271998 57.4972204845 0.291112494 0.9218186918 169.2495516052 2.6363949856 -14.117099538 0.1331043091
6239 309074.94 113.8374442653 34.0868514375 3776995.138413 761913.8601624002 57.5018923506 0.1441075124 1.0102338962 169.1333440702 2.6785055775 -14.1642910437 0.0655922737
6240 309075.01 113.8374463168 34.0868424832 3776994.14996 761914.0771890002 57.5012044115 0.3430493446 1.0043248161 169.0042448811 2.7259911783 -14.2057731301 -0.0557452757
6241 309075.08 113.837448406 34.0868334905 3776993.157326998 761914.2978130998 57.4984496888 0.6071267039 0.959600767 168.8706314651 2.7754032911 -14.2713552562 -0.0162313174
6242 309075.15 113.8374505263 34.0868244609 3776992.160692 761914.5214266998 57.5009258995 0.5556627629 0.9524328531 168.7206260532 2.8123823 -14.3275598527 0.111107036
6243 309075.22 113.8374526873 34.0868153938 3776991.160001 761914.7489164 57.5087306164 0.2351896806 0.9507357832 168.5732008975 2.8772331395 -14.4004635616 0.1239411242
6244 309075.29 113.8374548896 34.0868062853 3776990.154821 761914.9803459 57.51127424 -0.0719340546 0.9521992093 168.4334958874 2.9291849588 -14.4608037389 -0.0181278054
6245 309075.36 113.8374571319 34.0867971378 3776989.145414 761915.2155844 57.5058861449 0.0592405995 0.9162831879 168.3013374791 2.983939166 -14.5158447978 -0.1301161544
6246 309075.43 113.8374594076 34.0867879483 3776988.131426 761915.454037 57.4968371065 0.0847299954 0.9735080538 168.1517632764 3.0171258041 -14.5960082818 -0.1138758855
6247 309075.5 113.8374617172 34.0867787248 3776987.113758 761915.6957276 57.4877643753 0.1687931984 0.9861555089 167.9936765643 3.0684181037 -14.630669136 -0.1091326939
6248 309075.57 113.8374640638 34.0867694685 3776986.092543 761915.9409306998 57.4836390121 0.0918072927 0.9882199257 167.8259589763 3.1154302661 -14.6878771261 0.0156405618
6249 309075.64 113.8374664508 34.0867601831 3776985.068199 761916.18996 57.4825530769 -0.0966071119 1.0923455353 167.6599363082 3.171537152 -14.7300218941 -0.012612782
6250 309075.67 113.8374674863 34.0867561944 3776984.628199 761916.2978705999 57.4817997534 -0.1182100255 1.1113407764 167.5874891619 3.1956283828 -14.7568087774 -0.0196434287
6251 309075.74 113.8374699307 34.0867468677 3776983.599421 761916.5523205 57.4764937023 -0.1175139002 1.0807143585 167.4238180376 3.2614545976 -14.7912291557 -0.1132311105
6252 309075.81 113.8374724225 34.0867375151 3776982.567896 761916.811233 57.4707638044 0.0628359925 0.9969247771 167.269786453 3.3164760818 -14.8344022992 -0.0725801069
6253 309075.88 113.8374749564 34.0867281434 3776981.534347 761917.0740929 57.4667924065 0.0617029534 1.0539285379 167.1190632847 3.3670081806 -14.863886473 -0.0349004715
6254 309075.95 113.8374775265 34.0867187549 3776980.499038 761917.3403460998 57.4652279196 0.1850040232 0.9700888919 166.971165517 3.4232501482 -14.8809797649 -0.0094475657
6255 309076.02 113.837480133 34.0867093508 3776979.462086 761917.6100015 57.4639646765 0.3938918129 0.9127008279 166.8354720276 3.4569686979 -14.9079323104 0.0012033561
6256 309076.09 113.8374827718 34.0866999391 3776978.424372 761917.8826699002 57.4659631196 0.4732861572 0.9649070071 166.6971582793 3.4917661857 -14.9112387144 0.0886467959
6257 309076.16 113.8374854314 34.0866905234 3776977.386276 761918.1572661998 57.4743551249 0.3453293794 0.9788938885 166.5370955402 3.51677085 -14.9190078481 0.1909746437
6258 309076.23 113.8374881192 34.0866811093 3776976.348423002 761918.4344651 57.482971618 -0.0144147476 1.0121309991 166.3740533517 3.5639419522 -14.9070256564 0.0618136542
6259 309076.3 113.8374908437 34.0866716955 3776975.310703 761918.7150593002 57.4848850863 -0.041662882 1.043766018 166.2281786338 3.6050341534 -14.9143015795 0.0035829934
6260 309076.35 113.8374928075 34.0866649706 3776974.569428 761918.9171148002 57.4820427811 -0.0476603161 1.0487790517 166.1151720696 3.6332003785 -14.9170584991 -0.0772987874
6261 309076.42 113.8374955878 34.0866555621 3776973.532429 761919.2028385998 57.4756883597 -0.0603830549 0.9824527109 165.952885912 3.6826517351 -14.9055733468 -0.0857297672
6262 309076.49 113.8374984046 34.0866461603 3776972.496278 761919.4919035998 57.4702288313 0.0403860258 0.9239351824 165.7863968407 3.7328986113 -14.8846984575 -0.0540323051
6263 309076.56 113.8375012567 34.0866367682 3776971.4612879986 761919.7842088002 57.4684061874 -0.071500989 0.8815529192 165.6146547033 3.7809596221 -14.8735204004 0.0179410095
6264 309076.63 113.8375041403 34.086627385 3776970.427372 761920.0793947 57.467966456 -0.1880686128 0.8294598522 165.4480436229 3.8228868241 -14.8601434036 -0.0338142039
6265 309076.7 113.8375070551 34.0866180104 3776969.3944809986 761920.3774326 57.4651340228 -0.1068950018 0.8405966748 165.2828867243 3.8610352664 -14.8517758028 -0.0368287239
6266 309076.77 113.8375099939 34.0866086426 3776968.362413 761920.6776622 57.4607148208 -0.073256523 0.889544052 165.1042106492 3.8903099227 -14.8325273046 -0.0625432029
6267 309076.84 113.8375129638 34.0865992887 3776967.331965 761920.9807252 57.4585772892 -0.0305947154 0.873112198 164.9308425502 3.9413885099 -14.8137081111 0.0041025826
6268 309076.91 113.8375159697 34.0865899492 3776966.303203 761921.2870658 57.4587453129 -0.2117875972 0.8612635603 164.7616771955 3.9868006072 -14.7858927752 0.0133512886
6269 309076.96 113.8375181392 34.0865832872 3776965.569446 761921.5079216 57.4583435841 -0.2768792552 0.8424014022 164.6428126681 4.0180610122 -14.7700413539 -0.0224985851
6270 309077.03 113.8375212072 34.0865739698 3776964.5433 761921.8199292 57.4534575697 -0.1378636614 0.768219172 164.4907702407 4.0620112798 -14.7499549869 -0.0866216677
6271 309077.1 113.837524308 34.0865646589 3776963.51796 761922.1349385 57.447818825 -0.0490408273 0.7337976739 164.3306731245 4.1047788415 -14.740124744 -0.0768225136
6272 309077.17 113.8375274327 34.0865553651 3776962.494571 761922.4521117 57.4441122366 0.0013638223 0.7175397485 164.1626864225 4.1304272215 -14.7014608753 -0.0319026848
6273 309077.24 113.8375305866 34.0865460878 3776961.473101 761922.7719266 57.4435615307 0.0235887638 0.6939164605 163.9834669143 4.1828454595 -14.6742661557 0.0138869057
6274 309077.31 113.8375337698 34.0865368286 3776960.453705 761923.0943854002 57.4446802735 -0.0213226571 0.7532849132 163.8197943095 4.2106016064 -14.6539781868 0.0150758215
6275 309077.38 113.8375369791 34.086527585 3776959.43612 761923.4192128 57.4451085683 -0.0874781497 0.7445867512 163.6437384965 4.2505402996 -14.6230982964 0.0006138064
6276 309077.45 113.8375402182 34.0865183638 3776958.421089 761923.7467244002 57.4448833018 -0.0955391339 0.7857390895 163.4800690385 4.281559705 -14.5855546957 -0.0112214996
6277 309077.52 113.8375434851 34.086509158 3776957.407828 761924.0767524998 57.4437865093 -0.1254288861 0.7715759052 163.3062483342 4.3243561754 -14.5641508316 -0.0417370746
6278 309077.59 113.8375467865 34.0864999706 3776956.396719 761924.4099142 57.4415598707 -0.1804903138 0.76626353 163.1461582253 4.3597954022 -14.5442544142 0.0017731997
6279 309077.6 113.8375472605 34.0864986602 3776956.2525019986 761924.4577128 57.4413053729 -0.2414564511 0.7704595398 163.1216492437 4.3684966706 -14.5308349677 -0.0079279722
6280 309077.67 113.8375505941 34.0864894969 3776955.244147 761924.7937688002 57.4380196398 -0.2013019215 0.7177846364 162.9644936533 4.4124070112 -14.4906242565 -0.081879765
6281 309077.74 113.8375539581 34.0864803497 3776954.237645 761925.1325866 57.4319464667 0.0081414869 0.7495797629 162.8201772618 4.4404631884 -14.4762773654 -0.0700472486
6282 309077.81 113.8375573421 34.0864712201 3776953.2331550014 761925.4731913 57.4269824428 0.2694419415 0.7463061655 162.6697628515 4.4687154117 -14.4382910763 -0.048706187
6283 309077.88 113.8375607468 34.086462114 3776952.231316 761925.815637 57.4297569906 0.2673479892 0.7665884507 162.512202158 4.4964412667 -14.4019075299 0.1351673911
6284 309077.95 113.8375641704 34.0864530294 3776951.231916 761926.1597574 57.4411767721 -0.1942311187 0.8370625357 162.3440634976 4.5277188848 -14.3720860668 0.1511176549
6285 309078.02 113.837567624 34.0864439636 3776950.234683 761926.5065968 57.4451063247 -0.4389371206 0.9351687738 162.1953875243 4.5733415931 -14.3488442874 -0.0215252234
6286 309078.09 113.8375710981 34.086434909 3776949.238751998 761926.8552907 57.4408634706 -0.5196627602 0.9745237235 162.0584013693 4.6005351756 -14.3306481617 -0.1417586434
6287 309078.16 113.8375745969 34.0864258704 3776948.244643 761927.2062134 57.4295078404 -0.2246191429 0.981940791 161.924589974 4.628689038 -14.3000549495 -0.1908656503
6288 309078.23 113.8375781168 34.0864168469 3776947.252281 761927.5590436 57.419055867 -0.1014729442 0.9592444134 161.7787363704 4.6572293164 -14.2736662761 -0.0933523539
6289 309078.3 113.8375816648 34.0864078462 3776946.262514 761927.9143988001 57.416110713 -0.1198133427 0.9202590043 161.631909771 4.6965099918 -14.2351639286 0.0279524605
6290 309078.37 113.8375852447 34.0863988579 3776945.274196 761928.2726599 57.4152257005 -0.2180424752 0.8974863157 161.5033670926 4.7384293658 -14.239368039 0.0012382509
6291 309078.44 113.8375888518 34.0863898831 3776944.287458 761928.6333867 57.4114541151 -0.0344212628 0.8123631041 161.3707045204 4.7723510071 -14.1943419374 -0.0640305923
6292 309078.51 113.8375924774 34.0863809222 3776943.302299 761928.9957803 57.4097655397 0.1255742887 0.7846453594 161.2309508645 4.7936057671 -14.1875939969 0.008806738
6293 309078.58 113.8375961233 34.0863719739 3776942.318599 761929.360012 57.4098931905 0.1538305162 0.8189906992 161.0794734132 4.8230544069 -14.1593919436 0.0176801688
6294 309078.65 113.8375997929 34.0863630416 3776941.33674 761929.726383 57.4123697346 0.2327557189 0.7576601431 160.9353491479 4.8603565532 -14.1397272708 0.0573356742
6295 309078.72 113.837603489 34.0863541243 3776940.35661 761930.0951524 57.4175392855 -0.0195818094 0.8449475952 160.7854156949 4.8860510975 -14.1198657394 0.0910650732
6296 309078.79 113.837607204 34.0863452196 3776939.377921 761930.4656304 57.4185273033 -0.0578546416 0.8790429957 160.6393306756 4.917086897 -14.0939357786 -0.0570927363
6297 309078.86 113.8376109488 34.0863363243 3776938.4003550014 761930.8388271999 57.4167795107 -0.0056461236 0.8280519047 160.4995407277 4.9565496292 -14.0785067263 -0.039503971
6298 309078.93 113.8376147171 34.0863274432 3776937.424425 761931.2141551998 57.415864774 -0.2867342381 0.8254228516 160.3590593216 4.9854525546 -14.060013886 -0.0313166829
6299 309079.0 113.8376185157 34.0863185776 3776936.450287 761931.5922316 57.4128791001 -0.3249242514 0.7416452425 160.2301672489 5.0321515898 -14.0292405671 -0.0995522314
6300 309079.01 113.8376190616 34.0863173112 3776936.311154 761931.6465351 57.4119615303 -0.2773440071 0.73797732 160.2170997725 5.0411716276 -14.0352476621 -0.106706794
6301 309079.08 113.8376228937 34.0863084588 3776935.338567 761932.0276661 57.40371955 -0.1279592474 0.6302450224 160.107897262 5.0752553185 -14.0229553823 -0.1408175141
6302 309079.15 113.8376267465 34.0862996187 3776934.367404 761932.4106702 57.3957688771 0.1808499879 0.5225066142 160.0027340653 5.0932301133 -13.9979225062 -0.07460945
6303 309079.22 113.8376306155 34.0862907912 3776933.397682 761932.7951246 57.3955440074 0.3339772212 0.4405549461 159.8900122545 5.1126418101 -13.9814341891 0.0334920442
6304 309079.29 113.8376344999 34.0862819758 3776932.42934 761933.1809649002 57.4043450793 0.15677146 0.3500998692 159.7711161987 5.1332460627 -13.9596395686 0.1952678524
6305 309079.36 113.837638407 34.08627317 3776931.462131 761933.5688805 57.4131250372 -0.2670904374 0.34584189 159.6585832389 5.1758314825 -13.9493483368 0.1037389773
6306 309079.43 113.837642334 34.0862643675 3776930.4953230014 761933.9586124001 57.4126151837 -0.3087003712 0.2904738624 159.5637562222 5.1949697848 -13.9491683863 -0.0888885829
6307 309079.5 113.837646279 34.0862555671 3776929.528805 761934.3500103 57.4055001028 -0.2115279751 0.2848382758 159.4692344662 5.2229082279 -13.9500543454 -0.1263618861
6308 309079.57 113.8376502388 34.086246766 3776928.562242 761934.7427663 57.3945106575 -0.0827234797 0.3128442866 159.3632151423 5.2350451659 -13.9412210716 -0.1532378347
6309 309079.64 113.8376542096 34.0862379716 3776927.596461 761935.1365244002 57.3895214321 -0.0581544178 0.3268246384 159.2392677858 5.2579792053 -13.9254737683 -0.0010910156
6310 309079.71 113.837658204 34.0862291826 3776926.631326 761935.5324479998 57.3894623853 -0.2675514415 0.4379523524 159.1363594751 5.2861254117 -13.9270196197 -0.0111678109
6311 309079.78 113.8376622228 34.0862203929 3776925.666181 761935.9306221999 57.3840164933 -0.2001307835 0.445128747 159.0384679633 5.3203490676 -13.9238927858 -0.0688065759
6312 309079.85 113.837666262 34.0862116079 3776924.701613 761936.3306669 57.3785711788 -0.1564056224 0.5315107702 158.9513144679 5.3345434488 -13.9205962115 -0.056442127
6313 309079.92 113.8376703136 34.0862028196 3776923.736712 761936.7318581998 57.3748067757 -0.1031392853 0.5925627476 158.8439651367 5.3542890564 -13.9251549056 -0.0596782234
6314 309079.99 113.8376743895 34.0861940339 3776922.772154 761937.135298 57.3711000532 -0.0951709844 0.5752481405 158.7382220261 5.3958699415 -13.9188664331 -0.0276266489
6315 309080.06 113.8376784917 34.0861852487 3776921.807728 761937.5411561 57.3695496908 -0.0835833238 0.6112330271 158.6335462919 5.4261947137 -13.924018025 -0.0358975476
6316 309080.13 113.837682617 34.0861764611 3776920.843086 761937.9491564998 57.3647622894 -0.0579100647 0.6030524401 158.5267959208 5.4623386302 -13.9289288356 -0.0716960955
6317 309080.2 113.8376867675 34.0861676741 3776919.878576 761938.3594873 57.3607027773 0.1303885775 0.5540634959 158.4219142237 5.4875836791 -13.9192101788 -0.0302538166
6318 309080.27 113.8376909415 34.0861588855 3776918.913953 761938.7719868 57.3602589592 0.1834220022 0.6243986175 158.3012650752 5.521074999 -13.9356248743 -0.0058971662
6319 309080.34 113.8376951365 34.0861500941 3776917.949069 761939.1864351 57.3601594353 0.3182721028 0.6155698639 158.161947909 5.5451961127 -13.9265435737 0.024757282
6320 309080.41 113.8376993572 34.0861413052 3776916.984542 761939.6032534002 57.3657008856 0.1853663015 0.6601436439 158.01018769 5.5861376446 -13.9265427959 0.1358805337
6321 309080.48 113.8377036087 34.0861325155 3776916.01999 761940.0229126 57.3719124179 -0.116518566 0.7153927375 157.8575932656 5.6309295506 -13.9300051355 0.0758235092
6322 309080.55 113.8377078972 34.0861237229 3776915.0552199986 761940.4460069 57.3711994616 -0.197738936 0.6784622263 157.7164769231 5.683627613 -13.9354269996 -0.0551910176
6323 309080.57 113.8377091307 34.0861212095 3776914.779456 761940.5676499001 57.3695384208 -0.1967743672 0.6642678327 157.6771337369 5.7063733366 -13.9407584468 -0.0993860448
6324 309080.64 113.8377134715 34.0861124112 3776913.814179 761940.9955804 57.3620399963 -0.1433970095 0.6059261053 157.5446388301 5.7473098948 -13.9458808072 -0.1121354703
6325 309080.71 113.8377178428 34.0861036118 3776912.84887 761941.4263384 57.3535185652 -0.1505826161 0.5568445767 157.3966336557 5.7916171729 -13.9474708746 -0.1218841827
6326 309080.78 113.8377222488 34.0860948104 3776911.88341 761941.8602984998 57.3463972202 -0.0123480502 0.4923885335 157.2545058273 5.834989134 -13.9434251394 -0.07754194
6327 309080.85 113.8377266888 34.0860860041 3776910.917509 761942.2974154 57.3403511131 0.1677448321 0.5307642962 157.1104330928 5.8767079047 -13.9631393138 -0.0626881403
6328 309080.92 113.8377311521 34.086077194 3776909.951242 761942.7367009 57.3397686109 0.2880117267 0.5153745161 156.9538845756 5.9089414645 -13.964712363 0.0611286981
6329 309080.99 113.8377356387 34.0860683876 3776908.985443 761943.1781164 57.3485276634 0.0148016906 0.620489794 156.7855907341 5.9398261217 -13.9537774778 0.1425092647
6330 309081.06 113.8377401576 34.0860595798 3776908.019569 761943.6225261 57.3557659965 -0.1580453844 0.7035495863 156.6254241014 5.9971805153 -13.96035945 0.0255502338
6331 309081.13 113.837744712 34.0860507687 3776907.05343 761944.0702253 57.3529825211 -0.1636475058 0.7508422024 156.4932011545 6.0424170575 -13.9707914803 -0.1017633398
6332 309081.2 113.8377493014 34.0860419547 3776906.0870510014 761944.521163 57.3450890565 -0.060269895 0.7145915239 156.3626644445 6.0842885505 -13.9690718222 -0.1044608835
6333 309081.27 113.8377539213 34.0860331394 3776905.120607 761944.9749218002 57.3384069782 -0.1051859496 0.6675648575 156.2277385199 6.129493956 -13.9722022906 -0.0981653158
6334 309081.3 113.8377559137 34.0860293614 3776904.706453 761945.1705358 57.3352063652 -0.1192176185 0.6581041216 156.1717169684 6.1517166406 -13.9718076686 -0.1058501955
6335 309081.37 113.83776059 34.0860205439 3776903.739906 761945.6295079001 57.3277797094 -0.0755440589 0.6098739539 156.0573609654 6.1936369853 -13.9774904918 -0.0763969005
6336 309081.44 113.8377652947 34.0860117252 3776902.773305 761946.091103 57.3221878996 -0.057592181 0.6024982478 155.9343746008 6.2318650374 -13.980108073 -0.0721649287
6337 309081.51 113.837770022 34.0860029029 3776901.806367 761946.5548069 57.3180100676 0.0849714323 0.6604912489 155.8050593634 6.2544865108 -13.9805114802 -0.0028158496
6338 309081.58 113.8377747669 34.0859940775 3776900.839123 761947.0201338 57.3172115153 0.2543976421 0.7418819643 155.6490418374 6.2819137956 -13.9819622241 0.0216147282
6339 309081.65 113.8377795356 34.0859852538 3776899.872128 761947.4876550002 57.3216347545 0.2123507387 0.8489309838 155.4885326731 6.3139840013 -13.9740933864 0.1140549828
6340 309081.72 113.8377843326 34.0859764359 3776898.90585 761947.9577786998 57.3286434784 0.0175098474 0.9895250991 155.3186105853 6.3512282779 -13.9703815462 0.110082619
6341 309081.79 113.8377891664 34.085967624 3776897.940333 761948.4312713002 57.3310793536 -0.1510749827 1.1027131305 155.1534832628 6.4077789518 -13.9599688586 -0.0020627973
6342 309081.86 113.8377940379 34.0859588202 3776896.975815 761948.9082315 57.3274264708 -0.1149188972 1.1263194308 154.9906805368 6.4559131908 -13.945609151 -0.0839857018
6343 309081.93 113.8377989471 34.0859500242 3776896.012249 761949.3886429 57.3201178117 -0.0220743902 1.0509404759 154.8281764972 6.5084785807 -13.9285459124 -0.0940468086
6344 309081.94 113.8377996517 34.0859487684 3776895.874693 761949.4575771998 57.3191911597 -0.0153592714 1.0466301839 154.806157431 6.5176127016 -13.9288923543 -0.0889592972
6345 309082.01 113.8378046043 34.0859399881 3776894.91299 761949.9419426 57.3148769531 -0.1916715948 0.9466769762 154.6404673202 6.5650768691 -13.907441607 -0.0219552102
6346 309082.08 113.8378095918 34.0859312175 3776893.952449 761950.429509 57.3128343988 -0.4360011343 0.8583945858 154.4795043429 6.609560512 -13.889833004 -0.0542948217
6347 309082.15 113.8378146135 34.0859224531 3776892.992692 761950.9202130998 57.3054922158 -0.4560009832 0.8176796019 154.3259039945 6.6494792405 -13.8768219983 -0.1650784646
6348 309082.22 113.8378196606 34.0859136932 3776892.03349 761951.4132406 57.2943438264 -0.2842665544 0.8129673935 154.165426155 6.6803916264 -13.8735498283 -0.1577715013
6349 309082.29 113.8378247279 34.0859049394 3776891.075014 761951.9081245 57.2841830561 -0.0744356293 0.8730336198 153.9926390258 6.7051227151 -13.8624285545 -0.1174712498
6350 309082.36 113.8378298218 34.0858961967 3776890.1178480014 761952.4054278 57.2807103116 -0.0129157005 0.9486428913 153.8239898114 6.7478492957 -13.8445961922 0.0149024775
6351 309082.43 113.8378349456 34.0858874679 3776889.162299 761952.9054485 57.282446377 -0.099392005 0.9949389946 153.6619964676 6.7889216406 -13.8145866805 -0.0132835908
6352 309082.5 113.8378401045 34.0858787461 3776888.207618 761953.4086819 57.28274321 -0.1437227337 1.0353285132 153.5136609638 6.8395165346 -13.8149204874 0.0078498803
6353 309082.57 113.8378452979 34.0858700318 3776887.253851 761953.9150919 57.2792472923 -0.1822389188 1.0748151001 153.3647940327 6.8830086816 -13.7977368886 -0.1001951163
6354 309082.61 113.8378482793 34.085865054 3776886.709085 761954.2057216 57.2765713083 -0.21800891 1.0865998501 153.2816156597 6.899581584 -13.8007995848 -0.0762527641
6355 309082.68 113.837853527 34.0858563455 3776885.756106 761954.7171229002 57.270229199 -0.1536907562 1.0102091555 153.13664807 6.9511709207 -13.7907631233 -0.0854848013
6356 309082.75 113.8378588105 34.0858476404 3776884.803589 761955.2318130998 57.263747246 -0.1600763086 0.968131456 152.9888003763 6.9997668917 -13.7912345752 -0.0869192393
6357 309082.82 113.837864131 34.085838938 3776883.851469 761955.7499151998 57.2559901401 0.1376088219 0.902014248 152.8558864515 7.0437664409 -13.776286631 -0.1027407842
6358 309082.89 113.8378694813 34.0858302339 3776882.899244 761956.2707743 57.2525366088 0.3356373663 0.8990522459 152.7229329534 7.0759922299 -13.7908813469 0.0341363437
6359 309082.96 113.8378748582 34.0858215316 3776881.947286 761956.7940861 57.2561208885 0.2308487345 0.8985023643 152.5745045675 7.1161210524 -13.7786357592 0.1233878407
6360 309083.03 113.8378802603 34.0858128332 3776880.995825 761957.3197079 57.264574226 0.0582658523 0.9299641309 152.4202829213 7.1533937747 -13.7718785108 0.0998212593
6361 309083.1 113.8378856956 34.085804134 3776880.044353 761957.8484043 57.2693441939 -0.121799613 1.0053375693 152.2680016952 7.2033197252 -13.786830479 0.009605074
6362 309083.17 113.8378911658 34.0857954352 3776879.093022 761958.3803212 57.2655929616 -0.0112291484 1.0734923617 152.1288182029 7.2428255132 -13.7814095218 -0.1061964022
6363 309083.24 113.837896672 34.0857867324 3776878.141342 761958.9155701002 57.2577511556 0.2807066752 1.0946410137 151.9929814986 7.2923427751 -13.7899522365 -0.0981163227
6364 309083.31 113.8379022019 34.0857780348 3776877.190301 761959.4529891999 57.2556558642 0.3435683934 1.1302075085 151.842435759 7.312203781 -13.7764226016 0.051272673
6365 309083.32 113.8379029941 34.0857767926 3776877.054472 761959.5299734002 57.2560490118 0.3138368933 1.13791927 151.8171657179 7.3213391046 -13.7776761769 0.0558075858
6366 309083.39 113.8379085648 34.0857681002 3776876.1041129986 761960.0711443 57.2608284559 0.2827277646 1.157732823 151.6751523183 7.3789619669 -13.7723693968 0.0942476145
6367 309083.46 113.8379141711 34.0857594104 3776875.154121 761960.6156003 57.2651083851 0.1551627234 1.1885938114 151.5300954817 7.4182475272 -13.7671874378 0.0587618856
6368 309083.53 113.8379198074 34.085750725 3776874.2047089986 761961.1628043 57.2701564319 0.1194816864 1.1562689813 151.3857691786 7.4586483572 -13.7565522628 0.0728371771
6369 309083.6 113.8379254766 34.0857420418 3776873.255614 761961.713046 57.2722758111 0.0008780008 1.1824416228 151.2376743699 7.5044069087 -13.755492707 -0.0079929698
6370 309083.67 113.8379311831 34.0857333599 3776872.306763 761962.2667294 57.2693068739 -0.0374236514 1.1623300498 151.0935564293 7.558157572 -13.7514436044 -0.0571541222
6371 309083.74 113.8379369192 34.0857246834 3776871.358595 761962.8231271 57.2667138213 -0.0903141543 1.1382336921 150.9405924462 7.5926873107 -13.7471851708 -0.0424072706
6372 309083.81 113.8379426897 34.0857160117 3776870.411035 761963.3826905 57.2610247871 -0.064222773 1.122195386 150.7916093409 7.6505090364 -13.7377006732 -0.1197653553
6373 309083.88 113.837948495 34.0857073452 3776869.464144 761963.9454411998 57.2545116115 0.1857317709 1.1033769503 150.65521028 7.6837338639 -13.7318629271 -0.0761923062
6374 309083.95 113.837954327 34.0856986833 3776868.517838 761964.5106511 57.252746867 0.156686855 1.1052932094 150.5069762653 7.7187777325 -13.7189278271 0.0161013909
6375 309083.97 113.8379559977 34.0856962105 3776868.247704 761964.6725407 57.2535813609 0.165578219 1.0891377912 150.4598324263 7.7239436415 -13.7141874856 0.0591304921
6376 309084.04 113.8379618648 34.0856875589 3776867.302624 761965.2409628 57.2586736213 -0.1012374388 1.1674529496 150.2990132546 7.76479445 -13.7093351806 0.0687505703
6377 309084.11 113.8379677676 34.0856789093 3776866.357862 761965.8126685 57.2589402208 0.0899631361 1.2255421475 150.1528255012 7.8134658406 -13.6906969361 -0.0488269063
6378 309084.18 113.8379736985 34.0856702604 3776865.4132449985 761966.3869649002 57.256980475 0.19451364 1.3176058909 150.0040900547 7.835529994 -13.7033397679 0.0085001729
6379 309084.25 113.8379796562 34.0856616204 3776864.469699 761966.9637176999 57.2567552533 0.1938791114 1.3861811986 149.8481422473 7.8756032488 -13.6772672685 0.0329422081
6380 309084.32 113.8379856426 34.0856529904 3776863.527321 761967.5430845 57.2594267326 0.2230887121 1.4646775365 149.703644034 7.9138085604 -13.6631478885 0.0304340953
6381 309084.39 113.8379916636 34.0856443649 3776862.585536 761968.1256358002 57.2624696502 -0.0087231082 1.4760053444 149.5551310914 7.9667896227 -13.6548010011 0.0532039813
6382 309084.46 113.8379977191 34.0856357496 3776861.644979 761968.7113315 57.2631749343 -0.1581149118 1.4373894044 149.4087524754 8.0157497664 -13.6465955934 -0.0239602142
6383 309084.53 113.8380038127 34.0856271417 3776860.705333 761969.3005301 57.2587902071 -0.193846895 1.3840704243 149.2763505045 8.066176484 -13.6238087256 -0.0956023456
6384 309084.59 113.8380090612 34.0856197703 3776859.900741 761969.8078829 57.2531768959 -0.2019553183 1.3108317006 149.162243261 8.0960332044 -13.6092498659 -0.1084866675
6385 309084.66 113.8380152151 34.085611175 3776858.962646 761970.4026143 57.2451399742 -0.1470262086 1.2205802999 149.0339963109 8.1443168848 -13.6060503089 -0.1334933902
6386 309084.73 113.838021395 34.0856025868 3776858.0254129986 761970.9997219 57.2377395872 -0.1183761657 1.1830179544 148.8886861516 8.1690525032 -13.6045720133 -0.078499652
6387 309084.8 113.8380276003 34.0855940053 3776857.088981 761971.5991474 57.2321799612 -0.059436476 1.2378360765 148.7446657639 8.2049653511 -13.5864519614 -0.0811762774
6388 309084.87 113.838033825 34.085585431 3776856.1534089986 761972.2003491998 57.2303682193 -0.1034734411 1.3269655586 148.589138975 8.2280841798 -13.5799527555 0.0060483382
6389 309084.94 113.8380400728 34.0855768635 3776855.218642 761972.8036577 57.2293668417 -0.2125921308 1.4609214653 148.436912691 8.2649168882 -13.5631233522 -0.0533292492
6390 309085.01 113.8380463509 34.0855683054 3776854.284987 761973.4097453 57.2249907758 -0.180580925 1.5536498692 148.2845460379 8.3025123321 -13.5442679631 -0.0726109729
6391 309085.08 113.8380526508 34.0855597545 3776853.352206 761974.0178175998 57.2215812942 -0.2863692444 1.6486101397 148.1294669661 8.3316182617 -13.5333957871 -0.042127802
6392 309085.15 113.8380589791 34.0855512203 3776852.42134 761974.6284543 57.2161798263 -0.3436975924 1.6098393045 147.970722862 8.3792215497 -13.5016411174 -0.1221942661
6393 309085.22 113.8380653445 34.0855427053 3776851.4927 761975.2424643 57.2084562732 -0.3995490313 1.5485960421 147.8286447192 8.425019539 -13.4735325706 -0.114531978
6394 309085.27 113.8380699084 34.0855366375 3776850.8310260014 761975.6825892 57.2026933208 -0.4241565914 1.5100344423 147.7168539598 8.4477643121 -13.4416197085 -0.134845754
6395 309085.34 113.8380763159 34.0855281626 3776849.906943 761976.3003636 57.1929551121 -0.2174963144 1.3914160553 147.5694526979 8.4762382875 -13.4009732235 -0.1674496434
6396 309085.41 113.8380827534 34.08551971 3776848.985425 761976.9208317 57.1823783163 0.2667455568 1.2270224073 147.4282235002 8.5120087589 -13.3624623495 -0.1046170614
6397 309085.48 113.8380892083 34.0855112888 3776848.067417 761977.5428149998 57.1829365315 0.4007390858 1.0933631254 147.283103723 8.53502276 -13.3072730237 0.107952671
6398 309085.55 113.838095675 34.085502897 3776847.152721 761978.1657981 57.1977811996 0.0387593749 1.0919749672 147.1228585167 8.5422902637 -13.2693903879 0.2585285761
6399 309085.62 113.8381021601 34.0854945217 3776846.23989 761978.7904348002 57.209548912 -0.456061104 1.0983014223 146.9683787609 8.5864958502 -13.2510315823 0.0688532848
6400 309085.69 113.8381086629 34.0854861647 3776845.329139 761979.4166459001 57.2086675754 -0.7102327778 1.1968741242 146.8256222926 8.5851329778 -13.2136389463 -0.1088585944
6401 309085.76 113.8381151724 34.0854778213 3776844.419915 761980.0434326 57.1962801358 -0.6559491036 1.2210374684 146.6739840328 8.5996564912 -13.2042919189 -0.2311156335
6402 309085.83 113.8381216996 34.0854694962 3776843.512764 761980.6718002 57.1769889537 -0.4102532935 1.3426539236 146.5351415111 8.6228561864 -13.1700068762 -0.3072090095
6403 309085.9 113.8381282377 34.0854611912 3776842.607882 761981.3011079001 57.1578650214 0.1082332275 1.3902735646 146.399252806 8.6361309174 -13.1326612775 -0.2186080154
6404 309085.96 113.8381338571 34.0854540962 3776841.83491 761981.8418566998 57.1521778209 0.3458451034 1.3310630832 146.2799613596 8.6646638619 -13.0850486472 0.0089645344
6405 309086.03 113.8381404289 34.0854458533 3776840.937008 761982.4740816 57.1596678738 0.2635755849 1.420308086 146.1472873146 8.675678956 -13.0320100628 0.1976457608
6406 309086.1 113.8381470075 34.0854376417 3776840.042579 761983.1068441998 57.1722007124 0.1268384003 1.4720192854 146.0083961058 8.6704263249 -13.0074717787 0.1825333942
6407 309086.17 113.8381536126 34.085429458 3776839.151334 761983.7419716999 57.1801631246 0.175551607 1.3188444803 145.8789896213 8.7338217044 -12.9537828599 0.0649985892
6408 309086.24 113.8381602372 34.0854213011 3776838.263094 761984.3788084 57.183236842 0.3349368338 1.3010353 145.7535273548 8.736183025 -12.9141163713 0.0747304038
6409 309086.31 113.8381668704 34.0854131716 3776837.3779339986 761985.0163622 57.1888074735 0.2289044818 1.207709827 145.6125147752 8.7637002124 -12.8611861756 0.0430508923
6410 309086.38 113.8381735266 34.0854050704 3776836.495955 761985.6559449 57.191910157 0.1098235219 1.0676490919 145.4932125033 8.7981549009 -12.8182886576 0.0082513647
6411 309086.45 113.8381801973 34.0853969914 3776835.6164980014 761986.2968003 57.1916387035 -0.0883767733 0.9810681672 145.3530214915 8.8045390795 -12.793990458 -0.0252686244
6412 309086.52 113.8381868803 34.0853889326 3776834.739294002 761986.9387323002 57.1888109436 -0.1207572079 0.8741305238 145.2118134145 8.8333313459 -12.7530938911 -0.0851590732
6413 309086.59 113.838193577 34.0853808961 3776833.864615 761987.5818620998 57.185308327 -0.3087645351 0.8344447208 145.0650337322 8.8440477035 -12.7249346796 -0.0542286705
6414 309086.62 113.8381964512 34.0853774583 3776833.490476 761987.8578518 57.1833606791 -0.3123093129 0.7941793368 145.0031400185 8.8538249956 -12.710387754 -0.0650001233
6415 309086.69 113.8382031725 34.0853694538 3776832.6194 761988.5031577 57.1781009389 -0.4052688392 0.7817577047 144.8600165004 8.8771532706 -12.6704412103 -0.0856072872
6416 309086.76 113.8382099085 34.0853614669 3776831.750321 761989.1497601 57.1713987486 -0.4162657726 0.7758276442 144.719564535 8.8994535796 -12.6466927004 -0.1196818604
6417 309086.83 113.8382166603 34.0853535007 3776830.883587002 761989.7977586 57.1627921071 -0.3025037869 0.7571597587 144.5705068267 8.917991964 -12.6075403237 -0.1228383421
6418 309086.9 113.838223426 34.0853455544 3776830.019087998 761990.4469764 57.1562194293 -0.2079928175 0.7577957857 144.4146504696 8.9405314225 -12.5786409116 -0.0921874467
6419 309086.97 113.8382302126 34.0853376325 3776829.1573519986 761991.0980479 57.1506843837 -0.0533097009 0.7886488022 144.2685233875 8.9661692368 -12.5363581188 -0.0793556719
6420 309087.04 113.8382370164 34.0853297326 3776828.298099 761991.7506513002 57.1466247616 0.1978072153 0.8293882242 144.1288134121 8.9855271885 -12.5027516251 -0.0427605897
6421 309087.11 113.8382438461 34.0853218539 3776827.441272 761992.4055694998 57.1472600447 0.3246362804 0.8416563689 143.9759956136 9.0102330724 -12.4635255501 0.0468625149
6422 309087.18 113.8382506872 34.0853139982 3776826.587014 761993.0614698002 57.1534238728 0.2237710537 0.9500384226 143.8069040639 9.0216075386 -12.4359128266 0.1126642654
6423 309087.25 113.8382575456 34.0853061645 3776825.735258 761993.718911 57.1602118276 0.0332294558 1.0163037396 143.6221309443 9.054058404 -12.3926847467 0.0668672428
6424 309087.3 113.8382624602 34.0853005832 3776825.128474 761994.1899148001 57.1632506419 -0.1453891801 1.0735326873 143.4925838408 9.0765754162 -12.370136785 0.0374876428
6425 309087.37 113.8382693621 34.0852927891 3776824.281214 761994.8512364002 57.1638051178 -0.2535637543 1.136259255 143.3178771388 9.1170280657 -12.3305220753 -0.0602001657
6426 309087.44 113.838276294 34.0852850174 3776823.436519 761995.515271 57.15931758 -0.2961034753 1.1532553156 143.1470899436 9.1530126444 -12.3024764744 -0.0977793067
6427 309087.51 113.8382832518 34.08527727 3776822.5945910006 761996.1816186 57.1518458528 -0.2067602993 1.1617876644 142.9879208418 9.1870069167 -12.2632000839 -0.1119840444
6428 309087.58 113.8382902355 34.0852695439 3776821.755083 761996.8502915 57.1445095968 -0.0839871642 1.0961778928 142.8215129129 9.2242923736 -12.2308167115 -0.1087513255
6429 309087.65 113.8382972436 34.0852618427 3776820.918414 761997.5211348 57.1397406328 0.0728126063 1.0671509709 142.6626033443 9.24727472 -12.1845146332 -0.0327851536
6430 309087.72 113.8383042708 34.0852541624 3776820.084106 761998.1936839 57.1404293412 0.1406892357 1.0908236188 142.5000409659 9.267543474 -12.1561762096 0.0195805149
6431 309087.79 113.8383113204 34.0852464983 3776819.251653 761998.8682518002 57.1437208317 0.2066934451 1.0862602904 142.3327019198 9.304945911 -12.1327303375 0.0655720933
6432 309087.86 113.838318394 34.0852388536 3776818.421423 761999.5449770001 57.1477669189 0.1119239266 1.1943096406 142.1636442947 9.3310770352 -12.1048095281 0.0675678106
6433 309087.93 113.8383254885 34.0852312219 3776817.59268 762000.2235840998 57.1512632566 0.0878720684 1.2372912592 141.9910301998 9.3648805444 -12.0801450294 0.0259874298
6434 309088.0 113.8383326165 34.0852236049 3776816.765653 762000.9052428 57.1529393922 -0.0913066305 1.2601066209 141.8251016684 9.4116681207 -12.0624370506 0.0228395338
6435 309088.07 113.8383397769 34.0852159973 3776815.939759 762001.5898748002 57.1504707467 -0.2138500593 1.2880798801 141.6705362887 9.4585892565 -12.046539278 -0.0779976913
6436 309088.14 113.8383469739 34.0852083988 3776815.1149739986 762002.2778492 57.1432214584 -0.0897399513 1.245482453 141.5367635032 9.5094207632 -12.0222040766 -0.145673422
6437 309088.21 113.8383542028 34.0852008073 3776814.291033 762002.9687421998 57.1343860719 0.0533911798 1.1872707563 141.4033272842 9.546623354 -12.0188149037 -0.1265723004
6438 309088.28 113.8383614602 34.0851932269 3776813.468404 762003.6622417 57.1298594642 0.1762233288 1.1051022108 141.2628786738 9.5797088952 -11.9907066966 -0.0167345406
6439 309088.35 113.8383687442 34.085185652 3776812.646451999 762004.3581757 57.1322506554 0.0001635679 1.1094240529 141.1066192523 9.6232487846 -12.0020617627 0.0442153862
6440 309088.42 113.8383760564 34.0851780866 3776811.825636 762005.056687 57.1345816394 -0.0169068952 1.1534563746 140.957161227 9.6577483424 -11.9736494596 0.00384166
6441 309088.49 113.8383833942 34.0851705244 3776811.005229 762005.7575484 57.135046945 -0.0381068383 1.2079833466 140.8079853336 9.6912163986 -11.9738287477 -0.0764123834
6442 309088.56 113.8383907645 34.0851629688 3776810.185646 762006.4613925 57.1320110913 0.2375188329 1.2107301983 140.6674758144 9.744320099 -11.9572238932 -0.057274087
6443 309088.62 113.8383971054 34.0851564992 3776809.483936 762007.0668426 57.1310447352 0.163423485 1.272468331 140.5390776342 9.7714916931 -11.9597413095 0.0141754785
6444 309088.69 113.8384045304 34.0851489611 3776808.66644 762007.7756838 57.1327581312 -0.0210605563 1.2400882799 140.3893264132 9.813379242 -11.9271137376 0.0251458346
6445 309088.76 113.8384119938 34.0851414366 3776807.85054 762008.4880296 57.133509703 -0.1208784507 1.1916636616 140.259684108 9.8563553848 -11.9092281832 -0.0262788051
6446 309088.83 113.838419493 34.085133917 3776807.035277 762009.203671 57.1299663754 -0.1700543941 1.1279289803 140.1333990324 9.911415927 -11.9057409018 -0.089567295
6447 309088.9 113.8384270232 34.0851264054 3776806.220988 762009.9221442 57.122220817 -0.0188812916 1.0366167938 140.0069036032 9.9446412878 -11.8890126247 -0.1149679614
6448 309088.97 113.8384345778 34.085118899 3776805.407333 762010.6428578 57.1171019338 -0.0200524678 0.9963782316 139.8653563454 9.9783194597 -11.8787381449 -0.0312214413
6449 309089.04 113.8384421575 34.085111403 3776804.594894 762011.3658537 57.1154172756 -0.0218764007 0.9945694541 139.7240842338 10.0087482536 -11.8615711778 -0.0223125871
6450 309089.11 113.8384497677 34.0851039183 3776803.7837910014 762012.0916313 57.1137274681 0.04414012 1.0247701658 139.5795339656 10.0494046851 -11.8594281169 -0.0107779842
6451 309089.18 113.8384574011 34.0850964423 3776802.973716001 762012.8195275 57.1121150004 0.0539446116 1.0932774078 139.4288982243 10.07418809 -11.8383790745 -0.0275326826
6452 309089.25 113.8384650592 34.085088975 3776802.164668 762013.549676 57.1117931548 0.1118539636 1.116755044 139.2748351332 10.1114344401 -11.821874869 0.0208970954
6453 309089.28 113.8384683499 34.0850857792 3776801.818453 762013.8633834 57.1121803354 -0.0200770809 1.1488345336 139.2049620024 10.1272709744 -11.8095304289 -0.0009770554
6454 309089.35 113.8384760488 34.0850783325 3776801.0118 762014.5972316 57.1134682065 -0.1480682139 1.1588976172 139.0553040859 10.1666068704 -11.7935895222 0.0091323381
6455 309089.42 113.8384837826 34.0850709 3776800.2068 762015.3342630998 57.1105181146 -0.2890649371 1.2246617678 138.9148678637 10.2186209321 -11.7695554839 -0.1025971307
6456 309089.49 113.8384915441 34.085063478 3776799.403055 762016.0738172 57.1027822196 -0.15528696 1.1927438744 138.7725072585 10.244178865 -11.755201468 -0.1250348626
6457 309089.56 113.838499334 34.0850560659 3776798.600462 762016.8159687 57.09372532 -0.0635653094 1.1856536691 138.6238276563 10.2808609654 -11.7287166872 -0.1160681102
6458 309089.63 113.8385071506 34.0850486654 3776797.79924 762017.5605527 57.0876676375 0.0852618432 1.1750410909 138.4689684876 10.3157138644 -11.7218627861 -0.0317108854
6459 309089.7 113.8385149934 34.0850412795 3776796.999696 762018.3075016999 57.0876869531 -0.0903034931 1.2177889751 138.3032488796 10.3569148471 -11.6885918424 0.03290867
6460 309089.77 113.8385228625 34.0850339079 3776796.201809 762019.0568372 57.0893138554 -0.0974667214 1.2873701468 138.1414828126 10.3794339757 -11.6758518375 0.0020697701
6461 309089.84 113.8385307601 34.085026545 3776795.404964 762019.8087813002 57.0887660375 -0.0793742458 1.3626677882 137.9640956474 10.431701987 -11.6573261436 -0.0229766524
6462 309089.91 113.8385386874 34.0850191964 3776794.609785 762020.5634255002 57.0849289074 0.0704543438 1.4797205286 137.792698 10.4656847217 -11.6357957333 -0.0828496012
6463 309089.94 113.838542093 34.0850160495 3776794.269281 762020.8875901998 57.0833222633 0.170420057 1.4834949874 137.7118536463 10.4815259028 -11.6311176056 -0.0488625809
6464 309090.01 113.8385500616 34.0850087249 3776793.476874 762021.6459684002 57.0827264646 0.1882811368 1.5437628534 137.530657376 10.5223438849 -11.5887680498 0.0240448772
6465 309090.08 113.8385580559 34.0850014159 3776792.68625 762022.4066747 57.0865211738 -0.0215597276 1.5660657753 137.3394761559 10.5670215297 -11.5699796735 0.0447526808
6466 309090.15 113.8385660873 34.0849941294 3776791.898228 762023.1707316 57.0871390803 -0.1273095902 1.5771102776 137.1679598186 10.619251725 -11.5232350034 -0.0442768621
6467 309090.22 113.8385741538 34.0849868574 3776791.111903 762023.9379928 57.0838399148 -0.1087117165 1.5380645385 136.9986857452 10.6581885379 -11.5119842393 -0.071914057
6468 309090.29 113.8385822559 34.0849796034 3776790.327669 762024.7084869002 57.0780046163 -0.0802295658 1.47545654 136.8274911806 10.7080350077 -11.4763306277 -0.0932349952
6469 309090.36 113.8385903887 34.0849723658 3776789.545325 762025.4817546 57.0739057381 -0.0831984317 1.3943597842 136.656518181 10.7436959926 -11.4526845015 -0.0448416924
6470 309090.43 113.8385985574 34.0849651465 3776788.7651059986 762026.2582866 57.0708430633 -0.1050798602 1.3321381081 136.4902416006 10.7959165628 -11.4178366941 -0.049054336
6471 309090.5 113.8386067566 34.0849579404 3776787.986439 762027.0375981 57.0672828518 -0.0529469029 1.3016940634 136.3233017887 10.8336935859 -11.4078835858 -0.0598754619
6472 309090.52 113.8386091048 34.0849558833 3776787.764177 762027.2607704 57.0660909787 -0.0287140287 1.2933360671 136.276971969 10.8462417838 -11.4026733507 -0.0693159005
6473 309090.59 113.8386173398 34.0849486943 3776786.987492 762028.0433323001 57.0643790308 -0.0397348548 1.2521260457 136.1065031946 10.8798145411 -11.3758366392 -0.0039154823
6474 309090.66 113.8386256032 34.0849415196 3776786.212465 762028.8284654998 57.0641111238 -0.1005414789 1.2086768369 135.9424828208 10.9209298267 -11.3506855469 -0.0208427757
6475 309090.73 113.8386339036 34.0849343618 3776785.4394230014 762029.6169721 57.0620916216 -0.0895817496 1.1672582117 135.8019953267 10.9744250067 -11.3307434528 -0.0603623361
6476 309090.8 113.8386422328 34.084927217 3776784.667878 762030.4081001 57.0581431538 -0.0740434021 1.1019866249 135.6669195162 11.0055178998 -11.308035055 -0.0764373654
6477 309090.87 113.8386505896 34.0849200878 3776783.898146 762031.2017188001 57.0540853031 0.0769102324 1.049013633 135.5416471712 11.0404910629 -11.2807760448 -0.0463145227
6478 309090.94 113.838658968 34.0849129676 3776783.129476 762031.9973144 57.0516975494 0.1435956372 0.9934719209 135.4060660398 11.0780728335 -11.268905925 -0.0267348759
6479 309091.01 113.8386673669 34.0849058609 3776782.362342 762032.794752 57.0531712612 0.1283215958 0.9381802597 135.2779167488 11.0948449509 -11.2527651511 0.0808157043
6480 309091.08 113.8386757969 34.0848987711 3776781.597175 762033.5950171 57.056328306 -0.0282634656 0.9645232872 135.1478178944 11.1426949371 -11.2168467949 0.0226118111
6481 309091.15 113.8386842481 34.0848916936 3776780.833415 762034.3971983001 57.0567093175 0.1440205361 0.9736970046 135.025918347 11.1525664292 -11.1999491842 -0.0085313748
6482 309091.17 113.8386866652 34.0848896714 3776780.615205 762034.6266278 57.0585555043 -0.1123786183 0.9764148688 134.9752787885 11.1529920797 -11.2138381 0.1007803745
6483 309091.24 113.8386951418 34.0848826106 3776779.853369 762035.4311008 57.0578956502 -0.1155285202 1.018648395 134.8462915146 11.1805808736 -11.1727069184 -0.0532246502
6484 309091.31 113.8387036387 34.0848755583 3776779.092532 762036.2374229998 57.0526884915 0.0376843337 1.1052408694 134.7116880609 11.2093724115 -11.1616007128 -0.0841969754
6485 309091.38 113.8387121555 34.0848685167 3776778.3329300014 762037.0455564 57.0480015827 0.1912654112 1.1020956319 134.564906924 11.2429527934 -11.1406126954 -0.0393598175
6486 309091.45 113.8387206933 34.0848615006 3776777.576208 762037.8555438 57.0490694772 0.0943859406 1.1105619953 134.4179273709 11.2651680744 -11.1041444884 0.0558643406
6487 309091.52 113.83872925 34.0848545031 3776776.82161 762038.667225 57.0534171714 0.0367507112 1.0579939381 134.2700982291 11.2956896146 -11.0679040677 0.0329572458
6488 309091.59 113.8387378375 34.0848475266 3776776.069409 762039.4816796 57.0556199411 0.0011980099 1.0651611249 134.134226402 11.3376183373 -11.0393224849 -0.0023811234
6489 309091.66 113.8387464448 34.0848405675 3776775.319201 762040.2979103002 57.0550076459 0.0140267801 1.0606661393 133.9866527441 11.3577069319 -11.0110037462 -0.0147514042
6490 309091.73 113.8387550703 34.0848336275 3776774.571154 762041.1157635 57.0551987151 0.0357852313 1.0538383352 133.8264235794 11.3805354169 -10.9848229237 0.0112344477
6491 309091.8 113.8387637162 34.0848267047 3776773.82507 762041.9354456 57.0545729436 -0.0636862591 1.0313137203 133.65563567 11.4121278957 -10.9516173282 -0.0327533901
6492 309091.84 113.8387686699 34.0848227595 3776773.399959 762042.4050180998 57.053472342 -0.0837156035 1.0327328977 133.5597525867 11.4348690642 -10.9270989897 -0.0415065466
6493 309091.91 113.8387773543 34.0848158706 3776772.657738 762043.2281595 57.0513424473 0.0294060448 1.0357269016 133.3962671078 11.463431318 -10.9045959212 -0.0619834695
6494 309091.98 113.8387860667 34.0848090038 3776771.918026998 762044.0538087 57.0487798396 -0.0299146189 1.0311799001 133.2303656443 11.5001537531 -10.8641928632 -0.0336347536
6495 309092.05 113.8387948007 34.084802158 3776771.180714 762044.881387 57.048036336 -0.0121376279 1.0429611933 133.0748571926 11.5222070588 -10.838794931 -0.015461096
6496 309092.12 113.8388035573 34.0847953294 3776770.445367 762045.711004 57.0480057402 -0.0252723773 1.0631318323 132.9107799425 11.5600859451 -10.8049213114 -0.0117893391
6497 309092.19 113.8388123346 34.0847885204 3776769.712258 762046.5424748 57.0479249479 -0.1104224071 1.0615641613 132.7422089085 11.5863053012 -10.7732629072 -0.0026706051
6498 309092.26 113.8388211378 34.0847817341 3776768.981717 762047.3762658002 57.046638472 -0.0992464162 1.1099513954 132.5828155376 11.6213793221 -10.7304563623 -0.0451923218
6499 309092.33 113.8388299679 34.084774968 3776768.253503 762048.2124744002 57.0418709889 0.1491723776 1.0885810516 132.4433629451 11.656485098 -10.7110787663 -0.0666243489
6500 309092.4 113.8388388172 34.0847682248 3776767.527869 762049.0503878 57.0409505228 0.2599178245 1.0802150956 132.3017303888 11.6755554861 -10.6648271606 0.0223728259
6501 309092.47 113.8388476805 34.0847615011 3776766.804438 762049.8895306998 57.0458901925 0.225005822 1.0607027603 132.1457572136 11.6937026538 -10.6390975791 0.0892125374
6502 309092.49 113.8388502164 34.0847595833 3776766.5981190014 762050.1296011 57.047712992 0.1819057304 1.0636611242 132.0977413795 11.705477766 -10.633090707 0.0882796932
6503 309092.56 113.8388591088 34.0847528865 3776765.877744002 762050.9713506 57.0534578431 0.0399597019 1.1045224066 131.9532799481 11.7310886853 -10.5975444836 0.0754524531
6504 309092.63 113.8388680165 34.0847462083 3776765.159477 762051.814457 57.0577021465 -0.0370766919 1.0888336561 131.8129626812 11.7456583209 -10.5601512089 0.028921018
6505 309092.7 113.8388769496 34.0847395488 3776764.443347 762052.6598460998 57.0573337479 0.0455220549 1.1217719426 131.6876173815 11.7898461365 -10.5414900592 -0.0283867905
6506 309092.77 113.8388859018 34.0847329009 3776763.7285589986 762053.5069683002 57.0534805693 0.1338454279 1.1460367797 131.5583274275 11.811190501 -10.5311822918 -0.0480937574
6507 309092.84 113.8388948695 34.0847262766 3776763.01643 762054.3554519 57.0528872861 0.2347696722 1.0967319459 131.4305275741 11.8241924748 -10.4739327982 0.0123503866
6508 309092.91 113.8389038499 34.0847196664 3776762.3059 762055.2050571 57.0591525249 -0.017645939 1.0971134624 131.2855280401 11.8427267349 -10.4603256429 0.1059493055
6509 309092.98 113.8389128539 34.0847130765 3776761.597671 762056.0567837 57.062372392 -0.282977101 1.117478139 131.1474682884 11.8847594531 -10.4256353738 -0.0164143416
6510 309093.05 113.8389218823 34.0847065005 3776760.89106 762056.9107218 57.0590655878 -0.2701783424 1.0680899816 131.0260498372 11.9182160461 -10.415939746 -0.0841475713
6511 309093.12 113.8389309291 34.0846999406 3776760.186278 762057.7663036998 57.0516864704 -0.2124799432 1.0988446107 130.9140934331 11.9364742699 -10.3768606404 -0.1139109888
6512 309093.19 113.8389399881 34.0846933919 3776759.482771 762058.6229824 57.0442419378 -0.0458846988 1.022455301 130.7881385482 11.9449992015 -10.3528934043 -0.102061855
6513 309093.26 113.8389490688 34.0846868602 3776758.781205 762059.4816069 57.0408368856 -0.0800516138 1.0158748026 130.6599019981 11.9825437555 -10.3378827353 0.0150755528
6514 309093.33 113.8389581635 34.0846803461 3776758.08163 762060.3414750998 57.0396356117 -0.2095106745 1.0559450391 130.5264039631 11.9990802854 -10.3045836567 -0.0334292772
6515 309093.4 113.8389672727 34.0846738487 3776757.383945 762061.202637 57.0392484786 -0.1679651202 1.0225749998 130.4000494476 12.0155920394 -10.2687658606 -0.0353954266
6516 309093.47 113.8389764039 34.0846673662 3776756.687972 762062.0657706 57.0365208313 -0.1930880566 1.085301594 130.2715200923 12.0445077701 -10.2604445488 -0.0530003504
6517 309093.54 113.8389855508 34.0846608999 3776755.993833 762062.930311 57.0316250129 -0.0422384819 1.0958035595 130.1311597713 12.0734028297 -10.2313000583 -0.0605417566
6518 309093.61 113.8389947089 34.0846544535 3776755.30193 762063.7958257 57.0294323778 -0.0785184598 1.1008661395 129.9749190327 12.0802726525 -10.1953274447 -0.0427682847
6519 309093.68 113.8390038826 34.0846480337 3776754.613024 762064.6627003 57.0300266771 -0.130928849 1.1052476832 129.8278354464 12.1035821936 -10.1470941242 -0.0022482994
6520 309093.75 113.8390130748 34.084641638 3776753.926838 762065.5312002 57.0295865415 -0.2464122608 1.0812945487 129.6816383944 12.1326137072 -10.1176721463 -0.0332776869
6521 309093.82 113.8390222829 34.0846352693 3776753.2436980014 762066.4010928002 57.0252239686 -0.1863700561 1.0493610844 129.5430119688 12.1487731394 -10.0639104482 -0.0836742369
6522 309093.86 113.8390275506 34.0846316396 3776752.854394 762066.8986917 57.0223790882 -0.1596322464 1.019764223 129.4569037689 12.1613508858 -10.053294589 -0.0757464211
6523 309093.93 113.8390367747 34.0846253077 3776752.17538 762067.7699492 57.0190330967 -0.1740805647 1.0110559838 129.2972021695 12.171504307 -10.003996634 -0.0613113715
6524 309094.0 113.8390460097 34.0846190027 3776751.499362998 762068.6421231 57.0169980237 -0.1492933099 1.0250332272 129.1426439868 12.1832991129 -9.9610188689 -0.0683526455
6525 309094.07 113.8390552577 34.0846127204 3776750.825911 762069.515437 57.0140718594 -0.1719177396 1.0613900404 128.97831426 12.2114896422 -9.9318906296 -0.0429779611
6526 309094.14 113.8390645124 34.0846064667 3776750.155646 762070.3892733002 57.0107599525 -0.2057241066 1.0847754708 128.8115123016 12.2127439983 -9.8859763764 -0.0399955612
6527 309094.21 113.8390737754 34.0846002411 3776749.488514 762071.2637973 57.0093915686 -0.2394709396 1.0874341707 128.63836192 12.2294707896 -9.8353100527 -0.040812679
6528 309094.28 113.8390830554 34.0845940476 3776748.824998 762072.1397848 57.007318195 -0.3506373857 1.1334547317 128.4830496448 12.2479281773 -9.7913898519 -0.0367833868
6529 309094.35 113.8390923478 34.0845878824 3776748.164648 762073.0168297 57.0014465209 -0.1971928598 1.1283783643 128.3280532087 12.2643079904 -9.7430550852 -0.1075100795
6530 309094.42 113.8391016503 34.0845817482 3776747.507765 762073.8947206 56.9955501659 0.0001154236 1.1330036803 128.1822854203 12.2703871843 -9.703783839 -0.0646628433
6531 309094.49 113.8391109523 34.0845756437 3776746.854187 762074.7724609 56.9945555786 0.0502085412 1.0667948844 128.0149252855 12.2713990093 -9.6428968326 0.0304389971
6532 309094.51 113.8391136107 34.0845739077 3776746.668348 762075.0232901998 56.9954522401 0.05902024 1.0540726751 127.9719477289 12.2720613719 -9.6174329856 0.0528460612
6533 309094.58 113.8391229155 34.0845678512 3776746.020094998 762075.9011458 56.9999152226 -0.0824022085 1.1002372637 127.8227299577 12.2711015474 -9.5737807166 0.0751791849
6534 309094.65 113.8391322168 34.0845618275 3776745.375476 762076.7785779 57.0031765923 -0.2466093543 1.0792161214 127.6685966812 12.2659175407 -9.5133848502 0.03655431
6535 309094.72 113.8391415091 34.0845558419 3776744.735064 762077.6550630998 57.0038143052 -0.3205375625 1.1118390815 127.5315860218 12.2422969948 -9.4565726391 -0.0272660152
6536 309094.79 113.8391507884 34.0845498933 3776744.098717 762078.5302417 57.0002345629 -0.1796953193 1.1273561299 127.3896552452 12.2294424593 -9.3900012408 -0.0798795674
6537 309094.86 113.8391600455 34.0845439895 3776743.467294 762079.403221 56.9957147688 -0.0184703373 1.194480645 127.2588367841 12.1921791803 -9.3247874482 -0.0440838413
6538 309094.93 113.8391692707 34.0845381301 3776742.840706 762080.2731181 56.9958083825 -0.0064815808 1.1300385498 127.1099437938 12.1487279595 -9.2384365981 0.0435276017
6539 309095.0 113.8391784655 34.0845323272 3776742.2203129986 762081.1400453 57.0021586437 -0.280384764 1.1213088694 126.969310451 12.1030883252 -9.1496353581 0.1198858737
6540 309095.07 113.8391876309 34.0845265748 3776741.6054589986 762082.0040934 57.0055997483 -0.5353775614 1.1353987284 126.8283895871 12.0682276435 -9.0699909062 -0.008187878
6541 309095.14 113.8391967654 34.0845208748 3776740.9963300014 762082.8651218 57.0018896833 -0.4258741677 1.1218351128 126.7024690499 12.022940893 -8.9839691674 -0.0817318415
6542 309095.21 113.8392058615 34.08451522 3776740.392121 762083.7224742 56.9959123079 -0.3274473915 1.1328595005 126.5584184554 11.971938464 -8.9207185151 -0.0762866908
6543 309095.22 113.839207157 34.0845144164 3776740.306269998 762083.8445723002 56.9950761469 -0.3356060281 1.1366554328 126.5363701661 11.9591584426 -8.9061179423 -0.0812414042
6544 309095.29 113.8392162028 34.0845088223 3776739.70867 762084.6970942 56.9911120962 -0.3260641926 1.1167584895 126.3711935557 11.9029990718 -8.8083863494 -0.0252070522
6545 309095.36 113.8392252074 34.0845032857 3776739.117349 762085.5456285998 56.9907613229 -0.4102286576 1.1016564827 126.2031676863 11.8491632796 -8.7134639426 -0.0190193342
6546 309095.43 113.839234176 34.0844978116 3776738.532866 762086.3906466998 56.9896907844 -0.4711671759 1.0579561305 126.0480849658 11.8093136467 -8.625731619 -0.0236695576
6547 309095.5 113.8392431009 34.084492399 3776737.9551 762087.2314415999 56.9859226001 -0.4190412058 1.0424960873 125.9025001331 11.7449697612 -8.529020157 -0.0615146751
6548 309095.57 113.8392519772 34.0844870454 3776737.3837440014 762088.0675729 56.9811976142 -0.2175415054 1.0102255319 125.7581632658 11.6779053125 -8.4335008257 -0.0755211573
6549 309095.64 113.8392607993 34.0844817498 3776736.818696 762088.8985141999 56.9796082145 -0.1371664967 1.0050810343 125.6084848065 11.596018162 -8.3471015203 0.0194282279
6550 309095.72 113.8392708112 34.0844757705 3776736.180836 762089.841428 56.9827709114 -0.1873704332 1.0078344168 125.4132903951 11.5183632893 -8.2322373201 0.0332218343
6551 309095.8 113.8392807546 34.0844698706 3776735.551595 762090.777764 56.9854061324 -0.2285056859 1.1159152997 125.219152781 11.4304150003 -8.1271689319 0.0175501806
6552 309095.88 113.839290625 34.0844640485 3776734.930812 762091.7071308 56.9868531199 -0.2221368636 1.1676448306 125.0151327446 11.3510729892 -8.0111549445 0.0110644599
6553 309095.9 113.8392930804 34.0844626063 3776734.777066 762091.9383087 56.9878611872 -0.2984759733 1.1841590275 124.9601088528 11.3252644303 -7.9835026042 0.0541916801
6554 309095.98 113.8393028643 34.0844568921 3776734.168029 762092.8593439 56.9898285223 -0.4212567988 1.1601706137 124.753156008 11.2594637999 -7.852564422 0.0075372846
6555 309096.06 113.8393125834 34.0844512677 3776733.5688 762093.7741271999 56.9882498998 -0.5205481871 1.1923788622 124.5614518522 11.1799425615 -7.7389602355 -0.0653775423
6556 309096.14 113.8393222328 34.0844457217 3776732.978084 762094.6822362 56.9841573527 -0.5132718051 1.1123072068 124.3676783622 11.0942067121 -7.6206186512 -0.0616181818
6557 309096.22 113.8393318118 34.0844402622 3776732.396787 762095.5835726 56.9792155977 -0.5731041619 1.1043615305 124.1851682303 11.0102895078 -7.515204917 -0.0748327108
6558 309096.3 113.8393413144 34.0844348796 3776731.823837002 762096.4776225 56.9732728321 -0.344352406 1.0406899142 124.000839145 10.9171606467 -7.4019475926 -0.0865922089
6559 309096.38 113.8393507438 34.0844295766 3776731.259524 762097.3646590002 56.9697897118 -0.3238158051 1.1067227031 123.8327125635 10.8434619695 -7.3106039715 -0.0010411016
6560 309096.46 113.8393600879 34.0844243488 3776730.7033379986 762098.2435938001 56.9694647212 -0.219326161 1.0775553776 123.6608383667 10.7325853985 -7.1862287631 0.0475018193
6561 309096.54 113.8393693543 34.084419198 3776730.155512002 762099.1151184 56.9733329946 -0.4403849375 1.1134748142 123.4985450563 10.6494206297 -7.0865504167 0.0269975629
6562 309096.58 113.8393739581 34.0844166509 3776729.884655 762099.5480796 56.9740981683 -0.3896059243 1.1024923074 123.4248062085 10.6048300561 -7.0376246854 0.0321419765
6563 309096.66 113.8393831065 34.0844116155 3776729.349325 762100.4083473 56.9721414642 -0.32287676 1.0775415936 123.3021524112 10.5076190682 -6.9162772494 -0.0472814579
6564 309096.74 113.8393921738 34.0844066511 3776728.821657 762101.2609149 56.9708645958 -0.4101576582 1.0730697818 123.1896436899 10.4211121486 -6.8372693984 -0.006082287
6565 309096.83 113.8394022706 34.0844011463 3776728.236667 762102.2101992 56.9685883792 -0.296201777 1.0333693144 123.06468901 10.3161952995 -6.7367819248 0.0075745474
6566 309096.92 113.8394122873 34.0843957126 3776727.659363 762103.1518766999 56.9658762198 -0.1516196107 1.0323854285 122.9437089584 10.2412180056 -6.6584506058 -0.0175905515
6567 309097.01 113.8394222375 34.0843903343 3776727.088028 762104.0872418 56.9650733089 -0.1407096372 1.0633971397 122.8035336402 10.1715038454 -6.5897361992 -0.0060569107
6568 309097.1 113.8394321318 34.0843850134 3776726.522928 762105.0172695 56.966745195 -0.1471347751 1.1248012781 122.6642430371 10.1285828777 -6.5255713246 0.0243492518
6569 309097.19 113.8394419715 34.0843797504 3776725.96411 762105.9420754 56.9680335494 -0.1060678819 1.1321658217 122.5299680182 10.0701029295 -6.4592984799 0.038490323
6570 309097.28 113.8394517578 34.0843745442 3776725.411468 762106.8617735 56.9703626325 -0.0896035239 1.1804639673 122.4063424107 10.0148192982 -6.3886189825 0.021242292
6571 309097.37 113.8394614967 34.084369388 3776724.864246 762107.7769404 56.971251538 -0.0732735774 1.1614557547 122.276017747 9.9674557707 -6.3243467624 0.006103991
6572 309097.45 113.8394701159 34.0843648471 3776724.382428 762108.5868247 56.972412183 -0.1589086523 1.1879320648 122.1588413607 9.9249982811 -6.2721122754 0.0285605301
6573 309097.54 113.8394797668 34.0843597821 3776723.8450980014 762109.4935804 56.9750545723 -0.2823493064 1.1706837509 122.0239938686 9.8773710793 -6.2138319763 0.0313649003
6574 309097.63 113.8394893698 34.0843547756 3776723.314147 762110.3957432 56.9745273404 -0.3420743309 1.1910956669 121.9069825667 9.8268092786 -6.1327170948 -0.0414990768
6575 309097.72 113.8394989026 34.0843498254 3776722.789251 762111.2912506 56.9710752592 -0.3676424738 1.1818096579 121.7886541708 9.744834044 -6.073439324 -0.0618422206
6576 309097.81 113.8395083636 34.0843449375 3776722.271089 762112.1799286 56.9674603632 -0.3649272267 1.1254324619 121.6800308911 9.6770987806 -5.9817314615 -0.0349584192
6577 309097.9 113.8395177439 34.0843401119 3776721.759644 762113.0609665 56.9656640096 -0.3479048786 1.113516353 121.5825421507 9.5796071421 -5.9155806776 0.0026162542
6578 309097.99 113.8395270423 34.0843353484 3776721.254862 762113.9342479 56.9621862881 -0.1552992625 1.0484164314 121.4867814215 9.4911577018 -5.835548645 -0.0242436799
6579 309098.09 113.8395372649 34.0843301333 3776720.702346 762114.8942615 56.96090014 -0.0736068354 1.0892780974 121.3936208142 9.37792914 -5.7486505114 0.0326763661
6580 309098.19 113.839547363 34.0843249971 3776720.158267 762115.8425434 56.9620318543 -0.1411442591 1.0030707407 121.3060418192 9.2706749504 -5.6526060139 0.01308762
6581 309098.29 113.8395573363 34.0843199494 3776719.623686 762116.7790191 56.9624473229 -0.2132074638 1.0150279927 121.2445931204 9.1374406464 -5.5600558165 -0.0258822549
6582 309098.39 113.8395671725 34.0843149758 3776719.096986 762117.7026101998 56.9625643073 -0.3259947181 0.9706085869 121.1600248324 9.018129878 -5.4660636619 -0.02039815
6583 309098.49 113.839576875 34.0843100883 3776718.579481 762118.6135929 56.9615754047 -0.3366422372 0.9884315729 121.0846590517 8.8909778132 -5.383034723 0.0108391821
6584 309098.59 113.8395864356 34.0843052841 3776718.070872 762119.5112087 56.9599599047 -0.3493359712 0.9569299959 120.9936871812 8.7682404253 -5.2879541107 -0.0018670575
6585 309098.69 113.8395958554 34.0843005683 3776717.571703 762120.3955589002 56.9595827917 -0.5151989759 0.957311951 120.891805224 8.6347032039 -5.1855358094 -0.0083510293
6586 309098.8 113.8396060527 34.0842954843 3776717.033674 762121.3528353 56.9575632671 -0.6070654625 0.9098080752 120.7799476447 8.4832032878 -5.0790492652 -0.0289002985
6587 309098.91 113.8396160765 34.0842905117 3776716.507554 762122.2937473 56.9522782061 -0.4607659605 0.9438062797 120.6659609782 8.3392834284 -4.9658305007 -0.0749397636
6588 309099.02 113.8396259198 34.084285648 3776715.993066998 762123.2176504 56.9445582349 -0.1150786028 0.9433212036 120.5285206616 8.1796251836 -4.8559725034 -0.0353688326
6589 309099.13 113.839635578 34.084280905 3776715.491492 762124.1241002 56.9439969128 -0.1289522825 0.9886968174 120.3675672032 8.0282396593 -4.7280018412 0.0381668304
6590 309099.24 113.8396450553 34.0842762775 3776715.002271 762125.0134778002 56.9497928582 -0.2781394245 0.9859169233 120.2057013856 7.8879203398 -4.6175997525 0.0664634201
6591 309099.36 113.8396552489 34.0842713419 3776714.480695 762125.9699595 56.9518199488 -0.3733288905 0.9667559067 120.033384815 7.7941865342 -4.5280553474 -0.0094323984
6592 309099.48 113.8396653327 34.0842664924 3776713.968401 762126.9160268 56.9481418226 -0.1105953849 0.9794480476 119.865185414 7.7124629412 -4.4552246775 -0.028333668
6593 309099.6 113.8396753151 34.084261722 3776713.464625 762127.8524913 56.945155561 -0.0496929262 1.0006498846 119.7271962517 7.6472220828 -4.3834559911 -0.0025658268
6594 309099.72 113.8396851982 34.0842570257 3776712.968809 762128.7795663 56.9472161727 -0.1420071448 0.9428424499 119.6113544924 7.5630966198 -4.3143826941 0.038149002
6595 309099.84 113.8396949908 34.0842523967 3776712.480235 762129.6980670998 56.9525048863 -0.4676325926 0.8595121656 119.5011002183 7.5015077149 -4.2534172184 0.0377094134
6596 309099.96 113.8397046804 34.0842478378 3776711.999169002 762130.6068383 56.9519382445 -0.5752227307 0.8314440342 119.431691385 7.4047808927 -4.1899011462 -0.0395646767
6597 309100.08 113.8397142401 34.0842433536 3776711.526067 762131.5033931999 56.943523733 -0.2857155433 0.7807674674 119.3801715022 7.2950139209 -4.1057544566 -0.0861649867
6598 309100.21 113.8397244314 34.08423859 3776711.023575 762132.4591276 56.934063972 -0.0033112719 0.8293824248 119.3276083273 7.1511588626 -4.0313750911 -0.0321026441
6599 309100.34 113.8397344075 34.0842339321 3776710.532266998 762133.3946641998 56.9370542401 -0.0123784524 0.8226037513 119.2587081414 6.9991584906 -3.926830131 0.0688447862
6600 309100.47 113.8397441594 34.0842293952 3776710.053808002 762134.3091266998 56.9454386719 -0.3080427832 0.7565642942 119.2068712095 6.8333475147 -3.821866387 0.0530772868
6601 309100.6 113.8397536728 34.0842249852 3776709.588821 762135.2011786 56.9483768307 -0.362410353 0.715405625 119.1525742428 6.6589427845 -3.7175981882 0.0094988605
6602 309100.74 113.8397636369 34.0842203688 3776709.102077 762136.1354716999 56.9470253289 -0.2557086356 0.7403547435 119.0674540331 6.4597043898 -3.6006119662 -0.0174557676
6603 309100.88 113.8397733132 34.0842159047 3776708.631512 762137.0427370998 56.9426100515 -0.1211210726 0.7934648968 118.8889150838 6.2681051369 -3.4814848069 -0.0066489011
6604 309100.96 113.8397787112 34.0842134234 3776708.369994 762137.5488252 56.9446328534 -0.2101847988 0.8947854142 118.7167183896 6.1653333108 -3.4133630662 0.0599014603
6605 309101.11 113.8397885828 34.0842089387 3776707.897638 762138.4741755 56.949048928 -0.3951367989 0.9020452687 118.3624656534 5.97708048 -3.2335066854 0.0240228142
6606 309101.26 113.8397981342 34.0842046741 3776707.448886 762139.3692905 56.9492289051 -0.4873081905 0.8558458979 117.9804028027 5.7809172592 -3.082213 -0.0051606512
6607 309101.42 113.8398079671 34.0842003524 3776706.994514 762140.2905661998 56.9432024788 -0.298625661 0.8132619067 117.6224673587 5.5658177167 -2.9158368346 -0.0351225622
6608 309101.59 113.8398179953 34.0841960207 3776706.539538 762141.2299105 56.9391299244 -0.1284084495 0.6848932271 117.3946454332 5.3326913516 -2.7364317394 -0.0038298488
6609 309101.77 113.8398281126 34.084191674 3776706.083124 762142.1775203 56.9397384161 -0.2319659106 0.7435026994 117.255791692 5.0549544138 -2.6118724245 0.0190619667
6610 309101.96 113.8398382018 34.0841873331 3776705.627288 762143.122524 56.9433039864 -0.3144761157 0.9128894379 117.1153265839 4.7629972229 -2.4400012397 0.0245001291
6611 309102.16 113.8398481992 34.0841830994 3776705.183109 762144.0587256 56.9443939952 -0.1084014287 0.8001468316 117.0463006076 4.4587811614 -2.2727625684 -0.0160698179
6612 309102.37 113.8398579355 34.0841789704 3776704.749871 762144.9704891 56.9366439618 0.1901882831 0.7554673509 116.9416136978 4.0973433581 -2.0838387514 0.0241601252
6613 309102.6 113.8398676003 34.0841748803 3776704.320776 762145.8755293002 56.9498192035 -0.3833745455 0.9679300072 116.854079533 3.6586065625 -1.8524231074 0.0407179333
6614 309102.87 113.8398775052 34.0841707347 3776703.886132 762146.8029089002 56.9542936189 -0.59321115 0.8102609637 116.741974675 3.1081136798 -1.5624144923 0.0408863163
6615 309103.2 113.83988745 34.0841665878 3776703.45145 762147.7339882 56.9537162036 -0.7884824625 0.7434029149 116.6168427399 2.4569514943 -1.2506154717 -0.0493053381
6616 309103.64 113.8398972272 34.0841625314 3776703.026392 762148.6493059 56.9485392068 -0.7589081821 0.8543113154 116.528604879 1.6437896435 -0.8165686106 -0.017962472
6617 309104.64 113.83990695 34.0841585653 3776702.6112 762149.5593149 56.9362263447 -0.6369380518 0.778353382 116.4239303114 0.3089697361 -0.1446426868 0.0017399377
6618 309132.4 113.8399163631 34.0841546667 3776702.202714 762150.4405301998 56.8971490692 -0.1262533243 0.7575424244 116.3680884992 1.1794247577 -0.5863244427 -0.0102104006
6619 309133.0 113.8399260945 34.0841506216 3776701.778783 762151.3515783001 56.8930149944 -0.0806963183 0.8351806056 116.2086021719 1.8034389665 -0.8922539654 -0.0141905605
6620 309133.47 113.8399358696 34.0841466014 3776701.3577269986 762152.2665944 56.887615771 -0.0807020541 0.7833620766 116.0209934552 1.9817659582 -0.9703200669 -0.013002813
6621 309133.93 113.8399457994 34.0841425566 3776700.934333 762153.1959639 56.8827047339 -0.1866576175 0.717307578 115.8090941653 1.9988632839 -0.9759727279 -0.0009568021
6622 309134.24 113.8399525396 34.0841398263 3776700.648638 762153.8267597 56.8799909139 -0.1648944766 0.7132830591 115.6951501598 2.0376445641 -0.9877756542 -0.0073627836
6623 309134.68 113.8399624769 34.0841358414 3776700.231914 762154.7566398 56.8770514466 -0.1599759973 0.7104208798 115.5515561077 2.1345362563 -1.032967894 0.007162908
6624 309135.11 113.8399724499 34.0841318783 3776699.8176980014 762155.6897541998 56.8708834304 -0.2072382661 0.6239215805 115.4300213964 2.1396246197 -1.0232378472 -0.0159514569
