6716 309149.73 113.8408874859 34.0838590068 3776671.884615 762241.0240935 56.666534205 -0.1343402974 0.8538169536 101.2654627706 7.6848086852 -1.5456264634 -0.0440355075
6717 309149.86 113.840898387 34.0838571878 3776671.7107339986 762242.036295 56.6568189729 0.0426446465 0.797927038 101.2440543387 7.7837752962 -1.5593390424 -0.0500059695
6718 309149.99 113.8409094244 34.0838553564 3776671.53584 762243.0611188002 56.6531796483 0.1154121464 0.7295740031 101.2228143588 7.8873946957 -1.5703895213 -0.0159035535
6719 309150.12 113.8409205881 34.0838535116 3776671.3597699986 762244.0976462 56.6496718284 0.2705422031 0.7772227777 101.1935551067 7.970116034 -1.5912018634 -0.0007462896
6720 309150.25 113.8409318724 34.0838516619 3776671.183469998 762245.1453215998 56.6535146302 0.1129840086 0.8122921225 101.1914820441 8.0558203485 -1.5868285598 0.0380223778
6721 309150.38 113.8409432736 34.0838497955 3776671.005627 762246.2038418 56.6564308181 0.0463212071 0.8332280481 101.1628859654 8.1363440567 -1.6137097649 0.000644336
6722 309150.5 113.8409539045 34.0838480514 3776670.839368 762247.190858 56.6533705415 0.1071050329 0.8457140862 101.0706196162 8.215567726 -1.6254963478 -0.0279908848
6723 309150.62 113.8409646424 34.0838463078 3776670.673445 762248.1877624 56.6514328374 0.0362386165 0.834852604 100.9856371663 8.3021751868 -1.6200128106 -0.002164703
6724 309150.74 113.8409754962 34.0838445624 3776670.507615 762249.1953594 56.6524416059 -0.0002809522 0.8386971174 100.9054439439 8.3909922382 -1.6235819668 -0.0160266858
6725 309150.86 113.8409864624 34.0838428148 3776670.341839 762250.2133469 56.6492812419 0.0425962009 0.7348782813 100.8283683625 8.4792731379 -1.6239930057 -0.0478165123
6726 309150.98 113.8409975403 34.0838410664 3776670.176255998 762251.241653 56.6445177523 0.2163423598 0.7341704196 100.7401025111 8.5639441545 -1.6361597948 -0.009909472
6727 309151.1 113.8410087309 34.0838393093 3776670.009989 762252.2803953 56.6438467847 0.206115602 0.6688064974 100.6514032075 8.6558972998 -1.6323544701 0.0091870881
6728 309151.22 113.8410200356 34.0838375515 3776669.843947 762253.3296754 56.6432583155 0.2264924588 0.6314122514 100.5770666064 8.7351092584 -1.6276111273 0.0242226415
6729 309151.34 113.8410314497 34.0838357843 3776669.677144 762254.3890870998 56.6453484828 0.0278133048 0.5802930349 100.4941203791 8.8212027677 -1.640839454 0.0300320192
6730 309151.45 113.8410420205 34.0838341595 3776669.523971 762255.3701837 56.6443718178 -0.1947460991 0.605173545 100.4184056626 8.9108649208 -1.6490948874 -0.0119422859
6731 309151.56 113.8410526908 34.0838325321 3776669.370769 762256.360478 56.6410417054 -0.3142906671 0.5654949625 100.3622582203 8.9931693386 -1.6423558205 -0.0378872639
6732 309151.67 113.8410634673 34.083830901 3776669.21743 762257.3605930002 56.6328079877 -0.2451455061 0.5340935493 100.3037347748 9.0772713134 -1.6559556644 -0.0591347078
6733 309151.78 113.8410743478 34.0838292643 3776669.063736 762258.3703284998 56.62180134 -0.1747754973 0.4714836511 100.2374603406 9.1728358785 -1.6537467008 -0.0796144826
6734 309151.89 113.8410853294 34.0838276257 3776668.910085 762259.3894076 56.6139481161 -0.2915693052 0.4458733793 100.1618372585 9.253174382 -1.660579073 -0.0383389878
6735 309152.0 113.8410964071 34.0838259795 3776668.755849 762260.4173748 56.6091255723 -0.3562442652 0.463475593 100.0639945377 9.335684823 -1.6642626667 -0.0536506431
6736 309152.11 113.8411075875 34.0838243327 3776668.601798 762261.4548370999 56.5976080596 -0.0197097242 0.4947668655 99.9714926058 9.416553041 -1.6643453538 -0.1307123442
6737 309152.22 113.8411188599 34.083822685 3776668.4478980014 762262.5007859 56.5844269088 0.5364500026 0.566908776 99.8601368066 9.4845510842 -1.6627577836 -0.0639373031
6738 309152.33 113.8411302134 34.0838210421 3776668.294725 762263.5542155 56.5843739873 0.8193810983 0.6219032273 99.7552424906 9.5509018063 -1.6571564081 0.0730437003
6739 309152.44 113.8411416475 34.0838194052 3776668.1424300014 762264.6150715002 56.5972285373 0.6564983616 0.660809508 99.6385903977 9.6271880244 -1.6474881047 0.1475454082
6740 309152.55 113.8411531846 34.0838177768 3776667.991349 762265.6854083 56.6113901371 0.2883728829 0.6690568373 99.522704119 9.7220887031 -1.6429878012 0.092370308
6741 309152.66 113.8411648342 34.0838161508 3776667.8408160014 762266.766128 56.6154234856 0.1633428081 0.7032457455 99.4056850814 9.8162216926 -1.6397866911 -0.0094996574
6742 309152.7 113.8411691003 34.083815561 3776667.786311 762267.1618726 56.614241329 0.1889998806 0.6679783718 99.3637150104 9.8538649583 -1.6354805808 -0.034876123
6743 309152.8 113.8411798426 34.0838140952 3776667.6512339986 762268.1583213 56.6086252946 0.3166069347 0.5989556228 99.2716820907 9.9576117144 -1.6242774038 -0.0543791656
6744 309152.9 113.8411906917 34.0838126271 3776667.51617 762269.1646308 56.6069107298 0.3318602313 0.6337796047 99.1601330099 10.053349468 -1.6368878714 0.0368224231
6745 309153.0 113.8412016423 34.0838111591 3776667.381378 762270.1803158001 56.6114964159 0.2112911211 0.6241389482 99.059724677 10.1544405 -1.6279696355 0.04688153
6746 309153.1 113.8412126967 34.0838096933 3776667.2470989986 762271.2055831 56.6126924902 0.1157947063 0.5945270827 98.9628104289 10.2577391895 -1.622755318 -0.0183208174
6747 309153.2 113.8412238621 34.0838082261 3776667.112947 762272.2411008 56.6089044707 0.227425206 0.6296896213 98.8728141741 10.3621696284 -1.6320939827 -0.0272837232
6748 309153.3 113.8412351415 34.0838067533 3776666.978472 762273.2871699 56.6058415854 0.3647922505 0.6405701664 98.779564634 10.4720863552 -1.628940908 0.0033933314
6749 309153.4 113.8412465336 34.0838052876 3776666.8450629986 762274.3436122 56.6062504034 0.409006621 0.5911572752 98.7003555641 10.5740725002 -1.6253467714 0.0280868729
6750 309153.5 113.8412580385 34.0838038182 3776666.711544 762275.4104891998 56.6093793316 0.1829848958 0.6234534766 98.6035205201 10.6790531272 -1.626432352 0.043877677
6751 309153.6 113.8412696663 34.08380235 3776666.578478 762276.4887074 56.611893856 -0.0965300465 0.5985880676 98.5125218673 10.7986712216 -1.6225716627 0.0023506808
6752 309153.7 113.8412814191 34.0838008837 3776666.445932 762277.5784638 56.6070071776 -0.1231183562 0.577164263 98.4219731907 10.9127370207 -1.6231589963 -0.0691231496
6753 309153.8 113.8412932953 34.0837994201 3776666.314001 762278.6796085 56.5950448569 0.0833867853 0.5616786392 98.3487667792 11.0242644311 -1.6243503717 -0.1061917751
6754 309153.86 113.8413004775 34.0837985393 3776666.234707 762279.3455093 56.5890813964 0.1798714442 0.5348204826 98.3004988555 11.0880665439 -1.6282826077 -0.0623031444
6755 309153.95 113.8413113259 34.0837972212 3776666.116281 762280.3512966 56.5856410619 0.2166338294 0.5640009203 98.2280432051 11.1802161706 -1.6263661192 -0.0046284231
6756 309154.04 113.841322266 34.0837958994 3776665.99769 762281.3655646 56.5847111801 0.1962755417 0.591743002 98.1447845654 11.2704431354 -1.629998913 -0.0043649892
6757 309154.13 113.8413332952 34.0837945786 3776665.8794410015 762282.3880561999 56.5848210901 0.0783153942 0.6692252359 98.0323276832 11.3615047593 -1.6223408821 0.0098191017
6758 309154.22 113.8413444133 34.0837932603 3776665.761692 762283.4187479998 56.5834974144 0.0764115136 0.705179475 97.9095089139 11.4537512127 -1.6211309904 -0.0156987366
6759 309154.31 113.8413556172 34.0837919544 3776665.645547 762284.4573226 56.5791168045 0.1262423997 0.7180551762 97.770317089 11.5384898837 -1.5989435537 -0.0584683187
6760 309154.4 113.8413669006 34.0837906663 3776665.531574 762285.5031874 56.5748302238 0.1220756989 0.6712588392 97.6219701732 11.6102420104 -1.573751124 -0.0226689518
6761 309154.49 113.8413782597 34.0837893989 3776665.420091 762286.5559721 56.5736840134 0.0231130597 0.6201263119 97.4683549865 11.6918735388 -1.5452968331 -0.0055900591
6762 309154.58 113.8413896928 34.0837881518 3776665.3110629986 762287.6155339002 56.5715737129 0.0218859823 0.5989380211 97.3164858274 11.7658163644 -1.5259143489 -0.0529181399
6763 309154.67 113.8414011979 34.0837869188 3776665.203777 762288.6817021 56.5655541346 0.0995055331 0.6189912258 97.1480813239 11.8376676511 -1.5033973946 -0.0732261318
6764 309154.76 113.8414127727 34.0837857017 3776665.098432 762289.7542535 56.5614482397 0.1322456481 0.5847836174 96.9658167473 11.913608423 -1.4841224769 -0.0175819665
6765 309154.85 113.8414244129 34.0837845092 3776664.995994 762290.8327640998 56.5616864273 0.1237889093 0.6477950672 96.7873636232 11.9809900519 -1.4622370881 0.0509232793
6766 309154.94 113.8414361197 34.0837833386 3776664.89615 762291.9173600002 56.562828064 0.0975450631 0.6741511593 96.610442436 12.0517670909 -1.426485625 0.0213139749
6767 309155.03 113.8414478937 34.0837821923 3776664.799172 762293.0080804 56.5613077926 0.0930811734 0.6747497431 96.4402671331 12.1083447821 -1.3988635907 -0.0031968416
6768 309155.12 113.8414597352 34.0837810751 3776664.705601 762294.1049513002 56.5577460658 0.1148684517 0.7104279167 96.2748684794 12.1777625136 -1.3650358738 -0.0605653876
6769 309155.21 113.8414716378 34.0837799761 3776664.614212 762295.2074073001 56.5541097838 0.1159865752 0.6909551502 96.0868518597 12.2361963174 -1.3351844879 -0.0196572918
6770 309155.3 113.8414835995 34.0837789086 3776664.526462 762296.3152247 56.5524364589 0.000397715 0.7090767685 95.9132984238 12.3001034396 -1.2978574221 0.0023378431
6771 309155.39 113.8414956174 34.0837778624 3776664.441227 762297.4281623 56.5518131582 -0.098255545 0.6838898706 95.7327677293 12.3548811184 -1.2697582085 -0.0171091098
6772 309155.48 113.8415076932 34.0837768479 3776664.359655998 762298.5463503002 56.5470650271 -0.0202898158 0.6778078804 95.5728341969 12.4157179993 -1.2352753063 -0.0527416421
6773 309155.56 113.8415184687 34.0837759634 3776664.28918 762299.5440667 56.5414675893 0.092701119 0.6171055909 95.4118082887 12.4551058251 -1.2102700772 -0.0559429809
6774 309155.57 113.8415198186 34.0837758547 3776664.280582 762299.6690524 56.540964393 0.0968815143 0.6139659907 95.3915487555 12.4641372752 -1.2040870948 -0.0426040678
6775 309155.65 113.8415306376 34.0837749986 3776664.213356 762300.6706939 56.5381607804 0.1253694548 0.6023875835 95.2378710938 12.5050367193 -1.1712662812 -0.0060264547
6776 309155.73 113.8415414928 34.083774161 3776664.148284 762301.6756307 56.5380646428 0.1184417173 0.6068671109 95.076131758 12.55050646 -1.1501369184 0.0155268015
6777 309155.81 113.8415523815 34.0837733477 3776664.085995 762302.6835823002 56.5386117036 0.081836325 0.5564867502 94.9168513431 12.5811963015 -1.1075809395 0.001313558
6778 309155.89 113.8415633079 34.0837725587 3776664.026499 762303.6949419002 56.5385438912 -0.0356863072 0.5514033099 94.761064988 12.6339669122 -1.0847520318 -0.0212294998
6779 309155.97 113.8415742637 34.0837717902 3776663.969356 762304.708942 56.5367237609 0.0387976926 0.5636673873 94.6046928019 12.6614469698 -1.0517278423 -0.0146387379
6780 309156.05 113.8415852529 34.0837710418 3776663.914526 762305.7259729 56.5342831565 -0.067342734 0.5826190426 94.4380744876 12.7008062315 -1.0228082786 -0.046269954
6781 309156.13 113.8415962679 34.0837703186 3776663.862553 762306.7453129 56.532012254 -0.1767969835 0.6457213637 94.2748251162 12.7278927522 -0.9943793128 0.0235710475
6782 309156.21 113.8416073131 34.0837696157 3776663.812924 762307.7673708 56.5274946494 -0.2850434012 0.6490624608 94.1069566127 12.7633872471 -0.9605230893 -0.083176613
6783 309156.29 113.8416183892 34.0837689374 3776663.766096 762308.7922139 56.518720327 -0.2554230285 0.6981417623 93.9400478594 12.7976402126 -0.9263038103 -0.106967709
6784 309156.35 113.8416267127 34.0837684469 3776663.733044 762309.5622995 56.5114686582 -0.1917190975 0.6780913204 93.8260079946 12.8243369306 -0.8967537457 -0.0979996573
6785 309156.43 113.8416378298 34.083767821 3776663.692137 762310.590767 56.503445724 -0.0812100583 0.6306608541 93.6934387157 12.8415115403 -0.8475604012 -0.0796565233
6786 309156.51 113.8416489701 34.0837672223 3776663.65431 762311.6212883 56.4980795085 -0.0077296643 0.5575896648 93.5597633671 12.8688793113 -0.8195645253 -0.0296338843
6787 309156.59 113.8416601284 34.0837666452 3776663.618925 762312.6534002 56.4959618086 -0.0631245263 0.4614982874 93.4166740815 12.8916084938 -0.7918236485 0.003487343
6788 309156.67 113.8416713032 34.0837660913 3776663.586153 762313.6869713 56.4954390749 -0.2065726868 0.4511242383 93.2761626411 12.9065341583 -0.7530040574 -0.0126285041
6789 309156.75 113.8416825043 34.0837655517 3776663.55505 762314.7229223001 56.4922369709 -0.3362358594 0.4239150631 93.1218042018 12.945910701 -0.743534776 -0.0377779688
6790 309156.83 113.8416937251 34.0837650363 3776663.5266660014 762315.7606211 56.4839159912 -0.280775975 0.3999155868 92.9725898186 12.9640154699 -0.6996444682 -0.1111746611
6791 309156.91 113.8417049694 34.0837645442 3776663.500944 762316.8004226 56.4737391276 -0.2440815619 0.3994300854 92.8247739458 12.9848036413 -0.6702050973 -0.1163003567
6792 309156.99 113.841716231 34.0837640754 3776663.477843 762317.8417378 56.4650799427 -0.1051663709 0.3954781161 92.6777783004 13.0109215188 -0.6332493189 -0.0702484084
6793 309157.07 113.8417275061 34.0837636348 3776663.457905 762318.8842196 56.4588282444 0.0987071926 0.4373837636 92.5517338198 13.0138761081 -0.6046611411 -0.0472855402
6794 309157.15 113.8417387921 34.0837632076 3776663.439492 762319.9276619002 56.4576489301 0.0945382122 0.4804537811 92.410808526 13.0284702672 -0.5828159494 0.0366424221
6795 309157.16 113.8417402031 34.0837631556 3776663.4373449986 762320.0581163 56.4576409049 0.0994191794 0.4566109043 92.391500622 13.028086417 -0.5797475405 0.0215886921
6796 309157.24 113.8417514993 34.0837627551 3776663.421904 762321.1024245 56.4594616881 0.1162003517 0.5313399388 92.2626655816 13.0414086036 -0.5502759343 0.0594132428
6797 309157.32 113.8417628034 34.0837623699 3776663.408201 762322.1474064002 56.4613441098 0.1180024372 0.6234812457 92.1206643248 13.0515833906 -0.5215291587 0.0413690275
6798 309157.4 113.8417741149 34.0837620078 3776663.397073 762323.1930087 56.4631996257 0.0264475742 0.6789699897 91.9923433409 13.0584979705 -0.4876304938 0.0136133908
6799 309157.48 113.8417854344 34.0837616688 3776663.388523 762324.2392739998 56.4626325974 0.054433632 0.6807814069 91.863790727 13.0648034142 -0.4550964122 -0.0152642413
6800 309157.56 113.8417967513 34.083761356 3776663.38288 762325.2852181 56.4614422917 0.0855839114 0.7355888869 91.7449065329 13.0633438163 -0.4254443309 -0.0013709477
6801 309157.64 113.8418080616 34.0837610581 3776663.378867 762326.3305103001 56.4620792093 -0.025800658 0.7334916941 91.6079435948 13.0436367424 -0.4065939781 -0.0046058791
6802 309157.72 113.8418193617 34.08376079 3776663.378144 762327.3747676 56.4629629646 -0.1273634786 0.700196918 91.4756382267 13.0315546978 -0.3615015401 0.0138024069
6803 309157.8 113.8418306441 34.0837605395 3776663.379322 762328.4173361 56.4619903686 -0.0017463236 0.7873971992 91.3375225271 13.0037134306 -0.3518335132 -0.0063178626
6804 309157.88 113.8418419128 34.0837603077 3776663.382553 762329.4585799 56.4598557306 -0.0225228465 0.7578012565 91.2004895156 12.9949136891 -0.3063117822 -0.0079255958
6805 309157.96 113.8418531681 34.0837601019 3776663.388619 762330.4985028001 56.4594991924 0.038967496 0.737662641 91.0668160186 12.976819852 -0.287207377 0.065572097
6806 309157.99 113.8418573857 34.0837600288 3776663.391348 762330.8881796 56.4607837954 -0.1619391929 0.7589344914 91.0054915608 12.977629318 -0.2704515696 0.0379180542
6807 309158.07 113.8418686163 34.0837598513 3776663.400488 762331.9257366002 56.4637043793 -0.2262804019 0.7587382115 90.8841072306 12.9414031524 -0.2370470442 0.0483367053
6808 309158.15 113.8418798383 34.0837596941 3776663.411874 762332.9624393 56.4613083731 -0.417020282 0.6985252293 90.7525208187 12.9406236576 -0.1954503675 -0.069098033
6809 309158.23 113.8418910452 34.0837595644 3776663.426269 762333.9976583 56.453738519 -0.200310473 0.6971960944 90.6291055741 12.9167139195 -0.1676986869 -0.0519614576
6810 309158.31 113.8419022345 34.083759454 3776663.442764 762335.0312022 56.4457113631 -0.1260172456 0.6739045532 90.4867768518 12.8972871474 -0.1352315842 -0.063897852
6811 309158.39 113.8419134053 34.0837593671 3776663.461814 762336.0629544002 56.4430102762 -0.1430460934 0.6571374643 90.3474693686 12.8718854604 -0.1054312679 0.0313875016
6812 309158.47 113.8419245573 34.0837593008 3776663.483097 762337.0929174 56.4424820244 -0.1894116624 0.7007720862 90.2057023845 12.8565944324 -0.0789549957 -0.0168122494
6813 309158.55 113.8419356951 34.0837592509 3776663.506173 762338.1215175 56.4405627595 -0.1758891479 0.7690055262 90.0572090925 12.845368638 -0.0545117646 -0.0342476976
6814 309158.63 113.8419468154 34.0837592221 3776663.531548002 762339.1484295998 56.4369589472 -0.125161383 0.8380044038 89.916669977 12.8200058989 -0.0300460257 -0.0383027193
6815 309158.71 113.8419579175 34.0837592165 3776663.559443 762340.1735939998 56.4342126129 -0.0717188327 0.8858064489 89.7699002121 12.7978217939 0.0100598737 -0.0231623125
6816 309158.79 113.8419690004 34.083759239 3776663.59041 762341.1968936998 56.4325077487 0.0168265467 0.9440661288 89.6448278983 12.77140672 0.0406814395 0.0044994842
6817 309158.82 113.8419731518 34.0837592519 3776663.602503 762341.5801914 56.4324373482 0.009302108 0.9290133559 89.5922833917 12.762497587 0.0499124681 0.0061100707
6818 309158.9 113.8419842091 34.083759308 3776663.637134 762342.6010257 56.4328393405 0.025250378 0.8523170921 89.4651876758 12.7481115184 0.0971008188 0.0282004131
6819 309158.98 113.8419952467 34.083759387 3776663.674256 762343.6199676 56.4342406904 -0.0913916884 0.8405483269 89.340632279 12.7188817561 0.1173761458 0.0249634617
6820 309159.06 113.8420062684 34.0837594825 3776663.713167 762344.6373929 56.4354712134 -0.237602613 0.7929019373 89.2062222996 12.7082902279 0.1460830571 0.0202987476
6821 309159.14 113.8420172774 34.083759603 3776663.754823 762345.6535754001 56.4339984124 -0.3676315014 0.7376221016 89.0842176755 12.6863046673 0.1768583038 -0.018677736
6822 309159.22 113.8420282716 34.0837597433 3776663.798638 762346.6683222 56.4297058675 -0.5068335017 0.7503083165 88.958044622 12.6688328737 0.2086655888 -0.0590041322
6823 309159.3 113.842039254 34.0837599017 3776663.844422 762347.6819266998 56.4222024782 -0.4225305147 0.7185360179 88.836198942 12.6612053019 0.2292251868 -0.0985079985
6824 309159.38 113.8420502211 34.083760079 3776663.892280998 762348.694062 56.412786535 -0.3165401631 0.68241434 88.7086883708 12.6340393074 0.2612915435 -0.0936989284
6825 309159.46 113.8420611717 34.0837602764 3776663.942319 762349.7046051 56.4049255652 -0.1683758021 0.7149890061 88.5919301951 12.6189722577 0.2877806252 -0.0778802451
6826 309159.54 113.8420721039 34.0837604909 3776663.9941980015 762350.7134050998 56.3995112916 0.0537382972 0.6671141658 88.4728999164 12.5994106139 0.3101385778 -0.0372221316
6827 309159.62 113.842083016 34.0837607262 3776664.048348998 762351.7202761 56.398335522 0.1179388492 0.6480374399 88.3546245901 12.5700239663 0.3390140255 0.0316806766
6828 309159.7 113.8420939066 34.0837609795 3776664.104436 762352.7251123 56.4010872152 0.1294608195 0.6206062702 88.2335587249 12.5453042476 0.3627799616 0.0608270501
6829 309159.72 113.8420966274 34.0837610451 3776664.1187 762352.9761487 56.4022341967 0.0719538686 0.6267358433 88.2005528989 12.5506791285 0.3659841005 0.0697696213
6830 309159.8 113.8421074944 34.0837613208 3776664.177216 762353.97873 56.4057545103 -0.0048408937 0.598826587 88.062843892 12.5221344014 0.3971475702 0.0420545568
6831 309159.88 113.8421183452 34.0837616161 3776664.23787 762354.9797576 56.4070738302 -0.0307843392 0.6175656552 87.9222286897 12.5048739799 0.4189438232 0.0042416674
6832 309159.96 113.8421291796 34.0837619332 3776664.300887 762355.9792116998 56.4067611927 -0.0579483315 0.5908506302 87.7635832149 12.4825548621 0.4525520365 0.0031340931
6833 309160.04 113.8421399998 34.0837622749 3776664.36661 762356.9772705998 56.4055989217 -0.177041664 0.5892125496 87.6000076358 12.469584736 0.4877267904 -0.0164338433
6834 309160.13 113.8421521477 34.0837626863 3776664.443476 762358.0977103001 56.4041953767 -0.2892741366 0.6270977725 87.4111204168 12.4457253102 0.5210269942 -0.0325742858
6835 309160.22 113.8421642874 34.083763133 3776664.524236 762359.217288 56.3981083287 -0.1715078097 0.6952730185 87.2382945753 12.4496515493 0.5668639535 -0.1143094545
6836 309160.31 113.8421764088 34.0837635997 3776664.607167 762360.3351164 56.3914476046 -0.0759537086 0.7055450372 87.0378910181 12.4189705782 0.595912891 -0.0641455148
6837 309160.4 113.8421885138 34.0837641078 3776664.694647 762361.4512953 56.3894478362 0.0570425961 0.7542844082 86.8574857911 12.4010606723 0.6431993453 -0.0690671456
6838 309160.49 113.8422006074 34.0837646424 3776664.785049 762362.5663431998 56.3874866162 0.0333458745 0.8648104246 86.6758013563 12.3866332675 0.6826489377 -0.0291229561
6839 309160.53 113.8422059782 34.0837648912 3776664.826458 762363.0615098 56.3876204938 0.0165293128 0.8662114015 86.6069024292 12.3921347679 0.7013782385 0.0165512241
6840 309160.62 113.8422180541 34.0837654764 3776664.922428 762364.1747639 56.3870144952 0.1319951691 0.7875183504 86.4519450966 12.3851566617 0.7339342822 0.0409928604
6841 309160.71 113.8422301235 34.0837660912 3776665.021663 762365.287327 56.3888436183 0.0440652688 0.8351035787 86.3010094692 12.3768263341 0.7755150438 0.0393694661
6842 309160.8 113.8422421929 34.0837667291 3776665.123456 762366.3998255 56.3896746347 0.0024779964 0.8036559044 86.1674647376 12.3784568694 0.8024791188 -0.0001335173
6843 309160.89 113.842254264 34.0837673969 3776665.228582 762367.5123880998 56.3876999235 -0.0239275867 0.7676121194 86.0430135366 12.3779764675 0.8390494464 -0.0396975495
6844 309160.98 113.8422663391 34.083768081 3776665.3355230014 762368.6252632 56.385139104 0.073373798 0.8412393261 85.8902776993 12.3857836315 0.8494340926 -0.0247310766
6845 309161.07 113.8422784218 34.0837687874 3776665.444965 762369.7387773001 56.3830039967 0.2985005849 0.8661419496 85.7422182215 12.3979036582 0.8860055139 0.0025987457
6846 309161.16 113.8422905124 34.0837695218 3776665.557529 762370.8529269 56.3853021394 0.3494746816 0.8903972656 85.5906945531 12.402452003 0.9191550344 0.0618116689
6847 309161.25 113.8423026118 34.0837702831 3776665.673094 762371.9678157 56.39243815 0.237939921 0.9518535465 85.4380178139 12.4145564682 0.9513921049 0.0935181569
6848 309161.34 113.8423147262 34.0837710716 3776665.791728 762373.084001 56.3979971874 0.0725831145 0.9682958931 85.2866994992 12.424205455 0.9904516011 0.0229163095
6849 309161.43 113.8423268603 34.083771893 3776665.9140550015 762374.2019050998 56.3987405337 0.0150101896 0.9572776686 85.1470275767 12.4488802017 1.0270529372 -0.008602717
6850 309161.51 113.8423376652 34.0837726479 3776666.025589 762375.1972723 56.3947673282 0.1917703588 0.9349343526 85.03148414 12.4729252074 1.0579795496 -0.0469216721
6851 309161.59 113.8423484839 34.0837734243 3776666.139548002 762376.1938549 56.3916866155 0.3530802611 0.9066572791 84.9143012195 12.4883017447 1.0896781742 -0.0116830978
6852 309161.67 113.8423593144 34.083774219 3776666.2555620014 762377.1914659 56.3943836158 0.3966610546 0.9287680801 84.8030721967 12.4971084759 1.1066733235 0.0908733092
6853 309161.75 113.8423701574 34.083775028 3776666.373206 762378.1901856 56.4017710155 0.2839717885 0.9204688689 84.6857233961 12.5152482868 1.1379789773 0.1358562769
6854 309161.83 113.8423810165 34.0837758559 3776666.492983 762379.1903373002 56.4080783874 0.1423040509 0.9601839613 84.5826155677 12.5302327486 1.1537021842 0.0655866865
6855 309161.91 113.8423918981 34.0837766998 3776666.614594 762380.1925191 56.4106256515 -0.0019755268 0.9476269182 84.4701939841 12.561484615 1.1862416834 0.0024262316
6856 309161.99 113.8424027982 34.0837775681 3776666.738956 762381.1963368 56.409326477 -0.0596314426 0.9529119802 84.3715686508 12.5888918551 1.2078920595 -0.0289819092
6857 309162.07 113.8424137209 34.0837784534 3776666.865268 762382.2021834 56.4053331967 0.0265325004 0.8966638492 84.2630311086 12.6095560098 1.242570012 -0.0670118079
6858 309162.15 113.842424667 34.0837793651 3776666.994575 762383.2101085 56.4002887076 0.0964585432 0.8892493533 84.1528980803 12.6323132292 1.2746081877 -0.0465313964
6859 309162.23 113.8424356255 34.08378029 3776667.125364 762384.2191329 56.3989513945 0.1584077842 0.8909134304 84.0123878592 12.6379835302 1.288562114 0.0201306199
6860 309162.31 113.8424465999 34.0837812371 3776667.258669 762385.2295620998 56.4006771054 0.1093393067 0.8724996746 83.8648358722 12.6605346108 1.3307948423 0.0329384158
6861 309162.39 113.8424575887 34.0837822098 3776667.394848 762386.2412425998 56.4017767496 0.1119921267 0.8871944002 83.7096996182 12.6752511123 1.3582483571 0.0127366287
6862 309162.47 113.8424685927 34.0837832066 3776667.533744 762387.2542564998 56.4020553967 0.0975537723 0.9060080965 83.5451920834 12.692678917 1.4024308714 0.0198867919
6863 309162.55 113.8424796092 34.0837842341 3776667.676083 762388.2683266 56.4018671829 0.0818139137 0.8919129685 83.3926237612 12.7056573562 1.4417077024 0.019443745
6864 309162.63 113.8424906385 34.0837852883 3776667.821406 762389.2834930002 56.4028634317 -0.067854841 0.8612440699 83.2367391565 12.7164932252 1.4791473167 0.0051905175
6865 309162.71 113.8425016844 34.0837863757 3776667.970469 762390.3000945 56.4006963698 -0.0726910395 0.7826964928 83.0915880307 12.7462886167 1.5266940157 -0.0376495703
6866 309162.79 113.8425127435 34.0837874852 3776668.122008 762391.3178445 56.3964621602 -0.0498394891 0.7741327411 82.9293807909 12.7575294789 1.5448391582 -0.0447554409
6867 309162.87 113.842523817 34.083788624 3776668.276841 762392.336824 56.3912507407 0.0368748488 0.739818415 82.78389414 12.7728942204 1.5981235003 -0.0731839621
6868 309162.95 113.8425348994 34.0837897855 3776668.434216 762393.3565655 56.3893141979 0.1512331627 0.6907163288 82.6272166368 12.7851613636 1.6261117778 0.0094721352
6869 309163.03 113.8425459841 34.0837909738 3776668.594575 762394.3764372 56.3886715965 0.2390416179 0.6617220075 82.4726949805 12.7756114072 1.6645959455 0.0096201251
6870 309163.11 113.8425570669 34.0837921892 3776668.757929 762395.3960449002 56.3914548336 0.2460378312 0.6960070009 82.3137954925 12.7774542565 1.6964513486 0.0604707798
6871 309163.16 113.8425639937 34.0837929614 3776668.861417 762396.0332705998 56.3933626143 0.2577887361 0.6906692112 82.2097364553 12.7811974977 1.7213118076 0.0464943296
6872 309163.24 113.8425750716 34.0837942176 3776669.029301 762397.0523059 56.3968767533 0.2261268767 0.7138132514 82.0603785357 12.7692184558 1.7471652579 0.0414167043
6873 309163.32 113.842586137 34.0837954955 3776669.199541 762398.0701158001 56.4006239381 0.1721219804 0.6969959124 81.8970222695 12.7545734455 1.7839721344 0.0321904283
6874 309163.4 113.8425971889 34.0837967988 3776669.372578 762399.0865948001 56.4046636717 -0.0233456733 0.7301260395 81.7380169472 12.7380863941 1.8125262957 0.0620433374
6875 309163.48 113.842608226 34.0837981247 3776669.548077 762400.1016486 56.4060754329 -0.0521712113 0.7232997402 81.5732028319 12.7214533712 1.8510676288 0.0024979983
6876 309163.56 113.8426192482 34.0837994774 3776669.726523 762401.1152434 56.405301882 -0.132423237 0.7189678048 81.415793901 12.7062698085 1.8833360212 -0.013409848
6877 309163.64 113.842630253 34.0838008557 3776669.907759 762402.1271456998 56.401273259 0.0483284969 0.689238966 81.2489665378 12.678590729 1.9228430142 -0.0465367242
6878 309163.72 113.8426412332 34.0838022591 3776670.091711 762403.1366978 56.3992219726 0.1802119884 0.7064062322 81.0816277646 12.6543304357 1.9558657247 0.0024635031
6879 309163.8 113.8426521897 34.0838036856 3776670.278169 762404.1439975002 56.4007200599 0.3066442039 0.726564551 80.9085916729 12.6183094112 1.9821316276 0.0471083892
6880 309163.88 113.8426631159 34.0838051327 3776670.466842 762405.1484264 56.4074037159 0.2473516655 0.776069435 80.7352203334 12.5874270778 2.0137684415 0.1114036514
6881 309163.94 113.842671296 34.083806233 3776670.609968 762405.900365 56.412537369 0.1655624546 0.7875953869 80.5995957358 12.569550216 2.0388380507 0.0797495457
6882 309164.02 113.8426821795 34.0838077197 3776670.80292 762406.9007358 56.4178937143 0.0993696029 0.8041186599 80.4169320883 12.5405723248 2.0723337362 0.0757085474
6883 309164.1 113.8426930397 34.0838092332 3776670.998789 762407.8988746 56.4213682776 0.0038233946 0.8422667333 80.2480484749 12.5112543578 2.1112687856 0.028878171
6884 309164.18 113.8427038796 34.083810772 3776671.197411 762408.8950506998 56.4225321617 -0.0886031436 0.8156835359 80.0862913488 12.491998022 2.1483355141 0.0079330365
6885 309164.26 113.8427146958 34.083812342 3776671.399438 762409.8889486998 56.4217217611 -0.1519959525 0.7500224575 79.9513269154 12.4594206558 2.1917110963 -0.0120968247
6886 309164.34 113.8427254915 34.0838139316 3776671.603587 762410.880898 56.4197715027 -0.175649654 0.7235912428 79.8117011111 12.438665135 2.2129194318 -0.039955647
6887 309164.42 113.8427362682 34.0838155393 3776671.809696 762411.8710275 56.4156237962 -0.0635397522 0.6816367413 79.6726518912 12.4192873392 2.2379543516 -0.0411098264
6888 309164.5 113.8427470216 34.0838171632 3776672.017547 762412.858964 56.4125545602 0.0055995493 0.692427954 79.5301251158 12.3880173992 2.2580569655 -0.0157071612
6889 309164.58 113.8427577504 34.0838188051 3776672.227329 762413.8445695 56.4123749053 0.0348480761 0.7113586245 79.3965914449 12.3587937059 2.2883841967 0.03247585
6890 309164.66 113.8427684547 34.083820464 3776672.43893 762414.8278590002 56.4142451519 0.0370691847 0.739377905 79.2689715418 12.3319752825 2.3073554559 0.0284655596
6891 309164.74 113.8427791341 34.0838221406 3776672.652434 762415.8087975002 56.4148697304 0.1520499241 0.7210928708 79.1516155156 12.3006752071 2.3392334646 -0.0066430504
6892 309164.82 113.8427897853 34.0838238351 3776672.867858 762416.7870689002 56.415849207 0.2653923905 0.7078683889 79.0396688622 12.268614111 2.3525083977 0.0436989629
6893 309164.91 113.842801733 34.083825756 3776673.111732 762417.8843638998 56.4210245805 0.2020263486 0.6776104065 78.8984291525 12.2318392951 2.3778355185 0.0762445444
6894 309165.0 113.8428136414 34.0838276967 3776673.357706 762418.9779708 56.4288024055 -0.0553175511 0.6827610279 78.7507419041 12.1909530725 2.3966298314 0.0881619451
6895 309165.09 113.8428255177 34.0838296568 3776673.605746 762420.0685488002 56.4328097692 -0.2175881155 0.7101323958 78.5854957989 12.1612707823 2.4253865825 -0.0096098899
6896 309165.18 113.842837361 34.0838316421 3776673.8565050014 762421.1560009 56.428035751 -0.0352977696 0.6719062773 78.4222393379 12.1215679494 2.4535683991 -0.0741939884
6897 309165.27 113.8428491544 34.0838336492 3776674.109556 762422.2387818 56.4240221828 0.0867797524 0.6530604545 78.2655345619 12.0558110825 2.4796590795 -0.0009911233
6898 309165.36 113.8428608776 34.0838356752 3776674.364511 762423.3150243 56.4276098311 0.0055028275 0.5992963897 78.1281889303 11.9733364992 2.4961774831 0.0786537911
6899 309165.45 113.8428725116 34.0838377092 3776674.620143 762424.3829989 56.4321533572 -0.0462629035 0.589166616 77.9840670812 11.8751561843 2.507883387 0.0277134785
6900 309165.54 113.8428840351 34.0838397509 3776674.876332 762425.4407488 56.4332937524 0.0346597912 0.6023364867 77.8576583116 11.7480802629 2.5092544409 -0.0069748707
6901 309165.6 113.8428916494 34.0838411109 3776675.046832 762426.1396413 56.4342901725 0.0387249887 0.567248204 77.7716123146 11.6631133546 2.5057870389 0.0256934992
6902 309165.69 113.8429029581 34.0838431533 3776675.30255 762427.1775521998 56.4390901094 0.0018999165 0.5165800765 77.6475640536 11.5220741431 2.5148685896 0.0511376616
6903 309165.78 113.8429141329 34.0838451926 3776675.55758 762428.2031184 56.4439203944 0.0506066984 0.5507427776 77.5267447242 11.3883810167 2.5023793868 0.050721919
6904 309165.87 113.8429251715 34.0838472228 3776675.811247 762429.2161255998 56.4476356646 0.1069456515 0.5669435408 77.4102084792 11.240577135 2.4916024554 0.0588443778
6905 309165.96 113.8429360658 34.0838492439 3776676.063535 762430.215841 56.4531710194 -0.010945946 0.6081844224 77.2889428163 11.0936442698 2.4751680308 0.0906725231
6906 309166.05 113.8429468138 34.0838512557 3776676.314424 762431.2020817 56.4601004291 -0.2352415427 0.6103958655 77.1571938194 10.9380275047 2.4736691034 0.0491639627
6907 309166.14 113.8429574015 34.0838532639 3776676.564493 762432.1735231 56.4623586992 -0.268148584 0.659013459 77.0429948258 10.7680874454 2.4599945377 0.0114064662
6908 309166.24 113.8429689686 34.0838554803 3776676.840191 762433.2347551 56.4604624398 -0.146738205 0.6123132771 76.92140976 10.5740369541 2.4464335384 -0.0341282816
6909 309166.34 113.8429803051 34.083857687 3776677.114216 762434.2747299 56.4586091619 -0.0290348054 0.5720183609 76.8114689085 10.3582594741 2.4276091362 0.0168976376
6910 309166.44 113.8429914056 34.083859861 3776677.384006 762435.2930165 56.4623737 -0.1288013239 0.5749961233 76.6682782339 10.1320801897 2.3961433195 0.0305448676
6911 309166.54 113.8430022599 34.0838620098 3776677.650362 762436.2886416998 56.467404075 -0.1652583757 0.612295904 76.5436463746 9.910139383 2.3671082693 0.0160807528
6912 309166.58 113.8430065312 34.0838628593 3776677.755609 762436.6804211 56.4680936979 -0.04516772 0.5781089 76.4876759503 9.8170584235 2.340596599 0.0440069589
6913 309166.69 113.8430180665 34.0838651762 3776678.042377 762437.7384149 56.4696974196 -0.0046620398 0.6087454612 76.3282470088 9.5540286729 2.311873301 0.0541305462
6914 309166.8 113.8430292835 34.0838674514 3776678.323705 762438.7671420998 56.4767705202 -0.2631776784 0.6845084827 76.1454046838 9.2847962382 2.2711844339 0.104905924
6915 309166.91 113.8430401874 34.0838696995 3776678.601203 762439.7670438002 56.482741422 -0.3838380706 0.6596731725 75.984832686 9.0198282295 2.2484282654 0.0279350949
6916 309167.02 113.8430507768 34.0838719073 3776678.873438 762440.7380210998 56.4821182974 -0.2432092841 0.7611341727 75.8096213313 8.7515536191 2.1920558132 -0.0154004369
6917 309167.14 113.8430619792 34.0838742668 3776679.164069 762441.7651456 56.4798489762 -0.1647559189 0.7601398884 75.619787754 8.4651469484 2.1657808063 -0.007578982
6918 309167.26 113.8430727951 34.0838765893 3776679.449615 762442.7566908002 56.481409261 -0.2969050074 0.7442243586 75.4424466112 8.1691246983 2.117115932 0.0420034368
6919 309167.39 113.8430840855 34.0838790434 3776679.750982 762443.7916439 56.4872824317 -0.4522290271 0.7464920137 75.2574105691 7.8573225556 2.0653608222 0.0199474098
6920 309167.52 113.8430949348 34.083881436 3776680.044381 762444.7860513 56.4861748824 -0.3822140894 0.7062730803 75.1263500647 7.5490227627 2.0102533941 -0.0405860977
6921 309167.58 113.8430998018 34.083882518 3776680.176971 762445.2321165 56.4839294851 -0.3415771383 0.6884277483 75.0696926308 7.4198692352 1.9854837488 -0.0377980899
6922 309167.72 113.8431108734 34.0838849962 3776680.480443 762446.2467987 56.4809418954 -0.3156468272 0.6179479012 74.9567215379 7.1760744284 1.9330401152 0.007491613
6923 309167.86 113.8431215959 34.083887411 3776680.775986 762447.2294327 56.4825496646 -0.4879098408 0.6282292197 74.8534256434 6.9538000562 1.8831191905 0.0069775248
6924 309168.01 113.8431327104 34.0838899297 3776681.084065 762448.2479386998 56.4814776694 -0.4953197423 0.6785276711 74.7610145094 6.7087539528 1.8271497885 -0.0127279494
6925 309168.16 113.8431434253 34.0838923764 3776681.383122 762449.229772 56.4753881414 -0.3797748891 0.6792683699 74.6180780655 6.4622601026 1.781013923 -0.0401313569
6926 309168.32 113.8431544047 34.0838949167 3776681.693261 762450.2357394 56.4693219578 -0.1837083881 0.6281859411 74.4609132661 6.1939880719 1.7348656272 -0.0076648937
6927 309168.48 113.8431649165 34.0838973699 3776681.992525 762451.1987987 56.469119384 -0.117107218 0.6396832715 74.3058042494 5.9279439233 1.6697570551 0.0059975851
6928 309168.65 113.8431755721 34.0838998859 3776682.299123 762452.1749483001 56.4703014046 0.01231581 0.654353716 74.1515777548 5.6380865424 1.6167915445 0.0087734113
6929 309168.83 113.8431862857 34.0839024499 3776682.611202 762453.1562955999 56.4727627868 0.1410603083 0.6294363248 73.9755637589 5.3508200402 1.5448087476 0.0142879501
6930 309169.02 113.8431970002 34.0839050407 3776682.926257 762454.1376513 56.4772929233 0.1939709755 0.6442082927 73.7963324308 5.0481618602 1.4785427706 0.0445700537
6931 309169.22 113.8432075677 34.0839076169 3776683.239309 762455.10548 56.487378818 0.064537015 0.6275217356 73.6799519486 4.714327867 1.3871661302 0.0449602106
6932 309169.25 113.8432090904 34.0839079882 3776683.2844300014 762455.2449284 56.4884876106 0.0384410684 0.6106462104 73.6565136668 4.6649931134 1.3748310914 0.0298022159
6933 309169.47 113.8432197416 34.0839106103 3776683.602799 762456.2203455998 56.4944008868 0.0050095744 0.6156786253 73.5239366028 4.2845046014 1.2767749776 0.0429112382
6934 309169.71 113.8432303285 34.0839132281 3776683.920519 762457.1898305998 56.5000686124 0.0797635133 0.7088133578 73.4049353912 3.8723432605 1.16192378 0.0285224173
6935 309169.98 113.8432409524 34.0839159004 3776684.244394 762458.1625599 56.5033186218 0.0001245957 0.6327895846 73.2858525792 3.3971360631 1.0515026391 0.0136086404
6936 309170.29 113.8432514493 34.0839185371 3776684.563979 762459.1236846 56.5113540627 -0.2253675074 0.6614885458 73.1428656361 2.8560506941 0.8682815172 0.0350671636
6937 309170.67 113.8432619963 34.0839212079 3776684.887485 762460.0893165 56.5122424979 -0.1476621003 0.7398128629 73.009349537 2.3440550999 0.7394763046 -0.0017106743
6938 309171.12 113.8432725188 34.0839239022 3776685.213533 762461.0526197 56.5105752861 -0.0081777123 0.7219926921 72.9380853601 1.9028479176 0.590176691 -0.0031631825
6939 309171.74 113.843282942 34.0839264891 3776685.527405 762462.0070851998 56.5071179457 0.1099205516 0.7988257426 72.8374785895 1.1774923057 0.3739404826 -0.0018073591
6940 309173.8 113.8432933339 34.0839291176 3776685.845816 762462.9585379001 56.5022692792 0.4708130783 0.7974649067 72.6928683087 0.5451227833 0.1753663034 -0.017653182
6941 309174.68 113.8433037287 34.0839317755 3776686.167499 762463.9101540998 56.5010970076 0.8441376203 0.8032997959 72.5410257229 1.744422206 0.5484082913 -0.0055887108
6942 309175.14 113.8433142304 34.0839345028 3776686.497158 762464.8714420998 56.5063370671 0.874076572 0.8063902612 72.4196199834 2.4820526645 0.7880874502 0.0019632987
6943 309175.5 113.8433247598 34.0839372396 3776686.8279410014 762465.8352479 56.5205680225 0.483459373 0.7664680315 72.2603207732 2.8722713622 0.9076277679 0.0189927393
6944 309175.83 113.8433351239 34.0839399467 3776687.155003 762466.7838803 56.5305304015 0.1486688414 0.7875816347 72.0953877048 2.8876077328 0.9253250354 0.0220443829
6945 309175.85 113.8433357481 34.0839401112 3776687.174863 762466.8410118 56.530976085 0.14200864 0.776210563 72.0840782901 2.8813567098 0.9233047807 0.0191721544
6946 309176.19 113.843346115 34.0839428902 3776687.5099120014 762467.7896838002 56.5341726011 -0.0931724189 0.6483263533 71.9413105114 2.6967344564 0.8754518562 0.0105552766
6947 309176.57 113.8433564962 34.0839457106 3776687.849589 762468.7395507 56.5336904703 -0.1530746541 0.6763166893 71.781991427 2.355698113 0.7749826496 0.0138531999
