7038 309188.12 113.8442553023 34.0842746733 3776726.66726 762550.7169364 56.6341460952 0.2704918162 0.7287206041 59.682690958 9.9407734931 5.7590920549 0.0425591484
7039 309188.18 113.8442617641 34.0842777987 3776727.0307269986 762551.3039430998 56.6365770223 0.2408194028 0.7294040116 59.5613586395 9.9401721258 5.7896819695 0.0469223876
7040 309188.27 113.844271465 34.0842825195 3776727.5795620014 762552.1851181998 56.639091053 0.3238797717 0.7370496279 59.3870129696 9.9568923796 5.8335742624 0.0220385778
7041 309188.36 113.8442811745 34.0842872785 3776728.132664 762553.0669604 56.6414120412 0.3736287325 0.7249124037 59.2057812831 9.9638667047 5.8849327671 0.0522722953
7042 309188.45 113.8442908861 34.0842920788 3776728.690357 762553.9488753 56.6472077407 0.2442646085 0.6839073883 59.0354988289 9.969050814 5.9388518035 0.0813685913
7043 309188.54 113.8443006077 34.0842969208 3776729.252702 762554.831585 56.6516472464 0.1826186635 0.6107217969 58.8664103146 9.9839924559 5.9887527916 0.0170349188
7044 309188.63 113.8443103438 34.0843017996 3776729.819167 762555.7155173002 56.6513944147 0.2381325711 0.5902552523 58.6989412437 9.9950542197 6.0314183514 -0.0257192976
7045 309188.72 113.8443200956 34.0843067128 3776730.38949 762556.6007886998 56.6499610459 0.368425852 0.591418337 58.5292994563 10.0125864028 6.0721016024 -0.0001012664
7046 309188.81 113.8443298567 34.0843116617 3776730.963805 762557.486816 56.6527091423 0.3746376959 0.5748758877 58.3600439799 10.017768551 6.1201869956 0.0532502798
7047 309188.9 113.8443396281 34.0843166461 3776731.542079 762558.3736755998 56.6589551056 0.2729710112 0.6035933465 58.193651314 10.0307456198 6.1618266864 0.0673585235
7048 309188.97 113.8443472351 34.0843205491 3776731.994782 762559.0640289 56.662597103 0.291583549 0.6127603168 58.0730629485 10.0357857489 6.1997507606 0.0274012549
7049 309189.06 113.8443570263 34.0843255999 3776732.580473 762559.9525196 56.6647638837 0.2959690509 0.61836168 57.9218027563 10.0479029907 6.239595934 0.0161770756
7050 309189.15 113.8443668291 34.0843306852 3776733.170024 762560.8419676998 56.6672657412 0.2293142071 0.5858843298 57.7669143244 10.0608888645 6.2964332292 0.0365998042
7051 309189.24 113.8443766419 34.0843358085 3776733.763827 762561.7322226998 56.6710087927 0.1053216144 0.6074753565 57.6149677988 10.07317093 6.3359953793 0.0151662625
7052 309189.33 113.844386471 34.0843409662 3776734.3614879986 762562.623884 56.671443982 0.0648652362 0.5915498787 57.4622916743 10.0875692084 6.3865371704 -0.0186777765
7053 309189.42 113.8443963115 34.0843461642 3776734.96364 762563.5164684 56.6695634453 0.1121676208 0.5698756085 57.3250661006 10.1002894131 6.425440853 -0.0237377651
7054 309189.51 113.844406164 34.0843513948 3776735.56945 762564.410058 56.6688512582 0.0995184202 0.5370614248 57.1764861803 10.1096886746 6.4681047777 0.0056716889
7055 309189.6 113.8444160253 34.0843566627 3776736.179418 762565.3043453 56.6694916459 0.1897192359 0.5137455088 57.0377897034 10.119005321 6.5128715661 0.005293546
7056 309189.69 113.8444259005 34.0843619632 3776736.793039 762566.1998206 56.6684811926 0.4136570992 0.5417525717 56.8906532132 10.1334862306 6.548735319 -0.0130698602
7057 309189.78 113.8444357818 34.0843672961 3776737.410276 762567.0957564 56.6712641064 0.5393620214 0.544657766 56.749589404 10.1362523071 6.5917734014 0.0745525452
7058 309189.82 113.8444401745 34.0843696748 3776737.685547 762567.4940130998 56.6753103938 0.4744117126 0.5690402238 56.6832004288 10.1396265088 6.6018750248 0.1178192046
7059 309189.91 113.8444500638 34.0843750492 3776738.307409 762568.3905628 56.6863973662 0.2469900595 0.606325175 56.5176780962 10.1442785382 6.6466999064 0.099698745
7060 309190.0 113.8444599616 34.0843804616 3776738.933511 762569.2877696998 56.6925042579 0.1277273101 0.6483879744 56.364216479 10.160415847 6.6965020239 0.0215578698
7061 309190.09 113.844469864 34.0843859177 3776739.564472 762570.1852688001 56.6912951348 0.2504834177 0.6159160305 56.2126494321 10.1559908897 6.7466400045 -0.0325506801
7062 309190.18 113.8444797674 34.0843914197 3776740.200528 762571.0827293 56.6888326164 0.3727130987 0.5861611618 56.064879642 10.1587997577 6.791490326 -0.013850677
7063 309190.27 113.8444896761 34.0843969536 3776740.84015 762571.9805695 56.6915117009 0.368462851 0.5711501976 55.9079154504 10.1679022117 6.8303635606 0.0785176032
7064 309190.36 113.8444995877 34.0844025245 3776741.483876 762572.8785669 56.6983599262 0.3056240081 0.5866330878 55.7605658664 10.1743174268 6.8732927276 0.0747434642
7065 309190.45 113.8445095081 34.0844081251 3776742.130917 762573.7772781998 56.7033730512 0.2073668794 0.6163425531 55.5990990627 10.1802847078 6.9143952933 0.0310230063
7066 309190.54 113.8445194332 34.0844137605 3776742.781832 762574.676326 56.7060420569 0.2155474267 0.7041443376 55.4468464922 10.1798107675 6.952831245 0.0436743513
7067 309190.58 113.8445238494 34.0844162736 3776743.072086 762575.0763385 56.7061684234 0.1909086188 0.7388997202 55.3751211898 10.1992768878 6.9670516327 -0.0365779521
7068 309190.67 113.8445337834 34.0844219582 3776743.728484 762575.9760531 56.7066072943 0.3073174462 0.7575105498 55.241455539 10.2003362063 7.0147084238 0.0246878846
7069 309190.76 113.8445437218 34.0844276767 3776744.388664 762576.8760697 56.7083830116 0.456627398 0.7653704639 55.0997005492 10.2085827092 7.0580048602 0.0341234122
7070 309190.85 113.8445536668 34.0844334292 3776745.052632 762577.7765814 56.7131318506 0.4203234049 0.7737057502 54.9755281519 10.2063138217 7.0990012907 0.0851356672
7071 309190.94 113.8445636171 34.084439216 3776745.720414 762578.6774868 56.7198783169 0.2267096764 0.7531614122 54.8570351763 10.2089758406 7.139979235 0.0510703853
7072 309191.03 113.8445735766 34.0844450366 3776746.391972 762579.5791296 56.7256773021 0.0244334729 0.7369197609 54.7460079632 10.2227912646 7.1871357765 -0.0051402769
7073 309191.11 113.8445824463 34.0844502324 3776746.991399 762580.3820778001 56.723596829 0.1848680593 0.6777247651 54.6459302001 10.2465776664 7.2158062611 -0.0354425585
7074 309191.19 113.8445913227 34.084455454 3776747.5936980015 762581.1855666 56.7196403267 0.2968851134 0.6061572048 54.5411761204 10.2371349472 7.2580021188 -0.0441962353
7075 309191.27 113.8446002063 34.084460702 3776748.198946 762581.9896409998 56.7203880437 0.2457648398 0.6459764618 54.4429164583 10.2585109288 7.2868705922 0.0449853778
7076 309191.35 113.8446091025 34.0844659697 3776748.806417 762582.7948123 56.724662819 0.2347269829 0.5679391923 54.3329780271 10.2725512497 7.3230326642 0.0598946909
7077 309191.43 113.8446180059 34.0844712694 3776749.417457 762583.6005464002 56.7284299517 0.1143431718 0.5360331382 54.2347318758 10.280472518 7.3656807893 0.0173901826
7078 309191.5 113.8446258089 34.0844759241 3776749.954078 762584.3066748 56.7302421294 0.1419783183 0.5709478588 54.1362928362 10.3014973738 7.3865824344 0.036514676
7079 309191.58 113.8446347387 34.0844812682 3776750.5701129986 762585.1147148 56.7303930512 0.2557027308 0.5337266024 54.0319074589 10.3063546378 7.4275302128 -0.0209810353
7080 309191.66 113.8446436776 34.0844866424 3776751.189508 762585.9234989 56.7293838467 0.3946642247 0.519519117 53.9358463098 10.3141841453 7.4662339502 -0.004116959
7081 309191.74 113.8446526227 34.0844920379 3776751.811288 762586.7327925 56.7326024119 0.439166 0.5348809273 53.8441667123 10.3242601134 7.4949374609 0.078077687
7082 309191.82 113.8446615796 34.0844974563 3776752.4356370014 762587.5430997 56.739641049 0.2381903856 0.5468975088 53.7449281299 10.3384121035 7.5269368892 0.0905534911
7083 309191.9 113.8446705489 34.0845029009 3776753.062924 762588.3544729998 56.7455474166 0.1574461074 0.6215649775 53.6494958031 10.361389673 7.5659189907 0.0420818826
7084 309191.98 113.8446795371 34.084508372 3776753.693205 762589.167516 56.7453705305 0.2626873563 0.666155093 53.5400711164 10.3798839485 7.6024628501 -0.0496387513
7085 309192.06 113.8446885373 34.0845138712 3776754.326632 762589.9815716 56.7441307092 0.3506847427 0.6910417295 53.4186397674 10.3914306147 7.6462714169 -0.0026094404
7086 309192.14 113.8446975426 34.0845194003 3776754.963382 762590.7960093 56.7478408506 0.2717974205 0.7268559091 53.2941555623 10.3956084712 7.6856212164 0.078925582
7087 309192.22 113.8447065569 34.0845249599 3776755.603558 762591.6111890002 56.7535369871 0.0628778429 0.7662823346 53.1664707639 10.4040149302 7.7339332024 0.023942468
7088 309192.3 113.8447155817 34.0845305565 3776756.247858 762592.4272116 56.7529805265 0.1400758092 0.7813500857 53.0483106088 10.4235258961 7.7791696263 -0.0368359629
7089 309192.36 113.8447223581 34.0845347708 3776756.7329730014 762593.0399011999 56.7507169656 0.2116343103 0.7995475794 52.9503546424 10.4324765149 7.8019257545 -0.0239612024
7090 309192.44 113.8447313991 34.0845404175 3776757.382865 762593.857279 56.7503354289 0.2469197571 0.8005213448 52.8251266874 10.4346115933 7.8513894617 0.0150463708
7091 309192.52 113.8447404448 34.0845460935 3776758.036035 762594.6749886 56.7531563016 0.1803380307 0.8330856402 52.6949137551 10.4461780853 7.8863671383 0.0333576596
7092 309192.6 113.8447494964 34.0845517999 3776758.692587 762595.4931576998 56.7561961915 0.1261966288 0.8394048077 52.5697831582 10.45484316 7.9352710507 0.0232497954
7093 309192.68 113.8447585527 34.0845575351 3776759.352356 762596.3116634 56.7583977086 0.0915146486 0.863325494 52.4474848077 10.462017495 7.9722380836 0.0106190918
7094 309192.76 113.8447676149 34.0845633 3776760.01543 762597.1306236 56.7575252615 0.1233707403 0.8245138123 52.3251668299 10.4546532798 8.0131762294 -0.0284004633
7095 309192.84 113.8447766808 34.0845690961 3776760.681976 762597.9498365 56.7557946397 0.1847755836 0.8257781701 52.1961687062 10.4621837459 8.0517677181 -0.0322589783
7096 309192.92 113.8447857462 34.0845749195 3776761.351548 762598.7689061 56.7558378978 0.2255844584 0.7995708363 52.057664525 10.4578173787 8.0967429577 0.0210916861
7097 309193.0 113.8447948103 34.0845807709 3776762.0242199986 762599.5877779 56.7583321333 0.1205233654 0.7931293753 51.9199564288 10.457398 8.1254357474 0.0299541562
7098 309193.08 113.8448038709 34.0845866517 3776762.700155 762600.4062345 56.7605480431 0.1071319952 0.7151087328 51.7783700585 10.454239098 8.180774834 0.0297208256
7099 309193.16 113.844812927 34.0845925614 3776763.379287998 762601.2241878002 56.7608926417 0.0916895057 0.7567078975 51.6399572038 10.4521432919 8.2013449651 -0.0079993541
7100 309193.24 113.8448219801 34.0845984926 3776764.060795 762602.0417885 56.7600930482 0.1023091357 0.7073904842 51.4862497937 10.4398427865 8.2405430748 -0.0201705466
7101 309193.32 113.8448310195 34.0846044509 3776764.745266 762602.8580495998 56.7602581019 0.1567270747 0.7571481886 51.341869723 10.4297310894 8.2689145856 0.0206482967
7102 309193.4 113.844840045 34.0846104226 3776765.431195 762603.672981 56.7615619674 0.1209016624 0.7858305989 51.1807899925 10.4032369306 8.2940800253 0.0161272748
7103 309193.48 113.8448490504 34.0846164161 3776766.1194980014 762604.4859901 56.763872223 0.133029802 0.7961374865 51.0247694911 10.3848144696 8.3175990329 0.0527254097
7104 309193.56 113.8448580304 34.0846224212 3776766.8090120014 762605.2966253002 56.7664030762 0.1016373443 0.8613486478 50.8572956303 10.3398417074 8.3317007268 0.0506466584
7105 309193.64 113.844866976 34.0846284424 3776767.50023 762606.104024 56.7681286782 0.1280537657 0.8673277751 50.7019311209 10.3062616321 8.3561574834 0.0157398569
7106 309193.72 113.8448758907 34.0846344755 3776768.192693 762606.9085405 56.7707342925 0.122670437 0.8630697873 50.5392608597 10.2681902 8.371371733 0.0804573679
7107 309193.8 113.8448847669 34.0846405278 3776768.887183 762607.7094314 56.7723388076 0.024040085 0.8957314954 50.3957699773 10.2227462194 8.3972457044 0.0140983237
7108 309193.88 113.8448936162 34.0846465859 3776769.582255 762608.5078306 56.7743036253 0.2257904052 0.8563299397 50.238021838 10.2044082617 8.4009093958 0.0491748871
7109 309193.9 113.8448958233 34.0846481027 3776769.756257 762608.7069445 56.7749261344 0.0955281107 0.8807620006 50.1949726057 10.1851917872 8.4137626605 0.0303901578
7110 309193.98 113.8449046276 34.0846541746 3776770.452745 762609.5011341998 56.7766791396 0.2928192027 0.8722502566 50.0466695399 10.1432407281 8.4206319478 0.0352894616
7111 309194.06 113.844913397 34.0846602539 3776771.149947 762610.2920888 56.7809377201 0.1885469187 0.8761173005 49.8744132483 10.0903581321 8.4311499014 0.0979361601
7112 309194.14 113.8449221138 34.0846663549 3776771.849443 762611.0781209002 56.7878473848 0.0204031777 0.8749393929 49.7188486937 10.0500004734 8.455019674 0.1005943071
7113 309194.22 113.8449307943 34.084672467 3776772.550057 762611.8607599 56.7900265362 0.0084014371 0.8510494547 49.571451517 10.002606529 8.4648084175 0.0048174719
7114 309194.3 113.8449394402 34.0846785916 3776773.251984 762612.64017 56.7892719088 0.0350545891 0.8420496218 49.4345602536 9.970514 8.47950441 -0.0076465615
7115 309194.38 113.8449480546 34.084684721 3776773.954366 762613.4166544002 56.787397732 0.1292310073 0.7675645838 49.28781925 9.9320014172 8.4848007187 -0.0025957627
7116 309194.46 113.8449566323 34.0846908604 3776774.65775 762614.189722 56.7880734447 0.0996182807 0.7458693135 49.1487314319 9.8906343236 8.4998057028 0.0368335037
7117 309194.54 113.8449651782 34.084697002 3776775.361309 762614.9598436998 56.7907820055 0.0270100292 0.7550248285 48.9971608023 9.855315528 8.4990173802 0.0420156983
7118 309194.62 113.8449736921 34.0847031522 3776776.0657339985 762615.7269808 56.79206126 0.0843486503 0.7320194016 48.8596566241 9.8151583939 8.5182492285 0.0044290633
7119 309194.67 113.8449789974 34.0847070004 3776776.506433 762616.2049587 56.7915177578 0.1804193444 0.7293348597 48.7702152358 9.7943786389 8.520712287 -0.0234377614
7120 309194.75 113.8449874585 34.0847131598 3776777.211742 762616.9671951 56.7918597208 0.3445585538 0.7443174867 48.6198611975 9.7530240705 8.5300508252 0.0536065771
7121 309194.83 113.8449958812 34.084719325 3776777.917597 762617.72587 56.7984237811 0.2155033583 0.7634703698 48.4687443768 9.7102542162 8.5372389122 0.1258204049
7122 309194.91 113.8450042696 34.0847254938 3776778.623764 762618.4813605 56.8066970315 -0.0234731088 0.7446900165 48.3070285987 9.6706179232 8.5445504392 0.1055500377
7123 309194.99 113.8450126219 34.0847316758 3776779.331307 762619.2334872 56.8096893066 -0.1047890238 0.7616012683 48.1493134878 9.6261125847 8.5629723821 -0.0088146205
7124 309195.07 113.8450209504 34.0847378649 3776780.039568 762619.9833801999 56.808243487 -0.1273120746 0.7833583986 47.9760801532 9.59650656 8.5757176442 -0.0440606208
7125 309195.15 113.8450292458 34.0847440653 3776780.749006 762620.7301959002 56.8039382473 0.0748696726 0.7446006041 47.8044988068 9.5515279141 8.5992237502 -0.0587595401
7126 309195.23 113.845037503 34.0847502745 3776781.459319 762621.4734428 56.801867093 0.1389929832 0.7684881531 47.6203069966 9.5056215975 8.6012744033 -0.0110689785
7127 309195.31 113.8450457197 34.0847564932 3776782.17058 762622.2129283001 56.8053103332 0.1168843026 0.7981502338 47.4470497905 9.4593624027 8.6230216979 0.0726348728
7128 309195.39 113.8450539006 34.0847627205 3776782.882712 762622.9490863002 56.8090147041 0.1662469691 0.7962963789 47.2673232048 9.4223453797 8.6264409438 0.0273433218
7129 309195.43 113.8450579779 34.0847658364 3776783.23899 762623.3159404 56.8116880599 0.0085261329 0.8119214881 47.1718783968 9.3941136128 8.6315532615 0.0553743635
7130 309195.51 113.8450661023 34.0847720793 3776783.952694 762624.0468278001 56.8162220772 -0.1417337488 0.8050371517 46.9829014105 9.3532150208 8.6610501723 0.0528243433
7131 309195.59 113.8450741909 34.0847783313 3776784.667326 762624.7743803002 56.817035282 -0.2893873855 0.8772104302 46.7982742057 9.3145560868 8.6694516339 -0.0242166079
7132 309195.67 113.8450822396 34.0847845996 3776785.383665 762625.4981997 56.8118403433 -0.0472463297 0.8283467956 46.6376041813 9.2610843077 8.6978913272 -0.09782479
7133 309195.75 113.8450902535 34.0847908807 3776786.1013339986 762626.2187629001 56.8046908574 0.3933211414 0.8051092369 46.4751660151 9.2284860537 8.7015854188 -0.0745188578
7134 309195.83 113.8450982278 34.0847971652 3776786.81927 762626.9356574998 56.8068657545 0.4874776599 0.7925241892 46.2992916998 9.1687541781 8.7073017675 0.1205398165
7135 309195.91 113.8451061581 34.0848034517 3776787.537322 762627.6484904 56.8210995011 0.1702888063 0.8450199126 46.1229337545 9.1295088502 8.7084153098 0.1954206152
7136 309195.99 113.8451140531 34.084809745 3776788.256042 762628.3580380002 56.8321494916 -0.0165396543 0.8493805646 45.9708951414 9.0870288322 8.7296948781 0.0900942711
7137 309196.07 113.845121917 34.0848160486 3776788.975822 762629.0646805002 56.8334123604 0.0837783376 0.9288941471 45.8580907556 9.0557753047 8.7363127384 -0.0404500425
7138 309196.15 113.8451297597 34.0848223489 3776789.695174 762629.7693786 56.8298548088 0.336265219 0.9310471717 45.7209332105 9.0269995258 8.7306252369 -0.0253291739
7139 309196.2 113.8451346418 34.0848262889 3776790.14498 762630.2080031 56.829052439 0.442634809 0.9286794759 45.6379546392 8.9931313343 8.7381531786 0.0192624211
7140 309196.28 113.8451424259 34.084832592 3776790.864496 762630.9072827 56.834629003 0.3321560266 0.9292397314 45.4938953426 8.9560185787 8.7348688813 0.1185547031
7141 309196.36 113.8451501691 34.0848389016 3776791.584639 762631.6027638002 56.8442783309 0.0204088564 0.8738578892 45.3586197622 8.9018751024 8.7529315058 0.1166178983
7142 309196.45 113.8451588397 34.0848460108 3776792.3958870014 762632.3814058 56.8522714935 -0.3231417621 0.8095595447 45.2095467441 8.8772392601 8.7629452928 0.0338640942
7143 309196.54 113.845167473 34.0848531309 3776793.208265 762633.1565673002 56.8494963255 -0.3531646525 0.709552634 45.0589751318 8.8274187804 8.781509665 -0.0757767961
7144 309196.63 113.8451760722 34.0848602584 3776794.02136 762633.9285563001 56.8400555449 -0.158438532 0.636434698 44.8930911665 8.7995883808 8.7780250772 -0.1342067506
7145 309196.72 113.8451846354 34.0848673902 3776794.834857 762634.6972122 56.8312128158 0.0607389806 0.6265753676 44.7253711443 8.7525222818 8.7887739435 -0.0638970225
7146 309196.81 113.8451931581 34.0848745252 3776795.648587 762635.4621208 56.8294424722 0.0732048067 0.6274754286 44.5592232025 8.7166789358 8.7871181185 0.0315989609
7147 309196.9 113.8452016358 34.0848816659 3776796.462848 762636.2228524998 56.8337772544 -0.0457084278 0.5920263463 44.399145504 8.6612024793 8.8100578161 0.0164660269
7148 309196.97 113.845208203 34.084887229 3776797.097118 762636.8120518002 56.834240797 0.035812493 0.6029655144 44.2887166346 8.648818573 8.8111503496 -0.0181670934
7149 309197.06 113.8452166159 34.0848943866 3776797.913084 762637.5667493 56.8337082146 0.0466196192 0.507426607 44.1272641946 8.5943910948 8.8284786818 0.0120009048
7150 309197.15 113.845224986 34.0849015644 3776798.731173 762638.3174303998 56.8344362872 -0.0132114586 0.4815328176 43.9819416287 8.5763567003 8.8424932969 0.0147647397
7151 309197.24 113.8452333346 34.084908754 3776799.550531 762639.0660938001 56.8342142627 -0.0320193707 0.4205227303 43.8203967902 8.5509850125 8.8801196874 -0.0279209899
7152 309197.33 113.8452416499 34.0849159586 3776800.371455 762639.8116366002 56.8324776832 -0.0082554017 0.4227888541 43.6706417839 8.5215878987 8.878147844 -0.0356676896
7153 309197.42 113.845249941 34.0849231705 3776801.193133 762640.5549181999 56.8312400477 0.0660466185 0.4452616214 43.5029572248 8.4849724548 8.8919547593 -0.0007937567
7154 309197.51 113.8452582006 34.0849303933 3776802.015942 762641.2952513002 56.8320002127 0.1044389809 0.5401413939 43.3508151682 8.4624281389 8.8939767411 0.0271607521
7155 309197.6 113.8452664329 34.0849376242 3776802.839579 762642.033043 56.8343496965 0.0874184354 0.6008252224 43.1881292536 8.4245183397 8.9182956403 0.0264360513
7156 309197.69 113.8452746337 34.0849448685 3776803.664619 762642.7678861 56.8366411366 0.0099301116 0.6834574452 43.0335452131 8.397399852 8.9267712457 0.0216875116
7157 309197.78 113.8452828062 34.0849521251 3776804.490962 762643.5000816998 56.8375802794 -0.0102467995 0.7289925862 42.8735645084 8.3654217004 8.9541218692 0.0087723363
7158 309197.87 113.8452909487 34.0849593996 3776805.319204 762644.2294518001 56.8369715167 0.1283241443 0.8395869221 42.7338180805 8.3433936372 8.9611073918 -0.0023467304
7159 309197.96 113.8452990699 34.0849666874 3776806.148872 762644.9568037 56.835328334 0.2854175506 0.8210657855 42.5832046828 8.3099179729 8.9910177728 0.0038078005
7160 309198.05 113.8453071585 34.0849739914 3776806.980245 762645.6811010998 56.8397472501 0.189925817 0.8638435961 42.4592555033 8.2866662713 8.9994638974 0.1009968472
7161 309198.14 113.8453152357 34.0849813057 3776807.812741 762646.4043161 56.8449491458 -0.0249487532 0.8566900824 42.3365399727 8.2598366119 9.0251240072 0.054695579
7162 309198.23 113.8453232932 34.0849886396 3776808.647362 762647.1256556 56.846177117 -0.154249463 0.8326773669 42.235559992 8.25105162 9.0423263305 -0.0240971981
7163 309198.32 113.8453313374 34.084995989 3776809.483666002 762647.8457135998 56.8403100679 0.0426047405 0.7713988016 42.1298522129 8.2287024478 9.0668363545 -0.0804242461
7164 309198.41 113.8453393649 34.0850033546 3776810.32172 762648.5641739998 56.834114329 0.2966484157 0.7867618768 42.0362712321 8.2185956418 9.0785769525 -0.025739623
7165 309198.5 113.8453473838 34.0850107256 3776811.160359 762649.2818254002 56.8360299533 0.4072571695 0.7661753254 41.928080895 8.2068654734 9.0903202813 0.0892643483
7166 309198.59 113.8453553849 34.0850181125 3776812.000711 762649.9977922 56.8436324727 0.3538283452 0.7977821024 41.8310213629 8.192527769 9.109918815 0.0964091868
7167 309198.68 113.8453633814 34.0850255095 3776812.842177 762650.7132945 56.8523755726 0.1890478528 0.8494515908 41.7125676898 8.1865882573 9.1273037031 0.0712129044
7168 309198.77 113.8453713673 34.0850329342 3776813.686687 762651.4277383002 56.8545195833 0.2390233639 0.8377002393 41.6151657714 8.1808016175 9.1632529584 -0.0056947651
7169 309198.84 113.845377574 34.0850387261 3776814.34542 762651.9829394 56.8536164453 0.3216390146 0.8176391079 41.5419465252 8.1761645765 9.187519291 0.0097654769
7170 309198.93 113.845385547 34.0850461937 3776815.194655 762652.6960574002 56.856159986 0.235692839 0.7870457414 41.4534889434 8.1671250451 9.2177543809 0.0756576823
7171 309199.02 113.8453935225 34.0850536878 3776816.046845 762653.4093228001 56.8606919739 0.0690009461 0.7814010355 41.3615530373 8.1799395214 9.2497828745 0.0307472417
7172 309199.11 113.845401501 34.0850612151 3776816.90272 762654.1227631 56.8608019529 0.0241278451 0.7349440866 41.2692383781 8.1760045718 9.2878909614 -0.0182131374
7173 309199.2 113.8454094802 34.0850687659 3776817.7612 762654.8361948002 56.8585447548 0.0271596296 0.7210207061 41.1649115259 8.1779931504 9.3103353112 -0.0443637064
7174 309199.29 113.8454174569 34.0850763443 3776818.622743 762655.5493106 56.8551497012 0.122860662 0.7504172269 41.0759230626 8.1694654733 9.3511471226 -0.042123799
7175 309199.38 113.845425437 34.0850839437 3776819.486636 762656.2626765 56.8538639685 0.2323642338 0.7029349997 40.968327523 8.1762964326 9.372967266 0.0075545569
7176 309199.47 113.8454334073 34.0850915705 3776820.353530002 762656.975045 56.8561656186 0.2301540789 0.7355978793 40.852189607 8.1716857164 9.4104547729 0.0378365285
7177 309199.56 113.8454413782 34.0850992153 3776821.222434 762657.6874202 56.8610331081 0.1850777866 0.7461458352 40.702218654 8.1656952221 9.4307444534 0.0557475965
7178 309199.64 113.8454484535 34.0851060376 3776821.997749 762658.3196405 56.8630434321 0.1821660746 0.7840341804 40.587380468 8.1459942514 9.4631994255 0.0018601598
7179 309199.72 113.8454555238 34.0851128833 3776822.775652 762658.9513298002 56.8635011958 0.2743415774 0.7721381979 40.4618319328 8.1520455836 9.4995364206 0.0165193007
7180 309199.79 113.8454616977 34.0851188907 3776823.458215 762659.5028356998 56.8654849492 0.2660156002 0.7161316466 40.3483541877 8.1237247601 9.5273016808 0.0438266204
7181 309199.87 113.8454687416 34.0851257791 3776824.240779 762660.1319508002 56.8696922278 0.1641603524 0.7545349543 40.229142014 8.1237787698 9.5511792415 0.0567944484
7182 309199.95 113.8454757807 34.0851326866 3776825.025463 762660.7605613002 56.8729844158 0.1297409188 0.6914338749 40.0956819935 8.1119733128 9.5910612554 0.0086623091
7183 309200.03 113.8454828054 34.0851396203 3776825.813008 762661.3877709 56.8743751403 0.062397515 0.6789316831 39.9745664142 8.1018426562 9.6150449387 0.0228931831
7184 309200.11 113.8454898263 34.0851465705 3776826.602382 762662.0145676 56.8756115297 0.0107746755 0.6097027596 39.8246450657 8.0903569952 9.6479252812 0.023863594
7185 309200.19 113.8454968306 34.0851535472 3776827.394652 762662.6397551 56.876106794 -0.0809167103 0.6530743492 39.6885092081 8.0748680767 9.6769273518 0.0097280518
7186 309200.27 113.8455038275 34.0851605436 3776828.189091 762663.2641912 56.8750074944 -0.0296678525 0.6773602645 39.5455798068 8.0655559987 9.7088213177 -0.0455711164
7187 309200.35 113.845510807 34.0851675654 3776828.9862980014 762663.8869518002 56.8707393976 0.316423162 0.706711911 39.4234486521 8.0469564223 9.7460771356 -0.0558861159
7188 309200.43 113.84551778 34.0851745984 3776829.784733 762664.5090726998 56.871424213 0.4583839099 0.7442357909 39.2585875067 8.0391111759 9.7481451148 0.0560326847
7189 309200.51 113.8455247294 34.085181644 3776830.5845120014 762665.1289800998 56.8802004782 0.4327334137 0.7937349047 39.0894441528 8.0003417904 9.781398222 0.1394072233
7190 309200.59 113.8455316588 34.085188711 3776831.386604 762665.7469668002 56.8913230421 0.2344786974 0.8592384865 38.9227699286 7.9833142473 9.8036621802 0.1058767693
7191 309200.67 113.8455385633 34.0851958016 3776832.191261 762666.3625866 56.8977699494 0.1421232424 0.839761888 38.769209381 7.9434186966 9.8507419993 0.0345783411
7192 309200.68 113.8455394247 34.0851966905 3776832.292117 762666.4393770002 56.8981121639 0.1301813768 0.8405123442 38.75248019 7.9442623946 9.8571597743 0.0255234665
7193 309200.76 113.8455463052 34.0852038088 3776833.099784 762667.052695 56.8997298898 0.1333297703 0.7524275988 38.6051352239 7.9288521917 9.8738204407 0.0102140302
7194 309200.84 113.8455531614 34.0852109499 3776833.909922 762667.6636986 56.9004489267 0.0681699993 0.5923071377 38.4567330669 7.8912028821 9.9204659632 -0.0025872998
7195 309200.92 113.8455599902 34.0852181142 3776834.722551 762668.2720933 56.9010600327 0.0974866815 0.4649996273 38.324289222 7.8688034557 9.9324195415 0.0144820018
7196 309201.0 113.8455668066 34.0852252948 3776835.5369730014 762668.8793019 56.9016751638 0.12265531 0.3563188993 38.1778435776 7.8558141131 9.9667676758 -0.0142267394
7197 309201.08 113.8455735998 34.0852324888 3776836.352817 762669.4843229 56.9026664188 0.1752421841 0.3084820587 38.036658102 7.8296308717 9.9764250672 0.0532295174
7198 309201.16 113.8455803804 34.0852396897 3776837.169393 762670.0881582 56.9072938589 0.0812379919 0.332011738 37.8724467618 7.8187507442 9.9890813939 0.0387840016
7199 309201.24 113.845587141 34.085246907 3776837.987734 762670.6900934 56.9098983044 0.159855286 0.3585742717 37.720069952 7.7908712823 10.0196533904 0.0215950836
7200 309201.32 113.8455938823 34.085254138 3776838.807545 762671.2902114 56.9111805968 0.1576388446 0.4238718412 37.5574838078 7.7705584684 10.0309716528 0.0060657635
7201 309201.4 113.8456005979 34.0852613829 3776839.628834 762671.8879087 56.9133735914 0.2183645489 0.4457258858 37.3894915039 7.7329873214 10.0595256371 0.0424635205
7202 309201.48 113.8456072869 34.0852686452 3776840.451992 762672.4830976998 56.9160451144 0.2537424473 0.4994920041 37.2238272746 7.7065445048 10.075225174 0.0555787838
7203 309201.51 113.8456097897 34.0852713726 3776840.761106 762672.7057640002 56.9171337821 0.2406093954 0.4949549277 37.1568894644 7.698255076 10.0864445177 0.0302773972
7204 309201.59 113.8456164383 34.0852786582 3776841.586748 762673.2971479 56.9212284712 0.1357627163 0.4938978914 36.9898567968 7.6573165211 10.1142919349 0.0619119652
7205 309201.67 113.8456230588 34.0852859586 3776842.413954 762673.8858893 56.9264216861 -0.0210609349 0.478301064 36.817265847 7.6308149528 10.1352086051 0.0701616114
7206 309201.75 113.8456296518 34.0852932765 3776843.243025 762674.472045 56.9281370575 -0.0527460286 0.4678868109 36.6478428465 7.5893150997 10.1593577042 -0.0115721185
7207 309201.83 113.8456362209 34.0853006141 3776844.074228 762675.0559245 56.9257125352 -0.0129218665 0.4325556018 36.4812706137 7.5661429103 10.1801171601 -0.0414334351
7208 309201.91 113.8456427609 34.0853079661 3776844.906956 762675.6370751 56.9227732318 0.0495434476 0.4079095149 36.3088169201 7.5251723735 10.2004850765 -0.0227089988
7209 309201.99 113.8456492771 34.0853153333 3776845.741309 762676.2159861998 56.9229734614 0.0111649384 0.4437757416 36.1345357738 7.5133329582 10.2196783954 0.009222572
7210 309202.07 113.8456557693 34.0853227125 3776846.576927 762676.7926417 56.9242095016 0.0112364087 0.4640623931 35.9665497088 7.4736423286 10.2482598683 0.0146488923
7211 309202.15 113.8456622365 34.0853301073 3776847.414212 762677.3669392 56.9249046994 -0.0195109777 0.535570147 35.8140655611 7.4504933827 10.2589754678 -0.0087810028
7212 309202.23 113.8456686845 34.0853375128 3776848.252639 762677.9394268 56.9257561769 -0.0243654612 0.5498365702 35.6502419041 7.4225003073 10.2828142583 0.0067167238
7213 309202.28 113.8456727003 34.0853421502 3776848.777618 762678.2958943001 56.9260102669 -0.0504121599 0.5967236119 35.5578493227 7.4084070799 10.2936392268 0.0087241263
7214 309202.36 113.84567911 34.0853495805 3776849.618696 762678.8647721999 56.9255848248 -0.036449563 0.6436525479 35.4017454939 7.3808671207 10.3123482908 -0.0196138342
7215 309202.44 113.8456854921 34.0853570257 3776850.461355998 762679.4310559002 56.924896284 0.0265924471 0.6682081614 35.2614289314 7.3421502868 10.3379487298 -0.0188427863
7216 309202.52 113.845691852 34.0853644857 3776851.305603 762679.9952459 56.9241283676 0.1585297474 0.7051301837 35.1232059688 7.3312853101 10.3500681508 -0.0018874286
7217 309202.6 113.8456981896 34.0853719562 3776852.15096 762680.5573386998 56.9252031641 0.2179524515 0.7144601013 34.9804676381 7.2888494105 10.3722142962 0.023222938
7218 309202.68 113.8457045066 34.0853794419 3776852.997949 762681.1174821 56.9293928938 0.1653285172 0.7445507182 34.842972421 7.2791068411 10.3854363069 0.0479816947
7219 309202.76 113.8457108035 34.0853869411 3776853.846386 762681.6757335 56.9337228192 0.1892570114 0.7122128856 34.6962801012 7.2482967117 10.4165461506 0.0382116229
7220 309202.84 113.8457170775 34.0853944608 3776854.697037 762682.2318039002 56.9367808364 0.2076572918 0.7869965522 34.5622291656 7.234276885 10.4361139439 0.0161329215
7221 309202.92 113.8457233395 34.0854019937 3776855.549133 762682.7867259 56.9407485593 0.1995780366 0.7508283385 34.4068170471 7.215276199 10.4594380808 0.0518850253
7222 309203.0 113.8457295735 34.0854095526 3776856.404024 762683.3389793 56.9452725928 0.0837012936 0.7198774003 34.2646689834 7.1794423689 10.4981508155 0.0567719996
7223 309203.08 113.8457357916 34.0854171292 3776857.260846 762683.8897123 56.9497579001 -0.1345378045 0.7251512594 34.1142584282 7.1660564318 10.5183588703 0.0417329542
7224 309203.11 113.8457381207 34.0854199753 3776857.582696 762684.0959757 56.9507809002 -0.1744905813 0.6896841034 34.0535695216 7.1604146493 10.5366659745 0.0239257237
7225 309203.19 113.8457443132 34.0854275857 3776858.443202 762684.6442395 56.9486845275 -0.2000415053 0.6464242485 33.9194661506 7.1289606107 10.5744717737 -0.0873954255
7226 309203.27 113.8457504941 34.0854352172 3776859.3060199986 762685.1913627 56.9414139958 -0.0058424476 0.623925171 33.7739685302 7.1288977227 10.5977901374 -0.1125620859
7227 309203.35 113.8457566569 34.0854428702 3776860.171178 762685.7367539002 56.9349416969 0.3117766636 0.5733885269 33.6310373913 7.0945774801 10.6329103302 -0.0420753358
7228 309203.43 113.8457628027 34.0854505384 3776861.037987 762686.2805322 56.937417184 0.3526295227 0.6182574804 33.4770028352 7.0841669326 10.6464792043 0.1137247621
7229 309203.51 113.8457689331 34.0854582218 3776861.906435 762686.8228286 56.9467529124 0.1977564061 0.6487633631 33.3178634588 7.0473842939 10.6730220498 0.1119011544
7230 309203.59 113.8457750422 34.0854659267 3776862.777219998 762687.363104 56.9546117838 0.1130962612 0.6584446734 33.1707299 7.0278614455 10.6947046284 0.0601454794
7231 309203.67 113.8457811379 34.0854736532 3776863.650361 762687.9020716 56.9567504097 0.1574744817 0.752674482 33.028193385 7.0215240107 10.7284070896 -0.0473888312
7232 309203.75 113.8457872138 34.0854814015 3776864.525875 762688.4391401998 56.9571493072 0.2894999261 0.7583032866 32.8920555517 7.0053742659 10.7663073679 0.058537644
7233 309203.83 113.8457932702 34.085489167 3776865.403251 762688.9743558002 56.9570530606 0.3588020165 0.8087156773 32.7450379706 6.972400462 10.7838466403 0.0153526817
7234 309203.91 113.8457993095 34.0854969505 3776866.282579 762689.5079361999 56.9638472926 0.2787967374 0.8490163366 32.6047351667 6.9636586036 10.8093147497 0.1175589054
7235 309203.93 113.8458008166 34.0854988986 3776866.502646 762689.6410783002 56.9653134057 0.3094900398 0.8158295173 32.5599045761 6.9536980675 10.8115548006 0.0665614186
7236 309204.01 113.8458068327 34.0855067038 3776867.38432 762690.1724507 56.9735671859 0.1336168883 0.8594923952 32.4120239141 6.9278752657 10.8390770774 0.096147641
7237 309204.09 113.845812834 34.0855145303 3776868.268322 762690.7023934 56.9780363673 0.1538893402 0.9287501794 32.266173457 6.9106397959 10.8644433204 0.0358121584
7238 309204.17 113.8458188211 34.0855223763 3776869.15444 762691.2309600002 56.9780840119 0.1468890138 0.9838884975 32.1149209159 6.8876588862 10.888507088 -0.0365358375
7239 309204.25 113.8458247873 34.085530246 3776870.043147 762691.7575214001 56.9766473761 0.2813686688 1.0288839128 31.9734000406 6.8698282314 10.9271963894 -0.0075409468
7240 309204.33 113.8458307351 34.0855381296 3776870.933342 762692.2823466999 56.9786679382 0.346683163 1.0146992621 31.8198283189 6.8473775956 10.9470866233 0.0525140187
7241 309204.41 113.8458366565 34.0855460347 3776871.825862 762692.8046652 56.9852575576 0.214174027 1.017070188 31.680093513 6.8181688138 10.9852220025 0.0947712105
7242 309204.49 113.8458425579 34.0855539553 3776872.720052 762693.3250927 56.9927195422 0.1362846521 1.0042639068 31.5355033206 6.7980392546 10.9959246243 0.0852694578
7243 309204.57 113.8458484404 34.0855619002 3776873.616884 762693.8436913 56.9955596495 0.0743234042 0.9583748149 31.4000488282 6.7601216035 11.0355902309 0.0051495337
7244 309204.65 113.8458543027 34.0855698658 3776874.51596 762694.3603643002 56.9954085667 0.1928103937 0.8909481872 31.2696732273 6.7527454446 11.0609469095 0.0179136628
7245 309204.7 113.845857959 34.0855748523 3776875.078758 762694.6825578 56.9952908605 0.1993646616 0.8790572688 31.1803291962 6.7394419122 11.0761063153 0.003729285
7246 309204.78 113.8458637945 34.085582846 3776875.980884 762695.1966695 56.9967447855 0.144673343 0.8646455211 31.0467591373 6.7207234066 11.0963983636 0.0030551427
7247 309204.86 113.8458696153 34.0855908573 3776876.884922 762695.7093722 56.9989115186 0.0784992991 0.8578758658 30.9104090532 6.6996951213 11.1266815773 0.0121714497
7248 309204.94 113.8458754199 34.0855988875 3776877.791026 762696.2205166 56.9998651966 0.1409165786 0.8723101888 30.7820083158 6.6907446614 11.1535018971 0.0029532659
7249 309205.02 113.8458812097 34.085606934 3776878.698899 762696.7302471999 57.0011933129 0.1327227346 0.8447966834 30.6461829094 6.6603625586 11.1770901561 0.0352131664
7250 309205.1 113.8458869734 34.085615004 3776879.6093089986 762697.2374988 57.002847841 0.1917779733 0.8555680707 30.5270294978 6.6348752313 11.2001922062 0.0188961548
7251 309205.18 113.8458927244 34.0856230889 3776880.52134 762697.743528 57.0052855248 0.2525840001 0.8311359111 30.3997900198 6.6204466716 11.2198191048 0.0184610173
7252 309205.26 113.8458984544 34.0856311941 3776881.4355769986 762698.2475545 57.0079005295 0.3538408248 0.7998690498 30.286702309 6.5953883009 11.2498361672 0.0678812038
7253 309205.34 113.8459041715 34.0856393095 3776882.350905 762698.7503515 57.0129697593 0.3518386304 0.7750339815 30.1613813829 6.5866013832 11.2530557117 0.0935725488
7254 309205.42 113.845909872 34.0856474427 3776883.268164 762699.2515691 57.0194827886 0.2330828811 0.7524559735 30.0353332953 6.562410004 11.2864185606 0.0807929152
7255 309205.5 113.8459155545 34.0856555922 3776884.187188 762699.7510764 57.0261016041 0.0586920899 0.7727784644 29.9152856079 6.5493863337 11.3112645195 0.083506516
7256 309205.58 113.8459212226 34.0856637602 3776885.1082339985 762700.2491915999 57.028562001 0.0227626019 0.7831340108 29.8113610527 6.5293535579 11.3387556606 -0.0157670784
7257 309205.66 113.8459268818 34.085671948 3776886.031443 762700.7464215 57.0256947586 0.1880615598 0.7708477937 29.7126029598 6.5227729226 11.3610037947 -0.0352267251
7258 309205.74 113.845932533 34.0856801502 3776886.956247 762701.2428688002 57.0246195924 0.1578569205 0.80265867 29.5923638501 6.5059566071 11.3805085395 0.0108531062
7259 309205.82 113.8459381757 34.0856883706 3776887.88303 762701.7384766998 57.0260236254 0.1749081865 0.8790134484 29.4581525523 6.4991007953 11.4034056143 0.0248157126
7260 309205.9 113.845943806 34.0856966126 3776888.8121940014 762702.2328783001 57.0287146792 0.1585116888 0.9208501216 29.3218207023 6.483851779 11.4499510103 0.0194159123
7261 309205.98 113.8459494147 34.0857048761 3776889.743678 762702.7252096 57.0307622263 0.2668273821 0.9537183337 29.1983183426 6.4599623988 11.4637772971 0.0421315677
7262 309206.06 113.8459550109 34.0857131635 3776890.677791 762703.2163176 57.0331749152 0.3548846809 0.9290992555 29.0555012052 6.4310355866 11.512196756 0.0135264401
7263 309206.14 113.8459605822 34.085721473 3776891.614278 762703.7050594 57.0382348318 0.23557118 0.9508365885 28.913422778 6.4206586318 11.5334039397 0.0850832976
7264 309206.22 113.8459661357 34.0857297999 3776892.552662 762704.192102 57.0447241757 0.035331115 0.9101704235 28.7562538253 6.3902760287 11.5732080544 0.0063899644
7265 309206.27 113.8459695935 34.0857350204 3776893.140919 762704.4952384 57.0454059737 0.0414843807 0.9178427985 28.669293632 6.376587422 11.5894950557 -0.0107504564
7266 309206.35 113.8459751196 34.0857433952 3776894.084543 762704.9796022 57.0437146537 0.0450010031 0.8723326701 28.515271622 6.3660245112 11.627813222 -0.0270478883
7267 309206.43 113.8459806267 34.0857517963 3776895.031038 762705.4621276 57.0402620435 0.0972891337 0.8535817888 28.3625776304 6.3461643656 11.6653743783 -0.0377453697
7268 309206.51 113.8459861182 34.0857602221 3776895.980238 762705.9431413 57.0395279974 0.1181332051 0.843619055 28.207254409 6.3256749336 11.7027991982 -0.0141446857
7269 309206.59 113.8459915898 34.0857686736 3776896.932237 762706.4222331998 57.0402645236 0.1852572432 0.8246687445 28.0597512945 6.304021797 11.7423429629 0.0030624334
7270 309206.67 113.8459970439 34.085777149 3776897.886844 762706.8996373 57.0423812615 0.1970892013 0.8585457778 27.9123901367 6.287634096 11.7659319996 0.0269294199
7271 309206.75 113.8460024821 34.0857856458 3776898.843774 762707.375507 57.0453039063 0.1790891872 0.8877754801 27.7637477522 6.2606487447 11.7957847862 0.0340279408
7272 309206.83 113.8460079038 34.0857941676 3776899.803455998 762707.8497754 57.0485819802 0.1391300883 0.9000863483 27.6126102092 6.2477559105 11.8332145058 0.044303972
7273 309206.91 113.846013305 34.0858027137 3776900.765767 762708.3220802 57.0503180567 0.0758105847 0.9190526879 27.4677326519 6.2186569649 11.8678752542 0.016225029
7274 309206.99 113.8460186877 34.0858112856 3776901.730901 762708.7925966 57.0515207732 0.0212048302 0.8960598341 27.3273157157 6.1998918878 11.8995128325 0.0189798736
7275 309207.05 113.8460227119 34.0858177314 3776902.4565839986 762709.1442393 57.0522064129 -0.0613212409 0.8749247653 27.2226205891 6.1818232046 11.9323876126 -0.0052563916
7276 309207.13 113.8460280575 34.0858263521 3776903.427041 762709.6111772 57.0507324673 -0.1004890898 0.8677526825 27.0972943321 6.1614426078 11.9718836257 -0.034153216
7277 309207.21 113.8460333912 34.085834994 3776904.39981 762710.0769489 57.0474647842 0.046860802 0.8387376495 26.9619878538 6.146914044 11.9990047046 -0.0448398829
7278 309207.29 113.8460387101 34.0858436623 3776905.375475 762710.5412709 57.043398167 0.2289732281 0.849693104 26.826130765 6.1259348752 12.0315529396 -0.0345055478
7279 309207.37 113.8460440145 34.0858523462 3776906.352835 762711.0042084 57.0447043693 0.3418970036 0.8842048009 26.6826657358 6.1126117264 12.0491083286 0.0606496504
7280 309207.45 113.8460493018 34.0858610493 3776907.332283 762711.4655063002 57.0516910786 0.3086992346 0.9112161449 26.5334983218 6.0878931496 12.0825443437 0.1031670783
7281 309207.53 113.8460545665 34.0858697741 3776908.314076 762711.9246459 57.0587012284 0.1821860116 0.9555703694 26.3896523504 6.0620298582 12.1073835327 0.0865595566
7282 309207.61 113.8460598111 34.085878521 3776909.298275 762712.381863 57.0628089579 0.2923793216 0.9818548941 26.2566673629 6.0393960607 12.144700407 0.0394737061
7283 309207.69 113.8460650369 34.0858872906 3776910.284952 762712.8372753002 57.0646972749 0.4157077187 0.9586653038 26.1230948232 6.0203863163 12.1720268059 0.0388268635
7284 309207.77 113.8460702403 34.0858960792 3776911.2736660014 762713.2905613001 57.0692092842 0.3785900055 0.9477187672 25.9867855666 5.9928579082 12.1987506265 0.0886153009
7285 309207.82 113.8460734828 34.0859015803 3776911.8925 762713.5729524 57.0748032816 0.2108482751 0.9513251484 25.8961783434 5.9846004043 12.2121962858 0.1186804999
7286 309207.9 113.8460786536 34.0859104003 3776912.884625 762714.0231351998 57.0820292402 0.1225262867 0.9370921844 25.7541466178 5.956662117 12.2484570217 0.0460648816
7287 309207.98 113.8460838074 34.0859192452 3776913.8794660014 762714.4716657 57.0832890049 0.0131844837 0.967637559 25.6186189487 5.9371075634 12.2736387136 -0.0237678703
7288 309208.06 113.846088943 34.08592811 3776914.876461 762714.9184526999 57.081520603 0.1556542233 0.9270630961 25.4807765653 5.9144537781 12.3094882243 -0.0159571441
7289 309208.14 113.8460940543 34.0859369977 3776915.875946 762715.3629263 57.0797923831 0.2135965091 0.9408110112 25.3411593432 5.887261113 12.3322308878 -0.0053290611
7290 309208.22 113.8460991455 34.085945904 3776916.877443 762715.8054868 57.0814431934 0.2430148809 0.921181266 25.1954681386 5.8632958079 12.3604968836 0.0344716399
7291 309208.3 113.8461042133 34.0859548287 3776917.880912 762716.2458367 57.0872490369 0.1829851649 0.9293544001 25.0526517138 5.8403072605 12.3841697579 0.0758150024
7292 309208.38 113.8461092611 34.0859637732 3776918.886528 762716.6842648 57.0917842425 0.1926305062 0.9375764068 24.906665334 5.818628076 12.4164618078 0.026060013
7293 309208.46 113.8461142861 34.0859727373 3776919.894271 762717.1205359 57.0950473333 0.2114485317 0.9418014909 24.7592346573 5.7952529239 12.4412253496 0.0340815912
7294 309208.54 113.8461192883 34.0859817193 3776920.903933998 762717.5546441998 57.0989630297 0.120292928 0.9195513427 24.5992876661 5.7576817501 12.466496093 0.0540600447
7295 309208.57 113.8461211566 34.0859850933 3776921.28318 762717.7167279002 57.1007497516 0.0069551258 0.931234422 24.5383771839 5.7440147724 12.478272031 0.0557256169
7296 309208.65 113.8461261223 34.0859941066 3776922.296221 762718.147371 57.1021524221 -0.0242698085 0.9354386802 24.388987862 5.7229807152 12.5125408646 -0.0189237271
7297 309208.73 113.8461310647 34.0860031435 3776923.311825 762718.5757866 57.0984707959 -0.034682035 0.9255911403 24.2428473719 5.6917112163 12.5412992933 -0.0611593138
7298 309208.81 113.8461359849 34.0860121996 3776924.329507 762719.0020922 57.0940207997 0.1207978587 0.8737916488 24.0888427532 5.6697653709 12.5654779022 -0.0384764297
7299 309208.89 113.8461408794 34.0860212744 3776925.349192 762719.4259675 57.0926624415 0.2230330495 0.8727880941 23.9331042397 5.6362859961 12.5960429282 0.0013287316
7300 309208.97 113.8461457479 34.0860303666 3776926.3707449986 762719.8473861 57.0955243688 0.2230259739 0.8433126836 23.7788673321 5.6048512264 12.615387906 0.0568834018
7301 309209.05 113.8461505874 34.0860394744 3776927.393953 762720.2660883 57.1017689742 0.1706922228 0.8368637297 23.6293951266 5.5704649143 12.6454065263 0.0816431431
7302 309209.13 113.8461554045 34.0860485981 3776928.418859 762720.6826679 57.1063020257 0.1984411599 0.8516104697 23.4765279322 5.5504462395 12.6634303583 0.0419287768
7303 309209.21 113.8461601966 34.0860577387 3776929.445589 762721.0968821 57.1083213082 0.2786852588 0.8320847643 23.3212922754 5.5097639456 12.6859503409 0.0126726184
7304 309209.29 113.8461649606 34.0860668943 3776930.473911 762721.5084591998 57.1118641095 0.2689539563 0.7962344566 23.1547998931 5.4839895125 12.7016804185 0.0696295042
7305 309209.3 113.8461655534 34.0860680392 3776930.602489 762721.5596577 57.1124198716 0.254952837 0.811825279 23.1339817079 5.4753330363 12.7008344923 0.0662621571
7306 309209.38 113.8461702831 34.0860772144 3776931.632889 762721.9680066 57.1159292394 0.3541327207 0.8377068428 22.9808880076 5.441933063 12.7319653482 0.032248553
7307 309209.46 113.8461749864 34.0860864039 3776932.664817 762722.373872 57.119757331 0.3676768766 0.8086484766 22.8186202086 5.4130606752 12.7440030721 0.0712665342
7308 309209.54 113.8461796571 34.0860955954 3776933.696879 762722.7767213 57.1289009154 0.1763905587 0.8781234296 22.6359967332 5.3751756166 12.7445025779 0.1309475629
7309 309209.62 113.8461842974 34.0861047941 3776934.729668 762723.1767438 57.135361989 0.1556212627 0.9301862664 22.4527260041 5.3368040355 12.7634804193 0.0261495273
7310 309209.7 113.8461888981 34.0861139986 3776935.762985 762723.5730888002 57.1374278218 0.3400599277 0.981308427 22.281788854 5.285947478 12.7595281024 0.0252012521
7311 309209.78 113.8461934606 34.0861231961 3776936.7954339986 762723.9659283 57.1416168762 0.5101549664 1.0184233203 22.1049108335 5.2505975802 12.745035925 0.0873765413
7312 309209.86 113.8461979736 34.0861323865 3776937.8269730015 762724.3542238001 57.1518430281 0.4937448544 1.0201585691 21.9277333937 5.1739428599 12.736518105 0.1588379391
7313 309209.94 113.8462024403 34.0861415745 3776938.858123 762724.7382464 57.1636873605 0.4361011911 1.0003053154 21.7666957009 5.1359447723 12.735994418 0.1526779118
7314 309210.02 113.8462068692 34.0861507595 3776939.888837 762725.11879 57.1763516404 0.1904381371 1.0016045866 21.6029584266 5.0923038896 12.739516766 0.1606901033
7315 309210.03 113.8462074204 34.0861519073 3776940.017638 762725.1661331998 57.1777978456 0.1259071278 1.0059112268 21.5832434537 5.0882611519 12.7346048305 0.1514596851
7316 309210.11 113.8462117949 34.0861610912 3776941.048096 762725.5416573002 57.1861653589 -0.0833732518 0.9746467042 21.4181476651 5.0403733913 12.736788677 0.0734534817
7317 309210.19 113.8462161262 34.086170272 3776942.078101 762725.9132028002 57.1867858274 -0.152051603 0.9636568916 21.2664000799 4.9937992183 12.7225849326 -0.038943242
7318 309210.27 113.8462204243 34.0861794527 3776943.107999 762726.2816825 57.1823061723 -0.0634553062 0.9257352533 21.1124587566 4.9566963606 12.7188739114 -0.0380148236
7319 309210.35 113.8462246855 34.0861886266 3776944.13706 762726.6467741998 57.1790169533 -0.0279873403 0.8633339693 20.9551857769 4.9103638537 12.7164548788 -0.0089080217
7320 309210.43 113.8462289075 34.0861977958 3776945.165489 762727.0082657 57.1793223461 -0.0463015784 0.8434228059 20.8015075867 4.8723917022 12.7109336478 0.0218550174
7321 309210.51 113.8462330927 34.0862069574 3776946.192991 762727.366371 57.1809247714 -0.0749648618 0.8242350686 20.6474444449 4.8249036587 12.6996688965 0.0104791717
7322 309210.59 113.8462372407 34.0862161126 3776947.219675 762727.7210732 57.1812425172 -0.0840072885 0.7952518986 20.4932770418 4.7813370884 12.6867443484 0.0067797525
7323 309210.67 113.8462413526 34.0862252577 3776948.24515 762728.0724709 57.1827049824 -0.246838955 0.8112625237 20.3359694793 4.74279494 12.6785854902 0.0283440223
7324 309210.75 113.8462454226 34.0862343892 3776949.269009 762728.4200326998 57.1814161921 -0.2973551361 0.7922511196 20.1848961966 4.6897087317 12.6524643103 -0.0332311211
7325 309210.83 113.8462494509 34.0862435073 3776950.291269 762728.7637926999 57.1774310181 -0.3060514632 0.7774764327 20.03880769 4.6405725727 12.6301687751 -0.0628706502
7326 309210.91 113.8462534358 34.0862526006 3776951.310676 762729.1036289 57.1719901068 -0.1835467888 0.7195190628 19.8894843797 4.5888629979 12.5885395637 -0.0637616439
7327 309210.99 113.8462573752 34.0862616678 3776952.327058 762729.4393367 57.1673627859 -0.0113854341 0.6905204598 19.7483041392 4.5384370676 12.5540448437 -0.0185994862
7328 309211.07 113.8462612733 34.0862707038 3776953.339882 762729.7713266 57.1668686476 -0.024244124 0.6760256671 19.6028229975 4.4850495041 12.4979111895 0.0282430089
7329 309211.15 113.846265136 34.0862797141 3776954.349753 762730.1001239 57.171230075 0.001192048 0.6565570203 19.4565515483 4.4417438509 12.4797098664 0.050668008
7330 309211.23 113.8462689594 34.086288707 3776955.357589 762730.4253562 57.1732894126 0.0825038055 0.686268423 19.3201037046 4.398485123 12.4538821875 0.0053503588
7331 309211.31 113.8462727503 34.0862976792 3776956.363053 762730.7476434 57.1752721146 0.1950808736 0.6953017456 19.1791224953 4.3592664365 12.4277953337 0.0378575286
7332 309211.39 113.846276506 34.0863066324 3776957.366322 762731.0667399998 57.1803597435 0.1609464714 0.7247448405 19.0460248247 4.322732597 12.3977323068 0.0607983911
7333 309211.47 113.8462802242 34.0863155714 3776958.3679059986 762731.3824194 57.1848790357 0.0969605414 0.7015468929 18.9195013175 4.2728341356 12.3821672792 0.0477585468
7334 309211.52 113.8462825286 34.0863211509 3776958.993033998 762731.5779474 57.1875744509 0.0375654049 0.7161640142 18.8455049564 4.2524432222 12.3688981581 0.0623194713
7335 309211.6 113.8462861919 34.0863300622 3776959.9914089986 762731.8886426998 57.1913435226 0.0342810188 0.6903622573 18.7268933004 4.2154807366 12.3383414953 0.0388697709
7336 309211.68 113.846289822 34.0863389621 3776960.988433 762732.1963046 57.1940945163 -0.0107869497 0.7120775004 18.6159852957 4.1806679388 12.329435569 0.0190299392
7337 309211.76 113.8462934243 34.086347842 3776961.983164 762732.5014696999 57.1951487577 -0.0029498891 0.6893514689 18.5016387886 4.1462009259 12.2931480274 0.0254820234
7338 309211.84 113.8462969918 34.086356701 3776962.975498 762732.8034799 57.1963881059 -0.0240128858 0.6825432123 18.3871715893 4.1030114838 12.2660055664 0.0008451731
7339 309211.92 113.8463005306 34.0863655361 3776963.965085 762733.1029172 57.1984336777 0.0228435426 0.7243009111 18.2564522228 4.0752977343 12.2284423883 0.0360532062
7340 309212.0 113.846304037 34.0863743479 3776964.952022 762733.3994330999 57.1999471178 0.0961717638 0.7070775734 18.1249848404 4.0257436009 12.2076175074 0.0138818263
7341 309212.08 113.8463075055 34.0863831358 3776965.936197 762733.6925198 57.2020774456 0.0862719185 0.6351606849 17.9906355608 3.975526174 12.1638208741 0.0562915833
7342 309212.16 113.8463109329 34.0863919018 3776966.917836 762733.9818779002 57.2052701507 -0.0696841214 0.6208351007 17.8531350825 3.9294204029 12.1435168937 0.0350154762
7343 309212.24 113.8463143222 34.0864006437 3776967.896714 762734.2678051 57.2066625208 0.0556623011 0.5518322848 17.7333289059 3.8869022905 12.1005530843 0.0302549232
7344 309212.32 113.8463176799 34.0864093656 3776968.873278 762734.550866 57.2066733064 -0.0461085821 0.5257240329 17.6117311109 3.8518831068 12.0805754385 -0.0096741961
7345 309212.34 113.8463185139 34.0864115429 3776969.117058 762734.6211399002 57.2065463997 0.0814466481 0.484280991 17.5805969932 3.8445470007 12.0719305233 0.0182967005
7346 309212.42 113.8463218349 34.0864202413 3776970.090925 762734.9008866998 57.2069598222 -0.1101560363 0.5418570509 17.4473311585 3.816099247 12.0440344214 0.017432502
7347 309212.5 113.8463251312 34.0864289218 3776971.0627480014 762735.1784029 57.2074521957 -0.2024692433 0.5245665361 17.3010866446 3.7870777796 12.028897349 0.0279785223
7348 309212.58 113.8463283908 34.0864375894 3776972.033035 762735.4525757 57.2071692897 -0.2615431562 0.5935736683 17.1579060023 3.7495747336 12.0121566445 -0.0083321866
7349 309212.66 113.8463316233 34.0864462462 3776973.002059 762735.7242796 57.2025816841 -0.1310397684 0.6317041073 17.0049948183 3.7098771554 11.9919412864 -0.0588073621
7350 309212.74 113.8463348181 34.0864548929 3776973.96986 762735.9925386 57.1970202113 0.0238016311 0.6347696887 16.856894911 3.6622172387 11.9757580301 -0.0265014706
7351 309212.82 113.846337975 34.0864635251 3776974.935962 762736.2573356 57.1957438784 0.1156825795 0.6096233769 16.6945278086 3.6179163863 11.957530858 0.0211200536
7352 309212.91 113.8463414809 34.0864732194 3776976.020830998 762736.5510779 57.1986441305 0.1000775054 0.6164811602 16.5143382537 3.5698605333 11.9344677095 0.0601846589
7353 309213.0 113.8463449421 34.0864828959 3776977.103601998 762736.8407458002 57.2019842081 0.0431676375 0.6014726136 16.3269447061 3.5218096021 11.9100922124 0.0502867511
7354 309213.09 113.8463483546 34.0864925516 3776978.183939 762737.1259796 57.2052836344 0.0051051629 0.6745587924 16.1320297277 3.4807441698 11.8907619659 0.0410658989
7355 309213.15 113.8463506078 34.0864989771 3776978.902819 762737.314155 57.2058869815 0.043673467 0.7361729353 15.9890123817 3.4532354499 11.8745354478 0.0105907738
7356 309213.24 113.8463539478 34.0865086012 3776979.979474 762737.5927922 57.2061180808 0.195107001 0.8077234047 15.7899732532 3.401993374 11.8572349611 0.0290658788
7357 309213.33 113.8463572363 34.0865182083 3776981.054101 762737.8667337 57.2090075938 0.1903898412 0.8370158904 15.5896338453 3.3444484552 11.8313857803 0.0745877877
7358 309213.42 113.8463604742 34.0865277958 3776982.126418 762738.1360585998 57.2147408808 0.1092390431 0.927663633 15.4049135111 3.3009205635 11.8064967828 0.0917580476
7359 309213.51 113.8463636665 34.0865373676 3776983.19689 762738.4012149 57.2188612269 0.0650476613 0.9283645945 15.2442341869 3.2464025896 11.7917089933 0.0237468663
7360 309213.6 113.8463668108 34.0865469229 3776984.265395 762738.6620024998 57.2202612888 0.0655267421 0.9137285565 15.1108595408 3.2032298627 11.7632700034 0.0248126318
7361 309213.69 113.8463699203 34.0865564598 3776985.331772 762738.919625 57.221058174 0.0181647609 0.8596209953 14.9769865456 3.1694723807 11.7429223131 0.0151924654
7362 309213.78 113.8463729915 34.0865659782 3776986.396004 762739.1737675 57.2224060269 0.0212758443 0.86987271 14.8656657645 3.1371632755 11.7241748226 0.0222596751
7363 309213.87 113.8463760368 34.0865754762 3776987.457892 762739.4255836 57.2239317931 0.0049798188 0.8795160227 14.7587208785 3.1126984003 11.6966434616 0.0231069245
7364 309213.96 113.8463790512 34.0865849569 3776988.5177940014 762739.6745973 57.2246422805 0.0389479634 0.7988455594 14.6495009408 3.0706194276 11.6802771013 0.0144717768
7365 309214.04 113.846381705 34.0865933693 3776989.458203 762739.8936271 57.2251873249 0.1169229477 0.8040830391 14.5534410306 3.0531539488 11.6572606149 0.0159762722
7366 309214.13 113.8463846669 34.0866028109 3776990.513629 762740.1379162 57.2271970697 0.1342803426 0.7602232127 14.4473062081 3.0167981546 11.6349438469 0.0335936443
7367 309214.22 113.846387594 34.0866122326 3776991.56675 762740.3790566 57.2309193369 0.0525375147 0.7371703258 14.3477578069 2.9894276995 11.6084975134 0.0484467656
7368 309214.31 113.8463904949 34.0866216314 3776992.617261 762740.6178408002 57.2349686418 -0.0670127884 0.7383375091 14.240957007 2.9574876797 11.5770928836 0.0398932234
7369 309214.4 113.8463933708 34.0866310056 3776993.664989 762740.8543958 57.236736183 -0.0662787929 0.781955874 14.1349565183 2.9383168552 11.5434607103 0.0035126322
7370 309214.49 113.8463962199 34.0866403547 3776994.709851 762741.0885639 57.2348022899 0.0841873753 0.7639266437 14.0250646997 2.9050221703 11.5126685935 -0.0164734532
7371 309214.58 113.8463990357 34.0866496719 3776995.751092 762741.3197418002 57.2357777841 0.0889773502 0.7873206277 13.9230495915 2.8793130571 11.4713948797 0.0811716422
7372 309214.67 113.8464018179 34.0866589544 3776996.788392 762741.5479330998 57.2413608627 -0.1101751587 0.7230079877 13.813418165 2.830717624 11.4242373749 0.0827353815
7373 309214.76 113.8464045596 34.0866682035 3776997.821889 762741.772481 57.2448035562 -0.2319183713 0.7085373731 13.732327547 2.7970248716 11.3832134332 0.0133498213
7374 309214.85 113.8464072716 34.0866774107 3776998.8506519985 762741.9944284002 57.2422655588 -0.1563822175 0.5719077292 13.647441648 2.763340552 11.3279058952 -0.0475558109
7375 309214.94 113.8464099471 34.0866865688 3776999.873875 762742.2131435 57.2379567036 -0.1148667055 0.5485784496 13.5623586249 2.7315350597 11.2577330344 -0.0157765685
7376 309215.03 113.8464126021 34.0866956689 3777000.89061 762742.430152 57.2377790138 -0.1793479585 0.5736311112 13.4467151403 2.7073815868 11.1853472688 0.0072130152
7377 309215.06 113.8464134772 34.0866986897 3777001.228104 762742.5016106 57.2379375901 -0.2219017772 0.5869208772 13.4091693067 2.6868744552 11.1592835536 0.0108703961
7378 309215.15 113.8464160724 34.0867077068 3777002.235469002 762742.7133585998 57.2368471594 -0.2347601572 0.6302221393 13.2960394514 2.6468369238 11.0728919614 -0.0038317383
7379 309215.24 113.8464186274 34.0867166462 3777003.234115 762742.921631 57.2349421885 -0.1978276066 0.6567004366 13.1597055751 2.5985373661 10.9743056453 -0.0093847056
7380 309215.33 113.846421128 34.0867255009 3777004.223218 762743.1251344 57.2336960053 -0.2080314839 0.6715785682 13.0099594928 2.5339273802 10.8590269044 -0.0074854689
7381 309215.43 113.8464238444 34.0867352385 3777005.310857 762743.3458433001 57.2322538216 -0.170638823 0.6826439433 12.8370771428 2.4783632987 10.7435207828 0.0013731309
7382 309215.53 113.8464264877 34.086744861 3777006.385531 762743.5601511998 57.2315588836 -0.092615426 0.6676608071 12.6663434336 2.4079336239 10.6103001336 0.0191063689
7383 309215.63 113.8464290639 34.086754365 3777007.446886 762743.7686363001 57.2323980527 -0.0549659326 0.6159723553 12.4981730798 2.3503369661 10.4786754409 0.0212024915
7384 309215.73 113.8464315667 34.0867637412 3777008.493868 762743.9707323002 57.2343749497 -0.0386004591 0.6013289856 12.3354699335 2.2863631018 10.3275555259 0.0552211907
7385 309215.83 113.8464340048 34.0867729825 3777009.525718 762744.1672794 57.2372751357 -0.1439315244 0.5814388284 12.1858198581 2.2212369779 10.1767684728 0.0302217611
7386 309215.93 113.8464363718 34.0867820804 3777010.541465 762744.3576984998 57.2395751039 -0.1888196685 0.5584634976 12.057438568 2.1523527905 10.0122444358 0.0292643343
7387 309215.95 113.8464368376 34.0867838817 3777010.742566 762744.3951410998 57.2402241854 -0.2173567473 0.5657975412 12.0326510026 2.1467735557 9.9750637339 0.044272957
7388 309216.05 113.8464391267 34.0867927998 3777011.738157 762744.5789265998 57.2413072158 -0.1808196274 0.4975611035 11.9031623394 2.0827011374 9.8116689714 -0.0040674527
7389 309216.16 113.8464415622 34.0868024262 3777012.812732 762744.7740343 57.2404037807 -0.0453519775 0.5115043685 11.7395746166 2.0201797387 9.6113711235 0.0135632396
7390 309216.27 113.8464439203 34.0868118564 3777013.865344 762744.9626054 57.2433545003 -0.1713153829 0.4904888568 11.5589148458 1.9450181126 9.4152960647 0.0313131561
7391 309216.38 113.8464461829 34.086821091 3777014.895991 762745.142963 57.2482306277 -0.2694235584 0.485417537 11.3880983076 1.8711362805 9.21588623 0.0394566132
7392 309216.49 113.8464483671 34.0868301297 3777015.904702 762745.3166969 57.2487011338 -0.0685572814 0.5110889499 11.210061344 1.8062996088 9.0170252659 -0.0216243009
7393 309216.6 113.8464504728 34.086838972 3777016.891404 762745.483778 57.2460735701 0.2103820805 0.4909236839 11.0204791306 1.7319430677 8.8204652832 0.0032539782
7394 309216.72 113.8464526721 34.0868483807 3777017.941218 762745.6577561 57.2519691568 0.1513874864 0.513247411 10.7971910535 1.6621701325 8.5831340184 0.0948041158
7395 309216.84 113.8464547674 34.0868575428 3777018.963399 762745.8228851 57.2642466966 -0.0572425368 0.5396728307 10.5855022015 1.5787899887 8.3575795522 0.1063564346
7396 309216.94 113.846456436 34.0868649826 3777019.7933309986 762745.9539458 57.27099548 -0.1076036195 0.5396974938 10.4187603766 1.5138714939 8.1606894942 0.0453469927
7397 309217.07 113.8464585036 34.0868743669 3777020.840097 762746.1158418 57.2732171277 0.1266376925 0.5113352473 10.2185407176 1.4282234973 7.8613095989 0.0141781271
7398 309217.2 113.8464604677 34.0868834023 3777021.84787 762746.2692564002 57.2744067116 0.2872441827 0.530956232 10.0151563467 1.3548896732 7.5664721746 0.0429958426
7399 309217.34 113.8464624508 34.0868927382 3777022.889042 762746.4234894 57.2839927776 0.2475762932 0.5076852397 9.8284373433 1.2652956875 7.2410228238 0.1116517818
7400 309217.48 113.8464643113 34.0869016696 3777023.885008 762746.5676544 57.2977654832 0.0178031657 0.496095202 9.6216111265 1.1966510935 6.9331582757 0.1060560688
7401 309217.63 113.8464661925 34.0869108836 3777024.912394 762746.712862 57.3052367074 0.0525096206 0.4626152844 9.4254409905 1.1248357714 6.710293996 0.0378350755
7402 309217.78 113.8464679693 34.0869198293 3777025.909736 762746.8492621 57.308041336 0.2243348603 0.4246254193 9.2351033496 1.073545948 6.5493161856 0.0269269895
7403 309217.94 113.846469795 34.086929174 3777026.95148 762746.9889326 57.3108861838 0.2363113541 0.3981301211 9.0399595322 1.0358885549 6.4273121096 0.0293618401
7404 309218.1 113.8464715415 34.0869383336 3777027.9724800014 762747.1218747 57.3204794796 0.0198806416 0.4296814528 8.8712479692 0.9838704563 6.2746874666 0.0836079457
7405 309218.23 113.8464729003 34.086945584 3777028.7806 762747.2249114 57.3282288136 -0.0682776023 0.5298182916 8.7309726709 0.956611301 6.0982275484 0.0510918333
7406 309218.4 113.8464745848 34.0869547208 3777029.798915 762747.3521944998 57.3306512888 -0.0420126153 0.6460592483 8.5608860859 0.8956144249 5.8292690311 -0.0021072352
7407 309218.58 113.8464762316 34.0869639282 3777030.824956 762747.4757801 57.3310431307 -0.2184329887 0.636000304 8.3835285831 0.8175625981 5.5196301242 0.0309507364
7408 309218.77 113.8464778525 34.0869730649 3777031.843099 762747.5971843002 57.3426157366 -0.5333348781 0.7961369065 8.1963113667 0.7609561964 5.1471270573 0.0505569119
7409 309218.98 113.8464794549 34.0869823972 3777032.8828879986 762747.7162832 57.3386392845 -0.4732085346 0.8448150114 8.0490681417 0.6626492123 4.7122420119 -0.0436870792
7410 309219.21 113.8464810121 34.0869916452 3777033.913219 762747.8314703 57.3316540876 -0.2881112779 0.7393629639 7.8787663772 0.5943110808 4.1977871253 0.0087784561
7411 309219.46 113.8464825097 34.0870005723 3777034.907773 762747.9421396998 57.3279267438 -0.0824209613 0.8099206575 7.6993455433 0.521032948 3.788247696 -0.0297818116
7412 309219.73 113.8464839588 34.0870095938 3777035.912676 762748.0480477 57.3272699052 0.0663407101 0.5187896999 7.5321253548 0.4687188938 3.6182658284 0.0109774671
