792 308304.06 113.8412796035 34.0913239142 3777501.323851 762254.1877024998 58.2227505324 -0.1116647258 0.7986720614 262.3827357424 -10.6169026229 -1.4049386792 -0.0075217614
793 308304.16 113.8412680935 34.0913226424 3777501.153147 762253.1289123 58.2151833382 0.1630866641 0.8327179689 262.2176302384 -10.6320489402 -1.43842613 -0.1049275824
794 308304.26 113.8412565713 34.0913213419 3777500.97922 762252.0690877 58.2088174196 0.4700399814 0.7518585894 262.0544249308 -10.6350571036 -1.4739881476 0.0350990916
795 308304.36 113.8412450478 34.0913200054 3777500.801305 762251.009256 58.217308199 0.4104786045 0.7277058408 261.8902191764 -10.6424062778 -1.5090286789 0.1157206729
796 308304.46 113.8412335111 34.0913186396 3777500.620106 762249.9482862 58.2262197081 0.3408188793 0.714873571 261.720691968 -10.652016821 -1.537884481 0.0701873236
797 308304.56 113.8412219621 34.0913172491 3777500.436124 762248.8862604002 58.2313227337 0.3054186903 0.7215064691 261.5371688786 -10.6621347451 -1.5716047135 0.0303590704
798 308304.66 113.8412104044 34.0913158226 3777500.248133 762247.8235496 58.2344748611 0.4767902275 0.6644766886 261.3708211793 -10.6733295428 -1.6120243938 0.0327781534
799 308304.76 113.8411988321 34.0913143641 3777500.056544 762246.7595783 58.2363695875 0.6855138511 0.6484506339 261.1939926575 -10.6845774922 -1.6434248646 0.0434869173
800 308304.86 113.8411872566 34.0913128767 3777499.861747 762245.6954091998 58.2467320869 0.5056627006 0.6011652497 261.0143914783 -10.6876083669 -1.6775562152 0.1398503485
801 308304.96 113.8411756737 34.0913113558 3777499.663211 762244.6306619 58.2607717914 0.1492727438 0.598065898 260.822571364 -10.6932011941 -1.7147248953 0.1061028569
802 308304.99 113.8411721954 34.0913108926 3777499.602876 762244.3109378 58.2631580876 0.0889967631 0.6130494242 260.7668367503 -10.703842626 -1.7259529819 0.0527740894
803 308305.09 113.8411605935 34.0913093246 3777499.3990730015 762243.2445747 58.263392346 0.1705514489 0.5772093153 260.5813228374 -10.7142664177 -1.7630945584 -0.0478207587
804 308305.19 113.8411489834 34.091307719 3777499.191066 762242.1775745 58.25894426 0.3621823219 0.6153850059 260.3868601644 -10.7319691887 -1.8059319711 -0.0472489913
805 308305.29 113.841137365 34.0913060812 3777498.979471 762241.1099088 58.2606844455 0.3068094635 0.5659591194 260.1784096056 -10.7290297988 -1.8376345028 0.0625617685
806 308305.39 113.8411257426 34.0913044059 3777498.7637 762240.0419891998 58.2694246825 -0.02549254 0.6405759925 259.9590569594 -10.7375198621 -1.8807543893 0.0688862339
807 308305.49 113.8411141028 34.0913026973 3777498.544189 762238.9725577 58.2699526278 0.0101081222 0.668157763 259.7308013788 -10.7586158546 -1.9224545747 -0.0441053253
808 308305.59 113.8411024508 34.0913009425 3777498.319521 762237.9021564 58.2630918473 0.3651240198 0.6512377652 259.5136122049 -10.7641579161 -1.9756404415 -0.0517975517
809 308305.69 113.8410907946 34.0912991449 3777498.090093 762236.8314866 58.2620920483 0.5250319696 0.619771391 259.3063951025 -10.7666246721 -2.0159165167 0.0549650459
810 308305.79 113.8410791368 34.0912973099 3777497.856501 762235.7607861 58.2724792352 0.2929133808 0.6096249432 259.0842447193 -10.766414037 -2.0562132804 0.1450898539
811 308305.83 113.841074471 34.0912965651 3777497.761869 762235.3322943002 58.2773459321 0.173473177 0.6167532531 258.9967347845 -10.7812742299 -2.075946547 0.1246025538
812 308305.93 113.8410627973 34.0912946783 3777497.5224910006 762234.2602879001 58.2838646648 -0.06246991 0.6516920272 258.7951000859 -10.7890497596 -2.1162163607 0.0161235356
813 308306.03 113.8410511085 34.0912927533 3777497.278844 762233.1870078 58.2803146196 -0.03104074 0.6173461713 258.6220232017 -10.7957116139 -2.1689190959 -0.0964922489
814 308306.13 113.8410393984 34.091290792 3777497.031111 762232.1118721998 58.2722021146 0.1542528429 0.6018260456 258.482064634 -10.8150070621 -2.1943005138 -0.076368856
815 308306.23 113.8410276777 34.091288802 3777496.780168 762231.0358411998 58.2695163125 0.2542720877 0.5242217445 258.3279180183 -10.8166950468 -2.2237006435 0.0489299253
816 308306.33 113.8410159485 34.0912867839 3777496.5260769986 762229.9591176999 58.2754694102 -0.0151731681 0.5224606573 258.1662611793 -10.8267515294 -2.2589305402 0.0749073742
817 308306.43 113.8410042051 34.0912847408 3777496.269182 762228.8811665 58.2784105921 -0.2027718686 0.5511283186 257.9843523922 -10.8467987044 -2.2798506131 -0.0402340013
818 308306.53 113.8409924439 34.0912826577 3777496.007796 762227.8016829 58.2702211887 0.0710694813 0.5310329245 257.818425092 -10.8530922152 -2.3321893712 -0.0981854904
819 308306.62 113.8409818506 34.0912807536 3777495.769283 762226.8294869 58.2638545744 0.3481083431 0.5000641771 257.659600748 -10.8698123073 -2.3729430589 -0.0144515821
820 308306.71 113.8409712531 34.0912788217 3777495.52767 762225.8569818 58.2645077165 0.3263311288 0.3759286903 257.4970599557 -10.8670566184 -2.3912430347 0.0423894898
821 308306.72 113.8409700748 34.0912786063 3777495.500733 762225.7488521 58.2657157034 0.3285320359 0.3800154457 257.4763198214 -10.8737933788 -2.3924307912 0.105935879
822 308306.81 113.8409594752 34.0912766439 3777495.255735 762224.7762550998 58.2750510294 -0.1628632065 0.3543382637 257.3063522953 -10.8752445688 -2.4404834245 0.0780227059
823 308306.9 113.8409488643 34.0912746479 3777495.006968 762223.8027123 58.2764109075 -0.3385977672 0.4165566768 257.1424853857 -10.8896709832 -2.4787834433 -0.063245927
824 308306.99 113.8409382389 34.0912726322 3777494.7559839985 762222.8278962 58.2661459204 -0.0167496076 0.4706398388 256.968365066 -10.9000905609 -2.4984013061 -0.144277433
825 308307.08 113.840927608 34.0912705917 3777494.5022370014 762221.8526419002 58.2544689067 0.514930498 0.4658692822 256.7982140702 -10.9087835358 -2.5317996654 -0.1104844196
826 308307.17 113.8409169812 34.0912685275 3777494.2458730014 762220.8778476998 58.2547745034 0.7266886984 0.5549758054 256.6258002504 -10.8983365887 -2.5552399358 0.1107676315
827 308307.26 113.8409063637 34.0912664403 3777493.986974 762219.9039750998 58.2713257121 0.4005649368 0.6786715682 256.4468424759 -10.8979998254 -2.5955975187 0.2147637049
828 308307.35 113.8408957422 34.0912643208 3777493.724475 762218.9298357 58.2851310233 0.135559393 0.7315106746 256.2805265017 -10.9078683127 -2.6370764436 0.0825057898
829 308307.44 113.8408851153 34.0912621671 3777493.458175 762217.9553089001 58.2879599445 0.1052466737 0.7428982335 256.1240302063 -10.9084294866 -2.6784111597 -0.0250728104
830 308307.53 113.840874478 34.0912599828 3777493.188446 762216.9799127 58.2836779887 0.3040985564 0.6915253291 255.975911256 -10.9221988649 -2.7128309737 -0.0635441485
831 308307.54 113.840873296 34.0912597383 3777493.158283 762216.8715311999 58.2830109829 0.3183429989 0.6825448348 255.9594292694 -10.9185072244 -2.7159951318 -0.0697637711
832 308307.63 113.8408626558 34.0912575219 3777492.884983 762215.8959614 58.2814928731 0.3988730442 0.62509978 255.8011113694 -10.9159017813 -2.7519550475 0.0292341465
833 308307.72 113.8408520137 34.0912552831 3777492.609201 762214.9202929 58.2892583804 0.1450961795 0.6099189372 255.6411418285 -10.9243353475 -2.7727593644 0.1075862138
834 308307.81 113.840841364 34.0912530184 3777492.330519 762213.9439936 58.2960818261 -0.040451225 0.6157809801 255.4823562108 -10.9365410938 -2.8093937356 0.0194208492
835 308307.9 113.8408307063 34.0912507274 3777492.048904 762212.9670449 58.2942968747 0.1438656072 0.6136588159 255.3338643599 -10.9475272309 -2.8402341444 -0.0473360185
836 308307.99 113.8408200418 34.0912484111 3777491.764456 762211.9895436 58.2897793753 0.4013468894 0.5804273229 255.1941963194 -10.9424455573 -2.8746465445 -0.0443203846
837 308308.08 113.8408093813 34.0912460669 3777491.476931 762211.0124936998 58.2900992464 0.5287684555 0.6016725451 255.049860559 -10.9407824185 -2.8975378334 0.0576676674
838 308308.17 113.8407987254 34.0912437069 3777491.187658 762210.0359194 58.2992455345 0.3267825524 0.6228759973 254.8983458822 -10.9333860576 -2.9215514173 0.1206878506
839 308308.26 113.8407880676 34.0912413211 3777490.895524 762209.0592575 58.3089554468 0.0203098374 0.6838782177 254.7492832671 -10.9420330102 -2.9547358031 0.0649852533
840 308308.35 113.8407774022 34.0912389096 3777490.600518 762208.0819607 58.311167202 -0.0271996251 0.726366297 254.6050936606 -10.9523961141 -2.9875477942 -0.0116165703
841 308308.43 113.8407679181 34.0912367437 3777490.335797 762207.2129855 58.3075427916 0.0725098685 0.7462459723 254.4777172449 -10.9557457035 -3.0213604704 -0.0655823713
842 308308.52 113.8407572486 34.0912342829 3777490.035305 762206.2354673 58.3036995782 0.1378071146 0.7475887231 254.3442436935 -10.9493049724 -3.0460535011 -0.0191439594
843 308308.61 113.8407465821 34.0912317954 3777489.731857 762205.2583066 58.3033345817 0.104481854 0.7364880889 254.2039082286 -10.9414505249 -3.0826243385 0.0009848328
844 308308.7 113.8407359169 34.0912292852 3777489.425894 762204.2813362 58.3044714546 0.1356111063 0.7195019091 254.0628320882 -10.9488294113 -3.1044996472 0.0302607489
845 308308.79 113.8407252531 34.0912267534 3777489.117529 762203.3045672 58.3050116086 0.1259161825 0.712043026 253.91361843 -10.941716979 -3.138517632 -0.0198005481
846 308308.88 113.840714591 34.0912241954 3777488.806276 762202.3280291 58.3048961405 0.154407037 0.7762448561 253.7776843324 -10.9485417689 -3.1616494065 0.0121867665
847 308308.97 113.8407039313 34.0912216229 3777488.493411 762201.3517599 58.3062444003 0.1458545588 0.7880383039 253.6323090703 -10.9367760063 -3.1814466858 0.0310507263
848 308309.06 113.8406932708 34.0912190248 3777488.17771 762200.3755032 58.3078968469 0.0268462098 0.8309933881 253.5056862615 -10.9361628424 -3.2181736662 -0.0088891618
849 308309.15 113.8406825993 34.0912164068 3777487.859767 762199.3982831 58.3066600291 0.0967399596 0.8250410896 253.375696673 -10.9341641231 -3.241202089 -0.0264639775
850 308309.24 113.8406719336 34.0912137645 3777487.539147 762198.4216778001 58.305162265 0.2946938576 0.7944781233 253.2771999398 -10.9394240012 -3.2746987834 -0.008581527
851 308309.33 113.8406612718 34.0912111 3777487.216063 762197.4454998 58.3050321089 0.4705484932 0.7467552419 253.1874828766 -10.9278817215 -3.2963365082 0.0129188913
852 308309.35 113.8406589032 34.0912105059 3777487.144058 762197.2286367 58.3059644802 0.4343189454 0.7505761956 253.1651332038 -10.9267442933 -3.2970448132 0.0533236046
853 308309.44 113.8406482477 34.0912078271 3777486.819403 762196.2530862 58.313702412 0.1979724703 0.7709232491 253.0650385289 -10.9238948978 -3.3056963958 0.1168705183
854 308309.53 113.8406375915 34.091205133 3777486.493057 762195.2775176 58.3219975578 -0.1221153404 0.7915616781 252.9565713928 -10.9273945582 -3.3347899898 0.0548686498
855 308309.62 113.8406269287 34.0912024222 3777486.164836 762194.3013877 58.3196604233 -0.1180281086 0.8611693065 252.8546791394 -10.9348387547 -3.3522165383 -0.0927897185
856 308309.71 113.8406162571 34.0911996959 3777485.834887 762193.3244962 58.3102194276 0.1373816173 0.8484323876 252.7547845419 -10.9401213881 -3.3756044882 -0.1254505439
857 308309.8 113.8406055886 34.0911969467 3777485.502387 762192.3479584 58.303763845 0.3307162726 0.8518251443 252.6622447923 -10.9324601552 -3.4021559065 -0.0175262977
858 308309.89 113.840594924 34.0911941807 3777485.168045 762191.3718355 58.3093386367 0.1209384062 0.8266198212 252.5620506083 -10.9336097061 -3.4199123747 0.1140438774
859 308309.98 113.8405842625 34.0911913967 3777484.8317 762190.396051 58.317066608 -0.0415904146 0.7941682663 252.4511027948 -10.9349808515 -3.4450876494 0.0626130557
860 308310.07 113.8405735929 34.0911885909 3777484.492924 762189.4195876998 58.3165764492 0.12029553 0.7869502608 252.342614666 -10.9422433092 -3.4683836523 -0.0388548214
861 308310.16 113.8405629204 34.0911857642 3777484.15183 762188.4429264 58.3119046995 0.470039063 0.7355978424 252.228165436 -10.9409280205 -3.4946470709 -0.0405675503
862 308310.25 113.8405522544 34.0911829143 3777483.8081620014 762187.4669338 58.3116994314 0.6665865903 0.7286549538 252.120526608 -10.9277797874 -3.5183340996 0.0356452674
863 308310.34 113.8405415967 34.0911800533 3777483.463293 762186.4917387 58.3220668761 0.4409707199 0.7455762009 252.0030439453 -10.9215148738 -3.5309456512 0.155579795
864 308310.36 113.8405392288 34.0911794155 3777483.386432 762186.2750766 58.3253863202 0.3548334834 0.7259004281 251.9739553069 -10.9209681185 -3.5361105014 0.1664818393
865 308310.45 113.8405285769 34.0911765282 3777483.0386480014 762185.3004997 58.3376120357 -0.0135156912 0.771109058 251.8614599248 -10.919714336 -3.5667058855 0.1008876466
866 308310.54 113.8405179198 34.0911736263 3777482.689246 762184.3254858 58.3402415058 -0.1396290753 0.8056059315 251.7389519531 -10.9307129284 -3.5816681378 -0.0462916102
867 308310.63 113.8405072597 34.0911706988 3777482.336988 762183.3502731 58.3335959548 0.0726392719 0.7593968192 251.632478412 -10.927583143 -3.6260008504 -0.1096298709
868 308310.72 113.8404965993 34.0911677496 3777481.982323 762182.3751036 58.3262733361 0.3284830859 0.7809827393 251.5277778542 -10.9221000406 -3.6339387548 -0.0437524335
869 308310.81 113.8404859467 34.091164788 3777481.6263 762181.400686 58.3297358649 0.2907015824 0.7246599979 251.4070923423 -10.9159083129 -3.6572843527 0.1047708416
870 308310.9 113.8404753 34.0911618032 3777481.267713 762180.4268964 58.3377003493 0.1786384415 0.7016023857 251.2785916826 -10.909563923 -3.6931322104 0.0570104219
871 308310.99 113.8404646534 34.0911587963 3777480.906685 762179.4531779 58.3403899688 0.2167822064 0.715024163 251.1408241861 -10.9105168617 -3.7109396662 0.0011134371
872 308311.08 113.8404540143 34.0911557712 3777480.5436410015 762178.4802047 58.3414122826 0.3664062265 0.6911670454 250.9953031886 -10.9051268357 -3.7413252768 0.0399411222
873 308311.17 113.8404433883 34.091152718 3777480.177528 762177.5085309 58.3439268507 0.491255132 0.6436636848 250.8641171762 -10.8937041526 -3.7794765826 0.0348335291
874 308311.26 113.8404327668 34.0911496459 3777479.809317 762176.5373293002 58.3507545656 0.3439358411 0.6479951117 250.7135791968 -10.8907397568 -3.7942094054 0.0903155385
875 308311.34 113.8404233317 34.0911468983 3777479.480171 762175.6746638 58.3592287647 0.0094343296 0.6824099743 250.5694399235 -10.8802473909 -3.8204478679 0.0885559178
876 308311.43 113.8404127182 34.0911437822 3777479.107103 762174.7043366998 58.363355414 -0.149552668 0.706302266 250.4177559863 -10.8904154391 -3.8557295837 -0.0076267274
877 308311.52 113.8404021015 34.091140636 3777478.730691 762173.7338114 58.3574496945 0.0013171559 0.6636321907 250.2666759598 -10.8883251223 -3.8953681996 -0.1093729709
878 308311.61 113.8403914884 34.0911374622 3777478.351223 762172.7636943002 58.3499941854 0.1546469309 0.6794844029 250.1173176744 -10.8809695617 -3.9232110784 -0.039757113
879 308311.7 113.8403808838 34.0911342678 3777477.969487 762171.794435 58.352522105 -0.0071737638 0.6485351367 249.9449676595 -10.8724556185 -3.9581469447 0.0462859048
880 308311.79 113.8403702884 34.0911310452 3777477.584653 762170.826105 58.3556557754 -0.1161398244 0.7137269947 249.7503998291 -10.8695130002 -3.9848018353 0.0039026342
881 308311.88 113.840359697 34.0911278001 3777477.197325 762169.8582167 58.3537235893 -0.0996837571 0.7815620906 249.5311272649 -10.853702571 -4.0146422997 -0.0622634921
882 308311.97 113.8403491208 34.0911245167 3777476.805784 762168.8918526 58.3487581676 0.0082682387 0.7926753279 249.3265352345 -10.8372190765 -4.0721853004 -0.0509452316
883 308312.06 113.8403385592 34.0911211998 3777476.410562 762167.926942 58.3454538928 -0.0177869442 0.7933965875 249.1361245785 -10.8220657727 -4.1041412737 -0.0215943639
884 308312.13 113.8403303548 34.0911186025 3777476.101258 762167.1774399 58.3454126818 -0.1100616242 0.7722922348 249.0085274218 -10.8112609787 -4.1332174294 0.0098720335
885 308312.22 113.8403198172 34.0911152355 3777475.700544 762166.2148965 58.3444161369 -0.198021113 0.7058785493 248.8806139032 -10.7976990427 -4.1709940535 -0.0348923696
886 308312.31 113.8403092896 34.0911118419 3777475.296904 762165.2533595 58.3379142052 -0.0560096366 0.6128296699 248.7816188928 -10.7880429122 -4.1897655199 -0.0891925282
887 308312.4 113.8402987669 34.0911084358 3777474.891888 762164.2923098 58.3311182028 0.0634422537 0.6185164041 248.688947216 -10.7781666915 -4.2025260066 -0.049277082
888 308312.49 113.8402882551 34.0911050229 3777474.486141002 762163.332288 58.330442437 0.0135128713 0.5929409095 248.5898914893 -10.7733136984 -4.2113183752 0.0307745394
889 308312.58 113.8402777531 34.091101596 3777474.078864 762162.373216 58.3314377815 -0.079584746 0.6384354748 248.4845171582 -10.764083134 -4.2316024688 -0.0091696701
890 308312.67 113.8402672589 34.0910981627 3777473.670911 762161.4148812 58.3290504524 0.0305544003 0.6966431028 248.364343457 -10.7553125373 -4.2416974875 -0.0417783761
891 308312.76 113.84025677 34.0910947058 3777473.260347 762160.4571054 58.3237155769 0.2397735246 0.6841282537 248.2405201469 -10.740903101 -4.2764091704 -0.0477092629
892 308312.85 113.8402463018 34.0910912333 3777472.848097 762159.5012965 58.3269219846 0.0954920236 0.6695727297 248.1185087471 -10.7288083689 -4.289551269 0.1593352255
893 308312.94 113.8402358501 34.0910877364 3777472.433183 762158.5470848002 58.33226493 -0.2696138306 0.6178485424 247.9870936529 -10.708827428 -4.328498643 -0.0354473023
894 308313.03 113.8402254014 34.0910842168 3777472.015759 762157.5932116 58.3287958456 -0.5065160069 0.5890241357 247.835701465 -10.7055256952 -4.3537151074 -0.1089853279
895 308313.12 113.840214954 34.0910806681 3777471.595118 762156.6395608 58.3174332594 -0.3385409065 0.5126280438 247.6997576024 -10.6958918844 -4.3820435267 -0.1542727599
896 308313.21 113.8402045157 34.0910770939 3777471.1716660014 762155.6868219 58.3029165259 0.1302223023 0.4047013891 247.5669875457 -10.6939771486 -4.41618263 -0.1199934773
897 308313.3 113.8401940989 34.091073498 3777470.74585 762154.7361363001 58.2972022379 0.6048594568 0.3268010812 247.4355592481 -10.6606428676 -4.4371082165 0.0256576521
898 308313.39 113.8401836975 34.0910698932 3777470.319099 762153.7869019 58.3058084287 0.555474815 0.3827169189 247.2749832252 -10.6510049503 -4.4439919717 0.1540261996
899 308313.48 113.8401733214 34.0910662735 3777469.89076 762152.8400391998 58.3221353851 0.1744650439 0.344413916 247.0871312454 -10.6264396145 -4.4794843576 0.1960538894
900 308313.57 113.8401629605 34.0910626278 3777469.459566 762151.8946723002 58.3345151795 -0.4010290485 0.4911244959 246.882703494 -10.6164722363 -4.500008769 0.0581830772
901 308313.66 113.8401526087 34.091058959 3777469.02584 762150.9502153002 58.3305096654 -0.6620353629 0.6087541246 246.6797932109 -10.6018610515 -4.5332545153 -0.1183719622
902 308313.75 113.8401422652 34.0910552548 3777468.588195 762150.0066231998 58.3143896032 -0.531740204 0.6234933861 246.505977921 -10.5939661898 -4.5820016903 -0.2428658816
903 308313.84 113.8401319351 34.0910515185 3777468.14703 762149.0643819 58.2949679634 -0.13951819 0.6046860414 246.3506077034 -10.5808403691 -4.6141064061 -0.1796779598
904 308313.91 113.8401239148 34.0910485957 3777467.802083 762148.3328863 58.2880668268 0.0583198209 0.5192829541 246.2247658968 -10.5579652065 -4.6368393403 -0.0242239594
905 308314.0 113.8401136258 34.0910448122 3777467.355779 762147.3945793002 58.2906677127 0.0819693575 0.5001983533 246.069293642 -10.5341981415 -4.670939689 0.0472842143
906 308314.09 113.8401033585 34.0910410115 3777466.907635 762146.4583221 58.293523943 0.1528565668 0.4896218456 245.8991864579 -10.5124771992 -4.6941089796 0.0045865981
907 308314.18 113.8400931125 34.0910371914 3777466.457385 762145.5240995998 58.2941258652 0.316596164 0.4324516711 245.714268646 -10.5000421757 -4.723912082 -0.0005477214
908 308314.27 113.8400828907 34.0910333483 3777466.004642 762144.5921839002 58.2952660909 0.4096840993 0.433252311 245.5438397738 -10.4689021916 -4.7503509854 0.0124284007
909 308314.36 113.840072689 34.0910294809 3777465.54926 762143.6621916 58.2996027842 0.315216471 0.4462635596 245.362278994 -10.4479352466 -4.7833721236 0.0421149964
910 308314.45 113.8400625112 34.0910255921 3777465.091562 762142.7344767 58.3072796743 0.1431974869 0.4179428988 245.1742141057 -10.4295216423 -4.8109575251 0.0716696061
911 308314.54 113.8400523552 34.0910216748 3777464.630758 762141.8088554 58.3120803768 0.0111440142 0.4017887096 244.9930772133 -10.407411492 -4.8441557204 0.0047101373
912 308314.63 113.8400422149 34.0910177323 3777464.1671980014 762140.8847718 58.3119819043 -0.0054796947 0.4217195834 244.8146980139 -10.3926656644 -4.8753008483 -0.0282712109
913 308314.69 113.8400354633 34.0910150923 3777463.856888 762140.2695444 58.3100965237 0.0326811281 0.423071056 244.6961055734 -10.3852249508 -4.8911647355 -0.0303685261
914 308314.78 113.8400253519 34.0910111109 3777463.389085 762139.3482406 58.3096933048 -0.1039756107 0.4232748981 244.525443192 -10.3609283157 -4.9268789254 -0.0194530638
915 308314.87 113.8400152605 34.0910071078 3777462.91892 762138.4288558002 58.308910084 -0.1678585283 0.4332866845 244.3553197421 -10.3361569566 -4.9447130365 -0.0223430913
916 308314.96 113.8400051834 34.0910030762 3777462.445639 762137.5108794002 58.305072289 0.0101770178 0.3922058008 244.1935103243 -10.3296094809 -4.9944752437 -0.0768449977
917 308315.05 113.8399951264 34.0909990205 3777461.969733998 762136.5948296 58.2989940168 0.3264892863 0.3860875632 244.036447164 -10.3053290352 -5.0037336795 -0.047502036
918 308315.14 113.839985088 34.0909949463 3777461.491813 762135.6805488 58.3038011119 0.262009875 0.334212392 243.8688985512 -10.2792736027 -5.0385426033 0.1034245994
919 308315.23 113.8399750758 34.0909908489 3777461.011398 762134.7687664998 58.3122822158 0.1386174694 0.3004820529 243.6947236696 -10.2682295405 -5.0589751501 0.0857744329
920 308315.32 113.8399650799 34.0909867332 3777460.528986 762133.8585437 58.3178420952 -0.0478803199 0.3204735269 243.5042837665 -10.2304859062 -5.085179891 0.0149333493
