7891 309283.2 113.8436488263 34.0911611745 3777489.351358 762473.4404019 57.6215840373 0.3031106093 0.9049411275 289.7465590192 0.0009380192 -0.0001823638 -0.0006981148
7892 309286.28 113.8436386052 34.0911643204 3777489.674203 762472.4869729 57.6279342035 0.689464096 0.8897825737 289.7070440197 -1.4252193939 0.5135217902 -0.003563555
7893 309286.79 113.8436282752 34.0911674462 3777489.994539 762471.5235422 57.6295299036 0.7014964921 0.9754053959 289.7359518933 -2.332807054 0.8473654529 0.0168295908
7894 309287.15 113.8436179619 34.0911705448 3777490.311899 762470.5617406998 57.6350866286 0.6188428604 0.8530401805 289.7563769935 -2.92758221 1.0605467655 0.0171289894
7895 309287.45 113.8436077869 34.0911736286 3777490.627976 762469.6127588 57.6369154984 0.5718384135 0.8887302688 289.782294599 -3.3519264347 1.2055894288 0.0054039169
7896 309287.72 113.8435974595 34.0911767468 3777490.947476 762468.6495906998 57.6363507975 0.4758338179 0.9161191541 289.8173353703 -3.7263982188 1.3383545677 -0.0062744735
7897 309287.97 113.8435869437 34.0911799212 3777491.272734 762467.6688603002 57.6391515136 0.4357180384 0.9118256056 289.7941707381 -4.0604511228 1.4734329095 0.0170450214
7898 309288.2 113.8435764206 34.091183082 3777491.596455 762466.6874949002 57.6381772403 0.511283168 0.8775899344 289.7365215315 -4.4030349016 1.5844007932 -0.0372465526
7899 309288.41 113.8435660699 34.0911861897 3777491.914735 762465.7222156 57.6359795481 0.6059399777 0.9451985057 289.6703755174 -4.7151335432 1.7033757896 0.0177471755
7900 309288.61 113.8435555581 34.0911893345 3777492.236716 762464.7419408001 57.6414059494 0.4003891273 1.0012325451 289.6270583373 -5.0056353049 1.8057248084 0.0196040193
7901 309288.8 113.843544992 34.0911924821 3777492.55886 762463.7566495 57.6436542738 0.3664881314 0.9974386066 289.6121543428 -5.2776801544 1.8911794555 0.0222591287
7902 309288.98 113.8435344722 34.0911956054 3777492.878435 762462.7757056998 57.6426263442 0.5353050687 0.9396471292 289.6082029801 -5.5326797466 1.9696982691 -0.0171482704
7903 309289.15 113.8435240881 34.0911986898 3777493.194037 762461.8074179 57.6392011084 0.6648951228 0.9423424565 289.6000517464 -5.7504723564 2.056674693 -0.0055753409
7904 309289.32 113.843513296 34.0912018975 3777493.522284 762460.8010710998 57.6448211521 0.5501656997 0.952402591 289.5887871505 -5.9727766069 2.1338301386 0.0433927133
7905 309289.48 113.8435027753 34.0912050158 3777493.8413019986 762459.8200574 57.6511329748 0.5164052583 0.9270348231 289.579171993 -6.1736088418 2.1998199417 0.0256086056
7906 309289.64 113.8434919064 34.0912082357 3777494.170693 762458.8065818001 57.6510322848 0.5716176789 0.8726957554 289.5522387852 -6.36919337 2.2697620363 -0.0126281317
7907 309289.79 113.8434814047 34.0912113356 3777494.487713 762457.8273877 57.6535612289 0.5109252968 0.8463488664 289.5106489332 -6.551160324 2.3304823169 0.0474328493
7908 309289.94 113.8434706105 34.0912145268 3777494.814124 762456.8208986 57.6594020659 0.3829858233 0.8404353889 289.4563266739 -6.7358626233 2.3942519521 0.0072905464
7909 309290.08 113.8434602675 34.0912175683 3777495.1250660014 762455.8565330999 57.6590768527 0.530568057 0.7845156087 289.4172014642 -6.9039940705 2.4344705821 0.0054728511
7910 309290.22 113.8434496798 34.0912206778 3777495.442942 762454.8693620998 57.6591764838 0.6404317061 0.7976771015 289.3540731529 -7.0514773856 2.4928601279 -0.0082369424
7911 309290.36 113.843438859 34.0912238519 3777495.767379 762453.8604712 57.6625442635 0.6221068943 0.8657993715 289.2506452937 -7.2045879933 2.53902098 0.0525933405
7912 309290.49 113.8434286023 34.0912268461 3777496.073297 762452.9042201998 57.6704408256 0.5948720195 0.9277171199 289.1395062518 -7.3536730093 2.573334422 0.0530392605
7913 309290.62 113.8434181416 34.0912298716 3777496.382171 762451.9290366998 57.6742682364 0.708881325 0.9392493693 289.0027693248 -7.4969545949 2.5949662755 0.0114643589
7914 309290.66 113.8434148827 34.0912308099 3777496.477921 762451.6252488 57.6748790704 0.7406258912 0.9515759815 288.9544070977 -7.53895726 2.6088294376 0.0220357921
7915 309290.79 113.8434041678 34.0912338772 3777496.790781 762450.6264659 57.6811428135 0.6114162877 0.9254728184 288.7809006385 -7.6716748546 2.6228245567 0.0840134085
7916 309290.92 113.8433932595 34.0912369634 3777497.1052440014 762449.6097684 57.6927703461 0.3212133054 0.9080097105 288.6139206874 -7.813598587 2.6468235772 0.066553222
7917 309291.05 113.8433821494 34.0912400785 3777497.422388 762448.5743449002 57.6955860341 0.2706812373 0.9079870238 288.4496067392 -7.9578471483 2.677035982 -0.0133505395
7918 309291.17 113.8433717193 34.091242982 3777497.717801 762447.6023675002 57.6936887363 0.3137968942 0.9172037811 288.2863966823 -8.0903774478 2.6940401506 -0.0101648192
7919 309291.29 113.8433611185 34.0912459068 3777498.01514 762446.6145591999 57.6924479371 0.3952939905 0.9504651463 288.1303439597 -8.2178851948 2.7151775729 -0.0147903244
7920 309291.41 113.843350352 34.0912488472 3777498.313783 762445.6114033002 57.6921877442 0.4305406363 0.9429877326 287.9630512944 -8.3389020371 2.7219209862 0.0192467389
7921 309291.53 113.8433394313 34.0912518006 3777498.613466 762444.5939743 57.6959848786 0.3511282217 0.9615224247 287.7950271426 -8.4613706291 2.7371115228 0.0457799322
7922 309291.65 113.8433283631 34.0912547717 3777498.914742 762443.5628652 57.6995107317 0.2320191493 1.0233843046 287.6187694137 -8.5680880683 2.7454125098 0.014463095
7923 309291.77 113.8433171474 34.0912577496 3777499.216397 762442.5181273002 57.7021838147 0.1785455754 1.027614985 287.4533062306 -8.6877876901 2.7543385997 0.0196052294
7924 309291.88 113.8433067367 34.0912604858 3777499.493294 762441.5484558 57.6994974259 0.3496474017 1.0710043496 287.3157754967 -8.7904776593 2.7701590651 -0.0471778114
7925 309291.99 113.8432962085 34.0912632302 3777499.770797 762440.5679065 57.6958158305 0.615908093 1.0349743743 287.1742592053 -8.8830855018 2.7744093539 0.019481591
7926 309292.1 113.8432855707 34.091265975 3777500.048063 762439.5772359 57.7022697898 0.5322618451 0.9968217038 287.0354562171 -8.9748009303 2.7705705619 0.1046723848
7927 309292.21 113.8432748207 34.091268724 3777500.325504 762438.5762053 57.7128737736 0.3330095612 0.9287473603 286.9100876616 -9.0743526659 2.776433448 0.0725926085
7928 309292.25 113.8432708831 34.0912697246 3777500.426429 762438.2095503 57.7150297575 0.3585268697 0.8912730727 286.8693521644 -9.1051450326 2.7791644841 0.0456040027
7929 309292.36 113.8432599753 34.0912724841 3777500.704633 762437.1939082 57.7155505279 0.507330529 0.8320054205 286.7547777473 -9.2029768561 2.7943660509 -0.0242331428
7930 309292.47 113.8432489592 34.0912752515 3777500.983439 762436.1682459002 57.7152826674 0.6511340215 0.7933137016 286.6287618912 -9.2887223186 2.7944767798 0.0186215496
7931 309292.58 113.8432378427 34.0912780258 3777501.2627550014 762435.133287 57.7226955555 0.5730936903 0.7288120072 286.4912345203 -9.3718904391 2.800670245 0.0933740842
7932 309292.69 113.8432266245 34.0912807994 3777501.541726 762434.0889431 57.7337923264 0.4312237823 0.6901641097 286.3489208158 -9.4570273265 2.7961403827 0.071839785
7933 309292.8 113.8432153067 34.0912835809 3777501.821321 762433.0353801 57.7395493398 0.4761631518 0.7093443004 286.1799936063 -9.538651784 2.8050497143 0.0324856294
7934 309292.91 113.84320389 34.0912863532 3777502.099631 762431.9727165998 57.7423253292 0.6245041551 0.679243469 286.0141245977 -9.6252232099 2.7905977786 0.0232017136
7935 309293.01 113.8431934227 34.09128886 3777502.350928 762430.998531 57.7459942065 0.8996839534 0.7375753614 285.869499671 -9.7057464301 2.7828191467 0.0589954244
7936 309293.11 113.8431829093 34.0912913662 3777502.602038 762430.0200863002 57.7562418133 0.9000347763 0.8220718575 285.7006820754 -9.7575063276 2.7990890596 0.1355789502
7937 309293.21 113.8431723304 34.0912938516 3777502.850673 762429.0356608002 57.772065267 0.542336581 0.7986438261 285.5445726758 -9.8224204834 2.7591954 0.2205083415
7938 309293.31 113.843161681 34.091296328 3777503.098125 762428.0447523 57.7889712015 -0.0490654666 0.9384296069 285.369640594 -9.8870729241 2.7596224105 0.1051074119
7939 309293.41 113.8431509504 34.0912988002 3777503.3449 762427.0463575 57.7854280695 0.0018204148 0.880744919 285.2071622313 -9.9663023727 2.7440884143 -0.1122116223
7940 309293.51 113.843140136 34.0913012433 3777503.588233 762426.0403207 57.7712556841 0.5811335908 0.8189441591 285.07707594 -10.0375904118 2.7262284204 -0.1177988762
7941 309293.61 113.8431292751 34.0913036759 3777503.830282 762425.030018 57.773529605 0.7265577148 0.6761918582 284.9201290078 -10.0733105657 2.6999751382 0.1670643038
7942 309293.71 113.8431183569 34.091306088 3777504.069905 762424.0144889 57.7920085667 0.3445078974 0.6515326961 284.7566927663 -10.1356791674 2.6864889103 0.1355708012
7943 309293.81 113.8431073817 34.091308495 3777504.308826002 762422.9937181999 57.8036885802 0.1729075031 0.6684257 284.6099480036 -10.1781733619 2.6762110451 0.0503844919
7944 309293.86 113.8431018713 34.0913096958 3777504.427923002 762422.4812347 57.8053062344 0.1738927645 0.6631676069 284.5334622103 -10.2112396569 2.6734728812 -0.047660182
7945 309293.96 113.8430908055 34.0913120896 3777504.665133 762421.4521304 57.8018327253 0.4550686707 0.7204980063 284.3772796361 -10.2569625737 2.6674518 -0.028833066
7946 309294.06 113.8430796875 34.0913144789 3777504.901721 762420.4182307 57.8028211566 0.5346895731 0.7791190466 284.1928279609 -10.2994184796 2.6555112298 0.0763087857
7947 309294.16 113.8430685061 34.0913168515 3777505.136285 762419.3785219 57.8157030018 0.2109869882 0.8260533513 284.0125749808 -10.3456213861 2.619383031 0.1247735207
7948 309294.26 113.8430572668 34.0913192 3777505.368023 762418.3335497 57.8223761413 0.1080976222 0.8592602959 283.8460708096 -10.3997469967 2.5999084024 -0.0044137556
7949 309294.36 113.8430459763 34.0913215292 3777505.597492 762417.2839005 57.8201987604 0.2490566387 0.8119112959 283.6692388426 -10.4412512761 2.5761098148 -0.0298721503
7950 309294.46 113.8430346412 34.091323833 3777505.824034 762416.2302136 57.8186360579 0.3619510342 0.7902573136 283.4829470439 -10.4870073364 2.5469320034 0.0096280519
7951 309294.56 113.843023269 34.0913261146 3777506.04801 762415.1731731 57.8230368299 0.2819970289 0.7936241872 283.2928794902 -10.5139095376 2.5233179284 0.0804377361
7952 309294.66 113.8430118607 34.0913283709 3777506.269085 762414.1128795 57.8300301451 0.0670917499 0.8143340211 283.1093716319 -10.5490535433 2.4944145083 0.0609906293
7953 309294.76 113.8430004176 34.0913306085 3777506.488006 762413.049427 57.83150326 0.0916659109 0.899490594 282.9257701571 -10.5800043916 2.4773326448 -0.0054298235
7954 309294.86 113.8429889424 34.0913328214 3777506.704086 762411.9830891 57.8294214988 0.2050338155 0.9318777148 282.7478637064 -10.6065643645 2.4435341897 -0.0225364518
7955 309294.96 113.842977443 34.0913350074 3777506.917135 762410.9146002 57.830170393 0.2020771433 0.9588579619 282.5701845378 -10.6208823456 2.4117837288 0.0459062603
7956 309295.06 113.8429659235 34.0913371621 3777507.12665 762409.8443538 57.8350767624 0.1168020446 0.9283934122 282.4004669015 -10.6406018573 2.3756685217 0.0607741178
7957 309295.16 113.8429543868 34.0913392866 3777507.332775 762408.7726029998 57.837677585 0.069984068 0.9233526472 282.2328080968 -10.6461425379 2.3419659327 0.0205995822
7958 309295.26 113.8429428544 34.0913413846 3777507.5359660015 762407.7013399 57.8389698332 0.0565578031 0.8518583324 282.0605788717 -10.6374917062 2.3107609876 0.0133169407
7959 309295.36 113.8429313272 34.0913434439 3777507.734872 762406.630677 57.8384265984 0.2205909038 0.7648601862 281.9169788949 -10.6320299274 2.2622484765 -0.0152445434
7960 309295.39 113.8429278707 34.0913440559 3777507.793911 762406.3096481998 57.8386687757 0.2415138151 0.7687810297 281.8757442669 -10.6268145833 2.2603178248 0.0219380001
7961 309295.49 113.8429163628 34.091346083 3777507.989292 762405.2408629 57.8402818013 0.326813967 0.7806089904 281.7335190981 -10.6019724338 2.2411277019 0.0513932898
7962 309295.59 113.8429048777 34.0913480884 3777508.182336 762404.1742496998 57.8476308128 0.238664849 0.7165534848 281.5830112312 -10.5831744325 2.2063541664 0.0960199383
7963 309295.69 113.8428934165 34.0913500565 3777508.371286 762403.1099625998 57.8545549437 0.1448607852 0.7506406099 281.4507971131 -10.5706626516 2.1783078152 0.0448580493
7964 309295.79 113.842881976 34.0913520067 3777508.558318 762402.0476414 57.8572006924 0.1888603649 0.6803036791 281.2959160562 -10.5471245659 2.1393997369 -0.0043243781
7965 309295.89 113.842870558 34.0913539206 3777508.741367 762400.9875074 57.8606132707 0.0788232424 0.7519288065 281.168270325 -10.515712779 2.1096722448 0.0339246254
7966 309295.99 113.8428591612 34.0913558104 3777508.921811 762399.9294071 57.8644884601 -0.045325432 0.6705710298 281.0465979542 -10.503427529 2.0704072558 0.0456845778
7967 309296.09 113.8428477811 34.0913576631 3777509.09817 762398.8729563 57.8665771512 -0.1175187303 0.6701108352 280.9498821524 -10.4825546789 2.0502604239 0.0088187226
7968 309296.19 113.8428364228 34.0913595001 3777509.272843 762397.8185783002 57.865007597 -0.0338451423 0.6160041879 280.8372541426 -10.4666409532 2.0306603133 -0.0240415247
7969 309296.29 113.8428250886 34.0913613113 3777509.444713 762396.766496 57.8638203982 0.1512141663 0.6324890302 280.7481916343 -10.4383734263 2.0128176059 -0.0031177029
7970 309296.35 113.8428182998 34.0913623917 3777509.547172 762396.1363484998 57.8639760073 0.238369431 0.6325094523 280.6884158126 -10.4313627927 1.9969938048 0.0109032489
7971 309296.45 113.842807008 34.0913641785 3777509.716443 762395.0882615 57.8674167134 0.2557321636 0.6921534801 280.5714378168 -10.395983804 1.9819829797 0.0658961723
7972 309296.55 113.8427957408 34.0913659482 3777509.88389 762394.0424979 57.8750187298 0.0453040386 0.7661722107 280.4302356338 -10.3811504974 1.9547893016 0.0993135765
7973 309296.65 113.8427844962 34.0913676897 3777510.048259 762392.9989058 57.8814651053 -0.1240235854 0.827337164 280.2751290163 -10.3648505652 1.9199794398 0.05394603
7974 309296.75 113.8427732647 34.0913694019 3777510.209403 762391.9566141998 57.880454245 -0.0807748904 0.8656985131 280.1291096087 -10.3547596844 1.8843913047 -0.0532052063
7975 309296.85 113.8427620495 34.0913710819 3777510.367026 762390.9159298 57.8753663395 0.0559638053 0.8223782109 279.9779918075 -10.3339070096 1.8469539994 -0.0406948824
7976 309296.95 113.8427508585 34.0913727321 3777510.5214019986 762389.8775764 57.8753164588 0.0564866196 0.8537009461 279.8205859541 -10.3119516774 1.8286175634 0.0402057779
7977 309297.05 113.8427396933 34.0913743568 3777510.6730160015 762388.8416728 57.8792081773 -0.0242226274 0.8306700097 279.6498938178 -10.2895360662 1.7852719453 0.03773728
7978 309297.15 113.8427285557 34.0913759496 3777510.821161 762387.8084234998 57.8807142945 0.0068765494 0.832499708 279.4961213138 -10.2692330673 1.7524613273 0.0013929705
7979 309297.25 113.8427174396 34.0913775183 3777510.966683 762386.777231 57.8789208708 0.1241662143 0.8767785305 279.3357564385 -10.2472590669 1.7278438387 -0.0055312368
7980 309297.28 113.8427141103 34.0913779839 3777511.00979 762386.4683966 57.8785027778 0.1722460306 0.8764138191 279.2916250826 -10.2394787188 1.7181406929 0.0070328678
7981 309297.38 113.842703033 34.091379517 3777511.151462 762385.4409 57.8802689211 0.1915332764 0.8994111934 279.1326933865 -10.2148113408 1.6857198852 0.0502127034
7982 309297.48 113.842691988 34.0913810154 3777511.289375 762384.4164924 57.8841879843 0.2456236618 0.849418084 278.9875774225 -10.1842681347 1.6386773238 0.0577628147
7983 309297.58 113.8426809807 34.0913824827 3777511.423922 762383.3956582 57.8879035404 0.2412915178 0.885947387 278.8610726212 -10.1417040518 1.6191467066 0.0554006759
7984 309297.68 113.8426700176 34.0913839295 3777511.556314 762382.3789625 57.8942260565 0.0528886208 0.8981223173 278.7357417212 -10.0984671782 1.5910713122 0.0876998603
7985 309297.78 113.8426590938 34.0913853465 3777511.685491 762381.3659943001 57.8994755298 -0.1180183736 0.9658573312 278.6327300203 -10.0622106862 1.5619352866 0.0441695356
7986 309297.88 113.8426482142 34.0913867505 3777511.813343 762380.3571531 57.8989699427 -0.1127136235 0.9678573608 278.5164998886 -10.0200496408 1.543616248 -0.0187145769
7987 309297.98 113.8426373851 34.0913881208 3777511.937589 762379.3530739 57.896161614 -0.036416135 0.9155800193 278.4184268813 -9.9714236134 1.4998516548 -0.0073088532
7988 309298.08 113.8426266068 34.0913894683 3777512.0594339985 762378.3537482 57.8948891563 -0.0393622055 0.9161385457 278.3208407456 -9.9204967315 1.4877479106 0.0133844596
7989 309298.18 113.8426158771 34.0913907843 3777512.177907 762377.3590106998 57.8962990502 -0.1147187819 0.9040772499 278.225620037 -9.8664434498 1.4528266488 0.0127009846
7990 309298.27 113.8426062682 34.0913919504 3777512.282633 762376.4682274 57.8961005556 -0.0773531289 0.8519506254 278.1309307209 -9.8173528689 1.4319629001 0.0037745738
7991 309298.38 113.8425945862 34.0913933484 3777512.407757 762375.3853141 57.8945458364 0.0064993917 0.8945449274 278.0180585881 -9.7599901241 1.4081219462 -0.0132047573
7992 309298.49 113.8425829792 34.0913947271 3777512.530937 762374.3093873 57.8932782514 0.124165694 0.8728980516 277.8923325203 -9.6926103776 1.3813141914 0.0109847499
7993 309298.6 113.8425714475 34.0913960644 3777512.649712 762373.2405315 57.8964548372 0.0873263261 0.8239059082 277.7848123781 -9.6385700219 1.3343216804 0.0463954309
7994 309298.71 113.8425599938 34.0913973778 3777512.766031 762372.1789643002 57.9008540278 0.0530861391 0.8529336835 277.6638257463 -9.5712660515 1.3268956062 0.0490620675
7995 309298.82 113.8425486161 34.0913986625 3777512.8793730014 762371.1244962 57.9028675882 0.0934478344 0.8247999205 277.5604828571 -9.5086656406 1.2807901966 0.0239237209
7996 309298.93 113.8425373186 34.0913999191 3777512.989797 762370.0775135 57.9049913287 0.1254906834 0.831203599 277.4498035468 -9.4346040886 1.2660912594 0.0405174403
7997 309299.04 113.8425261098 34.0914011541 3777513.098051 762369.0387919 57.90863676 0.0589814701 0.8599928772 277.2966948181 -9.3565273867 1.2345331472 0.0612802293
7998 309299.15 113.8425150116 34.0914023485 3777513.202076 762368.0104136 57.913394602 -0.0500300871 0.9410040784 277.1096143927 -9.2570612066 1.189098048 0.0523830641
7999 309299.26 113.8425040266 34.0914035002 3777513.301667 762366.9926100002 57.9154355573 -0.0475231666 0.9184903386 276.9087518167 -9.167068631 1.1354051716 0.0024518625
8000 309299.34 113.8424961105 34.0914043049 3777513.370625 762366.259238 57.9149596794 -0.0109974702 0.9295625768 276.7635434831 -9.0947202981 1.1078126549 0.0022869098
8001 309299.45 113.842485296 34.0914053779 3777513.461912 762365.257425 57.9145907648 0.1078579501 0.9227512359 276.5502351351 -9.0447211328 1.073331148 0.031913245
8002 309299.57 113.8424735789 34.0914065015 3777513.556501 762364.1721212 57.9166847896 0.0468921122 0.9164287251 276.2952400295 -8.9739783695 1.0183067594 0.0267876818
8003 309299.69 113.8424619423 34.0914075795 3777513.646238 762363.0943874002 57.9211588632 -0.0745754642 1.0258473014 276.0120028879 -8.918032971 0.987990587 0.0579824502
8004 309299.81 113.8424503831 34.0914086073 3777513.730589 762362.023955 57.9216673765 -0.0706309464 1.1144123288 275.7098646044 -8.8620981874 0.927155094 -0.0164377743
8005 309299.93 113.8424388896 34.0914095748 3777513.808429 762360.9597684 57.9185259342 0.2117680016 1.199601136 275.4111971626 -8.8090230903 0.8832824781 0.0005571599
8006 309300.05 113.8424274511 34.0914104912 3777513.880741 762359.9008288 57.918740293 0.3028136893 1.2194850542 275.1003821688 -8.7718527375 0.8194757991 0.0427093907
8007 309300.13 113.8424198593 34.0914110674 3777513.925178 762359.1981005998 57.9235782865 0.2137946619 1.2116107272 274.8927499425 -8.739440939 0.7941131918 0.0839290408
8008 309300.25 113.8424085224 34.0914118842 3777513.986686 762358.1488468002 57.9330288181 -0.146396087 1.2959032306 274.5749657163 -8.6912042291 0.7368116365 0.074537699
8009 309300.37 113.8423972468 34.0914126474 3777514.042418 762357.1054133 57.9362626821 -0.209272839 1.3349413711 274.2458660981 -8.632165646 0.6825010067 -0.0058587407
8010 309300.49 113.8423860262 34.0914133472 3777514.091246 762356.0672590998 57.9319884973 0.0091973353 1.2954840669 273.9256570746 -8.6048445319 0.6182809467 -0.0571249056
8011 309300.61 113.8423748722 34.0914139827 3777514.13311 762355.0354538 57.9292668467 0.1059563749 1.2313804095 273.5966341664 -8.5498283291 0.563627908 -0.0098109617
8012 309300.73 113.8423637912 34.0914145564 3777514.168301998 762354.0105715 57.9338943502 -0.0115465018 1.1456697932 273.2798224006 -8.4911853358 0.5022133989 0.0479906721
8013 309300.85 113.8423527732 34.0914150731 3777514.197339 762352.991686 57.9391382281 -0.2675148788 1.0817641749 272.9557395231 -8.4545252533 0.4605296973 0.0539251667
8014 309300.9 113.8423481961 34.0914152734 3777514.2078059986 762352.5684711 57.9391285116 -0.2199251817 1.0798987355 272.816774588 -8.440410412 0.4485627851 0.0048337153
8015 309301.02 113.8423372416 34.0914157244 3777514.229713 762351.5556466 57.9341668673 0.0326671238 1.1111515318 272.4795389061 -8.4022306187 0.3948123142 -0.0560152619
8016 309301.14 113.842326326 34.0914161145 3777514.2449550014 762350.546615 57.9305020301 0.1613170874 1.1428575909 272.1516734119 -8.3775420775 0.3421963642 0.0100254861
8017 309301.26 113.8423154585 34.0914164542 3777514.254731 762349.5421725 57.9353704648 0.1714167789 1.0805324236 271.8044192735 -8.3360948271 0.2895606433 0.0597809685
8018 309301.38 113.8423046343 34.0914167319 3777514.257742 762348.541917 57.9405151773 0.1316073181 1.0954509276 271.4869911984 -8.3000554536 0.2420737813 0.0223324874
8019 309301.51 113.8422929557 34.0914169826 3777514.25555 762347.4628613002 57.9445824614 0.1435618499 1.0660280802 271.1461170565 -8.2774796075 0.1914859975 0.0436886119
8020 309301.64 113.8422813348 34.0914171647 3777514.245899 762346.3893475 57.9500877764 0.0433721782 1.0795519208 270.8632133195 -8.225365186 0.1418068264 0.0487830076
8021 309301.68 113.842277769 34.0914172132 3777514.24212 762346.0599620999 57.951629932 -0.0342764826 1.0850540119 270.7688478267 -8.2208786068 0.1381622029 0.0287724272
8022 309301.81 113.8422662101 34.0914173383 3777514.226306 762344.9923541 57.9542307612 -0.032231079 1.0296138624 270.4770586916 -8.1847071413 0.0875106009 -0.0071940373
