8111 309310.98 113.8412659019 34.0913712124 3777506.537663 762252.7766144 58.1397136711 -0.0025743586 1.05765982 268.8295945164 -8.8249076006 -0.1741286134 -0.0331038139
8112 309311.1 113.8412544443 34.091371037 3777506.488767 762251.7192788002 58.1375050992 -0.0193081503 1.1496207479 268.6912858492 -8.7930883477 -0.1686338098 0.0124488513
8113 309311.22 113.8412430268 34.0913708424 3777506.437854 762250.6657095002 58.1406414192 -0.0525578899 1.2305183218 268.4240509372 -8.7614535749 -0.2178912067 0.0130041954
8114 309311.34 113.8412316314 34.0913705955 3777506.381187 762249.6143389 58.1382015292 0.1089529842 1.3315748671 268.0840838822 -8.7593151941 -0.2601934072 -0.0230966028
8115 309311.46 113.8412202427 34.091370298 3777506.318918 762248.5637443 58.1352644498 0.1728524819 1.4252833383 267.5995419455 -8.7518537522 -0.3207939743 0.0029140883
8116 309311.58 113.8412088603 34.0913699069 3777506.246278 762247.5140103 58.13946437 0.1907833846 1.4396079217 267.0370826478 -8.750057442 -0.4153865394 0.0555440437
8117 309311.7 113.8411974699 34.091369417 3777506.162658 762246.4638558001 58.1413394222 0.2989167709 1.4221602389 266.448395994 -8.7639236289 -0.5166571701 -0.0070847701
8118 309311.8 113.8411879636 34.0913689289 3777506.084068 762245.5876468002 58.1401858404 0.4120308265 1.4110117986 265.9654453021 -8.774892679 -0.5897529137 0.0037193051
8119 309311.92 113.8411765371 34.0913682565 3777505.980103 762244.5347184 58.1462161029 0.2416101825 1.3787085078 265.3734667585 -8.7939000429 -0.6793389942 0.084885214
8120 309312.04 113.8411650769 34.0913674828 3777505.864805 762243.4789896 58.1535546649 0.0453676304 1.3705823117 264.8179767014 -8.8286387151 -0.7657100796 0.0453675254
8121 309312.16 113.8411535643 34.091366619 3777505.739376 762242.4186976998 58.1524687083 0.1625820331 1.3533588417 264.326837291 -8.872915453 -0.8507749677 -0.0417631345
8122 309312.28 113.8411420013 34.0913656635 3777505.603636 762241.3540461998 58.1477010036 0.3682161184 1.3016745461 263.8557363962 -8.9046916158 -0.9354036732 -0.0059873433
8123 309312.4 113.8411303855 34.0913646291 3777505.459012 762240.2847487 58.1506019728 0.2236609333 1.2378254815 263.3929661146 -8.9532592915 -1.0045408505 0.0656942914
8124 309312.52 113.8411187123 34.0913635117 3777505.305025 762239.2104151 58.1566813746 0.051107392 1.2320901143 262.9474935941 -8.9970749091 -1.0866261587 0.0166291972
8125 309312.58 113.8411128512 34.0913629207 3777505.224378 762238.6710881 58.1567932721 0.0878249943 1.2003524247 262.7396190319 -9.0240078304 -1.1259103287 -0.0127305495
8126 309312.69 113.8411020606 34.0913617859 3777505.070732 762237.6783007 58.1524754316 0.2935481724 1.1777616799 262.3525791496 -9.0739058308 -1.1939961795 -0.04171499
8127 309312.8 113.8410912124 34.0913605801 3777504.909051 762236.6804068001 58.1498010782 0.4847181093 1.1757098478 261.9640478115 -9.1249551457 -1.2535283791 0.0130591727
8128 309312.91 113.8410803111 34.091359311 3777504.740211 762235.6778108 58.1545478152 0.5712573508 1.1213886126 261.5625147521 -9.1642245284 -1.3342780567 0.08670299
8129 309313.02 113.8410693618 34.0913579656 3777504.562789 762234.6710183001 58.1613555411 0.5566754221 1.1105500184 261.1641332674 -9.2026448327 -1.4027499862 0.0536124176
8130 309313.13 113.841058371 34.0913565533 3777504.377824 762233.6606038 58.1673550103 0.5473785778 1.0638377517 260.7549965235 -9.2373151135 -1.4691601916 0.0810119402
8131 309313.24 113.8410473342 34.091355061 3777504.1838629986 762232.6461848002 58.1753950641 0.4849941492 0.9932741104 260.3550317532 -9.2830099786 -1.5633036234 0.0552976144
8132 309313.35 113.8410362439 34.0913534883 3777503.980848 762231.6270799 58.1811787421 0.4792517368 0.8611382718 259.9774763379 -9.3261441708 -1.6329772309 0.0539496838
8133 309313.38 113.8410332087 34.0913530474 3777503.924131 762231.3481939 58.1824361831 0.4718979933 0.842776526 259.871625527 -9.3455913212 -1.6490384296 0.042011479
8134 309313.49 113.841022048 34.0913513903 3777503.71156 762230.3228482 58.1873542238 0.3332109855 0.79655525 259.480419388 -9.3842628905 -1.7150547736 0.0633755891
8135 309313.6 113.841010831 34.091349667 3777503.491504 762229.2925051998 58.1944972984 0.0297361603 0.8116018659 259.1064256286 -9.4340290437 -1.7809309043 0.0746219655
8136 309313.71 113.8409995543 34.0913478731 3777503.263462 762228.2568685 58.1949635651 -0.1171571181 0.878923358 258.7639359464 -9.4865994302 -1.8598436167 -0.054652936
8137 309313.82 113.8409882205 34.0913460109 3777503.027693 762227.2161742 58.1876832889 0.055775489 0.8493231518 258.4696132532 -9.5324590822 -1.918408416 -0.0855253305
8138 309313.93 113.8409768308 34.0913440827 3777502.78446 762226.170518 58.179588235 0.3959721763 0.8105107176 258.1795287085 -9.5783747708 -1.9860425906 -0.0513882369
8139 309314.04 113.8409653856 34.0913420898 3777502.533898 762225.1199391999 58.1793358019 0.5567137174 0.7503759813 257.896756739 -9.6276573985 -2.0485705735 0.0414771044
8140 309314.15 113.8409538847 34.0913400347 3777502.276292 762224.0644044002 58.1856176974 0.688470874 0.6582642233 257.62355895 -9.6476317276 -2.1072267187 0.0840067199
8141 309314.26 113.840942331 34.0913379229 3777502.012256 762223.0041771998 58.1959600216 0.8814020841 0.6003839536 257.3784235166 -9.7076433066 -2.1623162657 0.0581660364
8142 309314.34 113.8409338922 34.0913363533 3777501.816403 762222.2298673 58.2005062988 1.0804782366 0.5838214775 257.2038987902 -9.7518914264 -2.1895883233 0.0733579459
8143 309314.44 113.8409233094 34.0913343601 3777501.568024 762221.2589123 58.2135809688 0.8769281877 0.6130638623 256.9816806442 -9.7788882886 -2.2319944348 0.220579191
8144 309314.54 113.840912677 34.091332323 3777501.314639 762220.2835109 58.2344244961 0.308062618 0.5846356974 256.7654951494 -9.8465649415 -2.2968003805 0.2016389552
8145 309314.64 113.840901975 34.0913302305 3777501.054939 762219.3018567 58.2428631196 0.0349643244 0.5801504751 256.5761089609 -9.9164089019 -2.3394691993 -0.0129955687
8146 309314.74 113.8408912131 34.0913281033 3777500.791231 762218.3147806 58.2381546851 0.0546200257 0.5605338819 256.3872476476 -9.9573774288 -2.388636006 -0.0924511237
8147 309314.84 113.8408803777 34.0913259246 3777500.521615 762217.321074 58.2285119705 0.2784466931 0.5397317941 256.2044909923 -10.0316492821 -2.4458633279 -0.0803749019
8148 309314.94 113.8408694776 34.0913237035 3777500.24714 762216.3215312 58.2278902736 0.291184599 0.484464848 256.030333701 -10.0845466205 -2.4853916335 0.0521324602
8149 309315.04 113.8408585075 34.0913214369 3777499.967421 762215.3156601 58.2328824187 0.2584735968 0.4758557655 255.8663040131 -10.155204566 -2.5466571397 0.0461000795
8150 309315.14 113.8408474596 34.0913191262 3777499.682611 762214.302747 58.2344005452 0.3267565838 0.4980563443 255.7109860566 -10.2208601784 -2.5775121321 -0.0177608146
8151 309315.24 113.8408363362 34.0913167747 3777499.393085 762213.2829797 58.2336574309 0.3514353624 0.5389764186 255.5548507623 -10.2918904995 -2.6332774052 0.0057995135
8152 309315.34 113.8408251329 34.0913143833 3777499.098932 762212.255961 58.2368664714 0.2226778851 0.592188265 255.4037588494 -10.3665619928 -2.6700300487 0.0389361247
8153 309315.43 113.8408149819 34.0913121931 3777498.829795 762211.3254854998 58.2390081556 0.1245959444 0.6253047451 255.2746232015 -10.4376313627 -2.7234794298 -0.0200234462
8154 309315.53 113.8408036228 34.0913097163 3777498.525756 762210.2843469 58.2341802502 0.2535227734 0.7034215869 255.1563847391 -10.5163043525 -2.7635979819 -0.0789424701
8155 309315.63 113.8407921836 34.0913072033 3777498.2174989986 762209.2359263998 58.2308177361 0.31024768 0.6776639834 255.026810642 -10.5862467089 -2.8123560188 0.0006484344
8156 309315.73 113.8407806701 34.0913046445 3777497.903962998 762208.1807894 58.234179413 0.1948070467 0.733192573 254.9041004518 -10.6595226869 -2.8534247618 0.0266506116
8157 309315.83 113.8407690722 34.0913020497 3777497.586212 762207.1179583 58.2349586626 0.1401550466 0.7545515242 254.7793688957 -10.736509273 -2.9062792247 -0.0185685125
8158 309315.92 113.8407585648 34.0912996755 3777497.295751998 762206.1551446 58.2333156504 0.1143182608 0.7769307839 254.6851610443 -10.8056555284 -2.9397605211 -0.006953272
8159 309316.01 113.8407479894 34.0912972705 3777497.00169 762205.1861434 58.2317471094 -0.0474188814 0.7879113201 254.5819569887 -10.8732728808 -2.9851539737 -0.0209320413
8160 309316.1 113.8407373442 34.0912948382 3777496.704424 762204.2107845 58.2291911254 -0.0639885613 0.8285568002 254.4747202179 -10.9471587157 -3.0167921423 -0.0347704974
8161 309316.19 113.8407266346 34.0912923773 3777496.403822 762203.2295643 58.2220370592 0.0956997932 0.8528615107 254.3719541765 -11.0093256778 -3.0566634708 -0.1045582543
8162 309316.28 113.8407158653 34.091289883 3777496.099357 762202.2429326 58.21536473 0.2010943289 0.9409027811 254.2691875388 -11.0651039152 -3.0962125128 -0.0490473707
8163 309316.37 113.840705043 34.091287363 3777495.791908999 762201.2514955 58.2156864507 0.1138005155 0.9657484141 254.1545551706 -11.115327507 -3.1249570142 0.0428009486
8164 309316.46 113.8406941659 34.091284812 3777495.480868 762200.2550849 58.2183978874 -0.1052947903 1.0408002811 254.026086293 -11.1755536315 -3.1693698676 0.004128813
8165 309316.55 113.8406832329 34.0912822294 3777495.166184 762199.2536151 58.2160535753 -0.1523327336 1.1149998756 253.9014936756 -11.2313529928 -3.2064477956 -0.0567719438
8166 309316.64 113.8406722436 34.0912796125 3777494.847553 762198.2470558 58.2090413347 -0.1282592112 1.2227103616 253.7862468734 -11.2866754309 -3.2518739496 -0.1082940736
8167 309316.67 113.8406685692 34.0912787326 3777494.740469 762197.9105149 58.2061144728 -0.0434343095 1.2277677553 253.7504489911 -11.3067526985 -3.2637909336 -0.0967236011
8168 309316.76 113.8406575132 34.0912760726 3777494.41688 762196.8979213 58.1984180482 0.059619061 1.2931532689 253.6422393088 -11.3518569462 -3.301488338 -0.069086737
8169 309316.85 113.8406464102 34.0912733844 3777494.090041 762195.8810855 58.1942966636 0.1106526089 1.3776176062 253.5260508019 -11.4019426038 -3.3329797827 -0.029282045
8170 309316.94 113.8406352675 34.0912706659 3777493.759732 762194.8606679 58.1930666687 0.1573783743 1.3613704716 253.4146442121 -11.436011508 -3.3775195024 -0.0013808463
8171 309317.03 113.8406240879 34.091267912 3777493.425402 762193.8369581 58.1926790029 0.1579898349 1.3822792155 253.3148311995 -11.4735733153 -3.4179262808 -0.0087084037
8172 309317.12 113.8406128777 34.0912651378 3777493.088749 762192.8104888998 58.1923439158 0.202975734 1.3395630639 253.2237762335 -11.5105539079 -3.4470376984 0.0005348309
8173 309317.21 113.8406016352 34.0912623366 3777492.749005 762191.7811214002 58.192949404 0.2045971864 1.3118691282 253.1356999908 -11.5459230126 -3.4813355287 -0.0038060234
8174 309317.3 113.8405903613 34.0912595139 3777492.4067980014 762190.7489170998 58.1933622537 0.2319368917 1.2770464101 253.0371875813 -11.5769773977 -3.498401021 0.0145133427
8175 309317.39 113.8405790594 34.0912566707 3777492.06225 762189.7141843 58.1953078667 0.2434675351 1.2744141 252.9253184319 -11.6019290064 -3.5328518706 0.0218145052
8176 309317.48 113.8405677317 34.0912538024 3777491.714849 762188.6771544 58.1954860156 0.3663207825 1.2655679838 252.8183926417 -11.6284476359 -3.5592119641 0.0042024414
8177 309317.57 113.8405563841 34.0912509088 3777491.364589 762187.6383649 58.1982984077 0.3952865606 1.2376768083 252.7145317969 -11.63828531 -3.5938137707 0.0647120679
8178 309317.66 113.8405450213 34.0912479832 3777491.010739 762186.5982691 58.2046041172 0.3125447396 1.2088750225 252.6266429402 -11.6673000406 -3.6323914748 0.0715711255
8179 309317.75 113.8405336358 34.0912450402 3777490.654892 762185.5561266999 58.2103307014 0.2920502671 1.1997390741 252.5233023705 -11.6815876256 -3.6492274245 0.0614562907
8180 309317.84 113.8405222291 34.0912420731 3777490.296326 762184.5121077 58.2133610276 0.3355123573 1.1377052573 252.420777122 -11.7102923234 -3.6812042568 0.0066020982
8181 309317.85 113.8405209605 34.0912417419 3777490.2563160006 762184.3960055 58.2135345992 0.3609037764 1.1325282639 252.407574605 -11.7097201197 -3.6850224179 0.0108378547
8182 309317.94 113.8405095371 34.0912387487 3777489.894806 762183.3505157 58.2160323942 0.3940594225 1.1476257632 252.2761225065 -11.7165002256 -3.713615802 0.0419634178
8183 309318.03 113.8404980972 34.0912357329 3777489.530739 762182.3035862 58.221020218 0.4065897309 1.1012061047 252.1198883518 -11.7383467704 -3.7413876309 0.0733065647
8184 309318.12 113.8404866572 34.0912326742 3777489.161921 762181.256773 58.2277997574 0.3745567527 1.089950954 251.9621354123 -11.7381325753 -3.7963022235 0.0638139643
8185 309318.21 113.8404752035 34.0912295809 3777488.789229 762180.2087979 58.233255499 0.4132003946 0.9911719062 251.800625386 -11.7612754083 -3.8321279154 0.0532267523
8186 309318.3 113.8404637394 34.091226453 3777488.412669 762179.159975 58.2390074441 0.4509097672 0.9691311321 251.6338973588 -11.762747838 -3.870181536 0.0755741025
8187 309318.39 113.8404522704 34.091223301 3777488.0334190014 762178.1107744002 58.2463478344 0.3416736728 1.0142114532 251.4505111481 -11.7717276775 -3.8990209321 0.0785756064
8188 309318.48 113.8404408042 34.0912201256 3777487.651579 762177.0619011999 58.254531227 0.1233248904 1.0724635919 251.2518448273 -11.7704008703 -3.9354670354 0.0503507681
8189 309318.57 113.840429353 34.0912169175 3777487.2661480014 762176.0145128 58.2579845144 0.0919171343 1.1588486038 251.071541043 -11.7347016766 -3.9702159843 0.0125579971
8190 309318.66 113.8404179258 34.0912136856 3777486.878139 762174.9694176 58.2575038848 0.1450750231 1.2171681226 250.8878544118 -11.7023899582 -4.0057095945 -0.0567389845
8191 309318.7 113.8404128543 34.0912122379 3777486.704462 762174.5056276999 58.257257753 0.1835212128 1.2352302442 250.8129133692 -11.6974690153 -4.0261598506 -0.015634473
8192 309318.79 113.8404014685 34.0912089614 3777486.311612 762173.4644986 58.2591810105 0.3410062066 1.1360245409 250.6437934772 -11.6747073807 -4.0565079924 0.0971679893
8193 309318.88 113.8403901202 34.0912056581 3777485.915879 762172.4269025 58.2689726008 0.1434107541 1.0993973207 250.4675022979 -11.6250983221 -4.0898833794 0.1609241436
8194 309318.97 113.840378797 34.0912023335 3777485.5178519986 762171.3916904002 58.2770842295 -0.0246679621 1.0803746392 250.2842974865 -11.6066349683 -4.1134298447 0.0595405918
8195 309319.06 113.8403675006 34.0911989815 3777485.11685 762170.3590403001 58.2776668062 -0.0671773858 1.0597679601 250.0936892585 -11.5755895506 -4.1525382467 -0.032021048
8196 309319.15 113.8403562381 34.0911956028 3777484.712972 762169.3296083 58.2744326349 -0.037386833 1.0194509384 249.886316671 -11.524458169 -4.1762535177 -0.0306826532
8197 309319.24 113.8403450189 34.0911921959 3777484.306075 762168.3042486998 58.2723487662 0.023523602 0.9738511469 249.6751166426 -11.4803656344 -4.2144102172 -0.0097704735
8198 309319.33 113.8403338496 34.0911887634 3777483.896474 762167.2835863002 58.273085745 0.0024817764 0.8746377521 249.4666085172 -11.4186448608 -4.2493506119 0.0224731492
8199 309319.42 113.8403227342 34.0911853004 3777483.483622 762166.2679902 58.2740160339 0.1851160814 0.8049538795 249.275721229 -11.3871174126 -4.2761090074 0.0220663106
8200 309319.51 113.8403116741 34.0911818218 3777483.069178 762165.2575509 58.2764212908 0.2075669512 0.6503658005 249.0624400539 -11.310989154 -4.2994829152 0.0625058751
8201 309319.6 113.8403006745 34.0911783186 3777482.652159 762164.2527693001 58.2849025615 -0.1505112578 0.632321615 248.8466293633 -11.2489254726 -4.3250576053 0.0863480726
8202 309319.69 113.8402897279 34.0911748021 3777482.233806 762163.2529241998 58.2896854076 -0.5269390632 0.6015230927 248.6315945006 -11.1975605983 -4.3433310772 -0.0118379428
8203 309319.78 113.8402788355 34.0911712607 3777481.812826 762162.2581571002 58.2830552384 -0.4332822722 0.5898676704 248.42028213 -11.1510650702 -4.3689347546 -0.123239634
8204 309319.87 113.8402680019 34.0911677125 3777481.391238 762161.2688396998 58.2716587074 -0.1307874199 0.6200869969 248.1884205345 -11.072233167 -4.3744070356 -0.1021439213
8205 309319.96 113.840257244 34.0911641402 3777480.967174 762160.2865863001 58.26742006 0.1037306971 0.5744101891 247.9697893483 -10.9971365391 -4.4151401269 -0.0283563956
8206 309320.05 113.8402465602 34.0911605496 3777480.541273 762159.3112382 58.2680433728 0.3525766307 0.6365582936 247.7616816345 -10.9223667477 -4.4301349293 -0.0057561874
8207 309320.14 113.8402359599 34.0911569466 3777480.114204 762158.3436268001 58.2744280864 0.3874934255 0.5737320883 247.5500520677 -10.8409555774 -4.4490967062 0.1230904689
8208 309320.23 113.8402254388 34.0911533264 3777479.685429 762157.3833888002 58.28805272 -0.1065309948 0.5961176612 247.3242232008 -10.7719632448 -4.4604195758 0.1658409547
8209 309320.31 113.8402161423 34.0911501025 3777479.3037870014 762156.5349955999 58.2980733551 -0.6200077068 0.6656351729 247.112251485 -10.7108562804 -4.4756160057 0.0659735173
8210 309320.4 113.8402057277 34.0911464517 3777478.871891 762155.5846828 58.2931606527 -0.8909278224 0.6776507372 246.9024290676 -10.6723272508 -4.5187430509 -0.1862983052
8211 309320.49 113.8401953495 34.0911427745 3777478.437156 762154.6378119 58.2744171712 -0.7626869426 0.733042706 246.7103207857 -10.639949821 -4.5340520449 -0.2278674037
8212 309320.58 113.8401850068 34.0911390835 3777478.000989 762153.6942664002 58.2558744084 -0.5161623705 0.7717900578 246.5134519886 -10.6019782473 -4.5607173934 -0.1757769101
8213 309320.67 113.8401747004 34.0911353666 3777477.562034 762152.7541401 58.244012692 -0.2674200081 0.833508828 246.3408816058 -10.5667224478 -4.5930721408 -0.0971481881
8214 309320.76 113.8401644271 34.0911316323 3777477.121234 762151.8171366998 58.2381795272 -0.1730263374 0.9254230086 246.1842802545 -10.5281732888 -4.6056161905 -0.0313512282
8215 309320.85 113.8401541898 34.0911278846 3777476.679044 762150.8834861 58.2394892033 -0.3255451058 1.048295782 246.0337212915 -10.4974789966 -4.6233037886 0.0563083768
8216 309320.94 113.8401439837 34.091124126 3777476.235726 762149.9527619 58.2379464498 -0.2375293968 1.1057796371 245.8976190502 -10.4711889606 -4.6401494468 -0.0477764154
8217 309321.03 113.840133807 34.091120347 3777475.790212 762149.0248109 58.2301121829 0.0281521791 1.1260361712 245.7931588445 -10.4336371118 -4.6609112848 -0.1031093579
8218 309321.12 113.8401236539 34.0911165624 3777475.34415 762148.0990546 58.2237350782 0.2605879123 1.1061017291 245.673277007 -10.3913678332 -4.6729886833 -0.032397624
8219 309321.2 113.8401146614 34.0911131912 3777474.946927 762147.2791774998 58.2279184628 0.1292018069 1.0358850396 245.5489385803 -10.3598789044 -4.6798142499 0.097038099
8220 309321.29 113.8401045831 34.0911093805 3777474.498159 762146.3604116 58.2359481594 -0.0601434047 0.9606621548 245.409871486 -10.3181758825 -4.7086816182 0.0457735693
8221 309321.38 113.8400945324 34.0911055601 3777474.0483800014 762145.4442215 58.2394491304 -0.1268040864 0.8802826332 245.2585247654 -10.2922800458 -4.7163506187 0.0101922168
8222 309321.47 113.8400845153 34.0911017242 3777473.596965 762144.5311761 58.2388143949 -0.1780439686 0.8843543522 245.1096991028 -10.2556222488 -4.7364321035 -0.0189813679
8223 309321.56 113.8400745287 34.0910978824 3777473.144972 762143.6209728002 58.2363437191 -0.2828067827 0.8787320495 244.9483174563 -10.2236003164 -4.7469769019 -0.0434074105
8224 309321.65 113.8400645773 34.0910940215 3777472.690947 762142.7140759 58.2339406097 -0.2904126378 0.8728057248 244.8110580227 -10.1948619489 -4.770884053 -0.0447267917
8225 309321.74 113.8400546336 34.0910901426 3777472.234954 762141.8079436 58.2259902889 -0.0238667081 0.8805422883 244.6650945742 -10.213219158 -4.7971110069 -0.1243106041
8226 309321.83 113.8400446865 34.0910862364 3777471.775919 762140.9015803002 58.2214881433 0.1682337423 0.9114734293 244.5252722566 -10.2001427573 -4.8309663419 -0.0051581076
8227 309321.92 113.840034727 34.0910822988 3777471.313365 762139.9941714002 58.2226123139 0.2452932085 0.9146798736 244.3758318471 -10.2161061043 -4.8727490819 0.0202447551
8228 309322.01 113.840024748 34.0910783269 3777470.846954 762139.0850616 58.2259863615 0.3033869459 0.9305290242 244.2327675952 -10.2439932087 -4.9097013011 0.0028353774
8229 309322.07 113.8400180811 34.0910756628 3777470.534191 762138.477733 58.227352839 0.3347346796 0.8974679815 244.1304425828 -10.2783879591 -4.9417727681 0.0360534886
8230 309322.16 113.8400080653 34.0910716254 3777470.060414 762137.565432 58.2281519575 0.5160592137 0.8882237722 243.999071435 -10.2925903888 -5.0025378298 0.0244515044
8231 309322.25 113.8399980129 34.0910675539 3777469.582767 762136.649854 58.2316727918 0.457468726 0.8688104344 243.8465817408 -10.3278665715 -5.0416490381 0.0416670982
8232 309322.34 113.8399879325 34.0910634396 3777469.100291 762135.7318255998 58.2408394553 0.2009622579 0.8391492692 243.699286169 -10.3568021697 -5.0981679374 0.0956441214
8233 309322.43 113.8399778073 34.091059282 3777468.612901 762134.8097955 58.2439005775 0.1151755744 0.9101755404 243.5407393529 -10.4116839648 -5.1555286953 -0.0371723792
8234 309322.52 113.839967634 34.0910550832 3777468.1208129986 762133.8834503002 58.2393050091 0.2427723855 0.9742399802 243.3578569691 -10.4551828218 -5.2019403363 -0.0650319298
8235 309322.61 113.8399574177 34.0910508398 3777467.623669 762132.9532799 58.236191025 0.2107130545 1.0692547903 243.1411118259 -10.4923366421 -5.2619854736 0.0121994149
8236 309322.7 113.8399471605 34.0910465367 3777467.119792 762132.0195098 58.2383641712 0.0992960532 1.1230433369 242.9168048149 -10.5381955578 -5.350066905 0.041549687
8237 309322.79 113.8399368602 34.0910421687 3777466.608597 762131.0819615 58.2380189365 0.007997945 1.1630636316 242.7052475562 -10.5856137584 -5.4247696082 -0.0321729217
8238 309322.88 113.8399265166 34.0910377356 3777466.090072 762130.1406128 58.2327151792 0.0678151549 1.1764893344 242.4963172132 -10.6269271537 -5.5060831728 -0.0827698357
