8762 309365.81 113.8373669397 34.0870363124 3777015.456905 761906.1504448 57.4733268172 -0.0942116109 1.1058948808 173.0622704723 1.442185146 -12.1708936073 -0.0517047338
8763 309365.9 113.837368372 34.0870264636 3777014.367587 761906.3130548 57.4706319692 -0.1417932385 1.1197221931 172.7660144676 1.4878269795 -12.1219869249 0.0442127729
8764 309365.99 113.8373698665 34.0870166408 3777013.281319 761906.4813233 57.4688703446 -0.223100869 1.1074397506 172.4607872154 1.5678846457 -12.0815398925 -0.0658353881
8765 309366.08 113.837371419 34.0870068343 3777012.197 761906.6549075 57.4657904282 -0.3378271676 1.2082443079 172.1741607776 1.6065335506 -12.0835993882 -0.0378575411
8766 309366.17 113.8373730258 34.0869970285 3777011.112908 761906.8334914 57.4602953801 -0.1266691861 1.1069023602 171.8921008597 1.6835692182 -12.0952409607 0.0187086219
8767 309366.26 113.8373747005 34.0869872152 3777010.028155002 761907.0183771999 57.4541250505 0.1239574268 1.1197297457 171.6201521715 1.7435043183 -12.1109380585 -0.0220305948
8768 309366.35 113.8373764349 34.0869773928 3777008.942546 761907.208801 57.4518784499 0.0996535569 1.0958764686 171.3571716736 1.8233197267 -12.1074121539 -0.0122815866
8769 309366.4 113.8373774276 34.0869719288 3777008.338712 761907.3173093002 57.451660458 0.0653745117 1.0482000625 171.216085324 1.854344524 -12.1148660729 -0.0182716328
8770 309366.49 113.8373792565 34.0869620768 3777007.250067 761907.5165453 57.451235258 -0.0956839391 1.0394941988 170.9738276744 1.9158598467 -12.1429773897 -0.0275161587
8771 309366.58 113.8373811414 34.0869522003 3777006.15884 761907.721034 57.4482531846 -0.2158588129 0.9954536958 170.7481553747 1.9619115631 -12.1887644012 -0.0558088282
8772 309366.67 113.8373830823 34.0869422933 3777005.0643730015 761907.9307848002 57.442287039 -0.2013423978 0.959109569 170.5465850395 2.0227431093 -12.2338474482 -0.0961621414
8773 309366.76 113.8373850746 34.0869323552 3777003.966584 761908.1453774 57.4316816023 0.0833364751 0.8904366462 170.3550773158 2.0675756033 -12.260991369 -0.0846403278
8774 309366.85 113.8373871153 34.0869223848 3777002.865328 761908.3645426999 57.4247458018 0.2639871466 0.8705868687 170.1646980519 2.121015945 -12.2976098664 -0.0458695686
8775 309366.93 113.8373889627 34.0869134986 3777001.883911 761908.5625146 57.4258536855 0.2859379563 0.8698745831 169.9770249624 2.1558726986 -12.3325781083 0.0600197869
8776 309367.01 113.8373908483 34.0869045881 3777000.899886 761908.764083 57.4313298855 0.0082158011 0.9128791082 169.7922704183 2.2034741407 -12.3678887626 0.0470450946
8777 309367.08 113.8373925327 34.0868967718 3777000.036785 761908.9437084 57.432264803 0.0819733829 0.9213898867 169.6547540717 2.248598078 -12.3983191119 0.0059651151
8778 309367.16 113.8373944919 34.0868878088 3776999.047115 761909.1522382 57.4285254106 0.1310633272 0.9298543065 169.5047042129 2.2860300339 -12.4488466369 -0.0719995075
8779 309367.24 113.8373964889 34.0868788138 3776998.05401 761909.3643560002 57.4232300147 0.2708531528 0.8851376616 169.3712338488 2.3400167716 -12.4920336379 -0.0327536596
8780 309367.32 113.8373985227 34.0868697857 3776997.057312 761909.5799766 57.4219526928 0.2933716559 0.8557578807 169.2478368986 2.3710405026 -12.5413250897 0.0126573794
8781 309367.4 113.8374005862 34.0868607231 3776996.056872 761909.7984489 57.4244314665 0.2177310713 0.8232557067 169.1285791877 2.4093186183 -12.595789038 0.0495167636
8782 309367.48 113.8374026804 34.0868516274 3776995.052826 761910.0198513 57.4271584991 0.154188924 0.853916666 169.0120114853 2.4397451816 -12.6393744579 0.0128162025
8783 309367.56 113.8374048025 34.086842492 3776994.044458 761910.2439616 57.4249069188 0.3060635199 0.8641627637 168.9001797932 2.4771572013 -12.6959595538 -0.0379972054
8784 309367.64 113.8374069574 34.0868333229 3776993.032427 761910.4711964001 57.422006839 0.5469209919 0.9014331435 168.7896433299 2.5110185092 -12.7381187605 -0.0029056236
8785 309367.72 113.837409136 34.0868241158 3776992.016243 761910.70074 57.4246418914 0.4544963571 0.946803348 168.6554912435 2.5377949245 -12.7886128628 0.0705565005
8786 309367.8 113.8374113533 34.0868148732 3776990.99621 761910.9339603 57.43333981 0.1945723472 0.973308125 168.5176014903 2.5888701365 -12.8534450966 0.1262095412
8787 309367.88 113.8374136067 34.0868055894 3776989.971706 761911.170645 57.4366948204 -0.0128007626 1.0014236186 168.3778571969 2.6273907141 -12.9049318171 -0.027847854
8788 309367.96 113.8374159021 34.0867962606 3776988.942316 761911.4113491002 57.4323763922 -0.0240084076 1.0217628912 168.240037062 2.6712848691 -12.9636923282 -0.0797119157
8789 309368.04 113.8374182386 34.0867868901 3776987.9084 761911.6559739 57.4231998716 0.0804573888 1.0170599454 168.0836567382 2.7260842607 -13.0180052482 -0.1062942251
8790 309368.12 113.8374206091 34.0867774745 3776986.8695660015 761911.9038830998 57.41751868 0.0966855435 0.9447210804 167.9099102413 2.7764382173 -13.0750079728 -0.0519405068
8791 309368.2 113.8374230332 34.08676802 3776985.826555 761912.156852 57.4141125288 0.0169652188 0.8852276108 167.7432255267 2.8389731946 -13.1282094773 -0.0423220981
8792 309368.28 113.8374255056 34.0867585261 3776984.779293 761912.4144117 57.4114060327 0.0475572116 0.8453167264 167.5750732898 2.8952273281 -13.1844181419 -0.0359397581
8793 309368.36 113.8374280208 34.0867489925 3776983.727733 761912.676036 57.4081106046 0.0046249725 0.7662674854 167.3978966367 2.9410262737 -13.2378222687 -0.0453329711
8794 309368.44 113.8374305877 34.0867394211 3776982.672117 761912.9425545 57.4031068142 0.1051354889 0.695479722 167.2364565149 2.9978940735 -13.289890293 -0.0720570636
8795 309368.52 113.8374331947 34.0867298122 3776981.612436 761913.2128974 57.3986673597 0.265485629 0.6533114098 167.0586695182 3.0382063271 -13.3434367517 -0.0484903326
8796 309368.56 113.8374345152 34.0867249945 3776981.08117 761913.3496772 57.3971860344 0.3044746583 0.6050847294 166.9668847154 3.0798937118 -13.3627382262 -0.0442638545
8797 309368.64 113.8374371901 34.086715334 3776980.015946 761913.6264429 57.3973503848 0.3449717544 0.7986501371 166.8034796875 3.1133821857 -13.4127185431 0.0218165919
8798 309368.72 113.8374398963 34.0867056345 3776978.946466 761913.9062171 57.399894204 0.4343414914 0.6946696515 166.6140548912 3.1715903422 -13.4653463352 0.0679826446
8799 309368.8 113.8374426629 34.0866959074 3776977.874077 761914.1916571 57.4057028117 0.1852178801 0.8703459546 166.4349306354 3.2244665169 -13.4938127743 0.0604441032
8800 309368.88 113.8374454603 34.0866861429 3776976.797616 761914.4800567 57.4079305893 0.2178276736 0.8634656562 166.2357232282 3.2643168272 -13.5545278685 -0.0156611761
8801 309368.96 113.837448321 34.0866763504 3776975.718219 761914.7743823002 57.4072295129 -0.0507171945 0.9224295135 166.0640167422 3.3518800205 -13.5853142035 -0.0794865289
8802 309369.04 113.8374512358 34.0866665285 3776974.635691 761915.0738005999 57.3981369184 0.2220011088 0.9401259235 165.9098742525 3.3903985649 -13.6277041339 -0.1216034972
8803 309369.12 113.837454188 34.0866566873 3776973.551121 761915.3767266999 57.3934672624 0.3126689493 0.8644352855 165.7401573331 3.4416312401 -13.6567559752 -0.0049331363
8804 309369.2 113.8374571849 34.0866468266 3776972.464491 761915.6838455999 57.3953833636 0.2033949422 0.8338180654 165.5810065531 3.488291098 -13.6883193124 0.0609288709
8805 309369.23 113.8374583194 34.0866431235 3776972.0564440014 761915.8000111 57.3969608024 0.2211518314 0.8057992145 165.5223675703 3.5087595533 -13.700778197 0.0597890746
8806 309369.31 113.8374613736 34.0866332347 3776970.966859 761916.1125088 57.4018182149 -0.0135610492 0.8333468831 165.3790858627 3.5560895903 -13.7331897864 0.0420210244
8807 309369.39 113.8374644652 34.0866233243 3776969.874964 761916.4285183002 57.4020117447 -0.0645279208 0.7637958023 165.2406229902 3.5994488214 -13.7554422146 -0.0622347526
8808 309369.47 113.8374675964 34.0866133893 3776968.780439 761916.7482662 57.3964489065 -0.0521960686 0.8385767331 165.1064258058 3.6452608476 -13.7942481732 -0.099659575
8809 309369.54 113.8374703605 34.0866046799 3776967.820991 761917.0303389 57.3892608332 0.1587019356 0.8530228819 164.99261451 3.6629171879 -13.807911541 -0.0872102604
8810 309369.61 113.837473151 34.0865959584 3776966.860256 761917.3148785 57.3861678224 0.1443082301 0.7971787642 164.8664859056 3.7135608976 -13.8275014364 -0.0225613382
8811 309369.68 113.837475972 34.0865872267 3776965.898482 761917.6022723 57.3859965103 0.1344337321 0.8664257295 164.7456393798 3.7448701989 -13.8460107224 0.0103260832
8812 309369.75 113.8374788115 34.0865784816 3776964.935266 761917.8914171 57.3884020494 0.0292046669 0.8548068103 164.6112395083 3.7773447174 -13.8702828062 0.047356677
8813 309369.82 113.8374816877 34.0865697262 3776963.970992 761918.1839810002 57.3885143912 -0.0909506747 0.8753802187 164.4970383049 3.8249295965 -13.8865553548 -0.0024780285
8814 309369.89 113.83748459 34.0865609649 3776963.006137 761918.4789691998 57.3863012874 0.0296382137 0.8561109448 164.376460958 3.8520115409 -13.8868629066 -0.0645549521
8815 309369.96 113.8374875171 34.0865521904 3776962.039875 761918.7762993 57.3828320503 0.139268068 0.8244567084 164.252856329 3.8842973281 -13.9119293213 -0.0687609665
8816 309369.97 113.8374879375 34.086550936 3776961.901749 761918.8189841999 57.382376127 0.139786786 0.8004140112 164.2299378611 3.8915546464 -13.9147059301 -0.0501410332
8817 309370.04 113.8374908994 34.0865421556 3776960.934926002 761919.1195372 57.3795313202 0.2866925081 0.7563049991 164.1036489251 3.9289247451 -13.9190234994 -0.0181403106
8818 309370.11 113.8374938903 34.0865333677 3776959.967339 761919.4227916 57.380109854 0.1847993061 0.7632208469 163.9692948642 3.9661822557 -13.9468710564 0.0313247137
8819 309370.18 113.8374969095 34.0865245772 3776958.999543 761919.7286632 57.3824272668 0.1486332102 0.7159858718 163.8382614823 4.0102628319 -13.9319104897 0.0101469984
8820 309370.25 113.8374999585 34.0865157767 3776958.03071 761920.0373210999 57.3853573771 0.0655164813 0.732749121 163.7064345833 4.0456064969 -13.9602976174 0.0354692576
8821 309370.32 113.8375030312 34.086506966 3776957.06081 761920.3482081 57.3855293728 -0.005267037 0.7734833865 163.5696103556 4.0722142532 -13.9721159662 -0.0458795301
8822 309370.39 113.8375061314 34.0864981466 3776956.0900160014 761920.6616499 57.3839376262 0.0063918899 0.7614835954 163.4362944182 4.113858352 -13.9929282516 -0.023290397
8823 309370.46 113.8375092651 34.0864893183 3776955.118315 761920.9782164 57.38059045 -0.0741116748 0.7742411233 163.3044090046 4.1629104931 -13.99386264 -0.0689721571
8824 309370.53 113.8375124291 34.0864804884 3776954.146516 761921.2975811998 57.3760388065 0.1728288741 0.7323475089 163.185281711 4.202821369 -13.9963406255 -0.0924003236
8825 309370.6 113.8375156202 34.0864716514 3776953.173999 761921.6194774 57.3746586209 0.1707099928 0.7441276196 163.0717911336 4.2302637398 -14.0163839758 0.0110500354
8826 309370.63 113.8375169956 34.0864678659 3776952.757425 761921.7581429 57.3741331287 0.2357469755 0.7158627581 163.0222266953 4.2462687479 -13.9959752842 -0.0122403924
8827 309370.7 113.837520219 34.0864590311 3776951.785239 761922.0830111 57.3769735312 0.1022919394 0.7406738554 162.9005964214 4.2701399785 -14.0083886772 0.0642806676
8828 309370.77 113.8375234623 34.086450195 3776950.812958 761922.4097219 57.380402443 -0.1038833787 0.7838775375 162.7652461785 4.2989790855 -13.9975460743 0.0515880479
8829 309370.84 113.8375267285 34.0864413602 3776949.840872 761922.7385414002 57.3819167577 -0.313403967 0.8247311673 162.6312686616 4.3318050672 -14.0028241397 -0.0051236645
8830 309370.91 113.8375300225 34.0864325257 3776948.868905 761923.0699265002 57.3781999685 -0.4222491907 0.8675081645 162.5074311761 4.3712397216 -13.9976488797 -0.0846377417
8831 309370.98 113.8375333431 34.0864236927 3776947.897156 761923.4037656002 57.3687838763 -0.3134534861 0.9130383692 162.3936437315 4.3994711114 -13.9961346268 -0.1609966891
8832 309371.05 113.8375366859 34.0864148607 3776946.925584 761923.7396424 57.3577021807 -0.1279750779 0.8797418126 162.2821223767 4.4280632088 -13.9924044007 -0.1285281935
8833 309371.12 113.8375400521 34.0864060338 3776945.954639 761924.0776753002 57.3512790883 -0.0275917699 0.8229651645 162.1669790393 4.4608609845 -13.9788804116 -0.0455846951
8834 309371.19 113.8375434453 34.0863972122 3776944.984351 761924.418179 57.3494010689 0.0069704637 0.7919143234 162.056207061 4.4967999177 -13.9709814417 0.0164227952
8835 309371.26 113.8375468608 34.0863883971 3776944.014839 761924.7607274 57.3500022376 0.0169480578 0.7973429973 161.9412879574 4.5228627113 -13.9585625507 0.0138972018
8836 309371.33 113.8375502938 34.086379584 3776943.045602 761925.1048781 57.3507161699 0.0685792321 0.7688726631 161.8214559901 4.5460775186 -13.9588674051 0.0143688287
8837 309371.4 113.8375537503 34.086370774 3776942.076754 761925.4512018 57.3496089308 0.172517219 0.7912176759 161.6934523344 4.5787453381 -13.9531927312 -0.0249359755
8838 309371.47 113.8375572294 34.086361967 3776941.1083059986 761925.7995892 57.3486085143 0.3208256891 0.8110387038 161.5639717263 4.6084841799 -13.9477927372 0.0093968257
8839 309371.54 113.8375607306 34.0863531639 3776940.140353 761926.1500156998 57.3521343535 0.2704330586 0.8149125593 161.4302720401 4.6384392474 -13.9366694491 0.0796734335
8840 309371.61 113.8375642617 34.0863443629 3776939.1727 761926.5031909002 57.3572014971 0.1214722809 0.8323884167 161.3021069802 4.6807990085 -13.9443459472 0.0778004516
8841 309371.68 113.8375678215 34.0863355574 3776938.204622 761926.8590252 57.3605307043 -0.0113454605 0.8524398873 161.1750383309 4.7175408752 -13.9531902546 0.0268943
8842 309371.75 113.8375714074 34.0863267468 3776937.23605 761927.2172968 57.3598790104 -0.0719625311 0.8476099898 161.0466191508 4.751343182 -13.9621321024 -0.0509592159
8843 309371.82 113.8375750246 34.0863179275 3776936.266587 761927.5784749001 57.3566224966 -0.0477827547 0.7996413074 160.9225523848 4.8029592806 -13.9761734017 -0.0552056703
8844 309371.89 113.8375786745 34.0863091017 3776935.296495 761927.9426976 57.3519024765 0.0064882428 0.7753757053 160.7973958653 4.8425519125 -13.9883298581 -0.062800499
8845 309371.96 113.8375823556 34.0863002651 3776934.325285 761928.3098354 57.3476095693 0.1295780057 0.7362299244 160.678750592 4.8810243851 -14.0073945478 -0.0360802255
8846 309371.98 113.8375834134 34.0862977386 3776934.047615 761928.4152944002 57.3462031791 0.2108569939 0.7108628107 160.6462443563 4.8933412151 -14.0106542619 -0.0724822274
8847 309372.05 113.8375871327 34.0862888942 3776933.075631 761928.7859819002 57.3453421593 0.3972616039 0.6896984556 160.5234708755 4.9277182259 -14.0167045686 0.0265110292
8848 309372.12 113.8375908798 34.0862800433 3776932.102998 761929.1592586 57.3501035608 0.3922542353 0.6754387775 160.3901678855 4.9627315134 -14.0350977446 0.0783827898
8849 309372.19 113.8375946547 34.0862711867 3776931.129803 761929.5351199 57.3585041044 0.371746761 0.6337803647 160.2520944843 5.0023107354 -14.0467216883 0.1574330518
8850 309372.26 113.8375984662 34.0862623204 3776930.155626 761929.9143895 57.3661483964 0.1044778874 0.7547698031 160.1166326999 5.0485113592 -14.0643849095 0.078332077
8851 309372.33 113.8376023037 34.0862534442 3776929.180414 761930.2960846998 57.368730084 0.2215262994 0.6646070229 159.9752200078 5.088843744 -14.074824066 -0.0320031239
8852 309372.4 113.8376061835 34.0862445585 3776928.204257 761930.6817253 57.3683632771 0.2185690828 0.5918541344 159.8290387281 5.146542909 -14.0958619198 -0.0663478528
8853 309372.47 113.8376100958 34.0862356643 3776927.227247 761931.0703858002 57.3679857515 0.222125629 0.5490400228 159.6578865762 5.1796026845 -14.1054697042 0.0058342367
8854 309372.54 113.8376140491 34.0862267628 3776926.249528 761931.4628528 57.3707480999 -0.0800958068 0.5356355665 159.4816186297 5.2475265407 -14.1146729921 0.0831080858
8855 309372.61 113.8376180495 34.086217855 3776925.271226 761931.8596902 57.3697781963 -0.2797815656 0.5481932018 159.3253968475 5.2989344281 -14.1241863906 -0.0665412479
8856 309372.68 113.8376220848 34.0862089299 3776924.291106 761932.2598045998 57.3630767418 -0.2545986661 0.5723964375 159.1682174335 5.3430334222 -14.1646682277 -0.1126096735
8857 309372.75 113.8376261506 34.0861999941 3776923.309863 761932.6627736 57.3525235178 -0.2502265286 0.6441058253 158.9904701248 5.3800772851 -14.1646597951 -0.1566239752
8858 309372.82 113.8376302499 34.0861910489 3776922.3276699986 761933.0688557 57.3437092388 -0.1107135587 0.7159304807 158.8165819375 5.4325591607 -14.1829885531 -0.1099809755
8859 309372.89 113.837634388 34.0861820937 3776921.344461 761933.478555 57.3385964567 -0.149117808 0.7474241862 158.6430997989 5.4803557537 -14.1994596647 -0.0281835284
8860 309372.96 113.8376385705 34.0861731354 3776920.361024 761933.8923705 57.334307082 -0.0464751061 0.768320931 158.4749887663 5.5515522123 -14.203805237 -0.0825978786
8861 309373.03 113.8376428004 34.0861641694 3776919.376858 761934.3105788 57.3302118005 0.2287391343 0.7419793121 158.3226129714 5.6070261206 -14.2083669188 -0.0231366069
8862 309373.1 113.8376470689 34.0861551982 3776918.392214 761934.7323657 57.3305859426 0.2871751586 0.7370940441 158.1614548782 5.647615279 -14.2104537221 0.0693158078
8863 309373.17 113.8376513738 34.0861462235 3776917.407274 761935.1575314 57.3376306761 0.161575224 0.7013201327 157.9911390147 5.7020436248 -14.2215740846 0.0988086356
8864 309373.24 113.8376557204 34.0861372436 3776916.421859 761935.5865597 57.3402980994 0.0711999361 0.7769769429 157.8146089727 5.7496756231 -14.2289412487 0.0299124046
8865 309373.31 113.837660099 34.0861282566 3776915.435746 761936.0185660998 57.3410519008 0.048603643 0.7524807752 157.6223560727 5.7971053399 -14.2395806755 -0.0025659288
8866 309373.38 113.8376645216 34.0861192701 3776914.449802 761936.4546283 57.3383444129 -0.0103886762 0.7957897001 157.4331524205 5.8614444467 -14.2371439682 -0.0510253162
8867 309373.45 113.8376689824 34.086110282 3776913.463777 761936.8942313001 57.333731222 0.0678611598 0.8471229502 157.2466713123 5.9032734433 -14.2362182784 -0.0729993799
8868 309373.52 113.8376734859 34.086101295 3776912.477969 761937.3377715 57.3304296527 0.0877344869 0.7770527938 157.0607948597 5.9708983415 -14.2341760412 -0.0233923114
8869 309373.59 113.8376780358 34.0860923139 3776911.492954 761937.7855744001 57.3285118872 0.0458242778 0.7480753511 156.8840731115 6.0236300021 -14.2199197218 -0.0075501893
8870 309373.66 113.8376826251 34.0860833375 3776910.508553 761938.2370032 57.3297356572 -0.0080882643 0.7370653221 156.7019509374 6.0803256147 -14.2131070974 0.0292480634
8871 309373.71 113.8376859275 34.0860769261 3776909.805508 761938.5616931998 57.3299486823 -0.0159288042 0.7564999938 156.5814863038 6.1128663173 -14.2134030762 0.0014448646
8872 309373.78 113.8376905784 34.086067952 3776908.8215190014 761939.0188013002 57.3289273465 0.0016354985 0.7388955228 156.4136140608 6.1525735267 -14.2099840141 0.0003915219
8873 309373.85 113.8376952649 34.0860589797 3776907.837825 761939.4791906 57.3276246991 -0.0630047373 0.7759149871 156.2544317915 6.2037899168 -14.206411678 0.0046178022
8874 309373.92 113.8376999812 34.0860500107 3776906.854575 761939.9423267 57.3250168683 -0.0637256933 0.8134741452 156.09072894 6.2406430613 -14.2020749372 -0.0303747491
8875 309373.99 113.8377047321 34.0860410428 3776905.871534 761940.4086509 57.3221170763 -0.0706020875 0.844756196 155.9409635236 6.287367373 -14.2045537468 -0.043720927
8876 309374.06 113.8377095192 34.0860320798 3776904.889122 761940.8783042 57.3179773251 -0.0029670316 0.7650259518 155.7934666399 6.3352863077 -14.1883366746 -0.045002551
8877 309374.13 113.8377143463 34.0860231206 3776903.907248 761941.35163 57.315661273 -0.0279952046 0.7277453733 155.6625527145 6.3914107165 -14.1955709375 -0.0182415085
8878 309374.2 113.8377192029 34.0860141668 3776902.9260370014 761941.8276686 57.3141894359 -0.0895259695 0.6821597742 155.5424047161 6.4169721622 -14.1815865206 -0.0074579826
8879 309374.27 113.8377240899 34.0860052149 3776901.9451230015 761942.3065098 57.3121113414 -0.0662395982 0.6169015833 155.4351442848 6.4631674797 -14.1797596937 -0.0519464
8880 309374.34 113.8377290012 34.0859962613 3776900.9640730014 761942.7876052 57.3087518383 -0.066348412 0.6113641311 155.3256420301 6.4867992498 -14.1873150612 -0.0437541377
8881 309374.41 113.8377339316 34.0859873071 3776899.98302 761943.2704591998 57.3050915059 -0.0409565314 0.6626856114 155.2121699584 6.5101768888 -14.1885242501 -0.0455028994
8882 309374.48 113.8377388785 34.0859783505 3776899.001731 761943.7548503 57.3021583641 -0.0427122798 0.7217246607 155.091354911 6.5319473979 -14.1886504194 -0.0450250973
8883 309374.55 113.8377438507 34.085969394 3776898.020519 761944.2415746 57.2994462363 -0.0370751444 0.7899332018 154.9700067721 6.5726722859 -14.1911887034 -0.0252038848
8884 309374.62 113.8377488462 34.0859604381 3776897.039442 761944.7304393002 57.2979754871 -0.1517516514 0.9122068634 154.8493849109 6.5957280091 -14.1881628862 -0.0051028546
8885 309374.69 113.8377538673 34.0859514844 3776896.058664 761945.2216764 57.2954582153 -0.1800477746 0.9595524342 154.7294457296 6.6404667684 -14.1798641446 -0.0560783292
8886 309374.76 113.837758922 34.0859425301 3776895.077913 761945.7160063002 57.2897211388 0.0067724768 0.9710838735 154.6225151947 6.6808515734 -14.1822416259 -0.0834290289
8887 309374.83 113.8377639985 34.085933579 3776894.097572 761946.212343 57.2851793831 0.1044063043 1.0247917933 154.5118128475 6.6982161988 -14.1827908366 -0.0197737488
8888 309374.9 113.8377691 34.0859246327 3776893.1178230015 761946.7109720998 57.2861782554 -0.005582019 0.9023303515 154.3835436266 6.7480345498 -14.1672872343 0.029023014
8889 309374.97 113.8377742336 34.0859156929 3776892.1388800014 761947.2125529002 57.2880110228 -0.2128949334 0.9218283421 154.2653762921 6.7812128112 -14.168389484 0.0301555782
8890 309375.04 113.837779396 34.0859067565 3776891.16039 761947.7167775 57.2855444783 -0.2862315791 0.8908210779 154.1600306039 6.8250832763 -14.1472533642 -0.1103852378
8891 309375.11 113.8377845894 34.0858978181 3776890.181762 761948.2238641 57.2784332531 -0.2674953512 0.8956556057 154.0614388287 6.8555405722 -14.1688121017 -0.0884550412
8892 309375.18 113.8377898012 34.0858888802 3776889.203227 761948.7326551 57.2680756301 -0.2443864297 0.911082345 153.9356372291 6.8754835533 -14.1543453793 -0.1515311882
8893 309375.25 113.837795034 34.0858799446 3776888.225006 761949.2433806 57.2590048825 -0.0241818813 0.8979086767 153.797216256 6.9093181921 -14.1538073244 -0.0949499812
8894 309375.32 113.8378002955 34.085871013 3776887.247304 761949.7567384 57.2536929641 -0.0318664958 0.9154401739 153.6404270466 6.9519501227 -14.144703641 -0.0257264068
8895 309375.39 113.8378055856 34.0858620915 3776886.270795 761950.2727056999 57.2526289392 -0.0582027746 0.9714316849 153.4871767073 6.9909464745 -14.1279271518 0.0134459561
8896 309375.46 113.837810908 34.0858531761 3776885.29505 761950.7916426 57.2539314944 -0.1784809029 0.9718653122 153.3358035574 7.0338456947 -14.1133533909 0.0096258186
8897 309375.53 113.837816264 34.0858442676 3776884.320154 761951.3136531998 57.2532853428 -0.2765306204 1.0353985291 153.1898091154 7.0771841686 -14.1133114142 -0.030897812
8898 309375.6 113.8378216478 34.0858353621 3776883.34566 761951.8382259 57.2487484487 -0.2512804506 1.0654133502 153.0390889518 7.1131288788 -14.1019843534 -0.0936893799
8899 309375.63 113.8378239653 34.0858315478 3776882.928302 761952.0639784002 57.2453985289 -0.1230359363 1.0380081678 152.9731780721 7.1337871789 -14.099551157 -0.1127915278
8900 309375.7 113.8378293989 34.0858226539 3776881.955227 761952.5931083 57.2363373498 0.1685207454 1.0152619382 152.8356835713 7.183770729 -14.0757810299 -0.1114833386
8901 309375.77 113.8378348573 34.0858137721 3776880.983555 761953.124502 57.2338133287 0.3203844142 0.9810295453 152.6869790174 7.2112443617 -14.0558207105 0.0372005153
8902 309375.84 113.8378403447 34.0858049051 3776880.013595 761953.6585225002 57.2396502066 0.1585038903 0.9644402594 152.5394360247 7.2518816291 -14.0339998948 0.1350958857
8903 309375.91 113.8378458587 34.0857960528 3776879.0453449986 761954.1949507 57.2473981576 -0.1568332232 0.9805461589 152.3839390467 7.284072304 -14.0030418057 0.0744892618
8904 309375.98 113.8378513991 34.0857872128 3776878.078518 761954.7337789 57.249082014 -0.1586633238 0.9846996938 152.2460888009 7.3181218803 -13.9920526149 -0.0103586327
8905 309376.05 113.8378569611 34.0857783867 3776877.113298 761955.2745633002 57.2462581061 -0.2154638843 1.0374483025 152.1030264048 7.3476619421 -13.9718670149 -0.0936969562
8906 309376.12 113.8378625394 34.0857695778 3776876.150024 761955.8167954 57.2394098993 0.0084442194 1.0551178894 151.9658261403 7.3687043617 -13.941783958 -0.0784527958
8907 309376.19 113.8378681345 34.0857607872 3776875.188826 761956.3605337 57.237400841 -0.0191157955 1.0882585301 151.8117787213 7.3948600619 -13.9123789417 0.0109245914
8908 309376.26 113.837873752 34.0857520194 3776874.230217 761956.9062605 57.2367884126 0.0517833665 1.1173650885 151.6734795502 7.4240787745 -13.8717411027 0.0023124328
8909 309376.28 113.8378753614 34.085749517 3776873.956637 761957.0625811 57.2368542571 0.1070978001 1.1059175066 151.6348180663 7.4329518077 -13.8709685459 0.0143246855
8910 309376.35 113.837881008 34.0857407768 3776873.0011519985 761957.6109104998 57.2384236287 0.1168565651 1.1100667405 151.4918258069 7.4604077655 -13.830407069 0.0368565967
8911 309376.42 113.837886675 34.0857320594 3776872.048268 761958.1610542 57.2409812026 0.1145523704 1.0932770928 151.3572984284 7.4865844579 -13.7942336506 0.0506579821
8912 309376.49 113.8378923598 34.0857233683 3776871.098337 761958.7127549 57.2446462633 0.0362903817 1.0667921705 151.2126145246 7.5103085375 -13.747964242 0.0434528053
8913 309376.56 113.8378980681 34.0857146984 3776870.150826 761959.2665649 57.2470598994 -0.0829640215 1.0362500483 151.0705627815 7.5411713085 -13.712811583 0.0435853111
8914 309376.63 113.8379037938 34.0857060525 3776869.206017 761959.8219073 57.247269894 -0.2202993728 1.0738578362 150.9176115363 7.5603193779 -13.6785557518 -0.009322666
8915 309376.7 113.8379095377 34.0856974268 3776868.263496 761960.3788715998 57.2437556703 -0.2518471784 1.1167790331 150.7748703507 7.5915676366 -13.6422370171 -0.0723574297
8916 309376.77 113.8379152981 34.0856888227 3776867.323424 761960.9372938002 57.2370764837 -0.179032437 1.1593337176 150.6239369524 7.6062341682 -13.6085733067 -0.0935425629
8917 309376.84 113.8379210728 34.085680242 3776866.385973002 761961.4969601998 57.2322312063 -0.1438093426 1.1669504335 150.4689616176 7.627821688 -13.5682550226 -0.0296048451
8918 309376.91 113.8379268675 34.0856716932 3776865.452123 761962.0583696 57.2296102122 -0.1637409906 1.2196869596 150.3114586134 7.6511332688 -13.5147666542 -0.0266939743
8919 309376.93 113.8379285268 34.0856692542 3776865.185707 761962.2191011999 57.2289272677 -0.0736044856 1.2012632455 150.2699232029 7.6616314776 -13.5181345214 -0.024162167
8920 309377.0 113.8379343455 34.0856607411 3776864.255883 761962.7826282 57.2270087292 -0.0654569493 1.2703332252 150.1207766922 7.6816597348 -13.4642241793 -0.0158842365
8921 309377.07 113.837940176 34.0856522593 3776863.329547 761963.3471417 57.2266007867 0.0126480934 1.2643810577 149.9641467127 7.6951379417 -13.4111044207 0.0097209788
8922 309377.14 113.837946015 34.0856438063 3776862.406445 761963.9123498 57.2291993098 -0.1221062 1.3091320727 149.7882870714 7.7138742978 -13.3621002507 0.0528875826
8923 309377.21 113.8379518733 34.085635389 3776861.487346 761964.4792307 57.2296205182 -0.1693128306 1.3449060112 149.6094892909 7.7433486121 -13.3047856152 -0.0357944652
8924 309377.28 113.8379577505 34.0856270026 3776860.571728 761965.0477667 57.2278543422 -0.1266079733 1.389683237 149.4328598295 7.7660069519 -13.2589439036 -0.0074802353
8925 309377.35 113.8379636438 34.0856186513 3776859.660045 761965.6176800998 57.2254933277 -0.2391312763 1.4099684917 149.2508795729 7.7889140582 -13.2027058142 -0.0378955375
8926 309377.42 113.8379695604 34.0856103364 3776858.752464 761966.1896300998 57.2217351897 -0.1126507535 1.3276412887 149.0870139439 7.8174393833 -13.1371475896 -0.063720264
8927 309377.49 113.8379755011 34.0856020548 3776857.848639 761966.7637066 57.2203543875 -0.211823088 1.2686003033 148.9176149715 7.8519992291 -13.0942336654 -0.0038738338
8928 309377.56 113.8379814618 34.0855938031 3776856.948182 761967.3395314 57.2190014599 -0.3287071618 1.2235452074 148.7451102355 7.8815362424 -13.0487891362 -0.019249934
8929 309377.63 113.8379874412 34.0855855815 3776856.051112 761967.9169926 57.2164514381 -0.503684661 1.2914479969 148.5793464395 7.8954600694 -13.0013341022 -0.0462256959
8930 309377.7 113.8379934298 34.0855773823 3776855.1565559986 761968.4952386 57.2104235506 -0.4993857245 1.2801171315 148.408886179 7.9108188852 -12.9673875932 -0.0961221163
8931 309377.77 113.8379994354 34.0855692126 3776854.265317 761969.0749542 57.2020276878 -0.5179823238 1.3761665142 148.2441067434 7.9332722482 -12.9199151613 -0.0972896287
8932 309377.84 113.8380054543 34.0855610732 3776853.377475 761969.6558141998 57.1915867403 -0.4233118199 1.4566915106 148.0896218261 7.9471504338 -12.8658754932 -0.1391408793
8933 309377.91 113.8380114902 34.085552963 3776852.492917 761970.23815 57.1827394543 -0.3166864314 1.4378369384 147.9426395364 7.9690259671 -12.8209247085 -0.0893924996
8934 309377.98 113.8380175407 34.0855448838 3776851.61183 761970.821735 57.1764803464 -0.3448364512 1.4023322556 147.791171458 7.9910165905 -12.7722045594 -0.0636727014
8935 309378.05 113.8380236098 34.0855368354 3776850.734213 761971.4069506 57.1714744242 -0.3044001533 1.3807039866 147.6527410476 8.0147002903 -12.7244027173 -0.0685767114
8936 309378.12 113.8380296927 34.0855288131 3776849.859531 761971.993353 57.1658483259 -0.2085603063 1.31153672 147.5172904688 8.0292689817 -12.6843485801 -0.0821649243
8937 309378.19 113.8380357883 34.0855208247 3776848.988642 761972.5808311999 57.1621970432 -0.1023833585 1.1965547806 147.3915466686 8.0507208736 -12.6254667561 -0.0254309004
8938 309378.2 113.83803666 34.0855196862 3776848.864535 761972.664831 57.1618206259 -0.0952919331 1.1874055296 147.3734959465 8.0509780237 -12.6166879611 -0.0261272453
8939 309378.27 113.8380427676 34.0855117351 3776847.997808 761973.2532915 57.1594091337 0.0671239702 1.1785779263 147.2555761771 8.0610972366 -12.5653424855 -0.0441245574
8940 309378.34 113.8380488721 34.0855038124 3776847.134241 761973.8413833 57.1596159479 0.2101277763 1.1788963392 147.1487862296 8.0478128179 -12.5226328824 0.0218844784
8941 309378.41 113.8380549735 34.0854959216 3776846.274198 761974.4290965998 57.1631610803 0.2497469819 0.9858954919 147.0220637267 8.0563822455 -12.4656265205 0.0579138599
8942 309378.48 113.838061085 34.085488067 3776845.418195 761975.0176202 57.1676886072 0.2708963433 0.9708059534 146.9050284709 8.0608071085 -12.4120154236 0.0828558468
8943 309378.55 113.8380671917 34.085480246 3776844.565907 761975.6056035998 57.1764262933 -0.0304905556 0.8978660288 146.7715721999 8.0566231906 -12.3592157047 0.178786138
8944 309378.62 113.8380733095 34.0854724639 3776843.717974 761976.1944925998 57.183380221 -0.4390688855 0.8867400957 146.6594267255 8.0751719287 -12.2956101105 0.0277897754
8945 309378.69 113.838079425 34.085464711 3776842.87327 761976.7830792 57.1809237143 -0.5918237603 0.8898538532 146.5374617054 8.0581552036 -12.2570767339 -0.0755766908
8946 309378.76 113.8380855357 34.085456985 3776842.031543 761977.3711416 57.1729841698 -0.6602480229 0.936565528 146.3962068014 8.0573753469 -12.2063550676 -0.1387052148
8947 309378.83 113.8380916409 34.0854492923 3776841.1934879986 761977.958591 57.1604250111 -0.6438484849 1.0901731804 146.2444260831 8.0453019111 -12.1590053225 -0.1717691531
8948 309378.9 113.8380977434 34.0854416324 3776840.35907 761978.5456863 57.1475051595 -0.4297857892 1.1617771555 146.0847172481 8.0468799551 -12.09480843 -0.129483547
8949 309378.97 113.8381038546 34.0854340137 3776839.529251 761979.1334630002 57.1368912906 -0.237086519 1.1955139641 145.9490372538 8.0617466969 -12.0245975026 -0.0802789558
8950 309378.99 113.8381056013 34.0854318456 3776839.293121 761979.3014283002 57.1350900074 -0.2437691798 1.1847297427 145.9071764918 8.0648731997 -12.0043185523 -0.0656282479
8951 309379.06 113.8381117245 34.0854242836 3776838.46963 761979.890137 57.1324522868 -0.1007094201 1.2347453398 145.7967670776 8.0745864627 -11.9451549001 0.0488348612
8952 309379.13 113.8381178571 34.0854167641 3776837.650877 761980.4795875 57.1309803072 0.2637100047 1.2549260047 145.702031314 8.0864888929 -11.888054558 0.0218777733
8953 309379.2 113.8381239878 34.0854092712 3776836.835065 761981.0687705999 57.1338053793 0.665792089 1.1898052129 145.6034188855 8.0782499653 -11.8464992874 0.083201398
8954 309379.27 113.8381301101 34.0854018123 3776836.023001 761981.6570800998 57.1424969891 0.6454635016 1.1711236037 145.4805324069 8.0637161893 -11.7884961292 0.2177065444
8955 309379.35 113.8381370996 34.0853933294 3776835.099532 761982.3286162 57.1601432078 0.4434861668 1.1345539375 145.3269361144 8.0622932493 -11.7316650084 0.1988083534
8956 309379.43 113.8381440986 34.0853848896 3776834.1808629986 761983.000905 57.16973696 0.1311372343 1.1348139168 145.1878991562 8.07286584 -11.6638306258 0.1083974611
8957 309379.51 113.8381511044 34.0853764881 3776833.266463 761983.6736998 57.1737465747 -0.0802420185 1.104214753 145.0639111405 8.077258933 -11.6194386887 0.0590771444
8958 309379.59 113.8381581136 34.0853681275 3776832.356613 761984.3466728 57.1728038965 -0.170112023 1.0296617395 144.9455430804 8.0854912062 -11.5629822306 -0.0167676273
8959 309379.67 113.8381651271 34.0853597987 3776831.450307 761985.0199544 57.1697590714 -0.3069447152 0.9815343359 144.8212292779 8.0917609357 -11.5275536854 -0.0439668922
8960 309379.75 113.8381721453 34.0853515022 3776830.54759 761985.6935766998 57.165801513 -0.4408626243 0.9405018314 144.7010148138 8.099882494 -11.4841218954 -0.0458455108
8961 309379.83 113.8381791686 34.085343236 3776829.64825 761986.3675665 57.1587088201 -0.3801710162 0.8739125655 144.5795817542 8.1062433775 -11.4369446873 -0.100068631
8962 309379.91 113.8381861989 34.0853349968 3776828.75193 761987.042121 57.1500106826 -0.3299265806 0.8966747306 144.4574913284 8.1063788045 -11.3979378477 -0.0944381159
8963 309379.99 113.8381932306 34.0853267857 3776827.858731 761987.7167179 57.1421212619 -0.1027220525 0.8604463915 144.3280388236 8.1149346294 -11.3621545954 -0.0550145121
8964 309380.07 113.8382002709 34.085318609 3776826.969369998 761988.3920074 57.1381162433 -0.1007183288 0.9436610099 144.206866565 8.1230696131 -11.3115824122 -0.030484805
8965 309380.15 113.8382073097 34.0853104661 3776826.083748 761989.06705 57.1381145688 -0.0440426656 0.9520876863 144.0807066287 8.1196313916 -11.2693796115 0.0229873826
8966 309380.23 113.8382143554 34.0853023597 3776825.202207 761989.7426151 57.1390058687 -0.0828176305 1.0158649426 143.954852222 8.1262476541 -11.2152287499 0.0084190474
8967 309380.31 113.8382213982 34.0852942846 3776824.324122 761990.4178245999 57.1385932779 -0.0525760978 1.0612178988 143.8013178905 8.1216446661 -11.1720451575 -0.0082372949
8968 309380.39 113.8382284508 34.0852862463 3776823.450159 761991.093818 57.1381935924 -0.0179416644 1.0525854478 143.6477661259 8.1415115836 -11.1177585674 0.0133125495
8969 309380.47 113.8382355141 34.0852782436 3776822.580167 761991.7706942 57.1381917614 -0.1086507346 1.0605651122 143.485016689 8.1494288374 -11.070309403 0.0118356283
8970 309380.55 113.8382425908 34.0852702754 3776821.71403 761992.4487034002 57.1390295736 -0.2552520846 1.0597057111 143.3312040887 8.1687001861 -11.0261614042 -0.0002250725
8971 309380.63 113.8382496829 34.0852623395 3776820.851521 761993.1280231 57.1368121942 -0.2965433216 1.05601624 143.1758919259 8.1880984127 -10.9852080951 -0.0502457782
8972 309380.71 113.8382567863 34.0852544322 3776819.99222 761993.8083084002 57.1312327804 -0.2670412256 1.0879868939 143.015416657 8.1968646798 -10.9417582839 -0.0789398379
8973 309380.79 113.8382638984 34.0852465534 3776819.136111 761994.4893116 57.1251862114 -0.1404769016 1.0639817291 142.8411750112 8.2146687155 -10.9053287579 -0.0740776989
8974 309380.87 113.8382710278 34.0852387092 3776818.28387 761995.1717971 57.120131515 -0.0365640021 1.125509708 142.6700171544 8.2296534612 -10.8548304498 -0.037938457
8975 309380.95 113.8382781625 34.085230898 3776817.435314 761995.8546794001 57.1199926119 -0.017253383 1.1684486799 142.4841388954 8.2314141097 -10.809381612 0.0158751059
8976 309381.03 113.8382853154 34.0852231219 3776816.590703 761996.5391261 57.1213762248 -0.0958879613 1.2266111399 142.3007927985 8.2605934387 -10.7567893341 0.0083757164
8977 309381.11 113.8382924725 34.0852153786 3776815.749733 761997.2238606 57.1216732645 -0.1540647482 1.2877541424 142.1047079231 8.2667994799 -10.7181781954 -0.0010096411
8978 309381.19 113.8382996478 34.0852076722 3776814.912909 761997.9101639 57.1198968645 -0.155801006 1.270985365 141.9217033157 8.2990782533 -10.6579430787 -0.043450897
8979 309381.27 113.8383068447 34.0852000035 3776814.080330998 761998.598349 57.1161433468 -0.1685573011 1.2754636703 141.7503588193 8.3107112648 -10.6078868993 -0.0509332879
8980 309381.35 113.8383140594 34.0851923709 3776813.251798 761999.2880664001 57.1133336285 -0.1464845209 1.1925039095 141.5901001348 8.3393024319 -10.5598827293 -0.0194619947
8981 309381.43 113.8383212928 34.085184767 3776812.426507 761999.9794183002 57.110684773 -0.1239948255 1.1322901706 141.4313042668 8.3568460843 -10.5295672647 -0.0378341228
8982 309381.51 113.838328544 34.0851771876 3776811.6039660014 762000.6723378 57.1070284238 -0.0323346747 1.1208220069 141.2779394954 8.3792361073 -10.4945322143 -0.0375903198
8983 309381.59 113.8383358035 34.08516963 3776810.783878 762001.3659536998 57.1055528354 -0.0299638444 1.1491680091 141.1164301251 8.3805383495 -10.4660321969 0.0128135179
8984 309381.67 113.8383430786 34.0851620953 3776809.96636 762002.0609439998 57.1059550056 -0.1588506087 1.1811626939 140.9590295742 8.4087421606 -10.4255624381 0.017691705
8985 309381.75 113.8383503687 34.0851545859 3776809.151697 762002.7572469 57.1049895678 -0.1890545388 1.2505796919 140.8178766056 8.4194986771 -10.4034800745 -0.02134731
8986 309381.83 113.8383576732 34.0851470976 3776808.3394160015 762003.454809 57.1003939919 -0.0415315453 1.2254255682 140.6858672806 8.4389572831 -10.3564600058 -0.0804938001
8987 309381.91 113.8383650004 34.0851396344 3776807.529972 762004.1543863001 57.0946970396 0.0641707221 1.1925118635 140.5672203691 8.4674931791 -10.3413717207 -0.0559209531
8988 309381.99 113.838372331 34.0851321983 3776806.723543 762004.8541934 57.0950112883 0.1481718341 1.1383768247 140.441909243 8.4578359136 -10.2902878788 0.057645448
8989 309382.05 113.8383778357 34.0851266382 3776806.12062 762005.3796253002 57.1001465432 -0.1066328393 1.1099431829 140.3534172611 8.474830164 -10.2701096275 0.105533394
8990 309382.13 113.8383851923 34.0851192455 3776805.319083 762006.0817064 57.1021428462 -0.1808793121 1.0469462502 140.2455514995 8.4949955302 -10.2388831231 -0.0504215929
8991 309382.21 113.8383925614 34.0851118667 3776804.519116 762006.7848965002 57.0986972181 -0.1849189838 1.0419922143 140.1389087461 8.5103163543 -10.2237101892 -0.0565139041
8992 309382.29 113.8383999352 34.0851045054 3776803.721096 762007.4884652 57.0924717961 -0.0065013486 0.9994136918 140.0321213259 8.5156156646 -10.199811022 -0.069046308
8993 309382.37 113.8384073216 34.0850971601 3776802.924885 762008.1931527 57.0888780095 -0.1104025603 1.0338084276 139.921673958 8.5261499533 -10.1699289558 -0.0331911633
8994 309382.45 113.8384147114 34.08508983 3776802.130382 762008.8981024 57.0892204335 -0.1889423766 1.0684572729 139.8050376034 8.53250023 -10.1658581524 0.0174105375
8995 309382.53 113.838422117 34.0850825162 3776801.337715 762009.6044583 57.0872019818 -0.2124301747 1.1064865441 139.6979338935 8.5552221613 -10.1287742611 -0.0558072218
8996 309382.61 113.8384295341 34.0850752169 3776800.5466910014 762010.3118340998 57.0824776469 -0.0408824654 1.145068614 139.5827501593 8.5642158135 -10.1167962519 -0.0682478459
8997 309382.69 113.8384369662 34.0850679355 3776799.757697 762011.0205445 57.0784826772 0.0458800348 1.1744508436 139.4557200599 8.5823512849 -10.0845000306 -0.0144939977
8998 309382.77 113.8384444096 34.0850606734 3776798.970871 762011.7302349 57.0791293895 -0.0465654231 1.163966177 139.3037605701 8.5968030811 -10.0585235302 0.0341713883
8999 309382.85 113.8384518739 34.0850534336 3776798.186566 762012.4417906 57.0814687768 -0.3240648752 1.1915510697 139.1553876248 8.6253488032 -10.0235122072 0.0171688873
9000 309382.91 113.8384574863 34.0850480157 3776797.5997129986 762012.9767234002 57.0804019636 -0.4389850226 1.2135948622 139.0485010966 8.6415864085 -10.0139375831 -0.0514235926
9001 309382.99 113.8384649877 34.085040805 3776796.818742 762013.6916155 57.0729930168 -0.3762833254 1.195012105 138.9147632311 8.6693619835 -9.9883522119 -0.1275502166
9002 309383.07 113.8384725104 34.0850336093 3776796.039482 762014.4084218 57.0616073441 -0.1159018043 1.195018822 138.7954139319 8.6873447773 -9.9695094728 -0.1233245024
9003 309383.15 113.8384800468 34.0850264239 3776795.2614 762015.1264603002 57.05530887 -0.1111600801 1.2105552476 138.6687630815 8.7005187655 -9.9412147228 -0.0105526899
9004 309383.23 113.8384875991 34.0850192572 3776794.485442 762015.8459182 57.0552729406 -0.2593281333 1.2555586846 138.5538284287 8.7213447246 -9.9249044849 0.0202461892
9005 309383.31 113.8384951634 34.0850121006 3776793.710641002 762016.5664451 57.0550759705 -0.3538609542 1.329703056 138.4352873767 8.7314292621 -9.9088248365 -0.0088372031
9006 309383.39 113.8385027473 34.0850049548 3776792.937082 762017.2887526 57.0491607161 -0.3827364638 1.3995314849 138.3332933542 8.756536742 -9.8901890785 -0.1153243091
9007 309383.47 113.838510346 34.0849978152 3776792.164246 762018.012407 57.0387547677 0.0259497336 1.4400151196 138.2330765837 8.7698028358 -9.8945875396 -0.1070387332
9008 309383.55 113.8385179589 34.0849906886 3776791.392893 762018.7373328 57.0322873639 0.0264949824 1.4459475314 138.1254719645 8.7930594147 -9.8611326659 -0.029787155
9009 309383.63 113.8385255911 34.0849835819 3776790.623792 762019.4639837 57.0325316405 0.1260515048 1.3892609804 138.0252223379 8.8105708719 -9.8349271273 0.0448492055
9010 309383.71 113.8385332387 34.0849764902 3776789.856405 762020.1920055002 57.0363426684 -0.1384336608 1.4146480315 137.9212452936 8.8251931205 -9.8126421049 0.0561175031
9011 309383.79 113.8385408982 34.0849694145 3776789.090813 762020.9210770002 57.0372432787 -0.1430192189 1.361023655 137.8303152245 8.8426083475 -9.8031270813 -0.0140771632
9012 309383.82 113.8385437732 34.0849667643 3776788.80408 762021.1947143001 57.0359945726 -0.1125571868 1.3208042122 137.7878745783 8.8466045378 -9.7880752066 -0.0564262467
9013 309383.9 113.8385514518 34.0849597115 3776788.041086 762021.9254774002 57.0318958722 -0.0104060347 1.269527938 137.6884715824 8.8605736865 -9.7636413944 -0.04317949
9014 309383.98 113.8385591296 34.0849526751 3776787.279912 762022.6561246 57.0294258166 0.0234918815 1.2976352278 137.5471089408 8.8539344443 -9.7406132771 0.020560396
9015 309384.06 113.8385668122 34.0849456618 3776786.521316 762023.3871297 57.0312094772 -0.2300564806 1.3352986606 137.3840199759 8.8718116863 -9.6971201247 -0.0020181488
9016 309384.14 113.8385745085 34.0849386762 3776785.765819 762024.1193254002 57.0310261939 -0.2271149044 1.3030481075 137.2247834721 8.8883702189 -9.6799852149 -0.0238461531
9017 309384.22 113.8385822267 34.0849317217 3776785.013829 762024.8534446 57.0258981772 -0.1291715299 1.3199078251 137.081390697 8.9112326376 -9.6201732409 -0.0793775467
9018 309384.3 113.838589949 34.0849247958 3776784.265038 762025.5878524 57.0213787192 0.0615647191 1.210521091 136.9340230402 8.9097723011 -9.5781858814 -0.0337765478
9019 309384.38 113.8385976915 34.0849179002 3776783.519651 762026.3240343998 57.0214053839 0.1324397521 1.1125808318 136.7888726905 8.9432611409 -9.5381205346 0.0292297749
9020 309384.46 113.8386054368 34.0849110357 3776782.777717 762027.0603819998 57.0246533304 0.0109865269 1.1083457098 136.6381703285 8.9349729086 -9.5057081201 0.0569947584
9021 309384.54 113.8386131886 34.0849041961 3776782.038575 762027.7972471998 57.029172969 -0.1057271959 1.0178752859 136.4798651816 8.9567303178 -9.4618550993 0.0350032951
9022 309384.56 113.8386151273 34.0849024928 3776781.854526 762027.9815144 57.0297409492 -0.1228438028 1.0172162735 136.4419085507 8.9460525776 -9.4410991473 0.0229184236
9023 309384.64 113.8386228921 34.0848956872 3776781.119178 762028.7194791 57.0295258975 -0.092771813 1.0095139677 136.2856578288 8.9658070097 -9.4332519644 -0.0335141884
9024 309384.72 113.8386306649 34.0848889062 3776780.386596 762029.4580974 57.0269761318 0.057320613 0.9990013739 136.1192340819 8.9774497274 -9.3844493546 -0.0261751679
9025 309384.8 113.8386384458 34.084882156 3776779.657436 762030.1973811 57.0273641208 -0.0624897336 1.044323403 135.9479535654 8.9838483546 -9.3533080343 0.0283397935
9026 309384.88 113.8386462311 34.0848754368 3776778.931744002 762030.9369659 57.0317090619 -0.0060221864 1.0444031919 135.774217623 8.985756049 -9.3001290271 0.0859843799
9027 309384.96 113.8386540363 34.0848687477 3776778.209436 762031.6783064 57.0332016992 -0.241344989 1.0773472908 135.5947358071 9.0093260505 -9.248377878 0.0365780474
9028 309385.04 113.8386618531 34.0848620844 3776777.490021 762032.4206292 57.0305205723 -0.1224020963 1.0560896535 135.4145745647 9.024546082 -9.2168906869 -0.0288091561
9029 309385.12 113.8386696981 34.0848554549 3776776.774429 762033.1654546 57.0238948725 0.0509521155 1.0449843478 135.2484599937 9.0546894006 -9.1613293873 -0.0771081667
9030 309385.2 113.8386775488 34.0848488553 3776776.062167 762033.9107143001 57.0228084046 -0.0033614163 1.0704797157 135.0689615466 9.0541891179 -9.1348823876 0.0560753611
9031 309385.28 113.8386854085 34.0848422918 3776775.353948 762034.6567016 57.0262170946 -0.0158504582 0.9947697822 134.8843666744 9.070248129 -9.0699093562 0.0292683707
9032 309385.3 113.838687378 34.0848406546 3776775.177305 762034.8436028 57.0274102474 -0.0889689716 1.0109308579 134.8388172166 9.0859394538 -9.0755887861 0.0637055355
9033 309385.38 113.838695254 34.0848341279 3776774.473198 762035.5909756 57.0281997556 -0.0762502533 1.020042151 134.6423492225 9.0818013614 -9.024298918 -0.0081278148
9034 309385.46 113.8387031423 34.0848276314 3776773.772486 762036.3393882 57.0268844208 -0.0535634485 1.0806272409 134.4539326353 9.0973898472 -8.9899412785 -0.0113329455
9035 309385.54 113.8387110384 34.0848211659 3776773.075223 762037.0884272 57.0265473593 -0.0342485539 1.0747664779 134.2572850595 9.1083729175 -8.9388838644 0.0003158341
9036 309385.62 113.8387189516 34.0848147361 3776772.381974 762037.838939 57.0267151259 -0.1787610006 1.1060142147 134.0727826838 9.1251527191 -8.8886035593 0.0018578614
9037 309385.7 113.8387268738 34.084808337 3776771.6921440014 762038.5901821 57.0267078616 -0.1303351473 1.0704487168 133.8787428738 9.1414278259 -8.8587116111 -0.0045437647
9038 309385.78 113.8387348115 34.0848019779 3776771.006801 762039.3427331998 57.0244390704 -0.0259583701 0.9646714499 133.7014213351 9.1641070173 -8.7862180865 -0.0305616287
9039 309385.86 113.838742766 34.084795655 3776770.325519 762040.0967283002 57.0220061336 0.0923823028 0.9792301308 133.5336098185 9.1660190913 -8.7488938426 -0.0155153497
9040 309385.94 113.8387507144 34.0847893618 3776769.647509 762040.8500675 57.0243945112 0.0859563125 0.899222077 133.3444728153 9.164856463 -8.6930049362 0.0949998399
9041 309385.99 113.8387556921 34.0847854468 3776769.2258089986 762041.3217696 57.0282026315 -0.0758574866 0.8349277624 133.2306584561 9.1912933037 -8.6705749078 0.0686695936
9042 309386.07 113.83876366 34.0847792099 3776768.554107 762042.0767289002 57.0282254629 -0.2061431211 0.9963704047 133.047559203 9.1794329706 -8.6332668912 0.0035288677
9043 309386.15 113.8387716208 34.0847729963 3776767.8849660014 762042.8309703 57.0282747345 -0.3148029055 1.052967349 132.8518267833 9.1835240938 -8.5894692029 0.0121151369
9044 309386.23 113.838779596 34.0847668155 3776767.219503 762043.5864295998 57.0223767236 -0.2295382552 1.0950437477 132.6716056218 9.2090644065 -8.5496546552 -0.0851603429
9045 309386.31 113.8387875899 34.0847606674 3776766.557718 762044.3435239 57.0125834588 0.0245503131 1.1335028906 132.5154841385 9.2233415584 -8.4946425465 -0.1143858036
9046 309386.39 113.838795586 34.0847545525 3776765.899626 762045.1007208 57.009880892 0.1111457079 1.1185024794 132.3628751084 9.2232089659 -8.4604413295 0.0416478345
9047 309386.47 113.8388035893 34.0847484731 3776765.245493 762045.8584699002 57.0147248972 0.0022569568 1.0730430639 132.2151279907 9.2425946638 -8.4074685261 0.0756255277
9048 309386.56 113.8388126027 34.0847416684 3776764.513458 762046.7117248 57.0195366302 -0.0759201425 1.0818770284 132.0463433293 9.2385263378 -8.3777584285 0.0374413104
9049 309386.65 113.8388216159 34.0847348918 3776763.784544002 762047.5648684 57.0197331076 -0.0487713441 1.1031730705 131.8706854224 9.2456903472 -8.3361990204 -0.0071553976
9050 309386.74 113.838830635 34.0847281516 3776763.059679 762048.4184511999 57.0181231424 -0.0574944169 1.1261146697 131.7048053137 9.2458753696 -8.2889747881 -0.0253892934
9051 309386.78 113.8388346451 34.0847251668 3776762.738732 762048.7979359 57.0170057174 -0.0193161166 1.1136934073 131.6355640326 9.2509620524 -8.2677144123 -0.0171814607
9052 309386.87 113.8388436734 34.0847184801 3776762.019821 762049.652204 57.0159699535 -0.0319050935 1.1931174534 131.4954104553 9.2568463766 -8.2210602669 -0.0076338582
9053 309386.96 113.8388526974 34.0847118202 3776761.303886 762050.5059908001 57.0162081076 -0.0496333517 1.2200769077 131.3388838894 9.2488642754 -8.187621314 0.0213631599
9054 309387.05 113.838861726 34.0847051948 3776760.591783 762051.3601026 57.0174469044 -0.0974656589 1.2717690569 131.1919792669 9.2615623009 -8.1486723599 0.0083027863
9055 309387.14 113.8388707532 34.0846985984 3776759.8829089985 762052.2139848 57.0175916124 -0.0957918462 1.2623161454 131.0398450208 9.2630638941 -8.1075214474 0.0050499957
9056 309387.23 113.8388797895 34.0846920402 3776759.178283 762053.0685965 57.0161747262 -0.080687502 1.2401086946 130.9143972326 9.2731913667 -8.0623836075 -0.0327318461
9057 309387.32 113.8388888281 34.0846855144 3776758.47727 762053.9233169 57.014848683 -0.0811149256 1.1631410803 130.7940220952 9.2648890058 -8.0126050397 0.0017654257
9058 309387.41 113.8388978704 34.0846790206 3776757.779805002 762054.778288 57.014659876 -0.1749233833 1.1136988951 130.6854932796 9.2731111903 -7.9922853592 0.006293576
9059 309387.5 113.8389069056 34.0846725491 3776757.084812 762055.6325276 57.0135860723 -0.1657057219 1.0679798537 130.5569728276 9.2665010422 -7.9616653422 0.0093192398
9060 309387.59 113.8389159434 34.0846661041 3776756.392758 762056.4869258 57.0107427295 -0.067898899 1.0315109375 130.4370827666 9.2705543161 -7.9294388738 -0.0376801063
9061 309387.68 113.838924981 34.0846596852 3776755.703596 762057.3412335998 57.0078795394 -0.0481326592 1.0005455822 130.313186011 9.2710021615 -7.8952553495 -0.0351697201
9062 309387.7 113.8389269888 34.0846582629 3776755.550906 762057.5310085 57.0077846069 -0.0455714395 0.9950532289 130.2862221351 9.2652296476 -7.8849719962 0.0031142931
9063 309387.79 113.8389360253 34.0846518798 3776754.8657269985 762058.3850989002 57.008352207 -0.1772541165 0.9709158414 130.1681921963 9.2675897624 -7.8538122995 0.0404551657
9064 309387.88 113.8389450626 34.0846455214 3776754.183279 762059.2391826998 57.0077073686 -0.2588873576 0.9568806031 130.0501254527 9.2711682719 -7.8245519891 -0.0258526806
9065 309387.97 113.838954104 34.0846391873 3776753.503541 762060.0935751 57.0030646445 -0.2296893401 0.9639646322 129.9343770879 9.2757825815 -7.794642282 -0.0742641518
9066 309388.06 113.8389631463 34.0846328722 3776752.825911 762060.9479901999 56.9968877574 -0.1329151147 0.9709857907 129.7910525018 9.2729593704 -7.7633155344 -0.0694999019
9067 309388.15 113.8389722026 34.0846265893 3776752.151904 762061.8036008 56.9924238604 -0.0760785619 0.9980311102 129.6471537724 9.2883431539 -7.7346027196 -0.032875512
9068 309388.24 113.8389812599 34.084620334 3776751.480951 762062.6592165999 56.9926732881 -0.0961551166 0.9507718214 129.4847363389 9.2924570286 -7.7016244479 0.0388014214
9069 309388.33 113.8389903351 34.0846141165 3776750.814238 762063.5163711 56.993446555 -0.1393844426 0.9132243885 129.3523427374 9.3097461647 -7.6460559132 -0.0025939258
9070 309388.42 113.8389994197 34.0846079217 3776750.150071 762064.3743191 56.9909706023 -0.1339852167 0.8468257624 129.2074269797 9.3120536174 -7.6298127869 -0.0381323696
9071 309388.51 113.839008513 34.0846017542 3776749.488965 762065.2329934 56.9879500391 -0.1676158785 0.8503582033 129.067185577 9.3250303773 -7.5900994485 -0.0314535
9072 309388.6 113.8390176089 34.084595606 3776748.829999 762066.0918439998 56.9854016378 -0.2554382267 0.8791859103 128.9113639267 9.3295105965 -7.5699342078 -0.0442097716
9073 309388.61 113.8390186202 34.0845949243 3776748.756939 762066.1873252 56.9850632129 -0.2624188292 0.8667926001 128.8927043875 9.3309562739 -7.565675044 -0.03989506
9074 309388.7 113.8390277271 34.0845888062 3776748.101343 762067.0471019 56.9811138045 -0.2775675272 0.9044480646 128.7449730755 9.3440380669 -7.5275482605 -0.0543994148
9075 309388.79 113.8390368417 34.0845827086 3776747.448036 762067.907521 56.9754753848 -0.2221664496 0.9494678517 128.5817415323 9.3450930272 -7.5057272984 -0.0740491835
9076 309388.88 113.8390459705 34.0845766422 3776746.798229 762068.7691611 56.9703412754 -0.2112056328 0.9374246041 128.4268805082 9.3655539763 -7.4583102544 -0.0324989732
9077 309388.97 113.8390551093 34.0845706062 3776746.151828 762069.6316225 56.9669007631 -0.2050650738 0.9535268698 128.2792246418 9.3766709128 -7.4364028692 -0.028676312
9078 309389.06 113.8390642563 34.0845645965 3776745.508367 762070.4947628 56.9634394925 -0.2149881256 0.9757832661 128.140191194 9.3777338989 -7.3898348149 -0.0522880452
9079 309389.15 113.8390734078 34.084558606 3776744.867049 762071.3582672 56.959129191 -0.1513697997 1.000817817 128.000738737 9.3782557316 -7.3672393817 -0.0538208265
9080 309389.24 113.8390825641 34.0845526439 3776744.228889 762072.2221237 56.954794853 0.0143882388 0.9847986352 127.8681442577 9.3905513428 -7.3229385462 -0.0447389819
9081 309389.33 113.8390917179 34.0845467107 3776743.593928 762073.0856594 56.95274607 0.0602892703 1.0166186728 127.7403937638 9.3738376583 -7.2986837523 0.0114712325
9082 309389.42 113.8391008699 34.0845408079 3776742.962341 762073.9489293002 56.9554405501 -0.1060763844 0.9858029827 127.6281509351 9.3857763203 -7.2482220453 0.0353295498
9083 309389.51 113.8391100255 34.0845349339 3776742.333967 762074.8124468002 56.9564001234 -0.1889731366 0.9670706512 127.5285684513 9.3826822783 -7.2316374003 -0.0070749702
9084 309389.52 113.8391110415 34.0845342826 3776742.264289 762074.9082755998 56.9562288132 -0.2003450777 0.967096949 127.5157961776 9.3746472023 -7.2255500683 -0.0154318894
9085 309389.61 113.8391201933 34.0845284344 3776741.638765 762075.7713608 56.9526390024 -0.1279572291 0.9745318478 127.4143943687 9.3792508453 -7.1858267957 -0.0311670829
9086 309389.7 113.839129337 34.0845226054 3776741.015343 762076.6336441998 56.9483388774 -0.0647798241 1.0304110101 127.3059609741 9.3599937765 -7.1744423361 -0.042663214
9087 309389.79 113.8391384754 34.0845168021 3776740.394763 762077.4953531 56.9465020522 0.0041581185 1.0112802781 127.1982817035 9.3690879286 -7.1281400706 0.0102357522
9088 309389.88 113.83914761 34.0845110266 3776739.777256 762078.3566333 56.9469054015 -0.0368461254 1.0401620165 127.0817244726 9.3560673061 -7.1071679218 0.0211262671
9089 309389.97 113.8391567379 34.0845052754 3776739.162438 762079.2172164002 56.9494996369 -0.2289323775 1.030468913 126.9540779833 9.3617558257 -7.0658054136 0.0356216948
9090 309390.06 113.8391658674 34.0844995544 3776738.55097 762080.0778540998 56.9493051767 -0.3318645026 1.033436795 126.8457213283 9.3576288107 -7.0374312208 -0.0348702702
9091 309390.15 113.8391749992 34.0844938558 3776737.941992 762080.9386294001 56.9438740742 -0.269407516 1.0007890263 126.7422903846 9.3594455276 -7.0019884124 -0.0921064532
9092 309390.24 113.8391841283 34.0844881815 3776737.335706 762081.7990948001 56.9360162839 -0.1091935205 0.9912440013 126.626124665 9.345869224 -6.9686922138 -0.0777352266
9093 309390.33 113.8391932511 34.084482532 3776736.732151 762082.6588889 56.9339601444 -0.1259312105 0.9567056782 126.5000588785 9.3484829274 -6.9418899713 -0.0028037156
9094 309390.42 113.8392023717 34.0844769128 3776736.131963 762083.5183896 56.9337100526 -0.1570460862 0.9503201322 126.3791217819 9.3463674348 -6.9080713652 -0.0045540757
9095 309390.51 113.839211486 34.0844713167 3776735.534317 762084.3772438002 56.9338361351 -0.2352467843 0.9316023321 126.251021749 9.3389303577 -6.875325178 -0.0218361708
9096 309390.52 113.8392124984 34.084470697 3776735.468135 762084.4726336 56.9336190336 -0.2160723055 0.925899446 126.2367106301 9.3379303498 -6.8700457829 -0.028406349
9097 309390.61 113.8392216161 34.0844651341 3776734.874185 762085.3316992 56.9300562208 -0.1202789805 0.9535288341 126.1261147844 9.3417539167 -6.8384533711 -0.0443812868
9098 309390.7 113.839230726 34.0844595922 3776734.282544 762086.1899738002 56.9261088083 -0.0585316762 0.9467420104 125.9995913274 9.3325858062 -6.8103641974 -0.03382501
9099 309390.79 113.8392398311 34.0844540812 3776733.694313 762087.0477101 56.9258934194 -0.1084313807 0.9468019007 125.8763030688 9.3280734935 -6.7711766744 0.0133541813
9100 309390.88 113.8392489314 34.084448595 3776733.108833 762087.9049246998 56.9262955179 -0.1412740424 0.9771732967 125.7505196784 9.3248572426 -6.7471188728 -0.0162328387
9101 309390.97 113.83925803 34.0844431365 3776732.526412002 762088.7619025 56.9233950656 0.0189939765 0.97057519 125.6312179383 9.3275601282 -6.7040587442 -0.0417929893
9102 309391.06 113.839267124 34.0844377078 3776731.947291 762089.6183617 56.9213411696 0.0817992303 0.9557825987 125.4971657674 9.3196026064 -6.6717823521 -0.0095257104
9103 309391.15 113.8392762105 34.0844323124 3776731.371846 762090.4740234 56.9230954964 -0.0471683113 0.9652798025 125.351985124 9.315128608 -6.6343539864 0.0531396642
9104 309391.24 113.8392852949 34.084426945 3776730.799504 762091.3294146 56.9261913095 -0.2942941057 0.9458055042 125.2033785654 9.3167040654 -6.6032158839 0.0181776323
9105 309391.33 113.8392943873 34.084421606 3776730.23034 762092.1854494 56.9240357922 -0.3675365268 0.9048316288 125.0629458114 9.3285383048 -6.5625095246 -0.0634220626
9106 309391.42 113.8393034867 34.0844162913 3776729.6638839985 762093.0420551999 56.9159646211 -0.2761952701 0.9038623398 124.9183356115 9.3249108533 -6.5452270736 -0.1000564017
9107 309391.45 113.8393065192 34.0844145245 3776729.475591 762093.3275153001 56.9130755234 -0.1886759374 0.873420041 124.8635873701 9.3337803511 -6.5341773762 -0.0836143706
9108 309391.54 113.8393156184 34.0844092464 3776728.913193 762094.1839914002 56.9071578756 -0.1633353297 0.9215379595 124.7205511347 9.3297611017 -6.4904676613 -0.0370195232
9109 309391.63 113.8393247173 34.0844039934 3776728.353586 762095.0403602 56.9045525063 -0.1353904334 0.9088084407 124.5675519712 9.3314248639 -6.4618363663 -0.0027322582
9110 309391.72 113.8393338207 34.0843987715 3776727.797445 762095.8970511998 56.901415118 -0.1051034529 0.9099538054 124.4140956518 9.3379729847 -6.4200323943 -0.0463451394
9111 309391.81 113.8393429218 34.0843935762 3776727.244241 762096.7534433 56.8994164206 -0.177259202 0.9835964019 124.2412553357 9.3247540505 -6.3905270868 -0.0097848276
9112 309391.9 113.8393520247 34.0843884106 3776726.694339 762097.6099181 56.8977421652 -0.1717076413 0.9671736217 124.0746894994 9.34203953 -6.3433548746 -0.023843608
9113 309391.99 113.8393611377 34.0843832817 3776726.1485440014 762098.4672091998 56.8927212283 0.0063388907 0.972575477 123.9197848864 9.3439598518 -6.3113066096 -0.0790026927
9114 309392.08 113.8393702495 34.0843781751 3776725.605218 762099.3243197 56.8899022099 -0.0007019006 1.0192602016 123.7441640839 9.3367135331 -6.2714276317 -0.0180513411
9115 309392.17 113.839379362 34.0843730982 3776725.065187 762100.1814047 56.8931191051 -0.2040370957 1.0691784168 123.5720380032 9.3442696887 -6.2318024016 0.0503489222
9116 309392.26 113.839388477 34.084368052 3776724.528564 762101.0386255 56.8947866978 -0.2925988294 1.0811341855 123.3958763839 9.3471824143 -6.1967240092 -0.0370054836
9117 309392.32 113.8393945564 34.0843647039 3776724.17261 762101.6103085999 56.8922519628 -0.2537583086 1.1202083745 123.2843374886 9.3526891979 -6.1754905842 -0.0647093755
9118 309392.41 113.8394036772 34.0843597069 3776723.641467 762102.4679103 56.8857436832 -0.0896848801 1.1275563275 123.1134484099 9.3483429722 -6.1393637937 -0.0803366407
9119 309392.5 113.839412799 34.0843547445 3776723.114168 762103.3254934 56.8822269561 0.0258755161 1.0989658803 122.9482927265 9.3507688769 -6.0873370843 -0.0166297258
9120 309392.59 113.8394219226 34.0843498201 3776722.591088 762104.1831361 56.8836730262 -0.0516304181 1.1186482863 122.7955908693 9.3532203672 -6.0483435246 0.0251661981
9121 309392.68 113.8394310382 34.0843449216 3776722.070859 762105.0399607 56.8862411277 -0.1401499041 1.131918609 122.6395115438 9.3398896423 -6.0160170868 0.0088588113
9122 309392.77 113.8394401546 34.084340054 3776721.554077 762105.89676 56.8866591221 -0.1202811982 1.112981923 122.4984412859 9.3451515048 -5.9759761022 -0.0135617922
9123 309392.87 113.8394502786 34.0843346772 3776720.983361 762106.8481651 56.8838405209 -0.026219121 1.0761624211 122.3470226865 9.3377816837 -5.9436240264 -0.0170702558
9124 309392.97 113.8394603973 34.0843293384 3776720.416841 762107.7989637 56.8839239189 -0.1120940416 1.1099111559 122.2105475648 9.336053928 -5.9048647564 0.0047517135
9125 309393.07 113.8394705065 34.0843240298 3776719.8536620014 762108.7487971998 56.8844472542 -0.220493282 1.0549801117 122.0670104112 9.3287707655 -5.8616208347 -0.0017063755
9126 309393.17 113.8394806157 34.0843187613 3776719.294922 762109.6985062 56.8826649953 -0.2397416275 0.9996841625 121.9566124639 9.3247225066 -5.8242774008 -0.0601806827
9127 309393.21 113.8394846571 34.0843166605 3776719.07216 762110.0781559 56.8809669865 -0.2236217678 1.0017318083 121.9115909701 9.318351952 -5.8231801113 -0.0538755632
9128 309393.31 113.8394947525 34.0843114273 3776718.5173019986 762111.0264838 56.8762328485 -0.1368057631 0.9948221963 121.8050693005 9.3085486671 -5.7890699557 -0.0348575456
9129 309393.41 113.8395048323 34.0843062196 3776717.96524 762111.9732931 56.8741047382 -0.0846281923 0.9822443883 121.7062878384 9.2916883251 -5.7588036459 -0.0267676474
9130 309393.51 113.8395149009 34.0843010417 3776717.416453 762112.9189686 56.8731189175 -0.0083253225 0.9409681607 121.6184843934 9.2858191391 -5.7237496729 -0.0152734732
9131 309393.61 113.839524952 34.0842958911 3776716.870656 762113.8629561 56.871778924 0.0858464811 0.9340036703 121.5267237204 9.2603659355 -5.6990591574 0.0173687768
9132 309393.71 113.8395349845 34.0842907729 3776716.328401 762114.805118 56.8745175367 -0.0091059185 0.8141293684 121.4252173327 9.2549326017 -5.6492252327 0.0337299355
9133 309393.81 113.8395449957 34.084285688 3776715.78979 762115.7452118 56.8771343175 -0.1080656395 0.8956948696 121.3108246013 9.2154597417 -5.6388685917 0.0151835968
9134 309393.91 113.8395549761 34.0842806294 3776715.254027 762116.6823798 56.878368807 -0.2374255727 0.8567391907 121.1726177652 9.2026909411 -5.5829348479 0.0014188875
9135 309394.01 113.8395649291 34.084275617 3776714.723316 762117.6168767 56.8754388942 -0.3100218474 0.9683900504 121.0438756135 9.1649719804 -5.5444448644 -0.0622597
9136 309394.11 113.8395748402 34.0842706465 3776714.197135 762118.5473710998 56.8696643719 -0.2049563434 0.8803491325 120.8910353807 9.1304630932 -5.4731039366 -0.0879863181
9137 309394.21 113.8395847091 34.0842657404 3776713.678012 762119.473774 56.8645805353 -0.1568789432 0.9068909131 120.7435309344 9.0764735726 -5.409604182 -0.0395032316
9138 309394.29 113.839592553 34.0842618555 3776713.267004 762120.2100459002 56.8646129323 -0.2545664702 0.8942486576 120.6036861565 9.0155752002 -5.3547935064 0.0347010066
9139 309394.39 113.8396022921 34.0842570702 3776712.760942 762121.1240859 56.8667152077 -0.387333531 0.8698257146 120.4505443512 8.942045641 -5.2608893641 0.0186243064
9140 309394.49 113.8396119359 34.0842523585 3776712.262807 762122.0291048002 56.8635274926 -0.2846966574 0.9002209038 120.2798997027 8.8397061923 -5.1886144894 -0.0565391554
9141 309394.59 113.8396214741 34.0842477192 3776711.772439 762122.9241568 56.8584153391 -0.2028244997 0.9703606014 120.0833839093 8.748638626 -5.09731487 -0.0455421398
9142 309394.69 113.8396309069 34.0842431651 3776711.2912449986 762123.8091985 56.856648556 -0.2036755729 0.9803430405 119.8751415453 8.653603129 -4.998427951 0.0047036115
9143 309394.8 113.83964117 34.0842382614 3776710.7733949986 762124.7719986 56.8580370098 -0.2281174617 1.0346251732 119.6624263053 8.5530389844 -4.892606839 0.0114699987
9144 309394.91 113.8396513111 34.0842334555 3776710.266085 762125.7232291 56.8571840245 -0.213084537 1.0315526292 119.4492296097 8.4524344537 -4.7910448741 -0.0169611209
9145 309395.02 113.8396613332 34.0842287549 3776709.770149 762126.6631385002 56.8562933579 -0.142450323 0.9448568454 119.2716000452 8.3534959661 -4.6823844035 -0.0044238481
9146 309395.13 113.8396712243 34.084224151 3776709.284608 762127.590668 56.8568838928 -0.183836938 0.8349009068 119.140983791 8.244906847 -4.5998090591 0.0122792037
9147 309395.24 113.8396809825 34.0842196351 3776708.808501 762128.5056466998 56.8582071457 -0.2506894019 0.7486281626 119.075151603 8.1326390373 -4.5126996872 0.0320171456
9148 309395.35 113.8396905987 34.0842151897 3776708.339845 762129.4072910999 56.8584984085 -0.3033588456 0.7469425309 119.016074749 8.0081268087 -4.4509953365 -0.0029174874
9149 309395.46 113.8397000759 34.0842108166 3776707.8788519986 762130.2958848 56.8574826066 -0.2293948783 0.7510058554 118.9550840143 7.8972765221 -4.3669334227 -0.0074334039
9150 309395.58 113.8397102548 34.0842061269 3776707.384536 762131.250241 56.8555233432 -0.1351884218 0.7989850441 118.8665733162 7.7632851884 -4.2941262588 -0.0156224136
9151 309395.7 113.8397202691 34.0842015296 3776706.900047 762132.1891255 56.8551315721 -0.0535600562 0.8089199299 118.7109054838 7.6423117434 -4.1964466323 0.0044001075
9152 309395.82 113.8397301237 34.0841970388 3776706.426964 762133.1129226 56.8569541303 -0.0584551589 0.848179117 118.5302957891 7.5153152626 -4.0969253906 0.0185367428
9153 309395.94 113.8397398171 34.084192658 3776705.965678 762134.0215002 56.8610255504 -0.1122141372 0.7876400113 118.3360871231 7.394283536 -3.9925417824 0.0310212605
9154 309396.07 113.8397501398 34.0841880435 3776705.480075 762134.9889115 56.8641765304 -0.1338284242 0.7587064116 118.1343933709 7.2613162522 -3.8860039463 0.0094394511
9155 309396.2 113.8397602601 34.0841835474 3776705.007089 762135.9372663 56.8655333463 -0.217920471 0.7345028729 117.8641681241 7.120215058 -3.7758171507 0.0105240376
9156 309396.23 113.8397625687 34.0841825292 3776704.900026 762136.1535806998 56.8664787216 -0.2959465223 0.7482212444 117.8073062388 7.0907193232 -3.7509506972 0.0330302836
9157 309396.36 113.8397724597 34.0841781996 3776704.444928 762137.0802432 56.8681381382 -0.3096117141 0.7243781794 117.5530951896 6.9582595305 -3.633632885 0.0017089003
9158 309396.49 113.8397821579 34.0841739974 3776704.003469 762137.9887165 56.8660411546 -0.3132505463 0.7379865881 117.2982229316 6.8203421181 -3.5288807147 -0.0274297088
9159 309396.63 113.8397923869 34.0841696206 3776703.544003 762138.9467370998 56.8626866601 -0.3854400631 0.7236010129 117.0673099085 6.6710870036 -3.4114683838 -0.0230069586
9160 309396.77 113.839802377 34.0841653841 3776703.099495 762139.8822673998 56.8619865589 -0.4611578119 0.7117642574 116.8917504744 6.5047679519 -3.301087677 -0.0022749571
9161 309396.91 113.8398121187 34.0841612842 3776702.669513 762140.7944459 56.8593387939 -0.3462946864 0.7350119879 116.7697834041 6.3391361001 -3.1910242854 -0.0417529219
9162 309397.06 113.8398222432 34.0841570304 3776702.223418 762141.7424361998 56.8510954734 -0.1975845677 0.886510033 116.6141551004 6.1197616463 -3.0894826939 -0.0632057925
9163 309397.21 113.8398320086 34.0841529466 3776701.795289 762142.6567513002 56.8544732844 -0.3275254636 0.9650614447 116.5106937296 5.8987904588 -2.9442616035 0.057114177
9164 309397.37 113.8398420055 34.0841488011 3776701.360894 762143.5926301 56.8547900049 -0.1722643282 0.9311645787 116.4450108934 5.634346145 -2.8107940005 -0.0007026577
9165 309397.54 113.8398521049 34.0841446114 3776700.921859 762144.5381088002 56.8545857174 -0.4273460784 1.0421813041 116.4241085497 5.3306115779 -2.6518653898 0.0101412705
9166 309397.72 113.839862154 34.0841404426 3776700.485013 762145.4788774 56.8552612513 -0.6226117809 1.1091997047 116.321790955 4.9828630087 -2.4717626475 0.0338171936
9167 309397.91 113.8398720326 34.0841363929 3776700.060944 762146.4035328 56.8564256486 -0.7488847223 0.9742256114 116.1567819723 4.6231872878 -2.2537212346 -0.0270951352
9168 309398.12 113.8398822007 34.0841322532 3776699.627635 762147.3552066998 56.8430683706 -0.5567206982 0.9085538652 115.9497151823 4.379101668 -2.1334140392 -0.0713432326
9169 309398.33 113.8398920565 34.084128252 3776699.208895 762148.2776131 56.8360061953 -0.3185535328 0.9594793426 115.790644024 4.2978521881 -2.0635854277 -0.0087208015
9170 309398.55 113.8399021851 34.0841241885 3776698.783942 762149.2253923998 56.8295741612 -0.3866407795 0.8837298372 115.6519961975 4.201274876 -2.0082847733 -0.0515732965
9171 309398.77 113.83991201 34.0841202668 3776698.373948 762150.144707 56.8267486189 -0.4417618015 0.8866687226 115.5385467651 4.0285207862 -1.9321534125 0.0172575328
9172 309399.0 113.8399217846 34.084116373 3776697.966917 762151.0592779 56.8213541592 -0.3865885033 0.9884005252 115.4057120141 3.8043383955 -1.816293923 -0.0398662728
9173 309399.2 113.8399297965 34.0841132133 3776697.636828 762151.8088311 56.8145820787 -0.2793261647 0.9093867684 115.1729143472 3.5993527109 -1.6817426107 -0.011153544
9174 309399.47 113.8399397936 34.084109319 3776697.230318 762152.7439510998 56.8104748987 -0.2361502011 0.8893110739 114.9237201156 3.2264109346 -1.5068626962 -0.0057061291
9175 309399.78 113.8399498242 34.0841054622 3776696.828044 762153.6820515002 56.8066555047 -0.3624503342 0.8910116815 114.7012084825 2.7560937998 -1.2573217646 0.012967043
9176 309400.15 113.8399596822 34.0841017079 3776696.436715 762154.6038991 56.8050888795 -0.4548793719 0.7995003236 114.5771224792 2.167604014 -1.0002183723 -0.0046538934
9177 309400.67 113.8399696128 34.0840979225 3776696.042112 762155.5325462 56.7978577595 -0.3510776459 0.7097003084 114.448618741 1.3886362158 -0.6306556254 -0.0142103965
