11755 309697.14 113.8401193495 34.0842733025 3776715.889614 762168.8177513 56.9493701858 0.1959029806 0.5391106482 293.4293602865 -12.1275632018 5.2606304162 -0.008545609
11756 309697.22 113.8401088225 34.0842771176 3776716.285985 762167.8339426 56.9479005318 0.1499575971 0.4807192307 293.5761189612 -12.1619546808 5.3162311956 -0.0265667811
11757 309697.3 113.8400982694 34.0842809676 3776716.686147 762166.8476236998 56.9454089347 0.2468760327 0.3491930305 293.7249234247 -12.1967526022 5.3585372355 -0.0314160874
11758 309697.38 113.8400876867 34.084284851 3776717.08995 762165.8584629 56.9448334714 0.3111512484 0.3009541348 293.888864604 -12.229161124 5.4154460684 0.0119291671
11759 309697.46 113.8400770829 34.0842887745 3776717.498144 762164.8672248 56.9452402536 0.4008944871 0.223109224 294.068033006 -12.2464724256 5.4618200662 0.0189943951
11760 309697.54 113.8400664584 34.0842927363 3776717.9105339986 762163.873963 56.948553225 0.4481499994 0.1944246952 294.269084136 -12.2750830514 5.5238223648 0.0482949457
11761 309697.59 113.8400598094 34.0842952371 3776718.171002 762163.2522999 56.9516157769 0.3990912251 0.1858204936 294.3900480897 -12.2834623138 5.5698155541 0.0598779206
11762 309697.67 113.8400491568 34.0842992765 3776718.591936 762162.2561975998 56.9574464718 0.3308333741 0.2266462166 294.5846736707 -12.3106704032 5.6364776972 0.0611639253
11763 309697.75 113.8400384828 34.084303365 3776719.018258998 762161.2579796 56.9602147145 0.373955495 0.2634066165 294.7861670579 -12.3286947734 5.7034974117 0.0112549771
11764 309697.83 113.8400277896 34.0843074998 3776719.449673998 762160.2578413 56.9616182586 0.5925043795 0.2892736852 294.9887517581 -12.3512999714 5.762822947 0.0353904944
11765 309697.91 113.8400170773 34.0843116786 3776719.885927 762159.2557968 56.9651563978 0.6868404372 0.3455286968 295.2016603947 -12.3703291951 5.8326703416 0.0616818092
11766 309697.99 113.8400063539 34.084315905 3776720.3274300015 762158.2525894 56.9732540902 0.8037268551 0.3645353841 295.4196558492 -12.3852841843 5.8834901103 0.1324483314
11767 309698.07 113.8399956167 34.0843201732 3776720.773539 762157.2479798 56.9849934224 0.7034069895 0.3801007874 295.6629172149 -12.3959236237 5.9582672194 0.1596896812
11768 309698.15 113.8399848719 34.0843244896 3776721.224973 762156.2425149998 56.9977872241 0.552553757 0.3890644175 295.9133633628 -12.4151202936 6.0233415113 0.1447864254
11769 309698.23 113.8399741155 34.0843288578 3776721.682129 762155.2358205 57.0075759543 0.434825563 0.3955391705 296.1680749966 -12.4186126725 6.1068969696 0.0964680664
11770 309698.25 113.8399714244 34.0843299594 3776721.797481 762154.9839321 57.0092422012 0.3869657963 0.3812583925 296.2286372411 -12.4264272864 6.1266660643 0.0713762251
11771 309698.33 113.8399606515 34.0843343973 3776722.26233 762153.9754962 57.0126758767 0.4581180611 0.3519498073 296.4786798738 -12.4467744678 6.1931407047 0.0192196367
11772 309698.41 113.8399498653 34.0843388886 3776722.733069 762152.9656731 57.0148074171 0.4869210432 0.2903881809 296.7260020219 -12.4539089438 6.2720095123 0.0228800531
11773 309698.49 113.8399390684 34.0843434307 3776723.2094230014 762151.9546995999 57.0186554007 0.4906145138 0.2505642694 296.9794159244 -12.4720494996 6.3401654412 0.0672189017
11774 309698.57 113.8399282615 34.0843480249 3776723.691525 762150.9426497 57.0255100848 0.3678096573 0.1565515225 297.2438410035 -12.4786462947 6.4118802931 0.0882764722
11775 309698.65 113.8399174421 34.0843526709 3776724.179354 762149.929281 57.0318556465 0.2695046934 0.0424860644 297.5134105596 -12.5004246791 6.4801784942 0.0674025594
11776 309698.73 113.8399066162 34.0843573749 3776724.673594998 762148.9151337 57.0353012942 0.204625118 0.0580981587 297.7759047205 -12.4904232973 6.5769109323 0.0322591674
11777 309698.81 113.8398957895 34.0843621451 3776725.175192 762147.900704 57.036079525 0.1873740849 0.1092167814 298.0134942514 -12.5108216416 6.6605625946 -0.031561882
11778 309698.87 113.8398876631 34.0843657614 3776725.5556480014 762147.1391855 57.0328913452 0.4230893464 0.0775314697 298.1698787046 -12.4962788172 6.706881911 -0.0323147423
11779 309698.95 113.8398768225 34.0843706326 3776726.068408998 762146.1231625 57.0320142852 0.5526919541 0.234171435 298.3590195664 -12.5161216978 6.7832804269 0.039282555
11780 309699.03 113.8398659728 34.0843755472 3776726.585973 762145.1061675998 57.0383809926 0.5104739772 0.3690936852 298.5468972735 -12.5318008579 6.8517976524 0.1469402393
11781 309699.1 113.8398564707 34.0843798815 3776727.042583 762144.2153996 57.0473029055 0.2762400203 0.375132407 298.7001640489 -12.5458809934 6.8851359657 0.1044436868
11782 309699.17 113.8398469515 34.0843842413 3776727.501984 762143.3229714001 57.0533900447 0.4337647882 0.3735046642 298.8612365613 -12.5592159623 6.9343343791 0.0286317503
11783 309699.24 113.8398374231 34.0843886403 3776727.965718 762142.4295676 57.0565087702 0.449309107 0.4058061056 299.0102792438 -12.5763239471 7.004131922 0.0392327677
11784 309699.31 113.8398278835 34.0843930675 3776728.432542 762141.5350549 57.057659978 0.5840389768 0.4086513061 299.1804396822 -12.5870717386 7.0434104763 0.0066892666
11785 309699.38 113.8398183368 34.0843975295 3776728.903213 762140.6397715 57.0618701624 0.600071828 0.3492789458 299.3447636386 -12.5951509003 7.1003515236 0.081803514
11786 309699.45 113.8398087799 34.0844020217 3776729.377211 762139.7434497 57.0696176225 0.3113250668 0.3018776802 299.5279070827 -12.6194898396 7.1465277347 0.1087486218
11787 309699.52 113.8397992155 34.0844065445 3776729.854587 762138.8463495 57.0767463483 0.075581647 0.325263713 299.7376217586 -12.6181279583 7.2088095343 0.0392297051
11788 309699.58 113.8397910108 34.0844104566 3776730.267685 762138.0766839002 57.0775262834 -0.0750202163 0.2608626586 299.911419731 -12.6462042408 7.2693947914 -0.0616077385
11789 309699.65 113.8397814289 34.0844150559 3776730.7535 762137.1777229 57.0709878346 0.021980956 0.2234777006 300.1340146963 -12.6458533195 7.3310357704 -0.1682142626
11790 309699.72 113.8397718482 34.0844197057 3776731.2449300014 762136.2787209002 57.0632431488 0.3575940512 0.2615143666 300.3281610997 -12.6400561654 7.4153319148 -0.0866699103
11791 309699.79 113.8397622664 34.0844243992 3776731.741205 762135.3794849 57.0615766672 0.4182616939 0.3561362608 300.5197153081 -12.642996494 7.4818054131 0.0197966985
11792 309699.86 113.8397526871 34.0844291324 3776732.241893 762134.4803563 57.0665396629 0.3650305709 0.3832935915 300.7224588123 -12.6378939159 7.531082419 0.1063818699
11793 309699.93 113.8397431021 34.0844339001 3776732.746395 762133.5805956 57.0753460052 0.1959851473 0.3762119816 300.9487454244 -12.6456121228 7.584278147 0.095457536
11794 309700.0 113.8397335099 34.0844387076 3776733.255285 762132.6800542 57.0788810924 0.1462432556 0.3227681109 301.171905899 -12.6541234434 7.6587621982 0.0099285569
11795 309700.07 113.8397239083 34.0844435547 3776733.768565 762131.7785170998 57.0773079256 0.2059054582 0.2923178551 301.3876305539 -12.6707086554 7.7262142216 -0.0393794041
11796 309700.14 113.8397143076 34.0844484437 3776734.286485 762130.8769309 57.0743729426 0.290827955 0.2505101958 301.5919606511 -12.6581931929 7.7884320084 -0.0433535733
11797 309700.16 113.8397115642 34.0844498475 3776734.4352339986 762130.6192813001 57.0735727679 0.3715746913 0.2585643173 301.6519053893 -12.6619970597 7.801533507 -0.0375274378
11798 309700.23 113.8397019611 34.0844547918 3776734.959284 762129.7173076002 57.0735543314 0.4558978234 0.280653534 301.836478987 -12.6567406396 7.8760398626 0.032936772
11799 309700.3 113.8396923604 34.0844597805 3776735.488274 762128.8154133002 57.0766065437 0.2941323447 0.335324545 301.9867977995 -12.6591323673 7.944242261 0.076698416
11800 309700.37 113.8396827556 34.0844648011 3776736.020787 762127.9130446998 57.0805752203 0.2164326119 0.4176641993 302.1361547143 -12.6659422229 7.9844944919 0.0379748143
11801 309700.44 113.8396731443 34.0844698581 3776736.557323 762127.0099626 57.0832817033 0.1771383503 0.4507729631 302.2672053321 -12.6782715414 8.0471708623 0.0140857193
11802 309700.51 113.8396635215 34.0844749443 3776737.097074 762126.1057298002 57.0830989601 0.2029922744 0.4922088306 302.3890143986 -12.6983417337 8.0886193722 -0.0271304024
11803 309700.58 113.8396538901 34.0844800608 3776737.6401660014 762125.2006095 57.0824560262 0.2036228512 0.5085668926 302.5007740742 -12.704799112 8.1429450545 -0.0070812695
11804 309700.65 113.8396442487 34.0844852031 3776738.186095 762124.2944874002 57.0827207323 0.1855466034 0.495623455 302.6061539825 -12.7240201186 8.1757589159 -0.0012387071
11805 309700.72 113.8396345921 34.0844903704 3776738.734764 762123.3868850998 57.0827485323 0.2249048459 0.4713057231 302.7215786639 -12.7433608735 8.2204271495 -0.0075630815
11806 309700.79 113.8396249229 34.0844955629 3776739.286184 762122.478043 57.0825436423 0.2536552429 0.4241535188 302.8392555138 -12.758199391 8.2534744064 0.0134001623
11807 309700.8 113.839623541 34.0844963064 3776739.365158 762122.3481464002 57.0826027747 0.2350973528 0.4212490913 302.8548257688 -12.757179025 8.2581427173 0.0099801451
11808 309700.87 113.8396138612 34.0845015307 3776739.920079 762121.4382213 57.0839252584 0.2401334423 0.3624958229 302.9696055318 -12.7650475074 8.3103449683 0.032045115
11809 309700.94 113.8396041722 34.0845067842 3776740.478225 762120.5273584 57.0856125709 0.2586368936 0.3340529879 303.0756693636 -12.7850947527 8.3561428965 0.018058971
11810 309701.01 113.8395944759 34.0845120656 3776741.039454 762119.615737 57.0866228016 0.3358139226 0.3656552719 303.1794833257 -12.7867764764 8.4018891136 0.0093991102
11811 309701.08 113.8395847914 34.0845173582 3776741.60195 762118.7051745999 57.0878903652 0.4400591069 0.3590251727 303.2753356629 -12.7948114739 8.4302906219 0.033723054
11812 309701.15 113.8395751156 34.084522662 3776742.165713 762117.7953782 57.0928772706 0.3097729418 0.41482029 303.3716969136 -12.7933146562 8.4733115496 0.0975279409
11813 309701.22 113.8395654371 34.0845279904 3776742.7322019986 762116.8852545 57.0980050834 0.2322937938 0.4616243743 303.4692236772 -12.8040834692 8.5068246306 0.0492974989
11814 309701.29 113.8395557521 34.0845333417 3776743.301215 762115.9744672 57.1006024526 0.1595034839 0.4703579819 303.5679304483 -12.8061582437 8.5444533796 0.0253886517
11815 309701.36 113.8395460625 34.0845387136 3776743.8725 762115.0631854 57.100456561 0.1640341261 0.4638430871 303.6702346343 -12.8162763847 8.5694724364 -0.014860057
11816 309701.43 113.8395363688 34.0845441048 3776744.44592 762114.1514646 57.0998097723 0.1767231428 0.4680952931 303.7798876535 -12.8177882985 8.6103039394 0.0012257221
11817 309701.5 113.8395266738 34.0845495187 3776745.021854 762113.239559 57.0976719549 0.2259449873 0.4554762986 303.884741074 -12.8221272917 8.6415110493 -0.0296792369
11818 309701.56 113.8395183636 34.0845541743 3776745.517186 762112.4578559 57.0968723465 0.2917900159 0.4420715368 303.9762867364 -12.8166387562 8.664292054 0.0076863311
11819 309701.63 113.8395086748 34.0845596262 3776746.09735 762111.5463974 57.0987445014 0.3202871409 0.4557414671 304.0700296574 -12.8058403844 8.697937296 0.0264074563
11820 309701.7 113.8394989859 34.0845650988 3776746.6798230014 762110.6348775 57.1015637796 0.4115172644 0.4715226771 304.1661909982 -12.8048651845 8.7315094098 0.0551793564
11821 309701.77 113.839489303 34.0845705922 3776747.264609 762109.7238398001 57.1061623134 0.3450414916 0.4737480696 304.2519724686 -12.8004729275 8.7627107853 0.0920783328
11822 309701.84 113.8394796212 34.0845760996 3776747.850948 762108.8128638002 57.1115769297 0.2844077097 0.4826421686 304.3461897981 -12.7958694012 8.7850053004 0.084733802
11823 309701.91 113.8394699431 34.084581625 3776748.439303 762107.9021655 57.1160236839 0.1849429313 0.4521512949 304.4364643134 -12.7926309882 8.8152476013 0.0530914174
11824 309701.98 113.8394602651 34.0845871664 3776749.029422 762106.991438 57.117815014 0.1606185681 0.4181234906 304.5303744546 -12.7893225245 8.8346343726 0.0132008404
11825 309702.05 113.839450586 34.0845927266 3776749.621636 762106.0805485 57.1177608324 0.16432367 0.3831144599 304.6250925019 -12.7881271971 8.8622623173 -0.0043729721
11826 309702.12 113.8394408838 34.0845983231 3776750.217823 762105.1674111 57.1175578469 0.1231918821 0.3902157818 304.7348963295 -12.787199823 8.8926355454 -0.0065295596
11827 309702.19 113.839431189 34.0846039396 3776750.816236 762104.2548991998 57.1177042806 0.0827498284 0.3408950573 304.8433233735 -12.7744294979 8.9227693207 0.0022473499
11828 309702.26 113.8394214994 34.0846095745 3776751.4167160015 762103.3428073 57.1176100373 0.0274610798 0.3412545218 304.9613515934 -12.7712371374 8.9532230814 -0.0080907659
11829 309702.3 113.8394159702 34.0846128007 3776751.760556 762102.8222991 57.1169866687 0.0551032219 0.3218548088 305.033497188 -12.750615851 8.9631747921 -0.005301947
11830 309702.37 113.8394063044 34.0846184628 3776752.364101999 762101.9123231998 57.1161631169 -0.0165456789 0.3118198594 305.1594101814 -12.7405068672 8.9936214896 -0.0006758506
11831 309702.44 113.8393966544 34.0846241403 3776752.969414 762101.0037636998 57.1143069994 -0.0279840029 0.2722011936 305.3004681852 -12.7072225602 9.0148752793 -0.0325279579
11832 309702.51 113.839387026 34.0846298336 3776753.576523 762100.0971377 57.1123270309 0.0255885308 0.1757531918 305.4464140197 -12.6842018745 9.04025479 -0.0175374349
11833 309702.58 113.8393774235 34.0846355367 3776754.184786 762099.1928876998 57.1115941526 -0.0345419688 0.1666351701 305.6055111277 -12.6308395942 9.0488387929 -0.0051300451
11834 309702.65 113.8393678486 34.0846412581 3776754.79516 762098.2911144 57.1101580709 0.0148691906 0.10331366 305.7574462841 -12.5999918584 9.0869586505 -0.0095510597
11835 309702.72 113.8393583024 34.0846469934 3776755.407147 762097.3919614 57.1094375914 -0.0016800682 0.0095299091 305.9069292612 -12.5747147625 9.1225244623 0.0436173953
11836 309702.79 113.8393487867 34.0846527395 3776756.020408 762096.495585 57.1083378829 -0.0521264849 0.016146982 306.0541647535 -12.5254652443 9.1241903737 -0.0551853674
11837 309702.86 113.8393393034 34.0846585039 3776756.635778 762095.6021479998 57.1088078218 0.1631178631 0.0732463292 306.2032383577 -12.474755183 9.1557122164 -0.0109928938
11838 309702.89 113.839335248 34.0846609825 3776756.9004379986 762095.2200344 57.1087939199 -0.0019500131 0.1161140979 306.2554919175 -12.4658365706 9.1757114202 -0.0285222214
11839 309702.96 113.8393258117 34.084666773 3776757.518835 762094.3308511998 57.1081514293 0.1860736326 0.1364607376 306.3769533731 -12.4177671235 9.1854801032 0.0141376235
11840 309703.03 113.8393164075 34.0846725731 3776758.138375 762093.4446038 57.1110487822 0.1800087112 0.2182875847 306.494549705 -12.3761139119 9.2092457687 0.0632781589
11841 309703.1 113.839307032 34.0846783749 3776758.75818 762092.5610054 57.1150356028 0.1165907754 0.307108573 306.6210243969 -12.3410248704 9.211327285 0.0520146246
11842 309703.17 113.839297685 34.084684183 3776759.378757 762091.6800221999 57.1176387584 0.2453557418 0.321883453 306.7566711045 -12.3021373984 9.2241117703 0.0312440474
11843 309703.24 113.8392883644 34.0846899978 3776760.00014 762090.8014481999 57.1200517658 0.3379626601 0.3564821394 306.8942410618 -12.2699392459 9.2318266149 0.066145518
11844 309703.31 113.8392790784 34.0846958207 3776760.622511 762089.9260429 57.1246467177 0.364866132 0.4000513525 307.0341091368 -12.2159678639 9.2496338802 0.0914098336
11845 309703.38 113.8392698254 34.0847016547 3776761.246201 762089.0536569002 57.1318081915 0.3202515022 0.3865810518 307.1708474953 -12.1803620706 9.259514066 0.1363954834
11846 309703.45 113.8392606019 34.0847074941 3776761.870567 762088.1839748 57.1407279428 0.117752795 0.3701174958 307.332423277 -12.1436481243 9.2755677116 0.1250298622
11847 309703.52 113.8392514089 34.0847133449 3776762.496286 762087.317076 57.1464575138 -0.0342457505 0.3221039763 307.5052914949 -12.1046171255 9.2921827598 0.0548278672
11848 309703.57 113.8392448606 34.0847175314 3776762.944074 762086.6995117 57.1480995584 -0.0789256434 0.2935965627 307.6461607646 -12.0678708936 9.310670656 -0.0012792893
11849 309703.64 113.8392357245 34.0847234066 3776763.572646 762085.8377949998 57.1470113201 0.0891175342 0.1968949588 307.8444213347 -12.0200568569 9.3384314314 -0.0498478079
11850 309703.71 113.8392266238 34.0847292995 3776764.203262 762084.9792866998 57.1457382003 0.1186674719 0.1582315677 308.0425241524 -11.9759865186 9.3677601281 0.0108941691
11851 309703.78 113.8392175687 34.0847352096 3776764.835904 762084.1249378 57.1469894303 0.0681675452 0.1689184377 308.2312619847 -11.9072806305 9.3925920165 0.0216764404
11852 309703.85 113.839208554 34.0847411385 3776765.47074 762083.2742581 57.1503292276 0.0336723211 0.1944279134 308.4174734603 -11.8605606538 9.4254049235 0.0430033876
11853 309703.92 113.8391995798 34.0847470839 3776766.107517 762082.4272696 57.1516394448 0.0027072069 0.2063931564 308.6006534881 -11.8038950345 9.4493840398 -0.0112693484
11854 309703.99 113.8391906404 34.084753042 3776766.7457800014 762081.5834606999 57.1517064851 0.1186245928 0.1675183459 308.7845424097 -11.762215558 9.4611603403 -0.0008141349
11855 309704.06 113.8391817395 34.0847590073 3776767.384944998 762080.7431742 57.1535700932 0.0364449661 0.1881062922 308.975039546 -11.7035139789 9.4771875068 0.0410480217
11856 309704.13 113.8391728782 34.0847649814 3776768.02519 762079.906523 57.1552013736 0.1297867129 0.1808010812 309.1611927131 -11.647022115 9.4920784579 0.0036287337
11857 309704.15 113.8391703515 34.0847666915 3776768.208495 762079.6679465 57.1558421534 0.1196219883 0.1808363731 309.2123829884 -11.6481563963 9.5092597932 0.0315539324
11858 309704.22 113.8391615452 34.08477268 3776768.8504699985 762078.8363245998 57.1570219137 0.1659950113 0.1893830258 309.3978369943 -11.5718835546 9.5121396562 0.0118478888
11859 309704.29 113.8391527792 34.0847786797 3776769.493802 762078.008394 57.1601121044 0.2656685506 0.2037799234 309.589295993 -11.525254947 9.5302038242 0.0504238269
11860 309704.36 113.8391440603 34.0847846896 3776770.138395 762077.1847803 57.1648872783 0.2036463025 0.2499344548 309.7767776361 -11.4517898986 9.5513778758 0.0898641007
11861 309704.43 113.8391353901 34.08479071 3776770.784264 762076.3656324 57.1708312882 0.113267492 0.244026969 309.9603046047 -11.3979087128 9.5627671356 0.0740804683
11862 309704.5 113.8391267614 34.0847967365 3776771.43092 762075.5502981 57.1756788976 0.0358191478 0.1886555694 310.1501033863 -11.3416058503 9.5774392803 0.0708926594
11863 309704.57 113.8391181753 34.0848027695 3776772.078407 762074.7388792 57.1784326043 -0.0092163506 0.1433795314 310.3419084741 -11.2908245385 9.5816483213 0.0109843108
11864 309704.64 113.8391096314 34.0848088097 3776772.726802 762073.9313363001 57.1797604784 -0.0111528504 0.1208471777 310.5443099829 -11.2260622555 9.5993205206 0.0240531487
11865 309704.71 113.8391011348 34.0848148613 3776773.376592 762073.1281176999 57.1799309347 -0.0520371015 0.0832493545 310.735219423 -11.1642731134 9.6113828742 0.0003075749
11866 309704.73 113.8390987153 34.0848165918 3776773.562426 762072.8993702 57.1801170474 -0.0287192314 0.064569247 310.7924830894 -11.1506274048 9.6189544155 0.011368851
11867 309704.8 113.8390902769 34.0848226572 3776774.213884 762072.1014888 57.1801128658 -0.0987249168 0.0776435339 310.9816430372 -11.089757282 9.642301669 -0.0117368903
11868 309704.87 113.8390818856 34.0848287338 3776774.8667089986 762071.3079224 57.1785083143 0.0320800769 0.0529235785 311.1599787728 -11.0307364715 9.6502078352 -0.0225449432
11869 309704.94 113.839073537 34.0848348195 3776775.520663 762070.5182709 57.177966251 0.0519819587 0.1311564641 311.3491254824 -10.971211284 9.6675274018 0.0055392266
11870 309705.01 113.8390652376 34.0848409156 3776776.175885 762069.7331274 57.1783998767 0.0551845731 0.1485901388 311.532416095 -10.9059752846 9.6784990536 0.0089466016
11871 309705.08 113.8390569808 34.0848470177 3776776.831894 762068.9519034 57.1805373225 0.038830382 0.1700069924 311.7303036002 -10.8529205316 9.6837187202 0.0366736317
11872 309705.15 113.8390487709 34.0848531336 3776777.489547 762068.1749587 57.1824259879 -0.0911143157 0.2397165039 311.9154092639 -10.797263751 9.7154914518 0.0725939676
11873 309705.22 113.8390406048 34.0848592554 3776778.147971 762067.4020461 57.1812310508 -0.1933028327 0.1679525203 312.1014743707 -10.7288652365 9.7063943088 -0.0466975336
11874 309705.29 113.8390324752 34.0848653824 3776778.807053 762066.6324898001 57.1787825637 -0.0542156601 0.0635732333 312.2977594809 -10.6886511971 9.7201705949 -0.0613720389
11875 309705.33 113.839027846 34.0848688854 3776779.183937 762066.1942397 57.1777807008 -0.1333508676 0.0228833399 312.4072035591 -10.6644005972 9.7187605611 -0.0484616431
11876 309705.4 113.839019779 34.0848750185 3776779.843863 762065.4304462 57.1749324938 0.070992668 -0.0199936963 312.6049201772 -10.5967394543 9.7236263024 -0.044687827
11877 309705.47 113.8390117535 34.0848811636 3776780.505228 762064.6704478002 57.1733125662 0.1367418822 -0.0557985952 312.7894856369 -10.5490945296 9.7531282042 0.0082545554
11878 309705.54 113.8390037768 34.0848873161 3776781.167548 762063.9149303002 57.1736509353 0.1874362839 -0.0415885377 312.968677545 -10.4801005091 9.7638342801 0.0563597435
11879 309705.61 113.8389958492 34.0848934804 3776781.8313 762063.1639074 57.1771596204 0.0103725562 0.0334738049 313.1241772612 -10.4201641226 9.7827540456 0.0744413136
11880 309705.69 113.838986843 34.0849005369 3776782.591289 762062.3105438001 57.1803512145 -0.0072455468 0.1362765369 313.2894503783 -10.3632936919 9.8019461845 0.039437433
11881 309705.77 113.8389778862 34.0849076006 3776783.352212 762061.4617101 57.1807627035 -0.0556526844 0.1880992224 313.439563956 -10.3097760687 9.8026689032 -0.015084758
11882 309705.85 113.8389689711 34.0849146628 3776784.113081 762060.6167405 57.1790385442 0.0590086125 0.2480212943 313.6045472742 -10.2585473257 9.7958654826 -0.0550921638
11883 309705.91 113.838962312 34.0849199613 3776784.683995 762059.9855188002 57.177067413 0.1549560895 0.2549369486 313.7311012128 -10.2271920149 9.8066242219 -0.0471459887
11884 309705.99 113.838953472 34.0849270251 3776785.445233 762059.1474794 57.176567358 0.0808105201 0.2641274256 313.9033192184 -10.1728571542 9.7989671797 0.0173444809
11885 309706.07 113.8389446811 34.0849340861 3776786.206277 762058.3139764 57.1790896887 0.0438332544 0.2229651302 314.0805091863 -10.1117595851 9.7997741759 0.0285232093
11886 309706.15 113.838935936 34.0849411474 3776786.967476 762057.4847026 57.1826252658 -0.0829077869 0.2431083371 314.248675785 -10.0608071188 9.8099813926 0.0302044642
11887 309706.23 113.8389272407 34.0849482137 3776787.729364 762056.6600153 57.1814651629 0.0796551186 0.236160052 314.415764177 -9.9953201625 9.8127339554 -0.0489944912
11888 309706.31 113.8389185931 34.0849552846 3776788.491869 762055.8397196998 57.1800769102 0.2559507312 0.2714310204 314.5856426174 -9.944066247 9.8178892335 0.0035651531
11889 309706.39 113.8389099999 34.0849623547 3776789.2544370014 762055.0244492 57.1843836894 0.2079864376 0.3354508172 314.7552015517 -9.8791890104 9.8266617906 0.076613415
11890 309706.47 113.8389014604 34.0849694271 3776790.0174 762054.214125 57.1905902466 0.1396039033 0.3746964389 314.926338221 -9.8179056876 9.8182105645 0.0568467384
11891 309706.55 113.8388929708 34.0849764994 3776790.780469 762053.4084168 57.196429994 -0.0544727075 0.3678307254 315.1054068287 -9.7611985477 9.8185594906 0.0551225752
11892 309706.63 113.8388845239 34.0849835726 3776791.5437550014 762052.6066406 57.1977362456 -0.0180568945 0.3500270668 315.2934273424 -9.7141953292 9.8277290002 -0.0081483554
11893 309706.67 113.8388803193 34.0849871094 3776791.925476 762052.2074984 57.1968417885 0.0680550577 0.3373745022 315.3847983531 -9.6895602425 9.8265714418 -0.0332206524
11894 309706.75 113.8388719495 34.0849941864 3776792.6893730015 762051.4128258 57.195577533 0.1832045682 0.2530781582 315.5693632951 -9.6232115202 9.8286493581 0.032809449
11895 309706.83 113.8388636285 34.0850012619 3776793.4532449986 762050.6226771 57.197231546 0.1625577109 0.2702081906 315.7557936039 -9.5653808798 9.8284647638 0.0415692186
11896 309706.91 113.8388553636 34.0850083429 3776794.2178589986 762049.837681 57.2019954529 0.0978492812 0.3174505152 315.9390450052 -9.4947011461 9.836964024 0.0702523623
11897 309706.99 113.8388471501 34.0850154297 3776794.98325 762049.0574189 57.2055275776 0.0565327964 0.2766883449 316.118689516 -9.4446710467 9.8419748772 0.0349391396
11898 309707.07 113.8388389808 34.0850225159 3776795.748699 762048.2812462 57.206856329 -0.0127262218 0.2904146186 316.3020541046 -9.3832095886 9.8358137576 0.0104097665
11899 309707.15 113.8388308574 34.0850296088 3776796.514998 762047.5092843 57.2071165349 0.0425203223 0.2836903291 316.4749435025 -9.3357824708 9.8438099748 0.0114088052
11900 309707.23 113.8388227842 34.0850366999 3776797.281231 762046.7419591999 57.2070696326 -0.049836049 0.2764374031 316.6511711821 -9.2786061696 9.835352702 0.0181937395
11901 309707.31 113.8388147598 34.08504379 3776798.047474 762045.9791518 57.20648955 0.0369723061 0.2570778114 316.8356832696 -9.2074708014 9.8287624658 -0.0265334882
11902 309707.39 113.8388067821 34.0850508818 3776798.814031 762045.2206422 57.2059253994 -0.0105241555 0.2329038794 317.0128143457 -9.1686952131 9.8451565752 0.0039783787
11903 309707.44 113.8388018212 34.0850553135 3776799.293113 762044.7489077 57.205601695 -0.0097590792 0.2408708518 317.1258893187 -9.1353524675 9.850741298 -0.0020906501
11904 309707.52 113.8387939307 34.085062404 3776800.059753 762043.9984584 57.2056798609 0.0653943579 0.2110400684 317.2877273889 -9.0652180493 9.8326816161 0.0090088525
11905 309707.6 113.8387860852 34.085069496 3776800.826661 762043.2521544001 57.2066341806 -0.1919546607 0.2504724462 317.4529667415 -9.017142589 9.8363506073 -0.0025467591
11906 309707.68 113.8387782901 34.0850765849 3776801.593368 762042.5105207 57.2050953098 -0.0422349944 0.250269377 317.6146383653 -8.9535045424 9.8366978932 -0.0096236079
11907 309707.76 113.838770539 34.0850836759 3776802.3604129986 762041.7729468 57.2003508927 0.0291968296 0.2610450899 317.7800248826 -8.9064177994 9.827880499 -0.085523272
11908 309707.84 113.8387628356 34.0850907612 3776803.126945 762041.0397853 57.1981357783 0.1236335484 0.30346175 317.9405920011 -8.8483719992 9.8306651217 0.0390428558
11909 309707.92 113.8387551848 34.0850978447 3776803.893421 762040.3114980998 57.2002055161 0.0582331464 0.357277485 318.0673081619 -8.7897246439 9.8215840537 0.0233626725
11910 309708.0 113.8387475809 34.0851049236 3776804.659505 762039.5875491 57.2049294021 -0.2346291464 0.4651245094 318.1627784163 -8.742360218 9.8183460953 0.0568870407
11911 309708.08 113.8387400093 34.0851119971 3776805.425065 762038.8665975 57.2033917774 -0.0995991997 0.4445162931 318.2528274952 -8.7117091936 9.7992838065 -0.0696450912
11912 309708.16 113.8387324626 34.085119059 3776806.189416 762038.1479843 57.199425647 -0.006427939 0.4388619558 318.3510968735 -8.6777556533 9.7843352185 -0.0336610562
11913 309708.24 113.8387249505 34.0851261066 3776806.952253 762037.4326089001 57.1967256917 0.062851561 0.4380571917 318.4490170161 -8.6300685608 9.7629188906 -0.0243785728
11914 309708.29 113.8387202736 34.0851305054 3776807.428421 762036.9871898001 57.1974571142 -0.0095114529 0.4427094191 318.5038777938 -8.6081739459 9.7517544622 0.017104171
11915 309708.37 113.8387128202 34.0851375335 3776808.189247 762036.2772966998 57.1990228007 -0.0688132186 0.3977037586 318.5886278068 -8.5641613829 9.73545074 0.0109358197
11916 309708.45 113.8387054003 34.085144552 3776808.949106 762035.5705319 57.2000083951 -0.149335558 0.4085780567 318.6616204528 -8.5313213265 9.7285209818 0.0123776202
11917 309708.53 113.8386980142 34.0851515569 3776809.70753 762034.8669198 57.1975474786 -0.072503303 0.3639786156 318.7243368203 -8.4869518263 9.6953191254 -0.0634038708
11918 309708.61 113.8386906577 34.0851585509 3776810.464826 762034.1660771 57.1953330701 -0.1098523023 0.3841250003 318.7771658272 -8.4621690697 9.6920537174 -0.0251837661
11919 309708.69 113.8386833323 34.0851655291 3776811.2204519985 762033.4681561998 57.1923091812 0.1389172126 0.3828575963 318.8251505114 -8.4237635661 9.6664382266 -0.0450577776
11920 309708.77 113.8386760327 34.0851724956 3776811.97484 762032.7726533002 57.1912462004 0.170187519 0.39315301 318.8678416178 -8.3950263849 9.6468790625 -0.0060400412
11921 309708.85 113.8386687615 34.0851794431 3776812.727194 762032.0798308002 57.193357111 0.2547475553 0.4352927462 318.9145494786 -8.3547734638 9.6254322532 0.064918743
11922 309708.93 113.8386615189 34.0851863775 3776813.478167 762031.3896926999 57.1973799169 0.2614861821 0.4025752918 318.9535994206 -8.3293273066 9.6005336833 0.0351199621
11923 309709.01 113.8386543018 34.0851932928 3776814.22708 762030.7019636999 57.2022168245 0.2141044802 0.4237586149 318.9985906582 -8.2966049483 9.575485131 0.0660336618
11924 309709.09 113.8386471188 34.085200192 3776814.974304 762030.0174375 57.2071178909 0.1041224731 0.4447610633 319.0401104096 -8.2669787602 9.563448876 0.0381993923
11925 309709.17 113.8386399662 34.0852070734 3776815.71963 762029.3357738 57.2107528541 0.1229018417 0.4297795907 319.0782298673 -8.2362489006 9.5384179355 0.0304709509
11926 309709.25 113.8386328355 34.0852139424 3776816.463628 762028.6561666 57.2128456412 0.1273890106 0.4828551646 319.1184111231 -8.2105066948 9.5233636047 -0.0010537792
11927 309709.33 113.838625731 34.0852207991 3776817.206332 762027.9790106999 57.2140686894 0.2229762031 0.5076820198 319.162860666 -8.1788287105 9.5029508282 0.0195057257
11928 309709.41 113.8386186511 34.0852276416 3776817.947523 762027.3041846999 57.2172237635 0.1326156152 0.5115385025 319.2206364977 -8.1501372517 9.4821816801 0.04760416
11929 309709.46 113.838614238 34.0852319122 3776818.410135 762026.8835181998 57.219585171 0.0959120203 0.4991532952 319.2676003194 -8.1340101792 9.4712845604 0.0348992389
11930 309709.55 113.8386063187 34.085239589 3776819.241766 762026.1286073001 57.2236380801 0.0129462901 0.5187653223 319.3764018193 -8.1026487202 9.4658611573 0.0133803077
11931 309709.64 113.8385984361 34.085247258 3776820.072624 762025.3771139 57.2240420394 0.0753354632 0.4869020474 319.5114054247 -8.0597601843 9.4521466332 -0.0023858361
11932 309709.73 113.8385905932 34.0852549203 3776820.902839 762024.629295 57.2238510102 0.1067393292 0.4737897522 319.6615016984 -8.018976617 9.4473366602 -0.0112112392
11933 309709.82 113.8385827996 34.0852625806 3776821.73295 762023.8860436 57.2251866125 0.0906714819 0.4765607068 319.8154261525 -7.9624582913 9.4461744778 0.0196764974
11934 309709.91 113.8385750526 34.0852702369 3776822.562749 762023.1471044002 57.2282367284 -0.0490929109 0.4779669762 319.9710891639 -7.9243390409 9.4369388187 0.0220853863
11935 309710.0 113.8385673503 34.0852778906 3776823.392371 762022.4122944 57.229777514 -0.0328881354 0.4748405166 320.1483893957 -7.8745992924 9.444579551 -0.0046778156
11936 309710.09 113.8385596929 34.0852855477 3776824.222482 762021.6816242 57.2284145085 0.1029562949 0.4192572484 320.3308458139 -7.8240151151 9.4326976227 -0.0265247066
11937 309710.18 113.8385520853 34.0852932085 3776825.053136 762020.9555475998 57.2280797353 0.1237078904 0.3915688368 320.5204248684 -7.7674375935 9.4321198921 0.0003818263
11938 309710.27 113.8385445331 34.0853008701 3776825.884014 762020.2345778 57.2312828489 0.018258933 0.4087099516 320.7273042504 -7.7162011897 9.443255269 0.0387697403
11939 309710.36 113.8385370315 34.0853085322 3776826.7150800014 762019.5182764 57.2334157368 0.0257651999 0.3558103076 320.9530866079 -7.6654244007 9.4419718828 0.0141788525
11940 309710.45 113.8385295861 34.0853161994 3776827.546865 762018.8071547 57.2340036677 0.0668821697 0.3780077822 321.1775886502 -7.6036948215 9.4490135817 0.0042759288
11941 309710.54 113.8385221977 34.0853238727 3776828.379458 762018.101279 57.2337614475 0.1708834364 0.386410434 321.4082474234 -7.5468305636 9.4597924657 -0.0278468394
11942 309710.63 113.8385148641 34.0853315522 3776829.212895 762017.4004425 57.2345690494 0.1854410617 0.3854854189 321.6322236227 -7.4914581332 9.4554031005 0.0003530601
11943 309710.72 113.8385075858 34.0853392367 3776830.047016 762016.7046916998 57.2388733057 0.0237610902 0.5060019785 321.818398663 -7.4284915486 9.4734393342 0.0444558954
11944 309710.78 113.8385027675 34.0853443656 3776830.603846 762016.2439707 57.2419493804 -0.0197318652 0.5830967966 321.8955419817 -7.392966809 9.4782666297 0.012952968
11945 309710.87 113.8384955658 34.0853520634 3776831.4396379986 762015.5552542 57.2421021806 0.0219020586 0.6069801564 321.9997970595 -7.3746624336 9.4823506645 -0.0370564412
11946 309710.96 113.8384883838 34.0853597534 3776832.274631 762014.868382 57.2402229374 0.1336841451 0.6521551942 322.1235925648 -7.3509702945 9.465268854 -0.0129654037
11947 309711.05 113.8384812313 34.0853674387 3776833.1091620014 762014.1842525 57.2424745224 0.0833435105 0.6022858609 322.2456233131 -7.3232328284 9.4722407026 0.0533496016
11948 309711.14 113.8384741058 34.085375121 3776833.943444 762013.5026158001 57.2457333468 0.0635255416 0.583680718 322.3809215969 -7.2907968444 9.4677949429 0.0459191634
11949 309711.23 113.838467014 34.0853828069 3776834.778196 762012.824088 57.2475741245 0.0347619762 0.547976969 322.5092003939 -7.2597861087 9.47377271 -0.0130063356
11950 309711.32 113.8384599524 34.0853904978 3776835.613587002 762012.1483316 57.2474757843 0.1026020948 0.5104851115 322.6353114758 -7.2259497041 9.4728612694 -0.0031048941
11951 309711.41 113.8384529205 34.0853981895 3776836.449146 762011.4753146 57.2472724393 0.1333756951 0.5651567416 322.7604660436 -7.190622854 9.4804969823 -0.0026878273
11952 309711.5 113.838445927 34.085405888 3776837.285558 762010.805817 57.2486342508 0.1703366454 0.546459239 322.8747745624 -7.1543094539 9.4830730143 0.0142861309
11953 309711.59 113.8384389575 34.0854135841 3776838.121769 762010.1385542 57.2504643677 0.2007983755 0.5784778406 323.0020408106 -7.1297402529 9.4843525787 0.0301495684
11954 309711.68 113.8384320209 34.0854212843 3776838.958515 762009.4743055 57.2534295805 0.2298788329 0.5896210546 323.1225243053 -7.0955315041 9.485867746 0.0268473149
11955 309711.71 113.8384297137 34.0854238509 3776839.237432 762009.2533563002 57.2546802908 0.1789482967 0.6126770974 323.1649754441 -7.0937025855 9.4851350201 0.0383991237
11956 309711.8 113.8384228139 34.0854315519 3776840.07436 762008.5925125999 57.2582500242 0.0962026544 0.6294548428 323.2928239996 -7.0572253031 9.493756564 0.0477280914
11957 309711.89 113.8384159433 34.0854392543 3776840.9115160014 762007.9343550998 57.2615098776 -0.035733833 0.6194030687 323.4226132505 -7.0336138204 9.4865955186 0.0136444528
11958 309711.98 113.8384090995 34.0854469599 3776841.7491 762007.278663 57.2621478317 -0.044373595 0.6364702661 323.5601015805 -6.9982488891 9.4952947707 -0.011969246
11959 309712.07 113.838402283 34.0854546755 3776842.587866 762006.6254596 57.258843869 0.1934153668 0.6087554117 323.702416317 -6.976142609 9.5136813449 -0.0441811918
11960 309712.16 113.8383954911 34.0854623952 3776843.4271410014 762005.9745157 57.2570830304 0.447791276 0.6074816768 323.8506114662 -6.9347590445 9.5073533444 0.0152458088
11961 309712.25 113.8383887374 34.0854701161 3776844.2666589986 762005.3270972 57.2640861329 0.3830418174 0.5842470845 324.0020728905 -6.9037178342 9.509018947 0.1241522751
11962 309712.34 113.8383820174 34.0854778374 3776845.106305 762004.6827936 57.2756264973 0.1463493168 0.5746148471 324.1611015264 -6.8654012928 9.514184396 0.1257793997
11963 309712.43 113.83837533 34.0854855672 3776845.9469760014 762004.0414667 57.2827608958 -0.1105684473 0.5290388154 324.3177770054 -6.8367232386 9.5240644529 0.0370094204
11964 309712.52 113.8383686721 34.0854933046 3776846.788568 762003.4028408001 57.2840252351 -0.2867595176 0.4640433275 324.476635503 -6.8066509269 9.5307483557 -0.0535286725
11965 309712.61 113.8383620404 34.0855010518 3776847.631307 762002.7666100998 57.2783104722 -0.2419186636 0.3765149601 324.6392405087 -6.7788708772 9.5467424887 -0.109449852
11966 309712.63 113.8383605706 34.0855027733 3776847.818582 762002.6255856998 57.2764924243 -0.182831244 0.3579583329 324.6784051946 -6.770442415 9.5385027139 -0.1027215566
11967 309712.72 113.8383539789 34.08551053 3776848.662486 762001.9930172 57.269451756 -0.0786000078 0.395868645 324.8454326394 -6.7352517585 9.5713964306 -0.0867186939
11968 309712.81 113.8383474273 34.0855182961 3776849.507535 762001.3641233002 57.2666883133 -0.0090896149 0.3508209256 325.006167953 -6.6974977811 9.5577517857 -0.0221822789
11969 309712.9 113.8383409071 34.0855260695 3776850.353472 762000.7381048 57.2670220537 -0.0313077081 0.3794512097 325.1719323865 -6.6599998818 9.5915035404 0.0027518158
11970 309712.99 113.8383344269 34.0855338495 3776851.200244 762000.1157551998 57.2694352576 0.1339317634 0.3621735234 325.3399150724 -6.6185145523 9.5959302741 0.0221309638
11971 309713.08 113.8383279688 34.0855416363 3776852.047826 761999.4954325 57.2688202439 0.2761086098 0.2627125115 325.5142037258 -6.6080163154 9.596118548 -0.0159012767
11972 309713.17 113.8383215488 34.0855494244 3776852.895652 761998.8786153 57.2712108614 0.3177048404 0.4275334912 325.7120104173 -6.5438740989 9.6153857265 0.0428874329
11973 309713.26 113.8383151763 34.0855572253 3776853.745026 761998.2661488 57.2756029796 0.4779948158 0.4426644042 325.9006492666 -6.5038229396 9.6212008433 0.0085571976
11974 309713.35 113.8383088453 34.0855650362 3776854.5956129986 761997.6574864 57.2810792318 0.4212885771 0.4584466732 326.0875675434 -6.4650754153 9.622519825 0.0569749035
11975 309713.36 113.838308145 34.0855659044 3776854.690169 761997.5901484998 57.28149735 0.4301620547 0.4695529573 326.1097945771 -6.4539973595 9.6238600138 0.0432144286
11976 309713.45 113.8383018607 34.0855737224 3776855.541654 761996.9857715998 57.2913123444 0.2906462965 0.5019997916 326.2923468059 -6.4177869789 9.6403750781 0.1138269136
11977 309713.54 113.8382956067 34.0855815492 3776856.3942019986 761996.3841697 57.3003316866 0.0438553056 0.4955439326 326.508253868 -6.386970283 9.6539466451 0.0628978712
11978 309713.63 113.8382893794 34.0855893918 3776857.248579 761995.7849814 57.302493725 -0.0878184801 0.4148244904 326.7308331904 -6.3605217304 9.6684565634 0.0108644203
11979 309713.72 113.8382831873 34.0855972491 3776858.104665 761995.1890051998 57.3006749731 -0.1358976177 0.3450401897 326.9538628236 -6.3192256482 9.6902495153 -0.0470466569
11980 309713.81 113.8382770342 34.0856051297 3776858.963447 761994.5965556 57.2961973939 0.0020830817 0.3178300577 327.1714278041 -6.2808574872 9.7178518051 -0.0488776862
11981 309713.9 113.8382709218 34.0856130272 3776859.8242 761994.0078050002 57.2911593244 0.2723818649 0.3213310563 327.3963980379 -6.2393472644 9.7412071632 -0.0590590965
11982 309713.99 113.8382648488 34.0856209462 3776860.687441 761993.4226334002 57.2912572622 0.3752877814 0.3458850006 327.6141772821 -6.1968338833 9.7591490703 0.0348713106
11983 309714.08 113.8382588137 34.0856288851 3776861.552994 761992.8408928 57.29898345 0.2405557421 0.3771659439 327.8063380476 -6.169337905 9.8034349958 0.099572212
11984 309714.09 113.8382581453 34.0856297691 3776861.649383 761992.7764493 57.2999691265 0.2325487959 0.3721718738 327.8245125387 -6.163291979 9.804843351 0.0966072638
11985 309714.18 113.8382521425 34.0856377395 3776862.518516 761992.1976049 57.3063832335 0.160725642 0.360620572 327.9764199705 -6.1430486408 9.8307666355 0.0199350845
11986 309714.27 113.8382461506 34.0856457345 3776863.390403 761991.6196856998 57.3062115051 0.286915931 0.3564282921 328.1263938543 -6.1347270687 9.8578566362 -0.0511591993
11987 309714.36 113.8382401713 34.0856537591 3776864.265604 761991.0428383 57.304605511 0.5051666217 0.3238634128 328.2762496452 -6.1158500431 9.9024007702 -0.0092342341
11988 309714.45 113.8382342081 34.0856618048 3776865.14319 761990.4674140002 57.309574415 0.5195122901 0.3284362006 328.4245090411 -6.1027560208 9.9230805813 0.1122758259
11989 309714.54 113.8382282629 34.0856698771 3776866.02377 761989.8935636 57.3208022742 0.3033459463 0.3379164554 328.570074373 -6.0806204508 9.9592717714 0.1086214722
11990 309714.63 113.83822233 34.0856779806 3776866.907851 761989.3207609998 57.3271745043 0.236128229 0.3481603574 328.7073245509 -6.0739999462 10.001263151 0.0488607073
11991 309714.72 113.8382164098 34.085686112 3776867.795066002 761988.7490353001 57.3286849642 0.3554975274 0.3822513756 328.8505510318 -6.058176758 10.0390371646 0.0106095152
11992 309714.81 113.8382105048 34.0856942731 3776868.685609 761988.1786313001 57.3295129538 0.4006114439 0.4399476785 328.9846903841 -6.0466760457 10.0668743045 0.0062173626
11993 309714.9 113.8382046131 34.0857024598 3776869.579027 761987.6093715 57.3337784866 0.4247031502 0.5491321154 329.1384291678 -6.0275811174 10.1085376965 0.0580425204
11994 309714.92 113.8382033071 34.085704283 3776869.778007 761987.4831576998 57.3349095667 0.4476384471 0.5448813962 329.169234928 -6.0194266451 10.1113032781 0.0546074258
11995 309715.01 113.8381974372 34.0857125036 3776870.675244998 761986.9158144 57.341513874 0.3906933934 0.5644102954 329.3115741811 -6.0095172109 10.13951915 0.0874413229
11996 309715.1 113.83819158 34.085720752 3776871.575599 761986.3495460999 57.3481286028 0.3115307984 0.5963595152 329.4580647836 -5.9995674018 10.1808133117 0.0521314864
11997 309715.19 113.8381857397 34.0857290312 3776872.479408 761985.784749 57.3528863331 0.2623721055 0.6090501694 329.6006624982 -5.9845286201 10.2150276031 0.0338519074
11998 309715.28 113.8381799079 34.0857373369 3776873.386195 761985.220659 57.3555050604 0.261283582 0.5658556745 329.7534508511 -5.9746508506 10.2436238684 0.0228068123
11999 309715.37 113.8381740903 34.085745672 3776874.296262 761984.657782 57.3586259438 0.24005694 0.5847747981 329.8927365609 -5.9560393041 10.284558854 0.0319107494
12000 309715.46 113.8381682886 34.0857540365 3776875.209644 761984.0962944 57.360710944 0.3170407296 0.5509138165 330.0164546796 -5.9432143876 10.3220486528 0.028820313
12001 309715.55 113.8381624961 34.0857624292 3776876.126183 761983.5355593 57.3637234298 0.2942261857 0.5865173684 330.1216306517 -5.9377850906 10.3542731082 0.0374590324
12002 309715.64 113.8381567119 34.0857708484 3776877.045685 761982.9755079 57.3688980136 0.1797995093 0.6146261373 330.2247195859 -5.927383406 10.3919954628 0.0675482799
12003 309715.73 113.8381509297 34.085779297 3776877.9684480014 761982.415552 57.3726331359 0.0839152122 0.5881523839 330.3183663986 -5.9352398528 10.4189123218 0.0120547252
12004 309715.82 113.8381451447 34.0857877737 3776878.8943199986 761981.8552599 57.3711517928 0.1567999476 0.5966320668 330.4188755422 -5.924802664 10.4590487023 -0.0471170039
12005 309715.91 113.8381393653 34.0857962837 3776879.8239 761981.295376 57.3686366407 0.2599998894 0.5719089582 330.502079551 -5.9320809119 10.495101553 -0.0345809682
12006 309716.0 113.8381335865 34.0858048187 3776880.756264 761980.7354666998 57.3700563544 0.3557962325 0.5942681419 330.6028128034 -5.9229452755 10.5327694421 0.0521606646
12007 309716.09 113.8381278143 34.085813384 3776881.692007 761980.1760743 57.3751961198 0.2878617812 0.583073025 330.7016334669 -5.9221185926 10.5625356087 0.0533864712
12008 309716.18 113.8381220459 34.0858219801 3776882.631173 761979.6169433 57.3817532752 0.1415831821 0.6060687213 330.8038918626 -5.9159613568 10.6115868028 0.0491675611
12009 309716.27 113.8381162789 34.0858306104 3776883.574144 761979.0578363001 57.3841417693 0.169302807 0.6067419035 330.909499622 -5.9168021543 10.6542531093 0.0133268513
12010 309716.36 113.8381105151 34.0858392734 3776884.520747 761978.4989162 57.3838637201 0.2121632422 0.5912494441 331.0075983188 -5.91254626 10.692759418 -0.0085656411
12011 309716.45 113.8381047543 34.0858479704 3776885.4711379986 761977.9401761999 57.3845713101 0.1586897528 0.6168199312 331.1056540544 -5.9066947613 10.7342866629 0.0225588057
12012 309716.54 113.838098997 34.0858566992 3776886.425056 761977.3816555 57.387034703 0.1206276324 0.6201769421 331.2150237338 -5.9044880596 10.7782174759 0.0237235716
12013 309716.63 113.8380932391 34.0858654612 3776887.382667 761976.822984 57.3874726193 0.1720214431 0.5600771242 331.3429482944 -5.9082058511 10.8070315153 -0.0117486768
12014 309716.72 113.8380874823 34.0858742561 3776888.343928 761976.2643064 57.3872893872 0.2376708793 0.5198626298 331.4856342912 -5.9009001233 10.8571854567 -0.0107740595
12015 309716.77 113.8380842896 34.0858791569 3776888.879612 761975.9544001998 57.3879966224 0.2675766863 0.4761568192 331.5699386178 -5.8914754206 10.8781463179 0.0223913492
12016 309716.86 113.8380785503 34.0858880047 3776889.84679 761975.3971716998 57.3913507303 0.2544653648 0.4065296924 331.7192137232 -5.8816038671 10.9183595244 0.0718912674
12017 309716.95 113.838072826 34.0858968883 3776890.81798 761974.8412239002 57.396571775 0.1025592204 0.3583694309 331.8714829249 -5.862002176 10.9700230513 0.0339214862
12018 309717.04 113.8380671139 34.0859058104 3776891.793468 761974.2862880002 57.3979325788 0.1400200389 0.3332226036 332.0164057335 -5.8522065642 11.0142699852 0.0050428482
12019 309717.12 113.8380620463 34.0859137713 3776892.663942 761973.7938168 57.395950037 0.2779851581 0.310518347 332.1440306141 -5.8395199269 11.0510368729 -0.0539143194
12020 309717.2 113.8380569868 34.0859217606 3776893.537587 761973.3020149 57.3956845133 0.3432174962 0.3061184672 332.2715214623 -5.8311496593 11.0963329082 0.0268027756
12021 309717.28 113.8380519388 34.0859297719 3776894.413707 761972.8112029 57.4000928225 0.3139011578 0.2818464379 332.4021027097 -5.8187908512 11.1228307659 0.0889493941
12022 309717.36 113.8380469021 34.0859378103 3776895.292857 761972.3213495 57.4067183072 0.1621097506 0.2928239318 332.5377894936 -5.8056040485 11.1611729637 0.0662123704
12023 309717.44 113.8380418764 34.0859458788 3776896.175387 761971.8324263 57.409630646 0.1548056779 0.2484253056 332.6716275539 -5.7894455388 11.2021278781 0.0105468193
12024 309717.52 113.8380368601 34.0859539766 3776897.06119 761971.3442782 57.4087302955 0.2212438758 0.2047848668 332.7987645389 -5.7809101906 11.2413023802 -0.0210998724
12025 309717.58 113.8380331063 34.0859600667 3776897.727417 761970.9788844 57.4084153371 0.2281002114 0.2587676599 332.8970697775 -5.766775181 11.2698077597 0.0100526988
12026 309717.66 113.8380281197 34.0859682139 3776898.618772 761970.4933273002 57.4109118236 0.1975761064 0.3070327438 333.0273454029 -5.7425059362 11.3208127095 0.0341466312
12027 309717.74 113.8380231441 34.0859763881 3776899.513151 761970.0086985 57.4129103636 0.1746211069 0.2985200725 333.1605926844 -5.7359846587 11.3476852426 0.0171456574
12028 309717.82 113.8380181814 34.0859845903 3776900.410673 761969.5251777 57.4149879739 0.0386142945 0.3433091453 333.300298754 -5.7141873916 11.391574136 0.00606616
12029 309717.9 113.8380132325 34.0859928209 3776901.311381 761969.0428417 57.4157635355 -0.0056349568 0.3668344038 333.440941317 -5.7014444342 11.4309058421 -0.0085979816
12030 309717.98 113.8380082943 34.0860010799 3776902.215269998 761968.5614074002 57.4139371859 0.0589576157 0.3331644975 333.5989884396 -5.6895574879 11.4727275962 -0.0441347444
12031 309718.06 113.8380033703 34.0860093666 3776903.12227 761968.0811925002 57.4103146894 0.2233323615 0.3453491369 333.7642986006 -5.6703112922 11.5087124383 -0.0450637851
12032 309718.14 113.8379984696 34.0860176792 3776904.032206 761967.6030564 57.4101896044 0.2871887719 0.3289090675 333.9290208257 -5.6447379357 11.5454871035 0.0207961653
12033 309718.22 113.8379935876 34.0860260193 3776904.945238 761967.1265656998 57.4125974262 0.3369227804 0.2862927875 334.0999930783 -5.6262165415 11.5815201743 0.0319120631
12034 309718.3 113.8379887251 34.0860343857 3776905.861242 761966.6517872 57.4176383363 0.2735373775 0.3252423882 334.2802753921 -5.5986960087 11.6210286611 0.069345635
12035 309718.35 113.8379856986 34.0860396319 3776906.435682 761966.3561587 57.4202638613 0.2836177407 0.3328437358 334.4000155747 -5.5780678631 11.6528331073 0.0626030357
12036 309718.43 113.8379808766 34.0860480502 3776907.357548 761965.8849571998 57.4233502504 0.2550412978 0.3007205357 334.5838762964 -5.5532136294 11.6895960281 0.0436378182
12037 309718.51 113.837976075 34.0860564965 3776908.282572 761965.415557 57.4277818697 0.094214843 0.3426226156 334.777549742 -5.522859472 11.7380212674 0.0596467876
12038 309718.59 113.8379713025 34.0860649794 3776909.211736 761964.948732 57.4285746571 -0.0522589099 0.349880435 334.9564388571 -5.4991894388 11.7836693965 -0.014556886
12039 309718.67 113.8379665483 34.0860734915 3776910.144186 761964.4835127 57.4259697692 0.0133061161 0.3069981055 335.1555272882 -5.4773553517 11.8240866571 -0.0422347842
12040 309718.75 113.8379618171 34.0860820355 3776911.080236 761964.0203136 57.4214318218 0.1274392013 0.2896840929 335.3508502879 -5.4514221295 11.8670100541 -0.0596130317
12041 309718.83 113.8379571095 34.0860906086 3776912.019569 761963.5591951 57.4182677316 0.2956452417 0.2819470662 335.5590086362 -5.4168631829 11.903697993 -0.0188854328
12042 309718.91 113.8379524329 34.0860992106 3776912.962199 761963.1008635998 57.4194927411 0.4531218603 0.2253685379 335.7668144905 -5.3836028702 11.9438739158 0.0518501433
12043 309718.99 113.8379477835 34.0861078335 3776913.907217 761962.6449760002 57.4271734105 0.425372602 0.1660534165 335.9917464851 -5.3559713024 11.9763830199 0.1141257847
12044 309719.06 113.837943743 34.0861154011 3776914.736677 761962.2485565 57.4352577217 0.3206865295 0.1489632674 336.1789117169 -5.3101904218 12.013519781 0.1057664802
12045 309719.14 113.8379391569 34.0861240728 3776915.687265 761961.798363 57.4430557992 0.2189203838 0.1276045711 336.3806334699 -5.2716632638 12.0517619505 0.0853470102
12046 309719.22 113.8379346017 34.0861327777 3776916.641629 761961.3509203 57.446832885 0.1869875945 0.1372124591 336.5811962673 -5.2338191049 12.1063492284 0.0160970403
12047 309719.3 113.8379300763 34.0861415137 3776917.59951 761960.9061311 57.4465331742 0.1994066997 0.1739815938 336.7804487208 -5.2087267601 12.1395249228 -0.0087529242
12048 309719.38 113.8379255827 34.0861502819 3776918.561046 761960.4641789 57.4465460833 0.1776269797 0.2368422844 336.9819510032 -5.163623321 12.1928247792 -0.0065933559
12049 309719.46 113.8379211167 34.0861590782 3776919.525772 761960.0246915 57.447947057 0.1516097099 0.2307665634 337.1799450715 -5.1426074148 12.2277876257 0.0220976194
12050 309719.54 113.837916673 34.0861679005 3776920.493445 761959.5871757 57.4509936171 0.1601838391 0.2518259727 337.3880372694 -5.105783334 12.2686181596 0.0241444507
12051 309719.62 113.8379122614 34.086176756 3776921.464886 761959.1525314 57.4529248793 0.077350148 0.2575949096 337.5706093535 -5.0734915992 12.308779475 0.0097933366
12052 309719.7 113.8379078725 34.0861856373 3776922.4392449986 761958.7198951 57.4540991904 0.0484570209 0.2223933175 337.7532952891 -5.0470779433 12.3431063386 0.0120097486
12053 309719.72 113.8379067793 34.0861878622 3776922.683354 761958.6120921 57.4540886963 0.0672981741 0.2240221885 337.7951659839 -5.0398502724 12.3540690638 -0.0038123282
12054 309719.8 113.8379024238 34.0861967812 3776923.661983 761958.1824294 57.4534105891 0.0980077516 0.2063692545 337.9664583396 -5.0105921608 12.3962127977 -0.0321481346
12055 309719.88 113.8378980906 34.0862057263 3776924.6435629986 761957.7547436 57.4514075546 0.2342064315 0.2086792513 338.1593782912 -4.9852384969 12.4305006725 -0.0220660443
12056 309719.96 113.8378937913 34.0862146999 3776925.628394 761957.3301041998 57.4516587015 0.3395727981 0.2766684985 338.3482158647 -4.9411394345 12.4744989947 0.0004151741
12057 309720.04 113.837889522 34.0862236991 3776926.616148 761956.9081491 57.4554388635 0.4131744184 0.2691762206 338.5397837051 -4.9070404086 12.5011337742 0.0911440189
12058 309720.12 113.8378852858 34.0862327197 3776927.606358 761956.4891882 57.4618822252 0.3381307969 0.3076238824 338.7212257529 -4.8740908461 12.5358892431 0.0937348051
12059 309720.2 113.8378810761 34.0862417657 3776928.599455 761956.0725944998 57.4690620601 0.2792559438 0.3083412735 338.9039705538 -4.8426053753 12.5711741762 0.0997440641
12060 309720.28 113.837876894 34.0862508412 3776929.595901 761955.6584598002 57.4733783882 0.1834660745 0.2974772301 339.0822932259 -4.8159150385 12.6094744194 0.059592532
12061 309720.36 113.8378727325 34.0862599411 3776930.5951 761955.2461481999 57.4748340966 0.2031792997 0.2529233501 339.2743123202 -4.788892334 12.6515617609 0.0268865083
12062 309720.37 113.8378722142 34.0862610808 3776930.720251 761955.1947795 57.4748628726 0.1615649464 0.2457725224 339.2967212797 -4.7833984785 12.6573869624 0.01405364
12063 309720.45 113.837868086 34.0862702103 3776931.722817 761954.7854539 57.475697455 0.2426855636 0.2105768969 339.4714975326 -4.7531187462 12.6901879334 0.0412054736
12064 309720.53 113.8378639846 34.0862793645 3776932.728207 761954.3785264 57.4769528592 0.2575032357 0.1783145014 339.6513763414 -4.7115911866 12.7162469035 0.0240141189
12065 309720.61 113.8378599118 34.0862885457 3776933.736653 761953.9741505998 57.4790068055 0.4005777639 0.1598992007 339.8236417736 -4.6819485771 12.7610804091 0.0652173855
12066 309720.69 113.8378558689 34.0862977482 3776934.7475519986 761953.5724844 57.4826917062 0.5323953026 0.2078174318 339.9971612478 -4.6436948741 12.7850025263 0.0683679806
12067 309720.77 113.8378518619 34.0863069764 3776935.761384 761953.1740396 57.4887235146 0.6293246695 0.2410848488 340.1576741747 -4.6052125351 12.8175328415 0.101799299
12068 309720.85 113.8378478833 34.0863162237 3776936.777411 761952.7781646998 57.4989578035 0.5295164345 0.3787117418 340.317471354 -4.5732264936 12.8520781273 0.1645586967
12069 309720.93 113.83784394 34.0863254942 3776937.79611 761952.3854798998 57.5080535226 0.6454389887 0.5201449478 340.4555741668 -4.5326197201 12.8829233068 0.0977366917
12070 309721.01 113.8378400217 34.0863347888 3776938.817544 761951.9950299 57.5157758864 0.6765836372 0.6066566818 340.5943127213 -4.5089349858 12.9120794708 0.1171645734
12071 309721.02 113.8378395326 34.0863359516 3776938.945333998 761951.9462811998 57.5166146904 0.6720959575 0.6113498103 340.6117110331 -4.5122583931 12.9116428269 0.0987384459
12072 309721.1 113.8378356377 34.0863452586 3776939.9681980014 761951.5579541 57.5275074746 0.4899482115 0.6674968239 340.7603501497 -4.4890367566 12.9333827196 0.2177749008
12073 309721.18 113.837831762 34.0863545806 3776940.99279 761951.1713455998 57.5414148094 -0.0059717488 0.6850472528 340.9098972715 -4.4680211144 12.9577663756 0.1379890076
12074 309721.26 113.8378279036 34.0863639258 3776942.019989 761950.7862721998 57.5441914629 -0.1922721302 0.6162141251 341.0611519871 -4.452857454 12.9913764164 -0.0288914675
12075 309721.34 113.8378240633 34.086373297 3776943.050126 761950.402784 57.5367108639 -0.1182475346 0.5437319013 341.21054854 -4.4245948743 13.0214699887 -0.1271568794
12076 309721.42 113.8378202502 34.0863826861 3776944.082308 761950.0217529 57.5260852799 0.0838484493 0.541467143 341.3419460718 -4.391597158 13.0457526498 -0.1099861991
12077 309721.5 113.837816468 34.0863920936 3776945.116629 761949.6435218998 57.5213220613 0.271183472 0.6436085997 341.4722937381 -4.3478878852 13.0695155531 0.0146978634
12078 309721.58 113.8378127225 34.0864015085 3776946.1518480014 761949.2686569 57.5256334106 0.2201701834 0.7781860076 341.6026167958 -4.3134418812 13.0743579713 0.0778268977
12079 309721.66 113.8378090058 34.0864109292 3776947.1877910006 761948.8964236998 57.5344486199 0.1183181185 0.7885547967 341.7416718095 -4.2840563763 13.0792165904 0.1084537711
12080 309721.73 113.837805771 34.0864191734 3776948.094407 761948.5723266 57.5388510516 0.0217572977 0.8056671659 341.8611930162 -4.2670814431 13.07712142 0.0520675485
12081 309721.81 113.8378020976 34.0864285966 3776949.130743 761948.2040856 57.5405947482 0.0652671306 0.848844889 342.0071645521 -4.2347967339 13.0821903658 -0.0100358025
12082 309721.89 113.8377984509 34.0864380199 3776950.16716 761947.8383153002 57.5371456854 0.0876135028 0.7842527528 342.1304863886 -4.2035048781 13.0720827487 -0.0674224803
12083 309721.97 113.837794831 34.0864474375 3776951.203006 761947.4750436 57.5356059866 0.2798869453 0.810098052 342.2555182097 -4.1683081765 13.0726776262 0.0134280911
12084 309722.05 113.8377912473 34.0864568496 3776952.238338 761947.1151215 57.5378820039 0.273587018 0.8257224095 342.3691592382 -4.1221773188 13.0542795428 0.0656155087
12085 309722.13 113.8377876857 34.0864662593 3776953.273461 761946.7572476 57.5440428276 0.1221012768 0.8274738427 342.4885802053 -4.0971837376 13.0465310963 0.0801466315
12086 309722.21 113.8377841529 34.0864756591 3776954.307559 761946.402068 57.5500670215 0.0292167373 0.8734489867 342.6102854048 -4.0563572478 13.0355909189 0.0649335739
12087 309722.29 113.8377806504 34.0864850517 3776955.340930002 761946.0497080998 57.5524641527 0.0375695896 0.8753019925 342.7382385506 -4.0321957225 13.0328637738 0.0045464458
12088 309722.37 113.837777176 34.0864944361 3776956.373477 761945.6999704002 57.5529982904 -0.0167949469 0.8261318536 342.8607085483 -3.9913560649 13.007905419 0.0014372148
12089 309722.45 113.8377737306 34.0865038075 3776957.404644 761945.3529482 57.5539174676 -0.0165809957 0.8076652893 342.9838263745 -3.9612141943 13.0005188985 -0.0107564715
12090 309722.49 113.8377720175 34.0865084916 3776957.920068 761945.1803258002 57.5532587515 -0.0439938848 0.7920236053 343.0453007024 -3.947033614 12.9945426892 -0.041297688
12091 309722.57 113.8377686117 34.0865178526 3776958.950193 761944.8369848002 57.5504667815 0.120094223 0.7120831285 343.1752355145 -3.9154908474 12.9808281054 0.0041020692
12092 309722.65 113.8377652316 34.0865272014 3776959.979023 761944.4960626998 57.5493777981 0.2644851829 0.6609753477 343.3105461485 -3.8805764949 12.9613836638 0.013873266
12093 309722.73 113.8377618889 34.0865365388 3776961.006681 761944.1586322 57.5547862146 0.1915952105 0.6386266626 343.4371176515 -3.8340040398 12.9427620152 0.1093674409
12094 309722.81 113.8377585781 34.0865458663 3776962.0333260014 761943.8241725 57.5607212977 0.222395966 0.6246959678 343.5740818971 -3.7997564883 12.9390139544 0.079205777
12095 309722.89 113.8377553052 34.0865551833 3776963.058894 761943.493247 57.5653366307 0.1980859841 0.6560858188 343.7106656097 -3.7527475872 12.9083966555 0.0573772861
12096 309722.97 113.8377520676 34.0865644888 3776964.083282 761943.1656074 57.5696132015 0.0702347779 0.5923535306 343.844142074 -3.7232131162 12.8976593962 0.0400730742
12097 309723.05 113.837748861 34.0865737774 3776965.105881 761942.8408931999 57.5738065764 -0.0455932578 0.6258303587 343.9776289128 -3.6748749212 12.8745369505 0.0674435753
12098 309723.13 113.8377456831 34.0865830546 3776966.127277 761942.5188588002 57.5731599638 -0.0576029825 0.6462180223 344.1116108922 -3.6493494752 12.8574090986 -0.0762141016
12099 309723.21 113.8377425395 34.086592313 3776967.1466809986 761942.2000507 57.5696656173 0.070880429 0.6328901782 344.2515927623 -3.6003226471 12.8244361924 -0.0117386528
12100 309723.24 113.8377413704 34.0865957789 3776967.528322 761942.08142 57.5680939611 0.1482300429 0.6256225405 344.2997568458 -3.5857067548 12.8136911482 -0.0366412916
12101 309723.32 113.8377382779 34.0866050062 3776968.544404 761941.7674221 57.5691546984 0.1046422948 0.7069645671 344.4306960292 -3.5343795641 12.78189549 0.1130755528
12102 309723.4 113.8377352287 34.0866142028 3776969.557196 761941.4575294 57.5739074815 -0.0071373585 0.7069742954 344.5503294671 -3.4893459078 12.7281003351 0.0645388203
12103 309723.48 113.8377322096 34.086623368 3776970.566575 761941.1504992 57.579156355 -0.0857590264 0.7096071582 344.6873282323 -3.4596152859 12.6918296589 0.0637440659
12104 309723.56 113.8377292266 34.0866324972 3776971.572053 761940.8469256 57.5798260737 -0.0291240804 0.7080085745 344.82681616 -3.4093078734 12.634198121 0.0020476556
12105 309723.64 113.8377262857 34.0866415908 3776972.5736839985 761940.5473409 57.5791099304 -0.0487090703 0.6782216304 344.9586041993 -3.3642757982 12.5839411773 -0.0041332746
12106 309723.72 113.8377233814 34.086650645 3776973.571033 761940.2512580998 57.5791314654 -0.0936230781 0.6521266118 345.0838013796 -3.3229740657 12.5295323857 0.01311645
12107 309723.8 113.8377205193 34.0866596597 3776974.564121 761939.9591923 57.5794464834 -0.07605006 0.6712277736 345.2146663608 -3.2712723385 12.4764743707 0.0062773583
12108 309723.88 113.8377176907 34.0866686376 3776975.553203 761939.6703405 57.5777543988 0.0473791038 0.6171165704 345.3594806241 -3.2361117396 12.4253486331 -0.0143703049
12109 309723.96 113.8377149028 34.0866775745 3776976.537842 761939.3853645 57.5789216114 -0.0295950245 0.6716468471 345.5012836609 -3.1831165213 12.3642598203 0.0630075284
12110 309724.0 113.8377135264 34.0866820294 3776977.028703 761939.2445414 57.5799179012 -0.0065662819 0.6843118069 345.5719179309 -3.1581544262 12.3448593168 0.0486878756
12111 309724.08 113.8377108085 34.0866909099 3776978.007258 761938.9662072 57.5825062776 -0.1290699248 0.7013406623 345.7046686494 -3.1062158292 12.2906975081 0.0366923698
12112 309724.16 113.8377081288 34.0866997513 3776978.981576 761938.6915204 57.5824877731 -0.0905158458 0.6646023888 345.8407795338 -3.0681458356 12.2323128492 0.004219882
12113 309724.24 113.8377054851 34.0867085529 3776979.951563 761938.420283 57.5822477294 -0.1305010637 0.7169602816 345.9924467807 -3.0165553907 12.1760737827 0.0119039182
12114 309724.32 113.8377028835 34.0867173119 3776980.91694 761938.153057 57.5803688327 -0.038060078 0.6725021633 346.157607653 -2.9807107432 12.1140929092 -0.0153168551
12115 309724.41 113.8377000049 34.0867271105 3776981.99697 761937.857053 57.5805694461 -0.0247189655 0.6372213827 346.3600939705 -2.9111045443 12.0407324137 0.0304802035
12116 309724.5 113.8376971906 34.086736843 3776983.069835 761937.5671926999 57.5823481185 -0.1014940896 0.6147793941 346.5596943422 -2.8491501997 11.9486934821 0.0251897912
12117 309724.59 113.8376944407 34.0867465023 3776984.134734 761937.2835051 57.5844058795 -0.1194085017 0.5395625517 346.7538911487 -2.7810304427 11.8535346252 0.026615678
12118 309724.68 113.8376917524 34.0867560797 3776985.190712 761937.0057519 57.583851344 0.0917796445 0.5681246613 346.9255435701 -2.7198822398 11.7585286844 -0.0138740329
12119 309724.77 113.8376891328 34.0867655794 3776986.238235 761936.7345857 57.5835119709 0.2246435725 0.6361107961 347.0627147893 -2.6440809628 11.6557633504 0.0132541212
12120 309724.86 113.8376865716 34.0867749872 3776987.275716 761936.4690904998 57.5909658326 -0.0223605271 0.6167582683 347.1708153389 -2.601515648 11.5371137404 0.1385782352
12121 309724.95 113.8376840542 34.0867843052 3776988.303342 761936.2079256 57.6015824284 -0.4218985687 0.6962652533 347.2873164256 -2.549912011 11.4354475129 0.0615029094
12122 309725.04 113.8376815847 34.0867935296 3776989.320691 761935.9514616 57.6009525703 -0.4342668334 0.6632230499 347.4150011309 -2.5200017655 11.3206610599 -0.0412827928
12123 309725.13 113.8376791532 34.0868026549 3776990.327154 761935.6988201 57.5950895324 -0.3580858143 0.6447552283 347.5481448462 -2.453711273 11.1775966017 -0.0715830314
12124 309725.22 113.8376767834 34.0868116677 3776991.321287 761935.4522151 57.5888030222 -0.1420404071 0.6303581534 347.646466868 -2.3955666344 11.0258273453 -0.0188929657
12125 309725.31 113.8376744699 34.08682056 3776992.302188 761935.2111846998 57.5881912783 -0.1009261545 0.7245737598 347.7539184647 -2.3400785404 10.8778287077 0.0106139933
12126 309725.41 113.8376719645 34.0868302964 3776993.376276002 761934.9498375 57.5886226222 0.0003467078 0.7286916772 347.863793676 -2.2732579255 10.7120608436 0.0427597626
12127 309725.51 113.8376695168 34.0868398675 3776994.432169 761934.6943221998 57.5920041054 0.0292096956 0.752420045 347.9840408616 -2.2198130487 10.5204787361 0.0420213925
12128 309725.61 113.837667138 34.0868492666 3776995.469156 761934.4457016998 57.5956937764 -0.0204758796 0.7310293032 348.0974274355 -2.1547065804 10.3162910763 0.0324974504
12129 309725.71 113.8376648236 34.0868584745 3776996.485082 761934.2036092 57.6015729643 -0.0618735767 0.7096338375 348.2165738634 -2.095559444 10.0997406678 0.0551484472
12130 309725.81 113.8376625878 34.0868674776 3776997.478473 761933.9694172 57.6065485431 -0.089179259 0.6910255371 348.3217396561 -2.0168311861 9.8660517689 0.0628093213
12131 309725.92 113.8376602166 34.0868771231 3776998.54282 761933.7207391 57.6116901189 -0.1196612827 0.6820907655 348.4338174139 -1.9500341123 9.5877259126 0.0519335251
12132 309726.03 113.8376579404 34.0868864866 3776999.57611 761933.4816974 57.6163813025 -0.1520628903 0.7157551072 348.549596449 -1.856705428 9.2891063623 0.0307744064
12133 309726.14 113.837655767 34.086895539 3777000.575142 761933.2531064 57.6192581346 -0.1452484406 0.7063140124 348.6557182372 -1.7842866055 8.9861451374 0.0526279169
12134 309726.26 113.8376534881 34.086905072 3777001.627242 761933.0133014 57.6217900328 -0.1855986606 0.6955398741 348.7880497529 -1.6979855572 8.6591508534 0.0294646555
12135 309726.3 113.8376527576 34.0869081698 3777001.969157 761932.9362943001 57.6226941552 -0.240146643 0.6953256182 348.8272969644 -1.66255295 8.5445431104 0.0340762419
12136 309726.42 113.8376506337 34.0869172215 3777002.968229 761932.7122845 57.6260405974 -0.4108205341 0.6077047121 348.9525717145 -1.6000313901 8.207814556 0.0436278753
12137 309726.55 113.8376484461 34.0869266208 3777004.005725 761932.4813169001 57.6271768464 -0.5175458125 0.6228680711 349.1055867591 -1.4874267038 7.8484852039 0.0002092712
12138 309726.68 113.8376464017 34.0869355913 3777004.995998 761932.2648874002 57.623985094 -0.475568725 0.6312070744 349.2385215331 -1.4093276952 7.4798893338 -0.021414505
12139 309726.82 113.8376443231 34.0869447636 3777006.008572 761932.0446894 57.6178933848 -0.3640641763 0.5621680992 349.4051481611 -1.3117831829 7.0763355913 -0.0168220692
12140 309726.97 113.8376422681 34.086954014 3777007.0298910006 761931.8264211 57.6166076818 -0.2913683822 0.5686101555 349.5608633604 -1.2143359385 6.6304962119 0.0105212975
12141 309727.13 113.8376402599 34.0869632173 3777008.046089 761931.6126205998 57.6164165931 -0.2313803785 0.6031089712 349.7545128142 -1.0945637138 6.1530644022 -0.0029515582
12142 309727.3 113.8376383233 34.0869722276 3777009.041051 761931.4060316 57.616414058 -0.2091078273 0.623678488 349.9299214611 -0.9969066398 5.6281590848 0.026723115
12143 309727.49 113.8376364031 34.0869813561 3777010.049173998 761931.2005873 57.6189606525 -0.317382063 0.6407519995 350.0998813238 -0.8675884157 5.050869874 0.0228484398
12144 309727.7 113.8376345577 34.0869902601 3777011.03258 761931.0027461 57.6224521296 -0.3257531214 0.606131179 350.2577383267 -0.7454738472 4.3771107892 0.0550965232
12145 309727.95 113.8376327366 34.0869992047 3777012.020551998 761930.8070153 57.6182484673 -0.1406357281 0.5740420544 350.4312053836 -0.5977299661 3.5786376006 -0.0167141853
12146 309728.28 113.8376308943 34.0870082668 3777013.021509 761930.6089689998 57.6213097014 -0.2648868434 0.5255260767 350.6058883274 -0.4253735362 2.533904937 0.0121684501
