12237 309743.73 113.8375896544 34.0878340587 3777104.55944 761924.2552766999 57.7125386558 -0.3585305706 0.9072768605 4.4955120899 0.2238049844 2.8375105721 -0.0056531655
12238 309744.17 113.8375905529 34.0878431222 3777105.567588 761924.3102901998 57.711595145 -0.3730894397 0.9835968089 4.6589294857 0.1537149786 1.7630405091 -0.0142573602
12239 309745.73 113.8375914725 34.0878521036 3777106.566668 761924.3675167 57.70147081 0.0692112615 0.9150276364 4.821494001 0.038357479 0.4612464299 -0.015334817
12240 309746.78 113.8375923839 34.0878611645 3777107.574555998 761924.4237301998 57.6878596032 0.4310075566 0.9411792009 4.7132378832 0.1418287309 1.6588416748 -0.0286327777
12241 309747.27 113.8375932777 34.0878703213 3777108.593043 761924.4780324 57.6824580887 0.6631827194 0.9016830848 4.5905088225 0.1984814449 2.5168565832 -0.0140228306
12242 309747.63 113.8375941651 34.0878794736 3777109.611006 761924.5317535999 57.6890079696 0.5938351986 0.9342380988 4.5620214411 0.2558175969 3.121637585 -0.0106979524
12243 309747.93 113.8375950273 34.0878885061 3777110.615625 761924.5835144002 57.6903731274 0.6154487915 0.8354701914 4.5943853503 0.2822064212 3.5633024511 0.0064101993
12244 309748.15 113.8375957485 34.087895889 3777111.4368 761924.6273439 57.6952698482 0.5991641706 0.8364596336 4.6800419869 0.3223158662 3.8838589768 0.0002893459
12245 309748.4 113.8375966686 34.0879050368 3777112.454349 761924.6841016 57.6958435876 0.6254657252 0.8290284208 4.8295096165 0.3568655967 4.2345565837 -0.0184310667
12246 309748.63 113.8375976021 34.0879141624 3777113.469483 761924.7421604998 57.6978690531 0.6482663235 0.7035017401 4.9985540143 0.4039060226 4.5695623757 0.0102695213
12247 309748.85 113.8375986162 34.0879235468 3777114.51353 761924.806863 57.7028612886 0.5737256374 0.7661521506 5.130424086 0.4468551261 4.8933878493 -0.0078202575
12248 309749.05 113.8375996237 34.0879326342 3777115.524603 761924.8718712 57.7055443358 0.6411899607 0.7845954617 5.2805259535 0.4827875508 5.1860884905 0.00634991
12249 309749.24 113.8376006552 34.0879417376 3777116.537511 761924.9390428 57.7076111259 0.7601760347 0.6888819754 5.4157554276 0.5156275514 5.4500295074 -0.0126305953
12250 309749.42 113.837601721 34.0879507781 3777117.543531 761925.0095845 57.7115877029 0.7357639801 0.7336441427 5.5303038099 0.561754179 5.6941591824 0.0176106852
12251 309749.6 113.837602856 34.0879602136 3777118.5935660014 761925.0852953 57.7202522196 0.5617107614 0.7517153024 5.6749289384 0.6039085304 5.9354027251 0.0609114153
12252 309749.77 113.8376039914 34.0879694868 3777119.625586 761925.1615361 57.7257664809 0.4552249948 0.730511094 5.7996441199 0.6351095457 6.1684388025 -0.0185652188
12253 309749.93 113.8376051255 34.0879785265 3777120.6316989986 761925.2383854 57.7269136077 0.5126236824 0.7424011763 5.9328383366 0.6719168428 6.3693462692 -0.0048186352
12254 309750.02 113.837605793 34.0879837424 3777121.212247 761925.2839412 57.7276402237 0.527384414 0.7676083584 6.0046751891 0.6941582718 6.4878322151 -0.0112455931
12255 309750.18 113.8376070258 34.0879932438 3777122.2698449986 761925.368471 57.7283208082 0.5804777805 0.767452216 6.1423009794 0.7283313328 6.683882687 0.0069310786
12256 309750.33 113.8376082428 34.0880024014 3777123.289246 761925.4526118 57.7341042776 0.5142100676 0.7746436792 6.2674776478 0.7661027563 6.8599304579 0.0225016608
12257 309750.48 113.8376095177 34.0880118044 3777124.336032 761925.5413350002 57.7360918932 0.4698430067 0.7740012842 6.398885178 0.8021313487 7.0402138894 -0.009011383
12258 309750.62 113.8376107563 34.0880207962 3777125.337099 761925.6279816999 57.7389805475 0.3749165739 0.7451156543 6.5261744899 0.8338702781 7.2021060321 0.0297690232
12259 309750.76 113.8376120499 34.0880299878 3777126.360466 761925.7190827 57.7432704987 0.2682970638 0.6922481266 6.6558203155 0.8711645495 7.3615855453 -0.0036032922
12260 309750.9 113.8376133931 34.0880393776 3777127.405959 761925.8141545 57.7411607206 0.4220335106 0.6435745131 6.8223334626 0.9053933654 7.5108773082 -0.0339049074
12261 309751.04 113.8376148012 34.0880489596 3777128.472957 761925.914627 57.7386662951 0.5796100613 0.6457143685 7.0065497312 0.9503854095 7.6586790275 -0.0259774004
12262 309751.17 113.8376161646 34.0880580175 3777129.481664 761926.0125935002 57.7413006034 0.5690886185 0.5777130719 7.1816698565 0.9831189704 7.7945808969 0.0513300929
12263 309751.3 113.8376175862 34.0880672293 3777130.507608 761926.1154508 57.7486104611 0.4738417031 0.6300875366 7.3377277793 1.038739757 7.9311718853 0.0379108541
12264 309751.43 113.8376190716 34.088076595 3777131.550794 761926.2237307 57.7528743325 0.3599957409 0.6373368693 7.5092282007 1.067961511 8.056224281 0.0121917754
12265 309751.53 113.8376202477 34.0880839053 3777132.365083 761926.3097841998 57.7529621869 0.4473861305 0.6367797998 7.6592764542 1.1094747879 8.1601206578 -0.0140285312
12266 309751.66 113.8376218331 34.0880935402 3777133.438401 761926.4264641998 57.7535586162 0.5060815744 0.6143553389 7.8555507158 1.1444237692 8.2888602678 0.0111661937
12267 309751.78 113.8376233541 34.0881025671 3777134.444083 761926.53908 57.7568163546 0.4284993168 0.6269361077 8.0532455445 1.200244282 8.4054455785 0.0231675931
12268 309751.9 113.8376249381 34.0881117159 3777135.463448 761926.6571255998 57.761246427 0.4943663877 0.6055639041 8.2478399982 1.2385279964 8.5131184365 0.0162142884
12269 309752.02 113.837626578 34.0881209798 3777136.495733 761926.7799801 57.7631716607 0.4880769806 0.6324793859 8.4507037775 1.2858420869 8.61521959 0.0074346473
12270 309752.14 113.8376282786 34.0881303467 3777137.539599 761926.9081305 57.7694378644 0.4135518631 0.6521597439 8.6363620043 1.3342318908 8.7025191558 0.0393512038
12271 309752.26 113.8376300318 34.0881398226 3777138.595708 761927.040791 57.7743992833 0.3178737728 0.6689549658 8.8460544262 1.3800262447 8.8122068385 0.006999348
12272 309752.38 113.8376318444 34.0881493996 3777139.663176 761927.1786301 57.774257822 0.3422842687 0.6310824197 9.0566066829 1.4257164867 8.896483484 -0.0206225914
12273 309752.5 113.8376337151 34.0881590727 3777140.741467 761927.3215333 57.7762317182 0.431380246 0.5666210831 9.2696129734 1.4679496267 8.9893076798 -0.0058476057
12274 309752.61 113.8376354807 34.0881680204 3777141.738979 761927.4569729 57.7770677404 0.4641902543 0.4999830373 9.4717655314 1.5131052249 9.0660357645 0.0216035712
12275 309752.71 113.8376371375 34.0881762232 3777142.653544 761927.5846601998 57.7808190817 0.3747391715 0.4487275505 9.6378749931 1.556532766 9.1378267885 0.0324716841
12276 309752.82 113.8376390141 34.0881853237 3777143.668304 761927.7298764 57.7876048116 0.235277794 0.4458591197 9.7970450254 1.6047370667 9.2153429468 0.0345578579
12277 309752.93 113.8376409443 34.08819451 3777144.692721 761927.8797745 57.7880684938 0.2833618927 0.4414771115 9.9575053474 1.6469737915 9.3069609714 -0.057524888
12278 309753.04 113.8376429201 34.0882037805 3777145.726604 761928.0336266998 57.7853616029 0.4406654316 0.4230615663 10.1198558256 1.6834010281 9.3863477972 -0.0068060174
12279 309753.15 113.8376449387 34.088213127 3777146.769025 761928.1911883 57.7886075359 0.354140497 0.3820196759 10.2780586258 1.7215591053 9.47286035 0.0575420056
12280 309753.26 113.8376470044 34.0882225535 3777147.820447 761928.3528633 57.7943799961 0.2480438476 0.4223388644 10.4309166518 1.771145298 9.5493346952 0.0416675127
12281 309753.37 113.8376491289 34.0882320589 3777148.880771 761928.5197185002 57.796269048 0.2215726868 0.4187003125 10.5611940073 1.8121171791 9.6266315356 -0.0197048029
12282 309753.48 113.8376512922 34.0882416432 3777149.949953 761928.6899111 57.7955831494 0.2650816689 0.3975495894 10.7098196112 1.8448795877 9.7069684216 -0.0152275133
12283 309753.59 113.837653504 34.0882513083 3777151.028238 761928.8643375 57.7954284782 0.4011773221 0.3881939936 10.8669702889 1.8885475582 9.791483508 -0.0198279164
12284 309753.69 113.8376555585 34.0882601626 3777152.01612 761929.0267345002 57.7956849476 0.5195796894 0.3938497694 11.0142518353 1.9232142997 9.8567328508 -0.0026219889
12285 309753.72 113.8376561839 34.0882628312 3777152.313886 761929.0762594 57.7963984199 0.5526629766 0.4142913365 11.0596892909 1.9417768197 9.8823218227 0.0249344931
12286 309753.82 113.8376583016 34.0882717612 3777153.310332 761929.2442550998 57.8031927552 0.4217820735 0.4214098006 11.1897578614 1.9847386479 9.9405952891 0.0891045928
12287 309753.92 113.8376604586 34.0882807512 3777154.313557 761929.4157068002 57.8116654009 0.2565297014 0.5148325068 11.3253531612 2.0256153049 10.0098103627 0.058970387
12288 309754.02 113.8376626631 34.0882898011 3777155.323539 761929.5913482 57.8147875639 0.3022709188 0.5750914858 11.4614393422 2.0682853831 10.0732507952 -0.0197929137
12289 309754.12 113.8376649045 34.0882989091 3777156.340064 761929.7702199002 57.8133398648 0.4440144982 0.572388303 11.6022594081 2.090940732 10.1378310791 -0.0131601633
12290 309754.22 113.8376671876 34.0883080741 3777157.363023 761929.952773 57.815025582 0.4891234238 0.6564370691 11.7503836358 2.1387209048 10.1958336084 0.0550173743
12291 309754.32 113.8376695169 34.0883172899 3777158.391728 761930.13943 57.822663133 0.3052695543 0.6259327963 11.8933889256 2.1707709215 10.2578981569 0.0760375497
12292 309754.42 113.8376718813 34.0883265669 3777159.42733 761930.3291385 57.8284417754 0.212480611 0.6099382881 12.0385887116 2.2115496026 10.3227617868 0.0274570103
12293 309754.52 113.8376742918 34.0883359005 3777160.469328 761930.5229336 57.8279281221 0.3423529127 0.5847785225 12.1779435964 2.2499845508 10.3837446698 -0.0361147257
12294 309754.62 113.8376767398 34.0883452891 3777161.517526 761930.7200175 57.8263280699 0.4634821303 0.5372121574 12.3171212517 2.2842692485 10.4422061009 -0.0003568102
12295 309754.67 113.8376779811 34.0883500009 3777162.043612 761930.8201055998 57.8276035646 0.5051561305 0.5376471668 12.3880629708 2.3119171383 10.4616016641 0.0342850492
12296 309754.77 113.8376805008 34.0883594608 3777163.0999050015 761931.023592 57.8346792897 0.4107539979 0.579605708 12.5175423872 2.3517112015 10.5183938235 0.0582589826
12297 309754.87 113.8376830644 34.0883689728 3777164.162088 761931.2309651 57.8405538974 0.3704930789 0.6178011634 12.6487914412 2.3910006398 10.5729194028 0.0603781871
12298 309754.97 113.8376856743 34.0883785322 3777165.229651 761931.44248 57.8464466538 0.2720779177 0.6074509132 12.771655732 2.433903895 10.6392133879 0.0495505758
12299 309755.07 113.8376883214 34.0883881409 3777166.302782 761931.6572699002 57.8485185392 0.3527274183 0.591043204 12.9141254612 2.4701732032 10.6843297754 0.019483094
12300 309755.17 113.8376910043 34.0883977976 3777167.381341001 761931.875211 57.8485054476 0.3940857669 0.6331761611 13.0737318387 2.5099029638 10.74585484 0.0267770053
12301 309755.27 113.837693739 34.0884074997 3777168.465062 761932.0978084 57.8525452837 0.3071594873 0.5896387732 13.2237065634 2.5458840899 10.7961644613 0.0493552692
12302 309755.36 113.837696234 34.0884162716 3777169.444934 761932.3011299 57.8581988756 0.1594282583 0.5296871756 13.3588117862 2.5833424134 10.8436231431 0.0555198055
12303 309755.45 113.8376987674 34.0884250795 3777170.4289050014 761932.507891 57.85926654 0.1648731173 0.5358977582 13.5007361274 2.6244806696 10.8819599121 -0.026399933
12304 309755.54 113.8377013355 34.088433921 3777171.4167019986 761932.7177507 57.8568441262 0.2756660719 0.4699450714 13.6650996185 2.6518591454 10.9254020426 -0.0340623125
12305 309755.63 113.8377039353 34.0884427899 3777172.407612 761932.9304532 57.8571705231 0.3238758409 0.417855944 13.8587839153 2.6972752537 10.9497079358 0.0393944337
12306 309755.72 113.8377065869 34.0884516809 3777173.401105 761933.1478680002 57.8616538178 0.2160392581 0.3655801245 14.0427463088 2.7489673651 10.9772533279 0.0390562007
12307 309755.81 113.8377092848 34.0884605987 3777174.397697 761933.3694788 57.8656933159 0.1694123059 0.3094559715 14.2234619397 2.7963822504 11.0131202177 0.02510861
12308 309755.9 113.837712027 34.0884695391 3777175.396901 761933.5951106999 57.8665565234 0.2092515233 0.302724587 14.4031494442 2.8442569367 11.0403326271 -0.0020298188
12309 309755.99 113.8377148171 34.0884785025 3777176.398795 761933.825094 57.8673488367 0.2279263615 0.3270619418 14.5840286107 2.887746895 11.0671078411 0.0042422842
12310 309756.08 113.8377176482 34.0884874859 3777177.403004 761934.0588018 57.8681262033 0.2094559926 0.3265764769 14.768837617 2.9318038349 11.0883469249 0.004854916
12311 309756.17 113.8377205201 34.0884964882 3777178.409416 761934.2962142 57.870293743 0.1365060007 0.3542166296 14.9525736506 2.9761228526 11.1146826979 0.0177613477
12312 309756.26 113.8377234387 34.0885055088 3777179.417979 761934.5378841999 57.8715210138 0.0743338069 0.3998315181 15.1349627744 3.0287623086 11.1308125626 -0.0039882173
12313 309756.35 113.8377264013 34.0885145494 3777180.428879 761934.7835587 57.870655152 0.1237039522 0.3865533414 15.3258619507 3.0627802614 11.1624335335 -0.0167805495
12314 309756.4 113.8377280627 34.0885195809 3777180.991514 761934.9214495998 57.869456144 0.1887943107 0.407043636 15.4416322866 3.0864753685 11.1754844635 -0.0210708676
12315 309756.49 113.8377310904 34.0885286471 3777182.005416 761935.1730525 57.8685244536 0.3555409394 0.3870302127 15.6493371958 3.1394687165 11.2010080479 0.008816213
12316 309756.58 113.8377341661 34.088537729 3777183.0211870014 761935.4290398002 57.8711114703 0.4020554402 0.334724367 15.8567127211 3.1846570355 11.202356169 0.0348072088
12317 309756.67 113.8377372879 34.0885468258 3777184.038728 761935.6892350998 57.8759517074 0.2259231631 0.3054665993 16.0599002465 3.23296615 11.2215828563 0.0648212566
12318 309756.76 113.8377404622 34.088555936 3777185.057898 761935.9542337 57.8822613759 0.0557261411 0.37848529 16.2512330252 3.2945140117 11.2381848972 -0.0295048155
12319 309756.85 113.8377436933 34.0885650661 3777186.0794129986 761936.2244213 57.879597649 0.0655862492 0.4423579973 16.4419078507 3.3438161231 11.2637967978 -0.0694159609
12320 309756.94 113.8377469696 34.0885742142 3777187.103042 761936.4987281 57.8748387089 0.2384408422 0.5293682133 16.6425582425 3.3942994207 11.2849891235 -0.0475074225
12321 309757.03 113.8377502962 34.0885833742 3777188.128123998 761936.7776438 57.8753716964 0.1757533641 0.5781709384 16.8413285812 3.4417398298 11.3042182783 0.0439806208
12322 309757.12 113.8377536578 34.0885925485 3777189.154879 761937.0597379 57.8786712587 0.1209689335 0.5809828284 17.0485962259 3.4796114544 11.3264468002 0.0370459263
12323 309757.21 113.8377570686 34.0886017403 3777190.183709 761937.3463265002 57.8796337135 0.1187441842 0.5709774974 17.2493060744 3.5322964622 11.348844071 -0.0201019672
12324 309757.3 113.837760526 34.0886109497 3777191.214607 761937.6371667 57.8782333601 0.2520332905 0.5671963519 17.4470644267 3.5779015813 11.3679542091 -0.0118502313
12325 309757.39 113.8377640333 34.0886201726 3777192.2471300014 761937.9325704002 57.8787254933 0.3382972532 0.5548223288 17.6303125406 3.6354597738 11.3884219147 0.0370261787
12326 309757.48 113.8377675878 34.088629409 3777193.281271 761938.2322861 57.8833378004 0.2972869906 0.5597824864 17.7775231898 3.6808615142 11.4017708112 0.083169346
12327 309757.57 113.8377711839 34.0886386652 3777194.317728 761938.5357806998 57.8881897926 0.2491275085 0.5960600359 17.916069652 3.7210861337 11.4335145437 0.0418208064
12328 309757.66 113.8377748151 34.0886479433 3777195.356693 761938.842451 57.8897518246 0.2495104611 0.5898461403 18.0421763422 3.7526941545 11.4598419093 0.0108212166
12329 309757.71 113.8377768473 34.0886531063 3777195.934877 761939.0141763 57.8907470787 0.1862339781 0.6057713142 18.0963366016 3.7698097377 11.4631431385 0.0241227944
12330 309757.8 113.8377805344 34.0886624124 3777196.977101 761939.3259204002 57.8926942227 0.0355717592 0.6595224602 18.1395667653 3.808355224 11.493267109 -0.0226172634
12331 309757.89 113.8377842432 34.0886717443 3777198.022238 761939.6395904 57.8913036212 0.0501346139 0.6501661476 18.1395739195 3.8133672298 11.5217620213 -0.0447823742
12332 309757.98 113.8377879594 34.0886811038 3777199.070455998 761939.9538630998 57.8871192113 0.2548008413 0.6384717396 18.1187501672 3.8280315759 11.5638342568 -0.0279199038
12333 309758.07 113.8377916738 34.0886904861 3777200.121205 761940.2678896 57.8872727575 0.4335708676 0.6397116213 18.1054327343 3.8238434892 11.5878237502 0.0364028094
12334 309758.16 113.8377953864 34.0886998922 3777201.174583 761940.5816843002 57.8910935363 0.6140653132 0.5313778393 18.0908612461 3.8173043831 11.6116195989 0.0851896959
12335 309758.25 113.8377991039 34.0887093161 3777202.229951 761940.8958769002 57.9025101587 0.4841478938 0.567426359 18.0775344178 3.825761444 11.6391916776 0.1137922405
12336 309758.34 113.8378028377 34.088718762 3777203.287804 761941.2115025 57.9114002446 0.501350402 0.5566109432 18.0836212036 3.8503078672 11.6691553896 0.0669504075
12337 309758.43 113.8378065737 34.0887282356 3777204.348744 761941.5272491998 57.9166032402 0.4429680915 0.4494302141 18.1343967873 3.8380827598 11.696689051 0.1005211356
12338 309758.52 113.8378103287 34.0887377239 3777205.411361 761941.8447045998 57.9272090625 0.0203795369 0.5227422162 18.2037789882 3.8871492886 11.7080450457 0.1324161752
12339 309758.61 113.8378141157 34.0887472398 3777206.477114 761942.1650211 57.9269818235 -0.2632784933 0.4389029004 18.2897689426 3.8983062368 11.7557103807 -0.0870932441
12340 309758.7 113.8378179219 34.0887567816 3777207.545792 761942.4870425 57.9174570311 -0.1700384837 0.4180506959 18.4088527613 3.9355993541 11.7757461749 -0.1282151261
12341 309758.79 113.8378217701 34.0887663417 3777208.616613 761942.8128805 57.9048859449 0.1896645485 0.3994804589 18.5275611844 3.9737087208 11.7991316882 -0.1050747841
12342 309758.88 113.8378256461 34.0887759125 3777209.688698 761943.1412472 57.9037200808 0.2121516153 0.4227666855 18.6545988282 3.9974527077 11.8095164765 0.0662579054
12343 309758.97 113.8378295536 34.0887854925 3777210.761874 761943.4725043002 57.9108516537 0.1531854686 0.384827206 18.7955599486 4.0321612381 11.8203806856 0.0913476204
12344 309759.06 113.8378334873 34.0887950789 3777211.835836 761943.8061497 57.9162451038 0.0790053266 0.2742282842 18.9593254893 4.0520626138 11.8257562051 0.0117094987
12345 309759.1 113.8378352411 34.0887993426 3777212.31351 761943.9549396 57.9170263708 0.0690267923 0.233724705 19.0388295132 4.0657991636 11.822233255 0.0099435635
12346 309759.18 113.8378387697 34.0888078685 3777213.268736 761944.254458 57.916536916 0.1010840939 0.1945995212 19.2100579508 4.1051622919 11.8121835218 -0.0315761714
12347 309759.26 113.8378423347 34.0888163811 3777214.222582 761944.5573694998 57.9157569874 0.0995635721 0.154984822 19.3729643429 4.1451912051 11.7969516542 -0.0131321361
12348 309759.35 113.8378463774 34.088825935 3777215.293218 761944.9011848002 57.9163743677 0.0680214579 0.1921554126 19.586617664 4.1818813767 11.7559716826 -0.0012552312
12349 309759.44 113.8378504635 34.0888354631 3777216.361097 761945.2490917 57.91743128 0.086960419 0.2330445277 19.8017654096 4.2231272469 11.726405672 0.0135516777
12350 309759.53 113.8378545924 34.0888449686 3777217.42658 761945.6010084002 57.9182601282 0.1260141112 0.2798318696 20.0244248094 4.272709225 11.696022578 0.0156109839
12351 309759.62 113.8378587578 34.0888544444 3777218.48885 761945.9563973 57.9203372505 0.1495439476 0.2809936293 20.2458283366 4.2997879678 11.6600673609 0.0392842719
12352 309759.71 113.8378629534 34.0888638881 3777219.547653 761946.314663 57.9237215919 0.1382509902 0.3115370535 20.4725173078 4.3338639202 11.6161697946 0.0103995071
12353 309759.8 113.837867192 34.0888733049 3777220.603572 761946.6769875998 57.9261555784 0.0647513618 0.327027302 20.6889776735 4.3786129329 11.5880941137 0.0063228979
12354 309759.89 113.8378714652 34.0888826895 3777221.656007 761947.0426114 57.9289629301 -0.0531612128 0.339296061 20.9096538669 4.4144925172 11.5468049361 0.0321218533
12355 309759.98 113.8378757785 34.0888920407 3777222.704833 761947.4120380002 57.9306211602 -0.060201467 0.3506524445 21.1187454524 4.4587347633 11.501341163 0.0228237899
12356 309760.07 113.8378801276 34.0889013632 3777223.750571 761947.7848547 57.9295886103 -0.0301196163 0.3746601577 21.3330986073 4.4881683352 11.4780047764 -0.0318305992
12357 309760.16 113.8378845129 34.0889106578 3777224.793305998 761948.1610955 57.9276991226 0.0775193097 0.3968258512 21.5466499791 4.5214120654 11.4361100228 0.0397831118
12358 309760.25 113.8378889297 34.0889199209 3777225.832627 761948.5403515 57.9273595354 0.0547628789 0.3923549875 21.7428320745 4.5437464262 11.3919239877 -0.0108438018
12359 309760.34 113.8378933783 34.0889291543 3777226.868733 761948.9226268 57.930081429 -0.097798241 0.420726171 21.9239142523 4.583735593 11.3638871093 0.0169301059
12360 309760.43 113.8378978539 34.0889383584 3777227.90165 761949.3074942 57.9303105539 -0.0172765684 0.4223808104 22.1142433872 4.6139974704 11.3279540882 0.01544781
12361 309760.52 113.8379023587 34.0889475335 3777228.931441 761949.6951412 57.9273365801 0.2634429597 0.3846321551 22.2939213119 4.6383585621 11.289576786 -0.0137485126
12362 309760.61 113.837906886 34.0889566766 3777229.957721 761950.0849695 57.928228803 0.397443951 0.3813215014 22.4736422439 4.6621939992 11.2456372021 0.0595695012
12363 309760.63 113.8379078955 34.0889587027 3777230.185161 761950.1719283 57.9294996606 0.3449469341 0.3939011211 22.5113205027 4.6654937898 11.2289260663 0.0786380466
12364 309760.72 113.837912455 34.0889678001 3777231.2064620014 761950.5648627 57.9384456463 0.1601602876 0.3838024739 22.6803528293 4.6887314168 11.1917824186 0.1181205931
12365 309760.81 113.8379170305 34.0889768689 3777232.224627 761950.9593717 57.9459743016 0.0008424508 0.369864173 22.8434236389 4.7089349414 11.1622731427 0.0633099076
12366 309760.9 113.8379216306 34.0889859079 3777233.2395379986 761951.3562349 57.9478268372 -0.043686623 0.3733473455 22.9619752588 4.7300876989 11.1195448539 -0.0112276708
12367 309760.99 113.8379262472 34.0889949204 3777234.251562 761951.7547037 57.9459622716 -0.0542165344 0.3997944895 23.063493859 4.7460815069 11.0886957546 -0.0292550796
12368 309761.08 113.8379308716 34.089003904 3777235.260404 761952.1539876 57.9436968612 -0.0029988226 0.469465658 23.1661072908 4.754293524 11.0556825234 -0.0251153679
12369 309761.17 113.8379355009 34.0890128612 3777236.266322 761952.5538079 57.9422957655 0.0539239747 0.4822997989 23.2709763162 4.758405906 11.0231274132 -0.0067841307
12370 309761.26 113.8379401389 34.0890217919 3777237.269311 761952.9545011999 57.9428796209 0.1434937072 0.52251602 23.3823535429 4.7733747442 10.9905067252 0.0366239672
12371 309761.35 113.8379447888 34.089030696 3777238.269396 761953.3563840998 57.9443706786 0.1935466001 0.5431246835 23.496165585 4.7818469175 10.9552451638 0.0317058192
12372 309761.44 113.8379494464 34.0890395734 3777239.266522 761953.7590606 57.947814241 0.1536274149 0.513158074 23.6038376838 4.7889287592 10.9239120051 0.0525200164
12373 309761.52 113.8379535927 34.0890474416 3777240.150356 761954.117631 57.9524106272 0.0266759015 0.5598634696 23.6986955169 4.8016509756 10.8958595395 0.0533729719
12374 309761.61 113.8379582712 34.0890562693 3777241.142029 761954.522392 57.9537350815 0.0719076373 0.5259628405 23.8121798993 4.81399351 10.8640399928 0.021405263
12375 309761.7 113.8379629551 34.0890650732 3777242.13107 761954.9277170999 57.954347916 0.0764061859 0.4998191199 23.9320719943 4.8191751275 10.8357574221 0.0182064721
12376 309761.79 113.8379676544 34.089073847 3777243.116813 761955.3345578 57.9553628713 0.0559176869 0.5552718211 24.0669330629 4.8434977887 10.7932663541 0.0439266598
12377 309761.88 113.8379723728 34.0890825906 3777244.099248002 761955.7432630998 57.9571100995 -0.0149009814 0.5278847566 24.2105756873 4.8464414681 10.760652209 -0.0056344042
12378 309761.97 113.8379771032 34.089091308 3777245.078814 761956.1531504 57.9570253622 -0.0126202561 0.5283634483 24.3782625404 4.8700250075 10.7217342688 -0.0071289843
12379 309762.06 113.8379818594 34.0890999938 3777246.0549449986 761956.5655189 57.9558480242 0.0670040084 0.5357740074 24.5355042381 4.8953137012 10.6828010733 -0.0059544894
12380 309762.15 113.8379866379 34.0891086524 3777247.028106 761956.9800239 57.9552896731 0.1760111354 0.5643824714 24.6946623636 4.9125295747 10.6461894239 -0.0092166472
12381 309762.24 113.8379914323 34.0891172807 3777247.997949 761957.3961008 57.9559195451 0.3257809696 0.5582297976 24.8564109874 4.9260878813 10.6056769641 0.0213531542
12382 309762.3 113.8379946378 34.0891230149 3777248.642536 761957.6743818001 57.9583791252 0.3530483858 0.5541372229 24.959317435 4.9407097453 10.5828407793 0.0559034445
12383 309762.39 113.8379994602 34.089131587 3777249.606212 761958.0932181998 57.9653830668 0.302573315 0.5370237889 25.1028119491 4.9548919055 10.543160939 0.1091507973
12384 309762.48 113.838004292 34.089140129 3777250.5665730014 761958.5130062 57.972426502 0.2622448978 0.560242835 25.2552259277 4.9659042943 10.5067089109 0.0656427583
12385 309762.57 113.8380091461 34.0891486415 3777251.523712 761958.9349521998 57.9771958413 0.229153384 0.6216511228 25.4032226543 4.9962230855 10.4654714482 0.0507329476
12386 309762.66 113.8380140157 34.089157124 3777252.477561 761959.3584154 57.9819891564 0.0600537607 0.5300118833 25.5607679697 4.9985317304 10.4349909749 0.1103579194
12387 309762.75 113.8380188946 34.0891655781 3777253.428292 761959.7828245 57.9882276654 -0.3764247214 0.5467366376 25.7288756047 5.0165145444 10.3916956148 0.0545835853
12388 309762.84 113.8380238014 34.0891740068 3777254.376264 761960.2098916 57.9859591574 -0.4884871901 0.5177689988 25.8997442536 5.0476731793 10.3764205497 -0.119407832
12389 309762.93 113.8380287232 34.0891824153 3777255.322041 761960.6384018002 57.9727859078 -0.0934474209 0.4134266194 26.0962000387 5.0624076732 10.3397159995 -0.192042611
12390 309763.02 113.8380336724 34.0891907911 3777256.264258 761961.0695447 57.9631334329 0.1751237423 0.4037669222 26.279476788 5.0860822238 10.2920449093 -0.0312205711
12391 309763.11 113.8380386413 34.0891991294 3777257.2023660014 761961.5026170998 57.9669494368 0.0080613334 0.4446601982 26.4597824515 5.1116349446 10.2467235574 0.0887913353
12392 309763.2 113.8380436312 34.0892074376 3777258.137178 761961.9377308 57.9745060504 -0.2437523375 0.4126585916 26.629253749 5.1303382037 10.226906975 0.0547302159
12393 309763.29 113.8380486415 34.0892157228 3777259.069508 761962.3747943002 57.97444297 -0.2339428945 0.3895672072 26.7949082756 5.1630712318 10.194715599 -0.0305124852
12394 309763.38 113.8380536721 34.0892239868 3777259.999525 761962.8137942 57.9694856144 -0.3601056041 0.2702053511 26.9373316459 5.1692772876 10.1768202287 -0.0724741908
12395 309763.47 113.8380587097 34.0892322359 3777260.9279019986 761963.2534923998 57.9658342656 -0.8232876489 0.1252108202 27.089321126 5.1799033985 10.1536184062 -0.0304454527
12396 309763.56 113.8380637666 34.0892404702 3777261.854695 761963.6950101 57.960335725 -1.4428544838 -0.0641272498 27.2309619033 5.2033742742 10.1391692399 -0.1085331858
12397 309763.65 113.8380688442 34.0892486931 3777262.7802699986 761964.1384789002 57.9400137411 -1.4184566483 -0.138627109 27.3700283838 5.228508151 10.1192541803 -0.3207684462
12398 309763.74 113.8380739577 34.0892569029 3777263.704485 761964.5853004 57.9041025201 -0.3121347714 -0.1188911137 27.4746842168 5.2718185606 10.1069066864 -0.4413220282
12399 309763.83 113.838079104 34.089265092 3777264.626493 761965.0352175002 57.8744505579 1.3293633861 0.0423724867 27.5580552006 5.2927205432 10.0582028285 -0.1259548604
12400 309763.92 113.8380842599 34.0892732369 3777265.543615 761965.4861563002 57.8844012683 1.7327599464 0.2230606967 27.6203609587 5.2808459546 10.005922855 0.3201857879
12401 309764.01 113.8380893913 34.0892813453 3777266.456624 761965.9349479 57.9244238837 1.1823562527 0.4030043177 27.709893837 5.271395487 9.9817388899 0.5140062144
12402 309764.02 113.8380899615 34.0892822458 3777266.558023 761965.9848159002 57.9290908454 1.0680605887 0.4305922973 27.7220775693 5.2708490911 9.9851156474 0.4797224224
12403 309764.11 113.8380950968 34.0892903358 3777267.4689940014 761966.4340216998 57.9595085634 0.5312024763 0.4800811317 27.810699086 5.286464867 9.9787649068 0.2173101045
12404 309764.2 113.8381002466 34.0892984265 3777268.380087 761966.8845604998 57.9700675392 0.3156030644 0.421001119 27.8902599499 5.2949636119 9.9776031216 0.041031403
12405 309764.29 113.8381054095 34.0893065176 3777269.291257 761967.3363146 57.969890736 0.2238154704 0.4549391465 27.9694468047 5.3164183263 9.9724968343 -0.0406200937
12406 309764.38 113.838110593 34.0893146084 3777270.202451 761967.7899726 57.9670169689 0.2226358801 0.4183668577 28.044691842 5.3284487522 9.9791560718 -0.0158301434
12407 309764.47 113.8381157875 34.089322703 3777271.114094 761968.2446254 57.9688611543 0.174227251 0.4375336531 28.1406363379 5.3477381526 9.9760688916 0.0260612395
12408 309764.56 113.8381210113 34.0893307988 3777272.025939 761968.7019839 57.9730067784 0.238631395 0.4317612117 28.2394618226 5.3813079891 9.9858155421 0.0710653753
12409 309764.65 113.8381262529 34.0893388981 3777272.938219 761969.1609709002 57.9773146827 0.3732753073 0.3935932108 28.3672167686 5.3948975708 9.9809064984 0.0586728368
12410 309764.74 113.8381315207 34.0893469981 3777273.850644 761969.6223818002 57.9847987266 0.2641307927 0.4100607266 28.5075018334 5.4251817746 9.9884923733 0.0723172275
12411 309764.83 113.8381368207 34.0893550972 3777274.763051002 761970.0867699998 57.9891877249 0.2932047761 0.4116089942 28.6598373728 5.4660159594 9.9838934489 0.0559593987
12412 309764.92 113.8381421586 34.0893631983 3777275.6757870014 761970.5546436999 57.9904054161 0.2793754559 0.4354097978 28.8135319778 5.498953396 9.9864507124 0.0039779637
12413 309765.01 113.8381475319 34.0893713016 3777276.588844 761971.0257811 57.9911827846 0.4763966901 0.40503052 28.9938811643 5.5397149842 9.9967515079 0.0881048254
12414 309765.08 113.8381517402 34.0893776127 3777277.300026 761971.3948823 57.9946866939 0.4598245666 0.4649355919 29.1342598599 5.5671579073 9.9915217657 0.0535478059
12415 309765.17 113.8381572003 34.0893857301 3777278.214878 761971.8739946998 58.0009793779 0.5085744039 0.4693303799 29.3080691477 5.6178777204 9.9866285836 0.1124246855
12416 309765.26 113.8381626953 34.0893938474 3777279.12981 761972.3563266 58.0106271869 0.2429748641 0.4842088498 29.4863790886 5.6466070737 9.9867680137 0.1117059792
12417 309765.35 113.8381682348 34.0894019661 3777280.0450120014 761972.8427569 58.018113357 0.0091316265 0.5083032755 29.6477802304 5.7025951049 9.9972238426 0.0631943832
12418 309765.44 113.8381738165 34.0894100959 3777280.961554 761973.3330555 58.0163054541 0.0619129449 0.5150090924 29.8229495238 5.7400638568 10.0108857085 -0.075340055
12419 309765.53 113.83817944 34.0894182334 3777281.879052 761973.8271878002 58.0088144532 0.3132357272 0.5291809365 30.0016691154 5.7780177423 10.0163079683 -0.0738053963
12420 309765.62 113.8381851058 34.089426371 3777282.796674 761974.3252327 58.0069626495 0.4972883889 0.5614280387 30.1857340812 5.8309014108 10.0111791659 0.0405245007
12421 309765.71 113.8381908101 34.0894345041 3777283.713894 761974.8268410999 58.0146188782 0.4495137089 0.5483107083 30.3712588757 5.8644775683 10.0142230338 0.1424851188
12422 309765.8 113.838196553 34.0894426365 3777284.63114 761975.3320077 58.0258337259 0.2461631241 0.5313758298 30.5547359126 5.9083132506 10.0124846683 0.1030843028
12423 309765.88 113.8382016951 34.0894498663 3777285.446674 761975.7844945 58.0317015434 0.1981316646 0.5209442963 30.7141026258 5.9528044956 10.0113721783 0.0608100917
12424 309765.97 113.8382075182 34.0894580028 3777286.364571 761976.2970654 58.0336173764 0.243456379 0.477442848 30.9043622947 5.984508537 10.0205484149 0.0158467804
12425 309766.06 113.838213386 34.0894661399 3777287.282654 761976.8137537 58.0343267322 0.2214864419 0.4859141497 31.0982118134 6.0414924079 10.0190826304 0.0166307411
12426 309766.15 113.8382193054 34.0894742751 3777288.200666 761977.3352154 58.0368288662 0.1719608059 0.4523458196 31.2944855189 6.0817150249 10.018731651 0.0454782727
12427 309766.24 113.8382252691 34.0894824089 3777289.118624 761977.8607685 58.039392638 0.159504207 0.4889394839 31.5018552435 6.1426821156 10.0111075134 0.0315260615
12428 309766.33 113.8382312805 34.0894905358 3777290.0359519986 761978.3907540998 58.0406623287 0.1631568227 0.4666512726 31.7019208949 6.174851573 10.002458509 0.0076376757
12429 309766.42 113.8382373302 34.0894986567 3777290.952702 761978.9242902 58.041616179 0.1405076414 0.4765419346 31.9147256889 6.2199088797 9.985488109 0.0284745387
12430 309766.51 113.838243423 34.0895067643 3777291.868086 761979.4618393001 58.0440590698 0.074536168 0.4739118067 32.124469173 6.2661277451 9.9753779401 0.0616101063
12431 309766.6 113.8382495519 34.0895148601 3777292.782258 761980.0027691999 58.0455138171 0.0348572282 0.4578038438 32.3413413305 6.298286501 9.9564632573 0.0048462326
12432 309766.63 113.8382516041 34.0895175546 3777293.086545 761980.1839406 58.0455622841 0.0477333216 0.4489022833 32.4112747777 6.3130268672 9.9471463898 0.006661495
12433 309766.72 113.8382577844 34.0895256259 3777293.998136 761980.7296931 58.044437727 0.1927656812 0.3999970938 32.6193105263 6.3478041083 9.9272713546 -0.0194369203
12434 309766.81 113.8382639993 34.0895336793 3777294.907825 761981.2786883998 58.0434174221 0.5015996705 0.4424843136 32.8353541729 6.3879364517 9.8978026628 0.0261716836
12435 309766.9 113.8382702559 34.089541709 3777295.814979 761981.8316096999 58.047554533 0.5214065641 0.4457479611 33.0463539742 6.4200687632 9.8654626919 0.0900100321
12436 309766.99 113.8382765405 34.0895497143 3777296.719505 761982.3871832 58.0624225782 0.0713415972 0.4516379973 33.2520037753 6.4513532947 9.8386823862 0.2053820418
12437 309767.08 113.8382828699 34.0895577094 3777297.6230230015 761982.9469394 58.0702542625 -0.1950783474 0.4811398036 33.4513492662 6.5084311274 9.8373823314 -0.0113201544
12438 309767.17 113.8382892383 34.0895657017 3777298.526321 761983.5102884 58.063406257 0.0146280887 0.445508399 33.6664951031 6.5481520303 9.8397885342 -0.1135059576
12439 309767.26 113.8382956511 34.0895736879 3777299.429055 761984.0777651 58.0541959647 0.3683093184 0.484208376 33.8855033783 6.5989056227 9.8226522167 -0.0585540307
12440 309767.35 113.8383021114 34.089581657 3777300.3300230014 761984.6496811 58.0562780769 0.3626723364 0.4700793373 34.0997482462 6.6381064775 9.802142566 0.090242
12441 309767.44 113.8383086103 34.0895896218 3777301.230597 761985.2251759 58.0660939943 0.1596188756 0.4487766056 34.3266746223 6.6811632063 9.7978234232 0.134683696
12442 309767.53 113.8383151638 34.0895975796 3777302.130542 761985.8057287 58.0742055522 -0.0352834787 0.4809750719 34.544922141 6.7488078959 9.7933397592 0.0350789093
12443 309767.62 113.8383217756 34.0896055377 3777303.030678 761986.3916658001 58.0717167305 0.1195111617 0.4444395046 34.7493502126 6.804101752 9.8007465699 -0.0396394559
12444 309767.71 113.8383284347 34.0896134946 3777303.930788 761986.9819715 58.0675940094 0.2025555182 0.4417485437 34.943197687 6.8472266413 9.7908708181 -0.0363453213
12445 309767.8 113.8383351458 34.0896214499 3777304.830862 761987.577085 58.0684520658 0.1548382243 0.5029590933 35.1058298413 6.9030456201 9.7929822944 0.0353688977
12446 309767.89 113.8383419065 34.0896294067 3777305.7312300014 761988.1767733 58.0716739111 0.1377960458 0.5573939217 35.2382152114 6.9538812256 9.8045028764 0.0290301494
12447 309767.98 113.8383487056 34.0896373744 3777306.632905 761988.7799742 58.0731750512 0.1654432946 0.5568203117 35.3418853593 6.9865141122 9.8191422206 0.0113095463
12448 309768.07 113.8383555371 34.0896453541 3777307.536001 761989.3861229002 58.0749469306 0.1889205006 0.5883622015 35.4386757591 7.0227767184 9.8350522354 0.0387496557
12449 309768.16 113.8383624017 34.0896533446 3777308.440372 761989.9953012 58.0770884752 0.1088664649 0.5645611521 35.5081171629 7.0519844603 9.849827761 0.022391023
12450 309768.25 113.8383692929 34.0896613522 3777309.346707 761990.6068801999 58.0786947925 0.0652621362 0.622555942 35.5581324907 7.0843820011 9.876887425 0.0107112247
12451 309768.34 113.8383762205 34.0896693707 3777310.254355 761991.2217917 58.077640404 0.2170103349 0.6604126857 35.5573734213 7.1221080071 9.8861468198 -0.018261868
12452 309768.43 113.8383831592 34.0896774126 3777311.164618 761991.8376477 58.0765372571 0.4205801949 0.6555758239 35.563765334 7.1084592729 9.9181998425 0.02742776
12453 309768.52 113.8383901128 34.0896854732 3777312.0769980014 761992.4548305002 58.0807530535 0.4887104754 0.6992612381 35.5627314979 7.1457677545 9.9378826526 0.0710551208
12454 309768.61 113.8383970826 34.0896935498 3777312.991199 761993.073448 58.089305778 0.4400768516 0.7146878502 35.5531392743 7.160820597 9.9643679125 0.1421536013
12455 309768.7 113.8384040664 34.0897016426 3777313.907232 761993.6933136998 58.1002294943 0.2124382439 0.7053216697 35.5575823401 7.1661218229 9.9817731783 0.1147252317
12456 309768.79 113.8384110686 34.0897097615 3777314.826204 761994.3147979998 58.1047370806 0.1660760349 0.6686705167 35.6237498602 7.1921351479 10.0171674304 -0.0144867839
12457 309768.88 113.8384180983 34.0897178977 3777315.747180002 761994.9387713 58.1026513847 0.344571387 0.6585594094 35.7440008028 7.2267851153 10.025651861 -0.019804198
12458 309768.97 113.8384251636 34.0897260391 3777316.668815 761995.5660148001 58.1036297372 0.4523600231 0.6457007993 35.8895097646 7.2661377769 10.0238384304 0.0870788071
12459 309769.06 113.8384322614 34.089734173 3777317.5897 761996.1962746 58.1117072832 0.3819469199 0.6187489361 36.041373958 7.2946043463 10.0180125918 0.146328351
12460 309769.15 113.8384393895 34.089742296 3777318.5094550014 761996.8293768001 58.120981765 0.209408306 0.6213704056 36.2118170962 7.3338392495 10.0063648713 0.1032037274
12461 309769.24 113.8384465512 34.089750404 3777319.4276230014 761997.4656183 58.1264881734 0.0922227121 0.5857661692 36.3778923114 7.3541223592 9.9792699298 0.0504973411
12462 309769.28 113.8384497449 34.0897540033 3777319.835259 761997.7493939998 58.1278075306 0.0122626764 0.5961244984 36.4508312039 7.3764489444 9.9778342854 0.0219786206
12463 309769.37 113.8384569456 34.0897620843 3777320.750539 761998.3893268 58.1279177181 0.0403856672 0.6439210641 36.6366906477 7.404715654 9.9501547002 0.0022901189
12464 309769.46 113.8384641755 34.0897701381 3777321.662878 761999.0320351998 58.1257586749 0.205972129 0.6248534277 36.8112251563 7.4338948196 9.9139446627 0.0114633408
12465 309769.55 113.8384714233 34.0897781643 3777322.572198 761999.6764753 58.1295963842 0.1420049468 0.6335261709 36.9891499317 7.441454166 9.8722425209 0.0731780744
12466 309769.64 113.8384786898 34.0897861605 3777323.478232 762000.3227436999 58.1342497757 0.022881357 0.6499530579 37.1708878658 7.4666749337 9.8382419425 0.0332514421
12467 309769.73 113.8384859761 34.089794133 3777324.381694 762000.9709076 58.1370856846 0.0050632675 0.5455145494 37.3630179481 7.4812019734 9.8021439631 0.0358310106
12468 309769.82 113.8384932785 34.0898020763 3777325.2819550014 762001.6206556 58.1372259269 -0.0365110267 0.496860884 37.5525142427 7.5094440048 9.7750050772 0.0115522643
12469 309769.91 113.838500605 34.0898099844 3777326.178362 762002.2727258998 58.1376097277 0.0365942145 0.4786183456 37.7352877129 7.5270066695 9.7212494279 0.0034088065
12470 309770.0 113.8385079535 34.0898178564 3777327.070829 762002.9269495 58.1352270711 0.0755471515 0.4089710496 37.9166156936 7.5385005521 9.682694827 -0.0225314264
12471 309770.09 113.8385153192 34.0898256998 3777327.960166 762003.5828406998 58.1389115043 -0.1987859595 0.4972562237 38.1136015311 7.5689054453 9.6364966417 0.0468733354
12472 309770.18 113.8385227088 34.089833508 3777328.845659 762004.2410561999 58.1408576919 -0.3350734146 0.4838595266 38.3012175634 7.5918922197 9.6042863307 0.0161757107
12473 309770.27 113.8385301157 34.0898412872 3777329.727974 762004.9009532 58.1363168824 -0.1453376264 0.486152206 38.4739631095 7.608186105 9.5561888485 -0.0732073848
12474 309770.36 113.8385375432 34.0898490346 3777330.606811 762005.5628511 58.128317845 0.1902921074 0.4696002715 38.6212266801 7.6249378625 9.5220229946 -0.0637823835
12475 309770.45 113.83854497 34.0898567533 3777331.4824660006 762006.2247682 58.1276547378 0.3139892534 0.5169455407 38.7885081008 7.6157835747 9.4829761175 0.0609274348
12476 309770.54 113.8385524097 34.0898644328 3777332.353801 762006.8880024 58.1347556673 0.2630879365 0.5498595671 38.9454083468 7.6409557585 9.4333824723 0.1175055018
12477 309770.63 113.8385598595 34.089872079 3777333.221471 762007.5522684 58.1431826716 0.1326535313 0.5418194108 39.0923990722 7.6409355095 9.397789877 0.0793028594
12478 309770.72 113.838567322 34.0898796922 3777334.085515 762008.2178103002 58.1478511291 0.1653462091 0.5989016785 39.2338749611 7.6595975668 9.354717409 0.0171400261
12479 309770.81 113.8385747904 34.0898872787 3777334.946601 762008.8839806998 58.1487456709 0.3443289749 0.4673530162 39.3814300855 7.6550071075 9.3318306873 0.0099114986
12480 309770.9 113.8385822538 34.0898948346 3777335.804283 762009.5497815 58.153167584 0.5095767568 0.5394224217 39.5416099926 7.6640251631 9.2830942816 0.1038906146
12481 309770.98 113.8385889054 34.0899015159 3777336.5628160015 762010.1433256 58.1611612272 0.3083693571 0.5554669765 39.6678320375 7.6770944364 9.2342557413 0.1021802282
12482 309771.07 113.8385963851 34.0899090014 3777337.412733 762010.810845 58.1734002372 -0.1685284005 0.4487894953 39.8095204758 7.6715849179 9.2100011931 0.1522895071
12483 309771.16 113.8386038713 34.0899164534 3777338.258939 762011.4790731998 58.178655385 -0.4622462678 0.4697240478 39.9394151978 7.697681894 9.1670264957 -0.0446677596
12484 309771.25 113.8386113746 34.0899238812 3777339.102504 762012.1489494 58.1674843477 -0.2191424282 0.3839140047 40.076273192 7.6937466704 9.1430967618 -0.1584705689
12485 309771.34 113.8386188799 34.0899312883 3777339.943784 762012.8190827 58.1539896922 0.2077287339 0.3372370735 40.2413740154 7.7023697104 9.1105346642 -0.1102203048
12486 309771.43 113.8386263923 34.0899386572 3777340.7808300015 762013.4899849 58.1530147698 0.3482327478 0.3409275026 40.3964303952 7.7136844256 9.0557375033 0.1049638707
12487 309771.52 113.8386339134 34.0899459843 3777341.61327 762014.1618172 58.1651075902 0.0819309338 0.3801184616 40.5463880318 7.7214712865 9.0087029911 0.1572927753
12488 309771.61 113.8386414464 34.089953279 3777342.4421440014 762014.8348485 58.1734329211 -0.0796448708 0.40965703 40.7005784937 7.7376586519 8.9711760963 0.0492762151
12489 309771.7 113.8386489902 34.0899605468 3777343.268061 762015.5089591 58.1726264888 0.0119957288 0.3798245195 40.8741320615 7.7457421491 8.9380257346 -0.0246285488
12490 309771.79 113.838656543 34.0899677822 3777344.090405 762016.184006 58.1690352336 0.1574252249 0.4412492728 41.0585912819 7.7562290039 8.8931721789 0.0022754848
12491 309771.83 113.8386599052 34.0899709844 3777344.454405002 762016.4845630998 58.168616469 0.1820516303 0.4504717611 41.1387643791 7.7604627069 8.8681349405 0.0237593044
12492 309771.92 113.8386674788 34.0899781637 3777345.270573002 762017.1616986998 58.1710051196 0.1326166828 0.4543936992 41.3164561111 7.7730901635 8.8273498781 0.0677297301
12493 309772.01 113.8386750617 34.0899853077 3777346.082851999 762017.839806 58.1753609516 0.0610309845 0.5165381807 41.4833732596 7.7851561241 8.7804617218 0.0364311179
12494 309772.1 113.8386826597 34.0899924233 3777346.892012 762018.5193875 58.1773728235 -0.0066621134 0.5377392381 41.6425997869 7.7958361041 8.7504903221 0.019013445
12495 309772.19 113.8386902618 34.0899995102 3777347.697998 762019.1994439998 58.1783659877 -0.0555387429 0.5500196042 41.7919440161 7.8052753011 8.7115768366 0.0261937135
12496 309772.28 113.8386978722 34.0900065657 3777348.500529 762019.8803561998 58.1783208391 -0.0051632781 0.5755272942 41.9252652392 7.8090807446 8.6787830607 -0.0026955713
12497 309772.37 113.8387054924 34.0900135957 3777349.300249 762020.5622514 58.1748843938 0.2030519189 0.595218596 42.0434115668 7.8212638156 8.6439165364 -0.0232249492
12498 309772.46 113.8387131097 34.0900205994 3777350.097041 762021.2439676998 58.1750650983 0.2906177389 0.5904054998 42.1552159979 7.8058382917 8.6061115963 0.0803104086
12499 309772.55 113.8387207299 34.0900275773 3777350.890986 762021.9260272 58.1824411536 0.1871839976 0.6377250728 42.2627372152 7.8248411139 8.5806780283 0.1157599317
12500 309772.64 113.8387283572 34.0900345352 3777351.682727 762022.6088042 58.1869638842 0.1368710432 0.5914203821 42.3701375825 7.8259856651 8.562303386 0.0391341316
12501 309772.73 113.8387359943 34.0900414805 3777352.47309 762023.2925204 58.189019464 0.0271141195 0.6080983757 42.4835713278 7.8375218169 8.5433481192 -0.0189303024
12502 309772.79 113.8387410944 34.0900461003 3777352.99887 762023.7491713 58.1893045045 0.0360543297 0.5881109545 42.5580119606 7.8474399969 8.5291440304 -0.0195027451
12503 309772.88 113.8387487584 34.0900530219 3777353.7866730015 762024.4354498 58.1879258603 0.1431280915 0.5971473713 42.6960890972 7.873746314 8.5172330874 0.02725348
12504 309772.97 113.8387564378 34.0900599249 3777354.572453 762025.1231989 58.1866890425 0.299407955 0.6012085889 42.8401661409 7.8820238203 8.494102357 0.0167284784
12505 309773.06 113.8387641368 34.0900668057 3777355.35582 762025.8128372 58.1907150242 0.2258492015 0.6501735915 42.9909499 7.9069221694 8.4621509169 0.0821078685
12506 309773.15 113.8387718505 34.0900736622 3777356.136529 762026.5039019 58.1968705831 0.1891116164 0.6699384139 43.1369991364 7.9268670054 8.4395329985 0.0826960497
12507 309773.24 113.8387795826 34.0900805 3777356.915203 762027.1967248 58.200152101 0.2035877837 0.7087726539 43.2889726081 7.941286055 8.4171702459 0.0228043859
12508 309773.33 113.8387873338 34.0900873177 3777357.691703 762027.8913702 58.2007212397 0.2881239771 0.7534592999 43.4340112425 7.9575755135 8.3837111694 -0.0006816218
12509 309773.42 113.8387951054 34.0900941179 3777358.466305 762028.587953 58.2016504044 0.2890202069 0.7346073752 43.5707584288 7.9792310616 8.3674942718 0.0514610146
12510 309773.51 113.8388028879 34.0901008997 3777359.238904 762029.28561 58.2074702969 0.0748387532 0.7198443865 43.7118460341 7.99686346 8.3450008798 0.1015425085
12511 309773.6 113.8388106907 34.0901076658 3777360.009811 762029.9851784002 58.2123571672 -0.2221558234 0.6992307734 43.8475523634 8.0149416735 8.3283691543 -0.0065861636
12512 309773.66 113.838815905 34.0901121714 3777360.523206 762030.4527178 58.2106898241 -0.1719838183 0.6526524836 43.945294217 8.0305247918 8.3204255471 -0.0613657069
12513 309773.75 113.8388237445 34.0901189215 3777361.29243 762031.1557270002 58.2035990339 -0.0632419719 0.5859868155 44.0945310968 8.0503098806 8.3075795288 -0.0727988614
12514 309773.84 113.8388316043 34.0901256533 3777362.05967 762031.8606649998 58.1987143382 0.0564602449 0.5712218138 44.2477187926 8.0777178575 8.2818835779 0.0054979972
12515 309773.93 113.8388394872 34.0901323638 3777362.824615 762032.5678056 58.1990678385 0.0271515335 0.5687666732 44.3910260326 8.1005854695 8.2579138918 0.036814848
12516 309774.02 113.8388473902 34.0901390591 3777363.587919 762033.2768479 58.1994217886 0.0023183773 0.5511814777 44.5452873124 8.1174929651 8.241757322 0.0166783526
12517 309774.11 113.8388553174 34.0901457409 3777364.349787 762033.988162 58.2000060761 -0.0452932436 0.5483179731 44.6940196143 8.1435649165 8.2187722372 0.0081053554
12518 309774.2 113.8388632679 34.0901524104 3777365.110346 762034.7016648 58.1974396547 0.0388413663 0.4982876619 44.8516163366 8.1685023696 8.2077396584 -0.0153530126
12519 309774.29 113.8388712355 34.0901590646 3777365.869259 762035.4167962 58.1948191617 0.0922618654 0.5036727982 45.0116272986 8.1875977095 8.183182827 -0.0193700302
12520 309774.38 113.8388792297 34.0901656978 3777366.625902 762036.1344462 58.194666571 0.1153234091 0.4979683039 45.1669545664 8.2095640433 8.1572396039 0.0080701805
12521 309774.45 113.8388854625 34.090170845 3777367.213118 762036.6940499 58.1951600472 0.2178481482 0.4809922544 45.2959141414 8.2232406593 8.1395851184 0.0209353033
12522 309774.54 113.8388934976 34.0901774455 3777367.966241 762037.4155823 58.1962540764 0.3053616376 0.4970082142 45.4516783515 8.2659489639 8.1245314775 0.018611033
12523 309774.63 113.8389015555 34.0901840266 3777368.717267 762038.1392774 58.1985565461 0.4729489541 0.5374407962 45.6263464073 8.2734315803 8.095749981 0.0438185739
12524 309774.72 113.8389096397 34.0901905862 3777369.465985 762038.8654688002 58.204362466 0.4513924352 0.5691498965 45.7989662611 8.3064085429 8.0673901963 0.0998351063
12525 309774.81 113.8389177424 34.0901971214 3777370.212034 762039.5934406 58.2140797181 0.397433053 0.5620607781 45.9867837953 8.3175356367 8.0300500254 0.1395073225
12526 309774.9 113.8389258695 34.0902036311 3777370.955316 762040.323738 58.2205465157 0.3089504797 0.6318844813 46.1655687124 8.3446971588 8.0012163368 0.0370719437
12527 309774.99 113.838934028 34.0902101196 3777371.696329 762041.0570105 58.223196621 0.4569067679 0.582035204 46.3517119026 8.3768986263 7.9817954443 0.0021602835
12528 309775.08 113.8389422014 34.0902165899 3777372.435353 762041.7917034002 58.2252251888 0.3941463329 0.5446911024 46.5416437622 8.3838109698 7.9534816004 0.0934254543
12529 309775.17 113.8389503952 34.0902230249 3777373.170517 762042.5284006 58.237672531 0.0134584718 0.6321395382 46.7274338267 8.4248085253 7.9209050894 0.1794074049
12530 309775.18 113.8389513074 34.0902237382 3777373.252018 762042.6104231 58.2390884934 -0.0360419796 0.6352261815 46.7478236129 8.4252587275 7.9169147563 0.1595349086
12531 309775.27 113.838959539 34.0902301502 3777373.984726 762043.3506779 58.2425683662 -0.2401108572 0.5903127642 46.9310985907 8.4601752241 7.9030372812 -0.0422215898
12532 309775.36 113.8389677938 34.0902365462 3777374.715724 762044.0931149998 58.2370591471 -0.1754049767 0.5742288808 47.1187159284 8.4860565692 7.8707868768 -0.0823219031
12533 309775.45 113.8389760799 34.0902429127 3777375.4435230014 762044.8385375 58.2280619955 0.2116458419 0.6785192137 47.2875512059 8.5257922821 7.8407709735 -0.0753289888
12534 309775.54 113.8389843826 34.0902492495 3777376.168059 762045.5855882 58.2247966547 0.4846826714 0.7093359595 47.4666275132 8.5199536024 7.7969838896 0.0522380942
12535 309775.63 113.8389926851 34.0902555556 3777376.889202 762046.3327188 58.2341232095 0.2585659877 0.7476101381 47.6478393297 8.517103125 7.7618561103 0.1385660127
12536 309775.72 113.8390010025 34.090261828 3777377.606645 762047.0813207 58.2452394571 0.0628356349 0.8664590613 47.8170004954 8.5469009621 7.7137596071 0.0770283684
12537 309775.81 113.8390093375 34.0902680713 3777378.320891 762047.8316355 58.2471392332 0.037365114 0.8024275406 47.978538693 8.5421815619 7.6823642867 0.0001701372
12538 309775.9 113.8390176651 34.0902742932 3777379.032752 762048.5813368 58.2463775305 -0.0148545564 0.7810028546 48.1583697325 8.5433234038 7.6558180326 0.0119535066
12539 309775.94 113.8390213703 34.0902770457 3777379.347719 762048.9149540998 58.2472593309 -0.0882173714 0.8152186752 48.2236636781 8.5632618133 7.6331281316 0.0384921661
12540 309776.03 113.8390297169 34.0902832121 3777380.053472 762049.66658 58.2451863773 -0.0392882972 0.8241733334 48.380338315 8.5622766602 7.5910759689 -0.0457182855
12541 309776.12 113.8390380774 34.0902893671 3777380.757989 762050.4195249 58.2396510281 0.0972257165 0.7939287499 48.5573946599 8.5720599845 7.5653483363 -0.041675201
12542 309776.21 113.8390464455 34.090295484 3777381.4582980014 762051.1732956 58.2404024154 -0.0298846914 0.8223889693 48.7089098614 8.5768024931 7.5080340112 0.0408368903
12543 309776.3 113.8390548192 34.0903015681 3777382.154991002 762051.9276757 58.2444810867 -0.2653161443 0.7958228318 48.854344201 8.5819519781 7.477327357 0.0540509892
12544 309776.39 113.8390631915 34.0903076256 3777382.848717 762052.6820057 58.2442763159 -0.3495616233 0.7712993083 48.9937650483 8.5800674685 7.4491045804 -0.0348674672
12545 309776.48 113.8390715555 34.0903136515 3777383.538922 762053.4356798 58.2376622176 -0.2150288508 0.6765286007 49.1310566556 8.5632792293 7.4068264006 -0.0665879526
12546 309776.57 113.8390798941 34.0903196362 3777384.224481 762054.1871254 58.2303362256 0.0076345788 0.6214113576 49.2668487905 8.528878132 7.3372044919 -0.0524450156
12547 309776.66 113.8390881929 34.0903255602 3777384.903208 762054.9350872 58.2268068576 0.1613941605 0.6087763186 49.3774837996 8.4773362607 7.2585946705 0.0074211272
12548 309776.75 113.8390964316 34.0903314145 3777385.574039 762055.6777146999 58.2305944739 0.0308870699 0.6162336582 49.4710851823 8.4043391748 7.1653604857 0.096252657
12549 309776.79 113.839100072 34.0903339929 3777385.869528 762056.0058834002 58.2342946716 -0.107076676 0.6547002411 49.5014613932 8.3776612815 7.1286264502 0.0985982561
12550 309776.89 113.8391091041 34.0903403729 3777386.60074 762056.8201383002 58.2406411963 -0.2546680275 0.6444906342 49.577904231 8.2806124308 7.0255929312 0.0345827072
12551 309776.99 113.8391180213 34.0903466648 3777387.321888 762057.6240609002 58.2401169771 -0.263016407 0.5873282181 49.6766989061 8.1699973173 6.9275033234 -0.0196272115
12552 309777.09 113.8391268139 34.0903528526 3777388.031149 762058.4168024 58.2377080228 -0.2731002047 0.5599498565 49.7693493531 8.0559905618 6.8000393175 -0.0111718615
12553 309777.19 113.8391354798 34.0903589298 3777388.727822 762059.1981814 58.2362132724 -0.1671163947 0.6124291305 49.8718312098 7.9405860286 6.6766965523 0.0120357103
12554 309777.29 113.8391440218 34.0903648929 3777389.41151 762059.9684771999 58.2343308143 -0.0534612588 0.6397796772 49.9578267596 7.8197810343 6.5473396617 0.0121945336
12555 309777.39 113.839152425 34.0903707376 3777390.0817 762060.7263203 58.2373012388 -0.096386652 0.6811640414 50.0324887899 7.681898517 6.4182446657 0.0611267226
12556 309777.5 113.8391615052 34.0903770352 3777390.803893 762061.5452775 58.2429534085 -0.2453726873 0.7230707326 50.1010282625 7.5482144286 6.2779702774 0.0365399969
12557 309777.61 113.8391703995 34.0903831962 3777391.510457 762062.347484 58.2414942896 -0.0712266476 0.6921050243 50.1855050066 7.3830620339 6.1426508962 -0.009866031
12558 309777.72 113.839179104 34.0903892127 3777392.20049 762063.1326168 58.2386033516 0.0289227192 0.7316945622 50.2453892609 7.2262795256 5.9829352157 0.0120970044
12559 309777.83 113.8391876033 34.0903950712 3777392.8724589986 762063.8992922 58.243187746 -0.1329116442 0.7194009947 50.3012365809 7.0389516534 5.8308504786 0.0842315482
12560 309777.95 113.8391966348 34.090401285 3777393.58522 762064.7140052 58.2517392077 -0.3701059538 0.8042625938 50.36573252 6.8557614873 5.644507076 0.051464865
12561 309778.07 113.8392054066 34.0904072985 3777394.275099 762065.5053614002 58.2515058378 -0.3294083282 0.7795971372 50.424115692 6.6330548478 5.4693730096 -0.0276439643
12562 309778.19 113.8392138861 34.0904131077 3777394.941549 762066.2703605 58.248999238 -0.3677586191 0.8176197516 50.4808299165 6.419680812 5.2683120067 -0.0158997301
12563 309778.32 113.8392227327 34.0904191489 3777395.63469 762067.0685413 58.2492711954 -0.3194955927 0.8400887695 50.5424941277 6.1566458529 5.0472594819 0.0265368372
12564 309778.45 113.8392311939 34.0904249261 3777396.297538 762067.831947 58.2506548865 -0.244331171 0.7860092283 50.6255749821 5.8725060331 4.8125656436 -0.0082644181
12565 309778.59 113.8392398464 34.0904308231 3777396.974178 762068.6126466999 58.2506248495 -0.1635952835 0.7630800226 50.6977311263 5.5403178141 4.5287059635 0.0193203178
12566 309778.74 113.8392485605 34.0904367287 3777397.651924 762069.3990064 58.254562242 -0.2552440471 0.7775308666 50.7552295952 5.1765302453 4.2147208192 0.0456131191
12567 309778.9 113.8392571733 34.0904425671 3777398.321963 762070.1762185 58.2607242875 -0.4015958167 0.7088903303 50.8186098056 4.7599696431 3.8791547364 0.0263400207
12568 309779.08 113.839266014 34.0904485347 3777399.006922 762070.9740792 58.2636729479 -0.2526493207 0.8031266485 50.8789609356 4.3123896956 3.4834280199 0.0067622663
12569 309779.28 113.8392747635 34.0904544373 3777399.68443 762071.7637116 58.2624427332 -0.3248059948 0.78809209 50.9672051434 3.7783641262 3.0649237899 0.0008668541
12570 309779.51 113.8392833931 34.0904602568 3777400.352407 762072.5425332 58.2688266458 -0.4098879928 0.6699916622 51.0504417935 3.1638925258 2.5551271414 0.0760488657
12571 309779.8 113.8392920764 34.0904660719 3777401.020037 762073.3263351 58.2726947721 -0.2896243059 0.7812803416 51.1555250113 2.3668709451 1.9091861685 -0.0285584121
12572 309780.24 113.839300617 34.0904717843 3777401.675901 762074.0972648001 58.2678648206 -0.0090525924 0.7970303487 51.2634700848 1.2557064644 1.0035776562 -0.0049663916
