13506 309950.4 113.8462418794 34.0870724752 3777042.268218 762725.5012843 57.3233333304 0.1296953895 0.2600175 187.1780274568 -1.0361428617 -8.4054373338 0.0256739846
13507 309950.52 113.8462404995 34.0870633606 3777041.253158 762725.4020595 57.3277723286 0.1170225803 0.1559394301 187.4459611614 -1.0863633026 -8.4336639656 0.028586208
13508 309950.64 113.8462390519 34.0870542151 3777040.23449 762725.2966800998 57.327182902 0.1689102201 0.138628561 187.6911922446 -1.1313210333 -8.4601015328 -0.0096925438
13509 309950.76 113.8462375488 34.0870450326 3777039.211579 762725.186284 57.327096832 0.090933336 0.1818904098 187.9406332311 -1.1845130708 -8.496775554 0.040779865
13510 309950.88 113.8462359793 34.0870358101 3777038.184046 762725.0698843 57.332048622 -0.2218207655 0.2536455603 188.1791838114 -1.2300571705 -8.5418362872 0.0111760185
13511 309951.0 113.8462343523 34.0870265336 3777037.1503800014 762724.9483436 57.3282256946 -0.1806624032 0.3472190287 188.4087837283 -1.2766977856 -8.5940032357 -0.0637497737
13512 309951.12 113.8462326604 34.0870171934 3777036.109488 762724.8210024 57.3172911201 0.0464824976 0.4927357709 188.5975473186 -1.3253480956 -8.6478659479 -0.0620620739
13513 309951.18 113.8462317945 34.0870125063 3777035.587093 762724.7555406 57.3142340248 0.0770602146 0.5778685023 188.6759408542 -1.3375345288 -8.6649767731 -0.0237768518
13514 309951.3 113.8462300403 34.0870031023 3777034.538951 762724.6226498 57.3152842512 -0.0392765326 0.6116164033 188.8451066366 -1.3584144116 -8.7058417383 0.0437568523
13515 309951.42 113.8462282581 34.0869936527 3777033.485678 762724.4873133 57.3157843556 -0.1011925964 0.6116930744 189.0142989721 -1.3834009036 -8.7473514125 -0.0118225208
13516 309951.54 113.8462264325 34.0869841579 3777032.427283 762724.3481064 57.3103987752 0.0121816199 0.5650030004 189.1789704867 -1.418225788 -8.7886290106 -0.0473699891
13517 309951.66 113.8462245651 34.0869746252 3777031.364568 762724.2051559 57.307368475 0.1512351923 0.5748355794 189.3493964871 -1.4455889534 -8.8197593342 0.0064240557
13518 309951.78 113.8462226545 34.0869650532 3777030.297379 762724.0583412 57.3071371149 0.1752081787 0.5814462202 189.5349447004 -1.4880836535 -8.8580144614 0.0052852521
13519 309951.9 113.846220696 34.0869554428 3777029.225808 762723.9072242 57.3093834063 -0.0083059146 0.591154956 189.7275813959 -1.5249891915 -8.8879136883 0.0385910175
13520 309952.02 113.8462186917 34.0869457948 3777028.149944002 762723.7519943 57.3125208914 -0.1332455881 0.6006548223 189.9185276403 -1.5612827499 -8.9279236555 -0.0007821333
13521 309952.13 113.8462168029 34.086936924 3777027.160624 762723.6050236998 57.307488285 -0.0110829801 0.6045014643 190.0955446896 -1.5984521881 -8.957889813 -0.065423047
13522 309952.24 113.8462148761 34.0869280272 3777026.168325 762723.4546216 57.3024222013 0.0080415251 0.6430271693 190.2742148343 -1.6310239055 -8.9775876861 -0.0037598106
13523 309952.29 113.8462139855 34.0869239765 3777025.716497 762723.3849151 57.3032887327 -0.0863844757 0.6695135994 190.3616254927 -1.6509896047 -8.9875217568 0.04064186
13524 309952.4 113.8462119933 34.0869150414 3777024.719783 762723.2285966999 57.306009274 -0.3218576187 0.6570054617 190.5331499045 -1.6765125937 -9.0265029528 0.0084623118
13525 309952.51 113.8462099698 34.0869060701 3777023.718966 762723.0694948002 57.3017689725 -0.2700467322 0.6465482709 190.7188930152 -1.7119567417 -9.0661378689 -0.0755117143
13526 309952.62 113.846207896 34.0868970649 3777022.714261 762722.9058612 57.2921645278 -0.0165114985 0.646102746 190.8960267377 -1.7587450294 -9.098617756 -0.0865360238
13527 309952.73 113.8462057893 34.0868880313 3777021.706317 762722.739269 57.286212123 0.2020991259 0.5440540479 191.07403312 -1.772740129 -9.1191107774 0.0064121026
13528 309952.84 113.8462036459 34.0868789726 3777020.6955019985 762722.5693742 57.2886007782 0.313341821 0.5109290835 191.252395372 -1.8237597297 -9.1411938636 0.0537441013
13529 309952.95 113.8462014531 34.0868698836 3777019.681188 762722.3950045 57.292257661 0.3257085904 0.5016244505 191.4113367562 -1.8501909394 -9.1787171349 0.038703113
13530 309953.06 113.8461992265 34.0868607684 3777018.6638730015 762722.2176042 57.2982909065 0.1143995242 0.4660672589 191.5895399231 -1.8880962521 -9.20750643 0.0611037403
13531 309953.17 113.846196957 34.0868516259 3777017.643433 762722.0363216 57.3021657132 -0.0933337666 0.4827688121 191.7336347904 -1.9219874097 -9.2388684282 0.0041040412
13532 309953.28 113.8461946402 34.086842449 3777016.619044998 762721.8507710998 57.2991682356 -0.0661127149 0.5627698754 191.8938993973 -1.965243353 -9.2733684555 -0.0503258164
13533 309953.39 113.8461922847 34.08683324 3777015.590995 762721.66176 57.292581995 0.2617963306 0.4777723604 192.055288583 -1.9824457546 -9.307550996 -0.030302126
13534 309953.5 113.8461899092 34.086823996 3777014.559011 762721.4710005998 57.2912558354 0.3628510518 0.4487335434 192.2453121937 -2.0194572949 -9.3382083469 0.0249730809
13535 309953.61 113.8461874762 34.0868147327 3777013.524742 762721.2749925 57.2989679389 0.0112643511 0.4207465811 192.4024500615 -2.0555410966 -9.3582647384 0.1061536611
13536 309953.72 113.8461850137 34.0868054387 3777012.486984 762721.0763539 57.3065195261 -0.2900758411 0.3331802826 192.5907821953 -2.0807567309 -9.3935765262 -0.0057530406
13537 309953.83 113.8461824979 34.0867961088 3777011.445103 762720.8729101 57.2966430774 0.0501219226 0.3289673406 192.759159114 -2.1399112851 -9.4281202985 -0.1272094341
13538 309953.94 113.8461799308 34.0867867526 3777010.400176 762720.6648094 57.2854492292 0.448009359 0.2648877485 192.9203365717 -2.1611530256 -9.4433304577 -0.0034898952
13539 309954.05 113.8461773401 34.0867773795 3777009.353311 762720.4545795999 57.2941350294 0.3093540826 0.2854513347 193.1090750851 -2.195695862 -9.4597716076 0.0987084004
13540 309954.16 113.8461747069 34.0867679875 3777008.304243 762720.2404914 57.3022512449 0.2553885723 0.3022769991 193.2936470834 -2.2456048468 -9.4989932543 0.046433623
13541 309954.27 113.8461720431 34.086758566 3777007.251816 762720.0236561998 57.2993068304 0.6043484898 0.2723879392 193.4954541402 -2.2714668862 -9.5054447965 -0.0884995097
13542 309954.34 113.8461703131 34.0867525617 3777006.581029 762719.8824897 57.2999389228 0.6428642025 0.2676053738 193.5892925684 -2.30932499 -9.5154127524 0.00738609
13543 309954.45 113.8461675612 34.0867431201 3777005.526144 762719.6575803 57.3099683411 0.4005432907 0.2654742017 193.7327357661 -2.3263500262 -9.5355853906 0.1271781315
13544 309954.56 113.8461647859 34.0867336448 3777004.467463 762719.430625 57.3171267603 0.3292406497 0.2738864817 193.8827971797 -2.3611236136 -9.5772722681 0.0595174125
13545 309954.67 113.8461619678 34.0867241489 3777003.406385 762719.1997766999 57.3168698652 0.4515063573 0.1723323743 194.0246634102 -2.3830554657 -9.5897612466 0.0761583718
13546 309954.78 113.8461591268 34.0867146332 3777002.343053 762718.9668809 57.3278095946 0.0959635094 0.1420015083 194.1517951399 -2.4112430751 -9.611816814 0.0896547226
13547 309954.89 113.84615624 34.0867050869 3777001.276208 762718.7298488001 57.3321330184 -0.0941459674 0.099790484 194.2803881523 -2.4530149654 -9.6471318912 -0.0114336538
13548 309955.0 113.8461533163 34.0866955102 3777000.205894 762718.4895057 57.3274913197 0.0077021757 0.1233749716 194.4039831366 -2.4827316938 -9.6731269799 -0.043789541
13549 309955.1 113.8461506102 34.0866867701 3776999.228982 762718.2666558 57.322816981 0.0574421531 0.1777402992 194.5182517985 -2.5210603281 -9.7038402264 -0.038034025
13550 309955.2 113.846147869 34.0866780063 3776998.249348 762718.0406476 57.3222650662 -0.0356104249 0.2310455285 194.6311054475 -2.541946081 -9.7325658528 0.0250464508
13551 309955.3 113.8461450998 34.0866692155 3776997.26664 762717.8121356 57.3233482689 -0.1729222311 0.2678817408 194.7540317963 -2.5720287908 -9.7651343708 -0.0003776956
13552 309955.4 113.8461422984 34.0866603966 3776996.280747 762717.5807441 57.3204844035 -0.2159608002 0.2991962743 194.8723701727 -2.6046022403 -9.7915459217 -0.04246006
13553 309955.41 113.8461420165 34.0866595128 3776996.181932 762717.5574475002 57.3198933778 -0.2154579248 0.3007995709 194.8835682611 -2.6062816288 -9.7999419735 -0.0533705884
13554 309955.51 113.8461391795 34.0866506623 3776995.192436 762717.3228576 57.313699293 -0.22221033 0.33186186 194.9996376608 -2.6361196349 -9.8268676547 -0.04936546
13555 309955.61 113.8461363127 34.0866417873 3776994.200132 762717.0855949002 57.3089037463 -0.1131756178 0.3077721236 195.1171784345 -2.6624702045 -9.8562021682 -0.051730609
13556 309955.71 113.8461334148 34.0866328819 3776993.204387 762716.8455522 57.3013987653 0.095823114 0.332733155 195.2411419502 -2.6933546514 -9.8873926147 -0.076826789
13557 309955.81 113.8461304809 34.0866239563 3776992.206298 762716.6022468002 57.2975278338 0.1374557777 0.3185231504 195.3673375238 -2.7225094983 -9.9063136469 0.0212363083
13558 309955.91 113.8461275226 34.0866150107 3776991.205931 762716.3567553002 57.3027206706 -0.0672141167 0.2960423626 195.4981306897 -2.7444684394 -9.9355942676 0.022546116
13559 309956.01 113.8461245277 34.0866060403 3776990.202725 762716.1079634 57.3010966452 -0.0274089647 0.2848316607 195.6504459268 -2.785311216 -9.9544912629 -0.049622696
13560 309956.11 113.8461214896 34.0865970502 3776989.197204 762715.855234 57.295601937 0.1010814901 0.2900861958 195.8019165012 -2.8183055621 -9.9827171972 -0.0412464084
13561 309956.21 113.8461184112 34.086588042 3776988.189583998 762715.598846 57.2953656297 0.0685769762 0.2943804413 195.9562121723 -2.8635451059 -9.9997054307 0.0259749855
13562 309956.31 113.8461152925 34.0865790127 3776987.179522 762715.3388 57.2974824998 -0.0823692414 0.3133936756 196.0977551859 -2.8895907027 -10.0255174677 0.0189123642
13563 309956.41 113.8461121367 34.0865699596 3776986.16671 762715.0754079 57.2973692492 -0.1155856353 0.3123704509 196.2616696271 -2.9307876502 -10.0532649609 -0.0267397032
13564 309956.44 113.8461111823 34.0865672392 3776985.862352 762714.9956901999 57.2964784894 -0.1028190665 0.3066891445 196.310225022 -2.941219262 -10.060576359 -0.0328907566
13565 309956.54 113.8461079799 34.0865581541 3776984.845875 762714.7280915 57.2917528516 0.0378635928 0.2696483399 196.4679280693 -2.9673429648 -10.0910830117 -0.0536871497
13566 309956.64 113.8461047378 34.0865490486 3776983.827038 762714.4568849 57.2887053378 0.1021488131 0.2395177614 196.6303895278 -3.0147999781 -10.1066216176 0.0055332576
13567 309956.74 113.8461014516 34.0865399287 3776982.806479 762714.181649 57.2923886795 -0.1446423867 0.2338255548 196.7800126466 -3.049338341 -10.1238570239 0.0541274287
13568 309956.84 113.8460981267 34.0865307886 3776981.7835800014 762713.9029066 57.2933091419 -0.1904597847 0.2340278952 196.9421322819 -3.0929295021 -10.1493917647 -0.045017215
13569 309956.94 113.8460947568 34.0865216266 3776980.758144 762713.6200813 57.2855297634 0.1388421895 0.2773673258 197.0906143231 -3.1251688682 -10.1700840469 -0.0925406894
13570 309957.04 113.846091348 34.086512447 3776979.730647 762713.33371 57.2802504441 0.3443613764 0.2741789071 197.2529806243 -3.1618462126 -10.1882826211 0.0116212047
13571 309957.14 113.8460879069 34.0865032547 3776978.701662 762713.0444 57.2870872393 0.1570383349 0.2873104463 197.4222670609 -3.1873959162 -10.2019600131 0.1130695597
13572 309957.24 113.8460844227 34.0864940463 3776977.670780998 762712.7511568002 57.29429881 -0.0369496784 0.2798168147 197.592707449 -3.2322764334 -10.2183382609 0.0218151318
13573 309957.34 113.8460808933 34.086484821 3776976.637896 762712.4537989 57.2930205502 0.0252341265 0.2693753577 197.7539924149 -3.2806103419 -10.2364625005 -0.0440358922
13574 309957.37 113.8460798263 34.0864820491 3776976.3275339985 762712.3638475002 57.2912796494 0.1573403928 0.254461956 197.80054157 -3.2855447984 -10.2527079902 -0.0494607523
13575 309957.47 113.8460762435 34.0864728055 3776975.29249 762712.061612 57.2879824406 0.1956344272 0.2535098001 197.9673949469 -3.3228507053 -10.2528554254 0.0084254422
13576 309957.57 113.8460726233 34.0864635547 3776974.256553 762711.75594 57.2922382103 0.026737381 0.2936376708 198.1229701694 -3.3460933549 -10.261468059 0.0344270147
13577 309957.67 113.8460689634 34.0864542941 3776973.219428 762711.4466421 57.294391091 0.0116986713 0.2769060047 198.2884910084 -3.4001632688 -10.2636631195 -0.0077896377
13578 309957.77 113.8460652696 34.0864450247 3776972.1812309986 762711.1342343 57.2926947102 0.1101993221 0.2259991752 198.4367759873 -3.4184609515 -10.2789769018 0.021810009
13579 309957.87 113.8460615422 34.0864357512 3776971.142499 762710.8187385 57.2942972407 0.0505957679 0.2550343341 198.5723496969 -3.4670041971 -10.2869180422 0.055883793
13580 309957.97 113.8460577753 34.0864264752 3776970.103385 762710.4995963002 57.2961816201 -0.086340311 0.2744935773 198.6990267433 -3.4837857206 -10.295344785 0.0066364896
13581 309958.07 113.8460539763 34.0864171775 3776969.061777 762710.1775691 57.2935680552 -0.1443637337 0.2769650356 198.8458810044 -3.5161194912 -10.3090356632 -0.0396540891
13582 309958.17 113.8460501355 34.0864078575 3776968.017594 762709.851747 57.2870937185 -0.1150787233 0.2850970942 198.9759162527 -3.5479893687 -10.315200205 -0.044688543
13583 309958.27 113.8460462641 34.0863985307 3776966.972571 762709.5231123 57.2822593749 -0.2000575597 0.3080671919 199.114884186 -3.5753295214 -10.3238728064 -0.0195170663
13584 309958.35 113.8460431439 34.0863910668 3776966.136224 762709.2580858001 57.2799798502 -0.2772744468 0.3179782053 199.2261278226 -3.6039272466 -10.330325377 -0.0109198435
13585 309958.45 113.8460392164 34.0863817289 3776965.089821 762708.9243198001 57.2743475679 -0.1556119563 0.295173711 199.3701436042 -3.6279294772 -10.33969601 -0.0595610589
13586 309958.55 113.8460352518 34.0863723862 3776964.042805 762708.587129 57.2653862014 0.0865507819 0.3114554582 199.5125764035 -3.6706782496 -10.3381559162 -0.0620444579
13587 309958.65 113.8460312561 34.0863630441 3776962.995758 762708.2470771 57.2635133416 0.2038223482 0.2885453194 199.6590950612 -3.6846273221 -10.3380432623 0.05060145
13588 309958.75 113.846027233 34.0863537012 3776961.948559 762707.9044859002 57.2664437732 0.2708530327 0.228309109 199.8344851836 -3.7168017266 -10.34122059 0.0473387656
13589 309958.85 113.8460231763 34.0863443561 3776960.901036 762707.5588045998 57.2688633641 0.3057686592 0.1560150927 200.0225429295 -3.7511441128 -10.3375497472 0.0568581248
13590 309958.95 113.8460190778 34.0863350158 3776959.853929 762707.2092547 57.2742348695 0.1573490599 0.1197580103 200.2038012244 -3.7957087144 -10.3365240028 0.0851451285
13591 309959.05 113.8460149378 34.0863256757 3776958.8067480014 762706.8558584001 57.276678768 0.0801128726 0.0830623844 200.3863694022 -3.8372267645 -10.3501095545 0.0242850455
13592 309959.15 113.8460107634 34.086316347 3776957.760734 762706.4992629002 57.2747222772 0.0442148806 0.0639842907 200.5654717416 -3.8758800892 -10.3400437848 2.35687e-05
13593 309959.22 113.8460078158 34.0863098158 3776957.028344 762706.2472861 57.2733148718 -0.0378406675 0.1003986919 200.6850009264 -3.8997036745 -10.3433798895 0.0116919973
13594 309959.32 113.8460035669 34.0863004865 3776955.982067 762705.8838101 57.2712780843 -0.0908493856 0.1022564695 200.8613678776 -3.942859423 -10.3441224312 -0.016024604
13595 309959.42 113.8459992795 34.0862911554 3776954.935505002 762705.5167870999 57.2676668707 -0.1254253977 0.1152295359 201.0394235029 -3.9692941857 -10.344253817 -0.0269439896
13596 309959.52 113.845994956 34.0862818211 3776953.88849 762705.1464294002 57.2620556615 -0.0887525098 0.0898940929 201.2288034311 -4.0066479428 -10.3447545368 -0.0412780262
13597 309959.61 113.845991028 34.0862734191 3776952.945956 762704.8097128002 57.2585985772 -0.1412236848 0.0813089048 201.3882220663 -4.0433819513 -10.3507690942 -0.0159925208
13598 309959.7 113.8459870682 34.0862650166 3776952.003285 762704.4700648001 57.2553110486 -0.1618401977 0.0919006939 201.5655814238 -4.0804020108 -10.348101397 -0.0071095603
13599 309959.79 113.8459830688 34.0862566119 3776951.060265 762704.1267640998 57.2507503787 -0.1825735745 0.0964484513 201.7289866553 -4.114321754 -10.3564089413 -0.0603336788
13600 309959.88 113.8459790342 34.0862482052 3776950.116933 762703.7802245999 57.2445262363 -0.1456206756 0.1001444375 201.8957346965 -4.1577025817 -10.3491700274 -0.0440506066
13601 309959.97 113.845974963 34.0862397992 3776949.173585 762703.4302981 57.239869738 -0.1664405731 0.1508539902 202.0514500559 -4.1915034242 -10.3496508746 -0.0238857665
13602 309960.06 113.8459708556 34.08623139 3776948.2297910014 762703.0770415999 57.2351473523 -0.1246556201 0.219045148 202.2135261688 -4.2306266014 -10.3634092605 -0.0517746245
13603 309960.15 113.8459667107 34.0862229798 3776947.285785 762702.7203235 57.2290001484 0.0223576527 0.1898224536 202.3719882564 -4.2617488954 -10.3564644911 -0.0421445418
13604 309960.24 113.8459625395 34.0862145672 3776946.341448 762702.361187 57.2244985569 0.0994544419 0.2038755739 202.5325907984 -4.2928776236 -10.3619277081 0.0167262857
13605 309960.33 113.8459583364 34.0862061591 3776945.39753 762701.9990927 57.2246747296 0.047904912 0.1917627142 202.6882338636 -4.3253585175 -10.3529981849 0.0299023198
13606 309960.42 113.8459541022 34.0861977483 3776944.453237 762701.634129 57.2248122301 -0.1554524777 0.1930465287 202.8506244115 -4.352181832 -10.3602857355 -0.0101543245
13607 309960.51 113.845949835 34.0861893387 3776943.508981 762701.2661105 57.2216419568 -0.1683167554 0.1847373111 203.0147006307 -4.3960509172 -10.354540958 -0.0216030003
13608 309960.6 113.8459455269 34.0861809286 3776942.5645699985 762700.8943236 57.2151818788 -0.0787105509 0.2351805382 203.147390604 -4.4329882583 -10.3645374123 -0.0689637332
13609 309960.69 113.8459411859 34.0861725191 3776941.620142 762700.5195037 57.2072066786 0.1406873705 0.3137710194 203.2705147257 -4.4630745339 -10.3539842267 -0.0414365225
13610 309960.78 113.8459368164 34.0861641136 3776940.676094 762700.1420295 57.2053755429 0.1465004575 0.3366309254 203.3680213376 -4.4863409406 -10.3560180829 0.0278449591
13611 309960.87 113.8459324342 34.0861557051 3776939.731665 762699.7633973 57.2067405507 0.1166275785 0.3546717198 203.4760665564 -4.4998549762 -10.3550487928 0.0619890831
13612 309960.96 113.8459280313 34.0861472941 3776938.78691 762699.3828588 57.2078659888 0.0310617007 0.3603931774 203.5717697668 -4.5250378285 -10.3606084996 0.0330188021
13613 309961.02 113.845925087 34.0861416846 3776938.156807 762699.1283351999 57.2076927731 -0.0475808901 0.3680235904 203.6383536665 -4.5322825956 -10.3643600761 0.0094373204
13614 309961.11 113.8459206478 34.0861332664 3776937.211163 762698.7444689 57.2061380884 -0.0694236892 0.3136188617 203.7375756883 -4.5610873216 -10.3755451339 0.0113143471
13615 309961.2 113.8459161851 34.0861248462 3776936.265238 762698.35844 57.2031003088 -0.1091352815 0.3063078807 203.8264302326 -4.584036281 -10.3741119798 -0.0221374166
13616 309961.29 113.8459116971 34.086116421 3776935.3186800014 762697.9700861 57.1979346396 -0.1411102843 0.2879361998 203.92493333 -4.6098276579 -10.3800900746 -0.0347190563
13617 309961.38 113.8459071882 34.086107993 3776934.371774 762697.5798141998 57.1928249141 -0.1745894586 0.3028254154 204.0210502958 -4.6288735543 -10.3844757066 -0.0399533892
13618 309961.47 113.8459026548 34.0860995605 3776933.424301 762697.1872891998 57.1876330972 -0.2108731829 0.3487722145 204.1264452218 -4.6547344347 -10.3844686681 -0.0610970905
13619 309961.56 113.8458980963 34.0860911252 3776932.476442 762696.7924559 57.1805994967 -0.1432610308 0.3281373564 204.2292151672 -4.6784736156 -10.3923618235 -0.0557558612
13620 309961.65 113.8458935187 34.0860826865 3776931.5281629986 762696.3958768002 57.1756676352 -0.1698032764 0.3575386867 204.3517244353 -4.7015456381 -10.3919787475 -0.0032240099
13621 309961.74 113.8458889131 34.0860742488 3776930.579923 762695.996704 57.1722917808 -0.2104753875 0.3267071169 204.4786050545 -4.7353399336 -10.3979294613 -0.0203958838
13622 309961.83 113.8458842822 34.0860658079 3776929.631268 762695.5952011 57.1666030195 -0.1446644305 0.3367646598 204.6339036313 -4.7566319769 -10.4008553543 -0.0469762928
13623 309961.92 113.8458796169 34.0860573685 3776928.682688 762695.1905198002 57.1594546679 -0.0596002459 0.3480118202 204.7880867286 -4.7996381821 -10.3915714624 -0.0709396393
13624 309961.99 113.8458759635 34.086050804 3776927.944782 762694.8734799 57.1547527798 0.0516700873 0.3436918621 204.8997095576 -4.8263154877 -10.4041676283 -0.05499424
13625 309962.08 113.8458712389 34.0860423657 3776926.996164 762694.4633148 57.1509386469 0.1223829662 0.3601270418 205.0573626032 -4.857800984 -10.3910895578 0.0048864112
13626 309962.17 113.8458664793 34.0860339294 3776926.047686 762694.0499256 57.1503399229 0.0027992457 0.3880879283 205.2051510762 -4.891255991 -10.3865988682 0.0364568527
13627 309962.26 113.8458616912 34.0860254961 3776925.099467 762693.6338845 57.1516255932 -0.0862239626 0.3890684371 205.3587299789 -4.9261250067 -10.3848237513 0.0335902959
13628 309962.35 113.845856868 34.0860170646 3776924.151364 762693.2145995 57.1473031165 -0.0581250701 0.4327647476 205.5039447814 -4.9572346692 -10.3813877955 -0.0544822586
13629 309962.44 113.8458520123 34.0860086327 3776923.203122 762692.7923179 57.1401672699 0.0215820604 0.4667661368 205.6600521422 -4.98353685 -10.3771698858 -0.0519907834
13630 309962.53 113.8458471288 34.0860002056 3776922.255338 762692.3674473 57.1370629678 0.0925005122 0.46050342 205.813650359 -5.0152686693 -10.3746917764 0.0401196855
13631 309962.62 113.8458422146 34.0859917828 3776921.307962 762691.9397349 57.1371315708 0.0518159514 0.4747325197 205.9687932572 -5.049310212 -10.3691245574 0.0302676311
13632 309962.71 113.8458372681 34.0859833641 3776920.360962 762691.5090216999 57.1366768666 -0.0448514345 0.480547122 206.1141213558 -5.0799062913 -10.3616703364 -0.0019440474
13633 309962.8 113.8458322926 34.0859749456 3776919.4139 762691.0756319 57.1348269964 -0.0485665735 0.4919082779 206.2571403509 -5.1107817339 -10.3707085624 -0.0043235896
13634 309962.85 113.8458295164 34.0859702694 3776918.887806 762690.833749 57.132912389 0.0121541327 0.4838099292 206.3391206159 -5.1281811835 -10.3657897687 0.0019352953
13635 309962.94 113.8458244927 34.085961855 3776917.941082 762690.3959011 57.1292443583 0.0624148222 0.4907294894 206.4772535346 -5.1603024678 -10.3637702996 -0.0043883949
13636 309963.03 113.8458194418 34.0859534443 3776916.99469 762689.9555235 57.1284238109 -0.0560616383 0.5122575733 206.6277613484 -5.1870949966 -10.3532387573 0.0314378037
13637 309963.12 113.845814355 34.0859450369 3776916.048573 762689.511822 57.1284022657 -0.1079831492 0.5421160888 206.7691865165 -5.2283041528 -10.3553221121 -0.0118997612
13638 309963.21 113.8458092352 34.0859366297 3776915.1024 762689.0650750998 57.124615863 0.026839579 0.5558724433 206.9137264301 -5.2593518912 -10.3529026592 -0.0291024834
13639 309963.3 113.8458040856 34.0859282276 3776914.156708 762688.6155641 57.1209331872 0.0728925376 0.5778411602 207.0615741469 -5.2884547183 -10.3435576153 -0.0105921389
13640 309963.39 113.8457989122 34.0859198274 3776913.211173 762688.1638447 57.1212045858 -0.0013486867 0.5260869836 207.2155878457 -5.3076062475 -10.3428034085 0.0241018994
13641 309963.48 113.8457937104 34.08591143 3776912.2658730014 762687.7094946 57.1219706582 -0.0479981206 0.4953923705 207.3721300338 -5.3496371895 -10.3377741 -0.0085122447
13642 309963.57 113.8457884754 34.0859030356 3776911.3208199986 762687.2520675 57.120149849 -0.0393062722 0.4456762191 207.5323685356 -5.3740972332 -10.3402858304 -0.016454028
13643 309963.66 113.8457832095 34.0858946452 3776910.376134 762686.7917776 57.1177918473 -0.0372210008 0.4074892462 207.6908234243 -5.4183998515 -10.3273568873 -0.025736866
13644 309963.7 113.8457808565 34.0858909172 3776909.956366 762686.586034 57.1170267733 -0.0848812696 0.4141675557 207.7580686693 -5.433404217 -10.3315154591 -0.0132369062
13645 309963.79 113.8457755389 34.0858825326 3776909.01218 762686.1209548998 57.1141379811 -0.0677410724 0.3844867086 207.9096047136 -5.4646630727 -10.3257823047 -0.0221314365
13646 309963.88 113.8457701877 34.0858741531 3776908.068491 762685.6527524998 57.1113052508 -0.0191120917 0.3930515347 208.0631758165 -5.4954305263 -10.3188906113 -0.0230701899
13647 309963.97 113.8457648059 34.0858657773 3776907.125118 762685.1817129 57.1089651873 0.0340028576 0.3928518754 208.2278276837 -5.535063064 -10.3127637992 -0.009086603
13648 309964.06 113.8457593933 34.0858574069 3776906.182278 762684.7078144 57.1066506868 0.1476547649 0.3242000368 208.3867668927 -5.5598515357 -10.3068591143 0.0004969746
13649 309964.15 113.8457539533 34.0858490398 3776905.239725 762684.2313816 57.1070442358 0.0522058048 0.3145096822 208.5511469883 -5.5941670556 -10.3004715209 0.024543737
13650 309964.24 113.8457484777 34.085840683 3776904.298228 762683.7516226999 57.1089262916 -0.1642862524 0.2858588232 208.7021366416 -5.6314839394 -10.2850360479 0.010730678
13651 309964.33 113.8457429689 34.0858323283 3776903.356881 762683.2687868 57.1069804952 -0.253724111 0.2951649003 208.8630192855 -5.6628012664 -10.2892878728 -0.0462907178
13652 309964.42 113.8457374224 34.0858239782 3776902.415944 762682.7824618 57.0998116806 -0.1337561136 0.3243343671 209.0182860452 -5.7090025422 -10.2805341462 -0.0963512999
13653 309964.51 113.845731842 34.0858156342 3776901.4755980014 762682.2929946998 57.0914170807 0.042601324 0.344448937 209.1771938286 -5.7306601093 -10.2732847972 -0.0522609692
13654 309964.54 113.8457299755 34.0858128548 3776901.1623410014 762682.1292391 57.0898574665 0.1003877961 0.3316596094 209.2336638073 -5.7454270485 -10.2717130566 -0.0210739387
13655 309964.63 113.8457243573 34.0858045195 3776900.222867 762681.6362435998 57.0884291809 0.1880673358 0.3598591663 209.3974343206 -5.7735694829 -10.2594166556 0.0039967792
13656 309964.72 113.8457187029 34.0857961906 3776899.284004 762681.1398970998 57.0897168024 0.2281128927 0.3385870181 209.5649720646 -5.8131679937 -10.256586936 0.0406290345
13657 309964.81 113.8457130195 34.0857878667 3776898.345626 762680.6408418 57.0924194036 0.2622345805 0.2774590032 209.7428606824 -5.8445370645 -10.2535738015 0.0612442218
13658 309964.9 113.8457072979 34.0857795478 3776897.407698 762680.138258 57.095970503 0.1550391435 0.2986214144 209.9158244676 -5.8872548905 -10.2475206607 0.0342020571
13659 309964.99 113.8457015356 34.0857712359 3776896.470439 762679.6318809 57.0983957499 0.0013308839 0.302206122 210.083128984 -5.9283152841 -10.2373301049 0.0265863582
13660 309965.08 113.8456957343 34.0857629265 3776895.533365 762679.1219028 57.0990084512 -0.1513375171 0.3576117241 210.2518345194 -5.9680441834 -10.2390407787 -0.0125998134
13661 309965.17 113.8456898911 34.0857546232 3776894.596858 762678.6080415 57.0969692115 -0.2175030063 0.3975932098 210.4172704765 -6.0168805408 -10.2350683595 -0.0179261208
13662 309965.26 113.8456840075 34.085746321 3776893.660371 762678.0904394 57.0917351302 -0.0901927205 0.4556428287 210.5850425697 -6.0563400767 -10.2319265488 -0.0692313891
13663 309965.34 113.8456787456 34.0857389411 3776892.827836 762677.6273915998 57.085698247 0.0778009662 0.4766052478 210.7400143505 -6.083907978 -10.2316050288 -0.0715882608
13664 309965.43 113.8456727936 34.0857306424 3776891.891565 762677.10346 57.0834468193 0.1709889671 0.5059130799 210.9159288789 -6.1208801092 -10.2212926609 0.0346470772
13665 309965.52 113.8456668059 34.0857223493 3776890.955819 762676.5762239002 57.0872201687 0.060322662 0.5443876525 211.0901742595 -6.1581995857 -10.2159989536 0.0478945742
13666 309965.61 113.8456607725 34.0857140595 3776890.020321 762676.044753 57.0898708235 -0.0354777869 0.6053535357 211.2568341832 -6.2054699068 -10.217003942 -0.0025695109
13667 309965.7 113.8456546997 34.0857057705 3776889.084816002 762675.5096339 57.0879848683 0.1016473203 0.6007850157 211.4303670256 -6.2467256547 -10.2139467425 -0.0338678072
13668 309965.79 113.8456485874 34.0856974808 3776888.14913 762674.9708776998 57.0859747892 0.1761782881 0.6084965594 211.5905244033 -6.2839767486 -10.2182930233 0.0035780738
13669 309965.88 113.8456424395 34.0856891942 3776887.213688 762674.4288281 57.0887725623 0.0097873318 0.6253972877 211.7534631426 -6.3280209791 -10.2144946835 0.0775561458
13670 309965.97 113.8456362552 34.0856809077 3776886.27817 762673.8834051 57.093321261 -0.2956471398 0.580586489 211.9078268566 -6.3574561031 -10.2205780996 0.0078029387
13671 309966.06 113.8456300313 34.0856726058 3776885.340847 762673.3343841998 57.0879623331 -0.2955115024 0.5802177387 212.06662683 -6.4094234276 -10.2343380534 -0.1210645222
13672 309966.15 113.8456237597 34.0856642918 3776884.402047 762672.7809975998 57.0769885685 -0.1257441747 0.5438422504 212.1997632934 -6.4411407891 -10.2275697318 -0.1156372882
13673 309966.16 113.8456230612 34.0856633679 3776884.297715 762672.719357 57.0757851014 -0.0961957163 0.5361097632 212.2148718009 -6.4412266955 -10.2287692056 -0.1112833254
13674 309966.25 113.8456167528 34.0856550519 3776883.358603 762672.1625679 57.0690398878 -0.0028899735 0.5444860142 212.3536913064 -6.4814060114 -10.232834743 -0.0194167959
13675 309966.34 113.845610407 34.0856467378 3776882.4196129986 762671.6023276999 57.0676293997 -0.0053943681 0.556881719 212.4898789783 -6.5194053501 -10.2305850368 0.0279085442
13676 309966.43 113.845604031 34.0856384222 3776881.480362002 762671.0392965 57.0683161737 0.0212289131 0.4970075506 212.6414345007 -6.5521818264 -10.239716513 0.0267432656
13677 309966.52 113.8455976223 34.0856301039 3776880.540742 762670.4732641998 57.0673197964 0.1101874429 0.463346756 212.7890072839 -6.5844082808 -10.2325476778 -0.0091624763
13678 309966.61 113.8455911782 34.085621785 3776879.600957 762669.903955 57.065739465 0.143761435 0.4071630667 212.9361478059 -6.6182679307 -10.235531161 -0.0175901872
13679 309966.7 113.8455846984 34.085613469 3776878.661404 762669.3313401 57.0663002022 0.2102049753 0.3915176653 213.0858519654 -6.661964485 -10.2289704391 0.0252298331
13680 309966.79 113.8455781807 34.0856051551 3776877.721987 762668.7552261 57.0682124849 0.1535254611 0.3278879516 213.2500324186 -6.6905867918 -10.22666097 0.0520132473
13681 309966.88 113.8455716272 34.0855968458 3776876.782998 762668.1757931 57.0719876671 0.0139451436 0.3442704478 213.4251538895 -6.7386190698 -10.2201438662 0.0446023544
13682 309966.97 113.8455650279 34.0855885393 3776875.844185 762667.5921115 57.0728071602 -0.0700622542 0.3427448333 213.6018308064 -6.781021134 -10.2160513263 0.0055381048
13683 309967.0 113.8455628187 34.0855857719 3776875.531393 762667.3966806 57.0721806083 -0.1123194903 0.3558609754 213.6586704687 -6.7938111234 -10.2139538749 -0.0274758242
13684 309967.09 113.8455561614 34.0855774767 3776874.593692 762666.8076130998 57.0685372055 -0.1394287508 0.3935819741 213.8138240974 -6.8439761718 -10.2122847354 -0.0420186378
13685 309967.18 113.8455494696 34.0855691878 3776873.6566 762666.2153485 57.064220014 -0.1439259258 0.4457646225 213.9665234941 -6.8826987423 -10.2127953269 -0.040217925
13686 309967.27 113.8455427351 34.0855608998 3776872.719493 762665.6191318001 57.0583727127 -0.0114847969 0.4679848848 214.1104983187 -6.9234433377 -10.212231617 -0.0525756254
13687 309967.36 113.8455359762 34.0855526099 3776871.782128 762665.0206678002 57.0550210066 0.0374580568 0.4095116378 214.276990686 -6.941216089 -10.2156197622 -0.0143704451
13688 309967.45 113.8455291836 34.0855443201 3776870.84468 762664.4190865 57.0548292976 0.0237624723 0.3642927146 214.4370959102 -6.9864576575 -10.2087908136 0.0316255778
13689 309967.54 113.8455223549 34.0855360339 3776869.9075339986 762663.8141696 57.0562603902 -0.1227200832 0.3063966651 214.5923323719 -7.0168684243 -10.2056456284 0.0279619464
13690 309967.63 113.8455154831 34.0855277489 3776868.970411 762663.2052644 57.0549142519 -0.1779634489 0.2861324964 214.7327824516 -7.0707763961 -10.2045844164 -0.0392408177
13691 309967.72 113.8455085698 34.0855194669 3776868.033523 762662.5925189 57.0499976305 -0.1500099632 0.280546174 214.8643659839 -7.1070298381 -10.2021418086 -0.0701823773
13692 309967.8 113.8455023922 34.0855121047 3776867.200599 762662.0448608 57.04474233 -0.0518147795 0.3281009083 214.9783143065 -7.1427043243 -10.2041231903 -0.0521922531
13693 309967.89 113.8454954101 34.0855038233 3776866.263597 762661.425769 57.0407654131 0.0109060734 0.3388098608 215.1044708417 -7.1839163904 -10.2115097627 -0.0259871409
13694 309967.98 113.845488398 34.0854955451 3776865.326867 762660.8038888002 57.0397891579 0.0710748864 0.3465791992 215.2333258546 -7.2077631407 -10.2043469128 0.0352227245
13695 309968.06 113.845482143 34.0854881871 3776864.494215 762660.2490715998 57.0409539696 -0.0112095062 0.3430961648 215.352090955 -7.231713052 -10.203468907 0.0088035798
13696 309968.14 113.8454758611 34.0854808326 3776863.6618699986 762659.6917574998 57.0406603254 0.0433834779 0.3490090089 215.4692257024 -7.2699780431 -10.1952686203 0.0078506653
13697 309968.22 113.8454695557 34.0854734778 3776862.829443 762659.132279 57.0384570239 0.030351866 0.3096053333 215.6008866712 -7.2832345986 -10.1893563637 -0.0154791644
13698 309968.3 113.8454632242 34.0854661244 3776861.997103 762658.5703794 57.037511359 -0.0487969449 0.2646050077 215.729533934 -7.3230066272 -10.18870909 0.0021305609
13699 309968.38 113.8454568634 34.0854587738 3776861.164989 762658.0057714 57.0360371396 -0.0730986784 0.2798091639 215.8597679635 -7.3577212826 -10.1890671549 -0.0106417547
13700 309968.46 113.8454504701 34.0854514278 3776860.333302 762657.4381433 57.0320668817 0.0383531911 0.2616215216 215.990121719 -7.3953868861 -10.1826311477 -0.061437881
13701 309968.54 113.8454440483 34.0854440832 3776859.501708 762656.8678852 57.0286849998 0.129081203 0.2510514109 216.1295811783 -7.4272267818 -10.1855749037 -0.0079567275
13702 309968.62 113.8454376013 34.0854367437 3776858.670615 762656.2952825 57.0283881202 0.158590327 0.2518259674 216.2758564483 -7.4598017684 -10.1700846505 0.0152834855
13703 309968.66 113.8454343655 34.0854330769 3776858.255357 762656.0078316998 57.029336445 0.1322371222 0.2517862511 216.3444390139 -7.47599371 -10.1655729464 0.0422868777
13704 309968.74 113.845427874 34.0854257458 3776857.425082 762655.4310955999 57.0321416156 0.0120740616 0.2524177926 216.4918891165 -7.5056693307 -10.1600706706 0.0336998174
13705 309968.82 113.8454213524 34.085418419 3776856.595201 762654.8515641999 57.0326061333 0.0160352898 0.2408882118 216.6441517246 -7.5483608065 -10.157461398 0.000117248
13706 309968.9 113.8454147973 34.0854110971 3776855.765775 762654.268921 57.0306046912 0.0191292444 0.2216086559 216.7913860157 -7.5818222408 -10.147291613 -0.0246617193
13707 309968.98 113.8454082148 34.0854037821 3776854.93705 762653.683737 57.0281955162 0.1154831017 0.1708409177 216.9380051662 -7.6160757958 -10.1375023219 -0.0174578893
13708 309969.06 113.8454015955 34.085396474 3776854.108995 762653.0951226 57.0263058646 0.2272369514 0.1949471832 217.0894297763 -7.6482139628 -10.1303943931 0.002384509
13709 309969.14 113.8453949379 34.0853891784 3776853.282229 762652.5029323002 57.0257328227 0.1653956189 0.1816571185 217.2522176145 -7.6820543158 -10.1104570499 0.0205587405
13710 309969.22 113.8453882509 34.0853818898 3776852.456155 762651.9080156998 57.0278392639 0.0962199698 0.1363564945 217.4149918626 -7.716607659 -10.1084300301 0.0762333858
13711 309969.3 113.8453815315 34.0853746083 3776851.630801 762651.3100734998 57.0286570042 -0.0043257918 0.1834085491 217.5779690325 -7.764136097 -10.0919076079 -0.0118977579
13712 309969.38 113.8453747723 34.0853673359 3776850.806344 762650.708434 57.0248558875 -0.0374045302 0.1464175435 217.7329866315 -7.8007308534 -10.0883594526 -0.0458747031
13713 309969.45 113.8453688352 34.0853609754 3776850.085207 762650.1798904998 57.0208516903 0.0529095882 0.1532468583 217.8812407148 -7.835696087 -10.0809590474 -0.0327596532
13714 309969.53 113.8453620145 34.0853537183 3776849.2622879986 762649.5725227 57.0178701067 -0.0042009724 0.2294853932 218.043332231 -7.8804337774 -10.0598979012 0.0027787011
13715 309969.61 113.8453551579 34.0853464692 3776848.440166 762648.9618236 57.0149720907 -0.0537491546 0.2304406967 218.2094981428 -7.9119227538 -10.0533669927 -0.0226083288
13716 309969.69 113.8453482722 34.0853392272 3776847.6187660014 762648.3484079002 57.0125710405 -0.0278555575 0.2131630035 218.3782358511 -7.9554020855 -10.0426919358 -0.0277865398
13717 309969.77 113.8453413516 34.0853319921 3776846.7980410014 762647.7317446 57.0087146368 -0.0177308324 0.1938214154 218.5463611845 -7.9871709875 -10.0324039567 -0.0461475646
13718 309969.85 113.8453344022 34.0853247649 3776845.978108 762647.1124035 57.0053153001 0.0308530754 0.1243204099 218.7150589727 -8.0271829703 -10.0208251481 -0.0303445203
13719 309969.93 113.8453274233 34.085317544 3776845.158807 762646.4903185002 57.0027828608 0.0860072305 0.0897513028 218.881641409 -8.0586680584 -10.0149099228 0.0045247957
13720 309970.01 113.8453204113 34.0853103362 3776844.340869 762645.8651352 57.001318166 0.1381440009 0.0689182795 219.0427485129 -8.095767209 -9.9867663995 -0.0091165915
13721 309970.09 113.8453133709 34.0853031324 3776843.523308 762645.2373193002 57.0001939889 0.2454898458 0.0452115129 219.1961698871 -8.1409539849 -9.9848227512 0.0055686943
13722 309970.17 113.8453063071 34.0852959384 3776842.706769998 762644.6073120999 56.9996720161 0.3604562558 0.0018027513 219.3401312498 -8.1552663469 -9.9598935512 0.0311716196
13723 309970.25 113.8452992149 34.085288754 3776841.8912269985 762643.974654 57.0033684736 0.3156443291 0.1227532077 219.4866071416 -8.2076726717 -9.951867792 0.0409757108
13724 309970.33 113.8452920893 34.0852815878 3776841.077612 762643.3388455 57.0078354618 0.3517382055 0.074282555 219.6196397405 -8.2302369735 -9.9317025677 0.0849161972
13725 309970.41 113.845284949 34.0852744244 3776840.2642769986 762642.7016838002 57.0118519878 0.1986947199 0.0518240141 219.7752386117 -8.2520636533 -9.9268811903 0.0018554288
13726 309970.49 113.8452777787 34.0852672697 3776839.451827 762642.0617146 57.0147971706 0.1434095849 0.0662725889 219.9115874092 -8.2967110776 -9.9109273608 0.0677717002
13727 309970.57 113.8452705837 34.0852601283 3776838.640794 762641.4194339 57.0164252426 -0.0961153431 0.0701900601 220.0533303429 -8.3151464103 -9.8934027228 0.0109779052
13728 309970.65 113.845263359 34.0852529929 3776837.83035 762640.7743854 57.0159303592 -0.469698669 0.0917698022 220.1980395005 -8.3500820188 -9.8849599565 -0.019934218
13729 309970.73 113.8452561031 34.0852458675 3776837.020928 762640.1264289998 57.0077513484 -0.5050862625 0.1626942518 220.3309517325 -8.3962727413 -9.8672210881 -0.1169949361
13730 309970.81 113.8452488094 34.085238752 3776836.2125120014 762639.4749453 56.9934045067 -0.390765085 0.2365173062 220.4520564895 -8.4229350319 -9.8572123123 -0.1814298511
13731 309970.89 113.8452414909 34.0852316436 3776835.404825 762638.8211553 56.9793616124 -0.1965242433 0.2904727226 220.5857187948 -8.4595137092 -9.8469392014 -0.1253578631
13732 309970.97 113.845234152 34.0852245428 3776834.597922 762638.1654561998 56.9715655763 -0.0951399231 0.2863099815 220.7193675832 -8.4657833777 -9.8390201171 -0.0367060198
13733 309971.05 113.8452267931 34.0852174467 3776833.791492 762637.5078926998 56.9691219861 -0.1413362556 0.2684033379 220.8694202048 -8.5045608318 -9.836290332 -0.0026374774
13734 309971.11 113.8452212576 34.0852121302 3776833.187247 762637.013196 56.9684995282 -0.1321696501 0.3007797469 220.9842459394 -8.5216242872 -9.8159693866 -0.0235108825
13735 309971.19 113.8452138476 34.085205056 3776832.383121 762636.3508505 56.9661114905 -0.0815245218 0.2097641226 221.1271069766 -8.5528609233 -9.787504378 -0.0261212325
13736 309971.27 113.8452064212 34.0851979832 3776831.5791050014 762635.6869848 56.9609487252 0.118999256 0.2134270978 221.2784475138 -8.575837231 -9.8010082527 -0.0852616304
13737 309971.35 113.8451989587 34.0851909416 3776830.778456 762635.0196878 56.9607296502 0.0302896327 0.350588453 221.3973219926 -8.6309814791 -9.7369346515 0.0424521676
13738 309971.43 113.8451914843 34.0851839161 3776829.979562 762634.3512414 56.9622173831 0.1135692763 0.2030057528 221.565253276 -8.597779506 -9.7445529531 0.029758321
13739 309971.51 113.8451839822 34.0851768964 3776829.1812410015 762633.6802250998 56.9602208715 0.4061211586 0.2780001835 221.7381406706 -8.6702235998 -9.6775175984 0.0650046926
13740 309971.59 113.8451764422 34.085169909 3776828.386407 762633.0056053002 56.9672414977 -0.0373777038 0.3006830556 221.8592598614 -8.6650853878 -9.6805670852 0.240754701
13741 309971.67 113.8451688925 34.0851629309 3776827.592585 762632.3300628 56.9739458878 -0.3132331755 0.247182345 222.0138889952 -8.6803962607 -9.6667234546 0.038966815
13742 309971.75 113.8451613132 34.0851559605 3776826.799536 762631.6517558 56.9724033382 -0.6781268243 0.3260032215 222.1500706962 -8.7484702865 -9.6544648357 -0.0977727815
13743 309971.83 113.8451537176 34.0851490003 3776826.007582 762630.9719226 56.9585986836 -0.4696803439 0.2457886909 222.3157992474 -8.7527760987 -9.6505170479 -0.1912383481
13744 309971.91 113.8451461088 34.085142058 3776825.217578 762630.290806 56.9450916648 -0.4065533115 0.2644224934 222.4794177284 -8.7885102042 -9.6078847098 -0.1209830326
13745 309971.92 113.8451451557 34.0851411916 3776825.118982 762630.2054745 56.943660765 -0.4152407827 0.2735565531 222.4979086716 -8.7943005863 -9.604125578 -0.1303055989
13746 309972.0 113.8451375151 34.0851342815 3776824.332467 762629.5213292 56.9324544417 -0.2586103264 0.3685099998 222.6236611639 -8.809769016 -9.5611544625 -0.0825369286
13747 309972.08 113.8451298661 34.0851273923 3776823.548253 762628.8363439002 56.9283877369 -0.119274934 0.4199560356 222.768912326 -8.8304000822 -9.5304760778 0.0130605595
13748 309972.16 113.8451222061 34.085120532 3776822.767222 762628.1502498002 56.9285611669 -0.234255282 0.4622759018 222.9097153967 -8.8366979174 -9.4906211512 0.0357747086
13749 309972.24 113.8451145386 34.0851136892 3776821.988099 762627.4634064998 56.9281768464 -0.3105492895 0.470290644 223.0595383121 -8.8484070026 -9.4713676013 -0.0478655712
13750 309972.32 113.8451068571 34.0851068716 3776821.211747 762626.7751965 56.9229217321 -0.1642144557 0.4849754101 223.2072092765 -8.8747450844 -9.4288200279 -0.0631158513
13751 309972.4 113.8450991687 34.0851000796 3776820.438227 762626.0862684 56.916119162 -0.0207058824 0.4805662454 223.3556852458 -8.8717953531 -9.4027827837 -0.0853255678
13752 309972.48 113.8450914723 34.0850933146 3776819.667668 762625.3965185998 56.9125019032 0.0092868274 0.5271282303 223.5065461603 -8.890968144 -9.3543025141 -0.0169397537
13753 309972.56 113.8450837663 34.0850865814 3776818.900629 762624.7057859 56.9132900825 0.0334935296 0.5259263827 223.6524086444 -8.8934168095 -9.3184531836 0.0332977208
13754 309972.64 113.8450760528 34.085079875 3776818.136529 762624.0142679 56.915211116 -0.0139846597 0.5333888479 223.8072268142 -8.9068726183 -9.2735087287 0.0203214116
13755 309972.72 113.8450683305 34.0850731951 3776817.375361 762623.3218667 56.916292212 -0.010793281 0.497513529 223.965250173 -8.9084564357 -9.2396722086 0.0324074038
13756 309972.8 113.8450606029 34.0850665438 3776816.617344 762622.6288827 56.91755303 -0.112848165 0.4790594932 224.1227274316 -8.9204986308 -9.1979833833 0.0237672788
13757 309972.88 113.8450528644 34.0850599204 3776815.86239 762621.9348075 56.9170242976 -0.176948964 0.4292676746 224.2795161024 -8.9328054571 -9.1678515254 -0.0198266201
13758 309972.96 113.8450451172 34.0850533238 3776815.110396 762621.2398474 56.9145263862 -0.1734576436 0.4212086845 224.4458918144 -8.9417822685 -9.1203451215 -0.0336530974
13759 309973.04 113.8450373567 34.0850467546 3776814.361411 762620.5435729 56.9100411115 -0.1203300432 0.3986808038 224.6098990349 -8.9604575566 -9.0930160648 -0.0472380119
13760 309973.12 113.8450295868 34.0850402158 3776813.615775 762619.8463327 56.9075260479 -0.1228683042 0.4296778371 224.7749281714 -8.9753223048 -9.0361783654 -0.0434459248
13761 309973.2 113.8450218013 34.0850337093 3776812.873686 762619.1475555 56.9064436816 -0.2722813857 0.4537408775 224.9312269672 -8.9888231045 -9.0002998224 0.0007983362
13762 309973.28 113.8450140082 34.0850272288 3776812.134453 762618.448003 56.9043674208 -0.2454635081 0.5069472521 225.0978649254 -9.0000774703 -8.9630944353 -0.052279315
13763 309973.36 113.8450062009 34.0850207776 3776811.398446 762617.7470422 56.8991085282 -0.2346027681 0.5593515437 225.2595735801 -9.009315373 -8.9202949533 -0.0789134539
13764 309973.44 113.8449983867 34.0850143543 3776810.665505 762617.0453510998 56.894232044 -0.142227585 0.5717904635 225.4278716234 -9.0235180432 -8.8846768671 -0.0401377226
13765 309973.48 113.8449944776 34.0850111543 3776810.300332 762616.6942896999 56.892249831 -0.1064641711 0.5818160247 225.5044781017 -9.0210724794 -8.8609281395 -0.0354440005
13766 309973.56 113.8449866515 34.0850047775 3776809.572523 762615.9913651998 56.8900501756 -0.1229365552 0.6146121083 225.6634591934 -9.0313060414 -8.8190892351 -0.022580702
13767 309973.64 113.8449788227 34.0849984295 3776808.847909 762615.2880927 56.8890534742 -0.1270239212 0.5833336161 225.821724756 -9.0350070709 -8.7808132211 0.0118714127
13768 309973.72 113.8449709899 34.084992111 3776808.1265629986 762614.5843719 56.8877160028 -0.1327694836 0.6245018915 225.9710872437 -9.0414241305 -8.7302885385 -0.0261300701
13769 309973.8 113.8449631504 34.0849858242 3776807.408714 762613.8799271 56.8862212291 -0.0962167917 0.6041845044 226.100813936 -9.0448739332 -8.6948994932 -0.0088515796
13770 309973.88 113.8449553114 34.0849795621 3776806.693599 762613.1754563 56.8839605255 0.0027303765 0.6131249512 226.2301463508 -9.0417356877 -8.6613447233 -0.0331740155
13771 309973.96 113.8449474692 34.0849733281 3776805.981601 762612.4705977 56.8828052552 0.0189994877 0.6080080405 226.3518571875 -9.0452146915 -8.6238774503 0.0066326648
13772 309974.05 113.8449386499 34.0849663467 3776805.184151 762611.6778294 56.8853588803 -0.1430708068 0.6309035307 226.4966086959 -9.0458572746 -8.5824564389 0.0382511427
13773 309974.14 113.844929825 34.084959401 3776804.390644 762610.8844348 56.8854609933 -0.1983310895 0.6220554838 226.6337310554 -9.0507122935 -8.5441801369 -0.0241717928
13774 309974.23 113.8449209978 34.0849524855 3776803.600483 762610.0907339002 56.8818090996 -0.1683183156 0.658995373 226.7748239648 -9.0536542964 -8.5004060884 -0.0667863763
13775 309974.32 113.8449121672 34.084945604 3776802.814085 762609.2966111 56.8768815845 -0.0675959014 0.6282185795 226.908556315 -9.0496720188 -8.4634663702 -0.0349280775
13776 309974.34 113.8449102059 34.084944078 3776802.639687 762609.1202228002 56.8764654165 -0.0626082271 0.634532608 226.941653703 -9.0512594123 -8.4598668643 -0.011757931
13777 309974.43 113.8449013803 34.0849372353 3776801.857613 762608.326447 56.8750687307 -0.0689240411 0.6433849405 227.0805791259 -9.0534921229 -8.4094887589 -0.0105838605
13778 309974.52 113.844892557 34.0849304244 3776801.0790699986 762607.5327784 56.8751325766 -0.0332497277 0.6025994829 227.2262925181 -9.0439779012 -8.3770693596 0.0033148798
13779 309974.61 113.8448837356 34.0849236454 3776800.304079 762606.7391960998 56.8742666384 0.0146612198 0.5698390149 227.3752186892 -9.0501995058 -8.3315937738 -0.0241881243
13780 309974.7 113.8448749183 34.0849169029 3776799.533131 762605.9458701998 56.8749096598 -0.0272338432 0.5124017733 227.5210353136 -9.037295723 -8.2841678103 0.0292292084
13781 309974.79 113.8448661024 34.0849101991 3776798.7665 762605.1525554 56.8771966547 -0.1366679947 0.4679834047 227.6552623951 -9.0435011716 -8.2337158358 0.0274042159
13782 309974.88 113.8448572883 34.0849035313 3776798.003862 762604.3592994 56.8771529142 -0.1748597274 0.4656255983 227.7930144436 -9.038887703 -8.1940367092 -0.0089460014
13783 309974.97 113.8448484768 34.0848969023 3776797.245536 762603.56616 56.874169019 -0.1298507735 0.4690747151 227.9306623958 -9.0344769474 -8.1449893534 -0.0231798461
13784 309975.06 113.8448396762 34.0848903104 3776796.49135 762602.7739104 56.8729253821 -0.1743121346 0.4741509101 228.0739899942 -9.0199513652 -8.1028305592 0.0066689504
13785 309975.15 113.8448308845 34.0848837587 3776795.741665 762601.9823603 56.8702992201 -0.189669424 0.5009705264 228.2118245304 -9.0095798043 -8.0441398056 -0.0516363485
13786 309975.21 113.8448250287 34.0848794126 3776795.244283 762601.4550923002 56.868498601 -0.1242769914 0.4850065867 228.3094383702 -8.9940748225 -8.0178096173 -0.0147444554
13787 309975.3 113.8448162572 34.0848729251 3776794.501771 762600.6652035 56.8647666415 -0.1169064988 0.4924055433 228.4735652824 -8.9973136556 -7.9680228393 -0.0410352798
13788 309975.39 113.8448074971 34.0848664846 3776793.764497 762599.8762285998 56.8653932894 -0.1831632623 0.4552440487 228.6238308521 -8.9804421738 -7.9075977292 0.0386855121
13789 309975.48 113.844798752 34.0848600846 3776793.0317480015 762599.0885125 56.8647129368 -0.1904978401 0.3763189065 228.777309444 -8.9643204158 -7.86444838 -0.0205595617
13790 309975.57 113.8447900223 34.0848537278 3776792.303851 762598.3020898001 56.8631294612 -0.217951135 0.370454396 228.9425960637 -8.9413123477 -7.7970961712 -0.0065881643
13791 309975.66 113.8447813088 34.0848474225 3776791.581692 762597.5169971 56.8606517017 -0.2311883592 0.3301719478 229.1057043192 -8.9274766198 -7.7361301828 -0.0199098138
13792 309975.75 113.844772616 34.0848411685 3776790.865295 762596.7336536 56.8570697997 -0.1410304136 0.3503321036 229.2693545239 -8.9097393138 -7.6739069539 -0.0398260135
13793 309975.84 113.844763946 34.0848349751 3776790.15567 762595.9522365 56.8535488397 -0.1680639318 0.3658362512 229.4193131298 -8.8767244481 -7.595287161 -0.0218124669
13794 309975.93 113.8447553039 34.0848288344 3776789.451976 762595.1732318002 56.8538356628 -0.3198244268 0.4028082828 229.5787687309 -8.8483304326 -7.5364424304 -0.0073434753
13795 309976.0 113.8447486007 34.0848240949 3776788.908759 762594.5689250998 56.8535867147 -0.4813688359 0.4398805173 229.7014374987 -8.8286424277 -7.4864368886 -0.0166901636
13796 309976.09 113.8447400021 34.084818047 3776788.215475 762593.7936499 56.8495601313 -0.5430568808 0.4052588263 229.8640655551 -8.8039409176 -7.4226108445 -0.0656648908
13797 309976.18 113.8447314287 34.0848120457 3776787.527422 762593.0205526 56.8412784319 -0.3330541835 0.3519548581 230.0265923387 -8.7824595357 -7.3721806005 -0.0958534344
13798 309976.27 113.8447228784 34.084806096 3776786.845158 762592.2494272 56.8325669151 -0.0940646184 0.345092687 230.1834782653 -8.7585844281 -7.299503298 -0.0767997695
13799 309976.36 113.8447143499 34.084800198 3776786.168691002 762591.4801639 56.8303168519 -0.1687461269 0.3778854631 230.3380157156 -8.7281171486 -7.2405620154 0.003381034
13800 309976.45 113.844705842 34.0847943487 3776785.497671 762590.7126429 56.8328280663 -0.3081341013 0.4212858628 230.4936189858 -8.7120955762 -7.1765396652 0.010631261
13801 309976.54 113.84469735 34.0847885439 3776784.831639 762589.9464568001 56.8312981734 -0.2634648606 0.4284304718 230.6453003865 -8.6960878914 -7.1277118171 -0.0435785748
13802 309976.63 113.8446888795 34.0847827812 3776784.170328 762589.1821316 56.8255145522 -0.063247295 0.3987146198 230.790882951 -8.6720301253 -7.0801622942 -0.0706830551
13803 309976.72 113.8446804336 34.0847770638 3776783.514114 762588.4199261 56.822217931 0.0165335842 0.4198479241 230.9362569751 -8.6494801671 -7.0176028581 -0.0096511684
13804 309976.81 113.8446720136 34.0847713933 3776782.8631629986 762587.6599734002 56.8244403116 -0.0249910042 0.4208908164 231.088150314 -8.6168628502 -6.9573997745 0.0635031311
13805 309976.84 113.8446692129 34.084769512 3776782.647184 762587.4071806999 56.8260062234 -0.0470730511 0.421720508 231.1431813556 -8.6147972143 -6.9556894705 0.0556582752
13806 309976.94 113.8446598935 34.0847632827 3776781.931906 762586.5659046 56.8287763922 -0.1182640969 0.3938695603 231.333211659 -8.5931463976 -6.8777151539 0.0044832544
13807 309977.04 113.8446506036 34.0847571098 3776781.222978 762585.7271818002 56.8290302027 -0.2093439681 0.3979166446 231.5216746476 -8.5597793079 -6.8138133235 -0.0395059128
13808 309977.14 113.8446413405 34.0847510013 3776780.521253 762584.8907333 56.8264334286 -0.1586457291 0.3404494413 231.6953950699 -8.5300456327 -6.742273301 -0.0275562302
13809 309977.24 113.8446321124 34.0847449482 3776779.825764 762584.0573386998 56.8245834457 -0.0678305795 0.3667670995 231.8858391328 -8.5079274715 -6.6793637074 -0.0023990685
13810 309977.34 113.844622903 34.0847389545 3776779.136927 762583.2254989998 56.8242654521 -0.0085138858 0.3401296538 232.0787909909 -8.4928832336 -6.6193734168 0.0336350188
13811 309977.44 113.844613716 34.084733013 3776778.453936 762582.3955548998 56.8261835249 0.0072213641 0.3107874474 232.2813682077 -8.4687959911 -6.564054826 0.020655744
13812 309977.54 113.8446045435 34.084727126 3776777.777026002 762581.5667932 56.8276210204 0.0575548785 0.2980767771 232.4801474597 -8.45999722 -6.4961196404 0.0019445154
13813 309977.64 113.8445953911 34.0847212926 3776777.10612 762580.7397101999 56.8282692181 0.0820838699 0.2651817431 232.6758937102 -8.4341310975 -6.4437677192 0.0285312112
13814 309977.65 113.8445944772 34.084720712 3776777.039337 762580.6571172 56.8284935104 0.0600581945 0.2768109124 232.6969125138 -8.4337386888 -6.4381519071 0.0267564076
13815 309977.75 113.8445853485 34.0847149419 3776776.375517 762579.832031 56.831958279 -0.0814850326 0.2719911843 232.8927166104 -8.4190773204 -6.3660792684 0.0382314459
13816 309977.85 113.8445762445 34.084709226 3776775.7177800015 762579.0090632 56.8358408268 -0.3231051131 0.2764595162 233.087923968 -8.3929571635 -6.311240923 0.035874041
13817 309977.95 113.844567159 34.0847035677 3776775.066471 762578.1876138 56.835175612 -0.4061532443 0.2942940491 233.2829707445 -8.3805714784 -6.2425770682 -0.0286372681
13818 309978.05 113.8445580969 34.0846979618 3776774.421044002 762577.3681696 56.8295390923 -0.2675415362 0.265972448 233.4745408154 -8.3468065477 -6.1871970978 -0.0710039492
13819 309978.15 113.8445490593 34.0846924091 3776773.7815910014 762576.5508288 56.8215540675 -0.0250666053 0.2559186614 233.6726147257 -8.3235613223 -6.1237531232 -0.0635538499
13820 309978.25 113.8445400606 34.0846869171 3776773.148965 762575.7368886998 56.8198609492 0.0820457315 0.2482572832 233.874699972 -8.2823267234 -6.0538132376 0.02467253
13821 309978.35 113.8445311032 34.0846814925 3776772.52393 762574.9265428 56.8253187714 -0.1077742177 0.254831521 234.0777997698 -8.2495797878 -5.9757874188 0.0374355762
13822 309978.45 113.8445221851 34.0846761317 3776771.906068 762574.1196390998 56.8283332558 -0.1984978396 0.2060971491 234.2595063677 -8.2082631862 -5.9186164304 -0.0041333894
13823 309978.55 113.8445133078 34.0846708321 3776771.295113 762573.3163138 56.8283123234 -0.3016264474 0.2596198779 234.404270322 -8.1753044228 -5.8427718113 -0.0205567442
13824 309978.65 113.8445044642 34.084665591 3776770.6907339985 762572.5159165 56.8262053719 -0.4185807772 0.2798612757 234.5093565435 -8.1405166442 -5.7947619015 -0.0247844625
13825 309978.76 113.8444947798 34.0846598701 3776770.03094 762571.6393695 56.8225102499 -0.401253156 0.3256857112 234.6234938948 -8.1086033168 -5.746015922 -0.0488329963
13826 309978.87 113.8444851352 34.0846541979 3776769.376664 762570.7663441999 56.8151046317 -0.3015954602 0.3906713555 234.7191800457 -8.075400793 -5.695574424 -0.084752177
13827 309978.98 113.8444755424 34.084648572 3776768.727648 762569.8979544 56.8089107294 -0.1379382351 0.3562177435 234.8087768892 -8.0205270884 -5.6521793553 -0.0220503685
13828 309979.09 113.8444660084 34.0846429928 3776768.083975 762569.0348493 56.8073030207 -0.1475961458 0.3598321848 234.8928432841 -7.9815297637 -5.5974993171 -0.019715027
13829 309979.2 113.8444565349 34.0846374692 3776767.446623 762568.1771623 56.8067262554 -0.1796903215 0.3510672541 234.9655975167 -7.9229684239 -5.5481819242 -0.000119603
13830 309979.31 113.8444471317 34.0846320009 3776766.815594 762567.3257961 56.8065327126 -0.1255036929 0.3475005621 235.0480733034 -7.8608767595 -5.4812500531 -0.0065023195
13831 309979.42 113.8444378139 34.0846265958 3776766.191793 762566.4821268001 56.8052142346 -0.066430392 0.335812751 235.1291702843 -7.7789697541 -5.419069895 -0.0182273588
13832 309979.53 113.8444285905 34.0846212629 3776765.57625 762565.6469396999 56.8047866412 -0.0128946823 0.3342374678 235.2178229623 -7.6996263457 -5.3376713872 0.011192445
13833 309979.64 113.8444194654 34.0846160062 3776764.969414 762564.8205938 56.8075987827 -0.1317266312 0.2830641909 235.3008535267 -7.6161285787 -5.2732747676 0.0235202254
13834 309979.75 113.8444104415 34.084610819 3776764.370557 762564.0033850998 56.8098665029 -0.2888918586 0.3294771891 235.3968539467 -7.5381638185 -5.1914548064 0.0066066921
13835 309979.86 113.8444015047 34.0846057105 3776763.7806589985 762563.1939693001 56.8085011086 -0.2612060465 0.352462079 235.4731576581 -7.4610106846 -5.1172054911 -0.0238793407
13836 309979.98 113.8443918629 34.0846002116 3776763.145609 762562.3206641999 56.8047329895 -0.2222007738 0.3738482122 235.5678391561 -7.3756369993 -5.0437527356 -0.0174465993
13837 309980.1 113.8443823357 34.0845947973 3776762.520261 762561.4576853 56.8022547411 -0.2234576697 0.3930042295 235.6577333145 -7.2838891333 -4.9642704637 -0.0021592773
13838 309980.22 113.8443729228 34.0845894597 3776761.903706 762560.6050189 56.800560737 -0.1937708825 0.3515975132 235.7531320698 -7.2061818196 -4.8967347297 -0.0188837373
13839 309980.34 113.8443636238 34.0845842017 3776761.296277 762559.7626168 56.7972496664 -0.1743841584 0.3052893368 235.8503146528 -7.1133430948 -4.8259612842 -0.0248716059
13840 309980.46 113.844354436 34.0845790267 3776760.698348 762558.9302355 56.7965014316 -0.185853733 0.3528219692 235.9529978945 -7.0352157153 -4.7446951836 0.0054379537
13841 309980.58 113.8443453597 34.0845739387 3776760.110367 762558.10788 56.7954803938 -0.1606943706 0.304446804 236.052576944 -6.9350869222 -4.6738169556 -0.0142265162
13842 309980.71 113.8443356804 34.0845685216 3776759.4843 762557.2308548002 56.7942187535 -0.119153175 0.2583119009 236.1786023331 -6.8180105748 -4.5786163248 -0.0128342827
13843 309980.84 113.8443261637 34.0845632308 3776758.872686 762556.368458 56.7929975502 -0.2179772521 0.3001473242 236.288402056 -6.6956023198 -4.4637603242 -0.0028932031
13844 309980.97 113.8443168377 34.0845580706 3776758.276041 762555.5232726 56.7948903497 -0.42298526 0.3215041863 236.4157924017 -6.5474058108 -4.354169193 0.0414942713
13845 309981.1 113.8443077321 34.0845530482 3776757.695264 762554.6979971 56.7944749668 -0.410694265 0.2771736319 236.5429304366 -6.3868817092 -4.2189924021 -0.0248996115
13846 309981.24 113.8442981856 34.0845478069 3776757.089049 762553.8327010998 56.7859168081 -0.152506019 0.2348509501 236.6954177552 -6.206233827 -4.0860171369 -0.0523015946
13847 309981.25 113.8442975138 34.0845474391 3776757.046508 762553.7718032 56.7852985999 -0.1482748534 0.2398909369 236.707961116 -6.1978383533 -4.0782383899 -0.052783132
13848 309981.39 113.8442882629 34.0845424005 3776756.463558 762552.9331699002 56.7814904396 -0.0794973305 0.268551872 236.8630028428 -6.0131844449 -3.9140210553 0.0194571341
13849 309981.54 113.8442786685 34.084537208 3776755.862645 762552.0632933001 56.7868356891 -0.2665227502 0.2306848645 237.0120658778 -5.8019561412 -3.7768452554 0.0317709877
13850 309981.69 113.8442693881 34.0845322011 3776755.283131 762551.2218422 56.786797001 -0.2617554628 0.1720351859 237.1936283618 -5.623444358 -3.6336526465 -0.0200644966
13851 309981.85 113.8442597966 34.0845270734 3776754.689414 762550.3520329002 56.7843110925 -0.2439000805 0.1442046179 237.3603498285 -5.4481025334 -3.4857742944 -0.0186722884
13852 309982.01 113.8442505276 34.0845221506 3776754.119268 762549.5113680002 56.7828407679 -0.3359112206 0.1819087304 237.5536725641 -5.2651581707 -3.3392782639 0.005385281
13853 309982.18 113.8442410727 34.0845171476 3776753.539744002 762548.6537835 56.7805763958 -0.4437405765 0.150800389 237.7262989149 -5.0488102767 -3.1997376844 -0.0001882558
13854 309982.36 113.8442314857 34.0845120977 3776752.954676002 762547.7841582 56.7783428002 -0.5686871605 0.0809310332 237.8889419716 -4.8211218733 -3.0390836557 -0.0058245444
13855 309982.55 113.8442218533 34.0845070608 3776752.370929 762546.9102919 56.7689331332 -0.5077511866 0.0804859652 238.0499628821 -4.5680082929 -2.8660355201 -0.0586702344
13856 309982.75 113.8442123018 34.0845020988 3776751.795706 762546.0436564998 56.7606081562 -0.4756259048 0.1506969758 238.2091834141 -4.2809513739 -2.6610689791 -0.026280739
13857 309982.96 113.8442029761 34.0844972735 3776751.236235 762545.1974564 56.7553888187 -0.4387660676 0.1550746685 238.2914236477 -3.9602281936 -2.4517645214 0.0025133578
13858 309983.03 113.8442000354 34.0844957487 3776751.059451 762544.9306322 56.753230528 -0.4846278277 0.1786170368 238.3276471998 -3.8380772224 -2.3859626634 -0.0367788496
13859 309983.27 113.8441905692 34.0844909384 3776750.501281 762544.0714169 56.7401206633 -0.5050720112 0.2831384362 238.4171484355 -3.4627671912 -2.1382208858 -0.0012918571
13860 309983.54 113.8441811584 34.0844861347 3776749.943993 762543.2172930002 56.7352366643 -0.5394182419 0.0940116784 238.5100222182 -3.024579003 -1.8621898666 -0.0421353309
13861 309983.86 113.8441716693 34.084481353 3776749.388936 762542.3558656998 56.7122517051 -0.2470244137 0.3200265777 238.6168509881 -2.4890351083 -1.5258465972 -0.0048233935
