13950 309996.75 113.8432965821 34.0841513056 3776710.511905 762462.5721634 56.5676396927 -0.1025024159 0.4010021569 251.5033273444 -9.0640772357 -3.0329292347 -0.077389079
13951 309996.86 113.8432857483 34.0841482956 3776710.1500160014 762461.5810889 56.55768847 0.1311146577 0.3979355773 251.6663402142 -9.1273876214 -3.0198752038 -0.077955923
13952 309996.97 113.8432748455 34.0841452945 3776709.788943 762460.5836175 56.5557741281 0.1470711822 0.3937533698 251.8370894101 -9.1804816769 -3.0146762318 0.0155243488
13953 309997.08 113.8432638641 34.0841423106 3776709.429583 762459.5788454 56.5601488156 0.0228945122 0.4163049956 252.0068673899 -9.2464031798 -2.9970096244 0.013065164
13954 309997.19 113.8432528044 34.0841393462 3776709.072173 762458.5667691 56.5591070931 0.0083765675 0.4290904937 252.1767230256 -9.3085075195 -2.9887615375 -0.0435863923
13955 309997.3 113.8432416691 34.084136391 3776708.7156 762457.5476904 56.553908092 0.0203877819 0.4747262955 252.3722684435 -9.3753951717 -2.9713839812 -0.0372621497
13956 309997.41 113.8432304516 34.0841334503 3776708.360421 762456.5209818 56.5519886771 -0.0822818614 0.4983620977 252.5641061143 -9.4453875187 -2.9631963349 -0.0161235283
13957 309997.52 113.8432191497 34.0841305192 3776708.006092 762455.4864423 56.5495839892 -0.0029639192 0.5111453115 252.7898259741 -9.5140237195 -2.9492953813 -0.0438777678
13958 309997.62 113.8432087999 34.0841278689 3776707.685368 762454.5389466998 56.5439458154 0.2175271316 0.5180429717 253.0004816633 -9.5866566695 -2.9320165039 -0.0579817197
13959 309997.72 113.8431983769 34.0841252358 3776707.366367 762453.584648 56.5408015335 0.2889718812 0.5290324914 253.2150558696 -9.6538567529 -2.9087232702 0.0087887848
13960 309997.82 113.8431878852 34.0841226251 3776707.049681 762452.6239306999 56.5447865995 0.0187932301 0.5269926921 253.4107103986 -9.7142001448 -2.8884722938 0.058347763
13961 309997.92 113.8431773162 34.0841200278 3776706.734271 762451.6560364 56.5480651399 -0.343106095 0.5969620184 253.6179576351 -9.7936544571 -2.8730793704 -0.0205672068
13962 309998.02 113.8431666652 34.0841174458 3776706.420361 762450.6805272 56.5409843335 -0.4416604328 0.5628564566 253.8191244928 -9.8646143847 -2.8614212259 -0.1074218212
13963 309998.12 113.843155923 34.0841148705 3776706.106956 762449.6965698001 56.526897884 -0.3143466121 0.5074594452 254.0395951308 -9.9394354968 -2.8520952382 -0.1453334127
13964 309998.22 113.8431451032 34.0841123122 3776705.795237 762448.7053966 56.512384139 0.0766429421 0.445458023 254.2514814525 -10.0053266049 -2.8271766651 -0.119838109
13965 309998.3 113.8431363983 34.0841102777 3776705.547081 762447.9078923998 56.5046203406 0.3889286329 0.3992047505 254.4273229753 -10.0515363583 -2.8153866 -0.0596668832
13966 309998.4 113.8431254621 34.0841077535 3776705.238852 762446.9058639 56.5049113398 0.5871927645 0.3769451578 254.6477392085 -10.1033783095 -2.7811897412 0.0852251556
13967 309998.5 113.8431144701 34.0841052599 3776704.93387 762445.8985854 56.5157966716 0.4428256873 0.3577811786 254.8296675012 -10.1562071341 -2.7515939651 0.125095471
13968 309998.6 113.8431034143 34.0841027896 3776704.631308 762444.8853477 56.5236424683 0.3002617954 0.4488644732 254.9841573891 -10.2205909367 -2.7243214979 0.0423022818
13969 309998.7 113.8430922941 34.0841003409 3776704.330986 762443.8661048 56.5241927411 0.3295611373 0.523160395 255.1074490952 -10.2762257566 -2.7083041279 0.0065892861
13970 309998.8 113.8430811138 34.0840978967 3776704.031000002 762442.8412922 56.5242233425 0.2788074789 0.5800680336 255.2424058154 -10.3327110269 -2.7066677221 0.0160447372
13971 309998.9 113.8430698776 34.0840954595 3776703.7316559986 762441.8112946998 56.526961158 0.1714759574 0.5859636173 255.3867700389 -10.3870673049 -2.6997827734 0.0459386535
13972 309999.0 113.8430585787 34.0840930291 3776703.432899 762440.7754821 56.5282364627 0.0198211694 0.6008876823 255.5478374971 -10.4480808726 -2.6847276985 -0.0123631624
13973 309999.1 113.8430472341 34.0840906158 3776703.1359230014 762439.7353999 56.5255634189 -0.0052701607 0.5654312879 255.7098419838 -10.4972351144 -2.6698099354 -0.0103136232
13974 309999.17 113.8430392624 34.0840889345 3776702.928856 762439.0045024998 56.5221191719 0.0697739957 0.5404615933 255.8305748954 -10.5366513035 -2.6643974646 -0.0580538379
13975 309999.27 113.8430278209 34.0840865539 3776702.635259 762437.9553752 56.515668992 0.242945825 0.5897410049 255.9916204658 -10.5906827914 -2.6266873611 -0.034372055
13976 309999.37 113.8430163241 34.0840841934 3776702.343749 762436.9010830999 56.5135936495 0.2022213303 0.5952749432 256.1599720582 -10.6458540426 -2.6158302152 0.0319223046
13977 309999.47 113.8430047682 34.0840818475 3776702.053718 762435.8412781 56.5166140664 0.0518552218 0.5947064458 256.3292975019 -10.6993607851 -2.595153735 0.0204909859
13978 309999.57 113.8429931464 34.0840795163 3776701.765138 762434.7753458 56.5133146951 0.10018995 0.5085861633 256.5048966044 -10.7619570178 -2.585570304 -0.0521833155
13979 309999.67 113.8429814618 34.0840771974 3776701.477765 762433.7035805 56.5073612845 0.2118242672 0.4885961469 256.6801320732 -10.8175269756 -2.5597265146 -0.045227802
13980 309999.76 113.8429708918 34.0840751327 3776701.22147 762432.7339521 56.5053461064 0.1014838143 0.5157016292 256.8273864236 -10.8717638413 -2.5359117419 0.0033850327
13981 309999.85 113.8429602737 34.0840730852 3776700.966964 762431.7598179 56.5061599566 -0.0782267434 0.5377733282 256.9741271849 -10.9178586571 -2.5187934296 0.005980181
13982 309999.93 113.8429507923 34.0840712777 3776700.74201 762430.8899123 56.5040410785 -0.0615444157 0.5592291907 257.101489022 -10.966965457 -2.4980002572 -0.0361218489
13983 310000.02 113.8429400762 34.0840692589 3776700.49043 762429.9066475 56.4965649843 0.0858487797 0.6109584761 257.2410214713 -11.0231138688 -2.4794470479 -0.1018449704
13984 310000.11 113.8429293044 34.0840672521 3776700.240037 762428.9182007 56.4895091895 0.2998570064 0.6355433506 257.3768514353 -11.0699201932 -2.470173223 -0.0564166901
13985 310000.2 113.8429184976 34.0840652559 3776699.9907410014 762427.926497 56.489954981 0.2747809862 0.6332315347 257.52720673 -11.0912786596 -2.4499577733 0.0764004067
13986 310000.29 113.8429076684 34.084063276 3776699.74319 762426.9326596998 56.4969313741 0.0266495756 0.5774518048 257.6730482768 -11.1169739186 -2.4276033942 0.0866454753
13987 310000.38 113.8428968123 34.0840613159 3776699.497767 762425.9362905 56.5007371837 -0.1950787449 0.5689828767 257.8178973378 -11.1418129274 -2.40056853 9.71858e-05
13988 310000.47 113.84288594 34.0840593791 3776699.254882 762424.9383520002 56.4973905496 -0.1891743894 0.5418410794 257.9526931769 -11.1555926527 -2.3708637929 -0.0559566105
13989 310000.56 113.8428750616 34.0840574625 3776699.014236 762423.9397788 56.4901419291 -0.0343113547 0.5204835122 258.0918722951 -11.153532153 -2.3503505515 -0.0736029806
13990 310000.65 113.8428641906 34.0840555722 3776698.776524 762422.9418119 56.4849971132 0.0273021246 0.5930799374 258.236079683 -11.144718716 -2.3056244582 -0.0298016458
13991 310000.74 113.8428533296 34.0840537117 3776698.54214 762421.9446846 56.4846303891 -0.038184326 0.5251474742 258.372259707 -11.1348414612 -2.2852544609 0.0247823239
13992 310000.8 113.8428460928 34.0840524771 3776698.386533 762421.280268 56.4855700526 -0.064672851 0.5030836013 258.4770709325 -11.1303635409 -2.2707701948 0.0206876696
13993 310000.89 113.8428352425 34.0840506488 3776698.15575 762420.2840199 56.485339772 -0.133002124 0.4820354597 258.6123820887 -11.1234307634 -2.2402570207 -0.0360498138
13994 310000.98 113.8428244032 34.0840488466 3776697.9278980014 762419.288709 56.4834447997 -0.1775227502 0.4935264803 258.7459350898 -11.1018408221 -2.2000792717 -0.0265199289
13995 310001.07 113.8428135715 34.0840470702 3776697.702921 762418.2940208 56.4795016404 -0.0158016661 0.464360797 258.8560473946 -11.10440217 -2.1771030114 -0.0458714696
13996 310001.16 113.8428027484 34.0840453111 3776697.479887 762417.3000694 56.4749051454 0.1450027583 0.5105499525 258.9664970332 -11.0902413971 -2.1512602464 -0.0225760889
13997 310001.25 113.8427919383 34.0840435781 3776697.259791998 762416.3072479998 56.4751638304 0.0174675332 0.6052328244 259.0649305734 -11.0813466768 -2.1165770768 0.0483698763
13998 310001.34 113.8427811373 34.084041863 3776697.0417 762415.3152034002 56.4795711748 -0.2014514082 0.61578059 259.1684652646 -11.0716380627 -2.1061730186 0.0457331335
13999 310001.43 113.8427703349 34.0840401612 3776696.825079 762414.3229856 56.476939097 -0.2029736607 0.6433083048 259.2682425444 -11.07810652 -2.0846833336 -0.0698769739
14000 310001.52 113.8427595305 34.0840384756 3776696.610253 762413.3305386 56.4682120048 0.0430591587 0.5829875704 259.3676535986 -11.0798838652 -2.0666037154 -0.0745149621
14001 310001.61 113.8427487344 34.0840368002 3776696.396582 762412.3388266999 56.4636135306 0.1230047108 0.5520863093 259.4743766006 -11.0659602588 -2.0516020377 0.0172352098
14002 310001.7 113.8427379398 34.0840351409 3776696.184706 762411.3472045 56.4667758755 -0.020169442 0.5147832966 259.5842516609 -11.073310837 -2.0321604558 0.0351051705
14003 310001.71 113.8427367404 34.0840349576 3776696.161279 762411.237019 56.4669543235 -0.0241728593 0.5091389874 259.5991561432 -11.0703697265 -2.0298127348 0.02355356
14004 310001.8 113.8427259368 34.0840333184 3776695.951602 762410.2445026 56.4677599864 -0.063321125 0.514336682 259.7269062006 -11.0828861634 -2.0028485806 -0.0023057712
14005 310001.89 113.8427151229 34.0840317009 3776695.744313 762409.2509670998 56.4650461422 0.0251162676 0.4812377282 259.850836801 -11.0977304323 -1.9776695729 -0.0376921627
14006 310001.98 113.8427042947 34.0840301021 3776695.539054 762408.256046 56.4613778507 0.1896016372 0.4865999477 259.972986227 -11.1138554313 -1.9547200782 -0.02784748
14007 310002.07 113.8426934582 34.0840285262 3776695.336326 762407.2602944 56.4601536449 0.2485301726 0.5092974958 260.0878948478 -11.117670041 -1.9300236048 0.0142258957
14008 310002.16 113.8426826112 34.0840269659 3776695.135296 762406.2635306999 56.464542402 0.1051806034 0.4935215141 260.2114938373 -11.1365371051 -1.9150607922 0.0734113068
14009 310002.25 113.8426717422 34.0840254194 3776694.935741 762405.2646821 56.4687396334 -0.0862800196 0.4742591631 260.3338391113 -11.1668856871 -1.8946251197 0.0153979208
14010 310002.34 113.8426608443 34.0840238888 3776694.737881 762404.2631257 56.4673981564 -0.1928969932 0.4545648271 260.4617631149 -11.1970823686 -1.8773893962 -0.0332133681
14011 310002.43 113.8426499175 34.0840223749 3776694.541793 762403.2588466 56.4624311114 -0.1527549492 0.4361988178 260.5851195722 -11.227845234 -1.8509956718 -0.0715171056
14012 310002.52 113.8426389575 34.0840208767 3776694.347373 762402.2514444998 56.4553878233 -0.0425031697 0.4328624401 260.7151543187 -11.257388039 -1.834881976 -0.0821073144
14013 310002.56 113.8426340747 34.0840202158 3776694.261481 762401.8026261 56.4527954739 -0.0448605723 0.4492971074 260.7728796622 -11.2758597691 -1.8293849732 -0.0648518539
14014 310002.65 113.8426230644 34.0840187456 3776694.070028 762400.7904963 56.4493862018 -0.0679732752 0.4663862554 260.9074503291 -11.3146737914 -1.7988430697 -0.0201528837
14015 310002.74 113.8426120196 34.084017291 3776693.880217 762399.7751351999 56.4484633589 -0.1205028526 0.497280227 261.0476647301 -11.3473951205 -1.7793456539 -0.016195989
14016 310002.83 113.8426009411 34.084015859 3776693.692842 762398.7565914 56.4449177254 -0.0885780346 0.4867595408 261.1761515599 -11.3803442686 -1.7529703236 -0.0488404565
14017 310002.92 113.8425898322 34.0840144402 3776693.506844002 762397.7352015 56.4405444609 -0.0136879517 0.4779316209 261.3179091312 -11.4117787872 -1.7408445113 -0.040204821
14018 310003.01 113.8425786939 34.0840130434 3776693.323215 762396.7110345998 56.4372509047 -0.0046061732 0.5013502423 261.4506002033 -11.4437344977 -1.7056741157 -0.0215513736
14019 310003.1 113.8425675174 34.0840116625 3776693.141244998 762395.6832845 56.4355095876 -0.010112405 0.4958465818 261.5900848393 -11.4734252449 -1.6923036582 -0.0193351337
14020 310003.19 113.8425563074 34.0840103019 3776692.9614449986 762394.6523743 56.4332168447 0.0305443214 0.5466456665 261.7305246731 -11.507111255 -1.6599580188 -0.029012329
14021 310003.28 113.8425450701 34.0840089606 3776692.783717 762393.6188943002 56.4307913426 0.0971074963 0.528928902 261.8675422456 -11.5326715095 -1.6416890309 -0.023185127
14022 310003.37 113.8425338066 34.0840076387 3776692.608085 762392.5829308 56.4296758212 0.1499052184 0.5806648518 262.0061928674 -11.5566732293 -1.6070529377 -0.0123430108
14023 310003.38 113.8425325531 34.0840074933 3776692.58872 762392.4676356999 56.4295860557 0.1482068048 0.5881601657 262.0213648175 -11.5630973276 -1.6077448245 -0.0098923846
14024 310003.47 113.8425212608 34.0840061971 3776692.4158660006 762391.4289290998 56.4298660792 0.1584389177 0.4862700182 262.1529817334 -11.5845117063 -1.5875869893 0.0174297651
14025 310003.56 113.8425099454 34.0840049096 3776692.243908 762390.3880688002 56.4319338836 0.0910985972 0.5028856205 262.2946173829 -11.6105415677 -1.569874048 0.0279429132
14026 310003.65 113.8424986072 34.0840036484 3776692.074806 762389.3450207 56.4322707355 0.1203185786 0.4618370716 262.4262246514 -11.63657742 -1.5373629524 0.0028578276
14027 310003.74 113.8424872513 34.0840024036 3776691.907492 762388.3002805002 56.4325591931 0.0868470667 0.442086803 262.5731457756 -11.6502790384 -1.518605618 0.0032528511
14028 310003.83 113.8424758778 34.084001183 3776691.742812 762387.2538499002 56.4329824662 0.0644552017 0.4230083838 262.7143343575 -11.6642354905 -1.4925896705 0.0125195047
14029 310003.92 113.8424644971 34.0839999876 3776691.580908 762386.206674 56.4328248166 0.016271634 0.4431729695 262.859350221 -11.6691468205 -1.4516707016 -0.0151139688
14030 310004.01 113.8424531105 34.0839988209 3776691.422178 762385.1588605 56.4323935294 -0.0832953621 0.4763050657 263.0022844864 -11.6717747646 -1.4231575014 0.0112782318
14031 310004.1 113.8424417198 34.0839976753 3776691.265776 762384.110607 56.4314091979 -0.1459037958 0.5363821807 263.161233237 -11.6814073069 -1.3909389125 -0.0190403676
14032 310004.19 113.8424303225 34.083996558 3776691.112498 762383.061651 56.4276297893 -0.1293010846 0.6001038274 263.3123341314 -11.6851160227 -1.3558521099 -0.0513891943
14033 310004.21 113.8424277896 34.0839963132 3776691.078824 762382.8285295998 56.4263649248 -0.1107906977 0.6148078782 263.3457424501 -11.6863556341 -1.3488740754 -0.0653885493
14034 310004.3 113.8424163863 34.0839952292 3776690.929222 762381.7789183 56.4216550719 -0.063252977 0.6604603195 263.4939171624 -11.695816709 -1.3134887406 -0.0467641828
14035 310004.39 113.8424049835 34.0839941692 3776690.782295 762380.7292839001 56.419205687 -0.0723078706 0.6613604386 263.6375057844 -11.68699316 -1.2930526654 -0.0182318211
14036 310004.48 113.8423935745 34.0839931303 3776690.637681 762379.6790125 56.4173349654 -0.0198285687 0.6465331306 263.7830298315 -11.7004601701 -1.2622461481 -0.0243096151
14037 310004.57 113.8423821665 34.0839921105 3776690.495203 762378.6287701002 56.4147230042 0.1045875538 0.633427932 263.9266086767 -11.696403458 -1.2401043286 -0.0047225537
14038 310004.66 113.8423707585 34.0839911138 3776690.355276 762377.5784577 56.4146404779 0.1239537322 0.5769444631 264.0594467711 -11.6921160064 -1.2123888699 0.0109122497
14039 310004.75 113.8423593498 34.083990137 3776690.217562 762376.528021 56.416563591 0.0575500647 0.5414354261 264.1879691685 -11.6970272105 -1.188656583 0.0231174085
14040 310004.84 113.8423479338 34.0839891829 3776690.08235 762375.4768378 56.4171807012 0.0289689003 0.5427416208 264.3172637921 -11.7064452361 -1.1565834094 0.0125440733
14041 310004.93 113.8423365067 34.0839882526 3776689.949753 762374.4245542 56.4173790049 -0.023423126 0.5277376501 264.439992053 -11.7200972217 -1.1292245084 -0.0125998099
14042 310005.02 113.8423250625 34.0839873411 3776689.819196 762373.3706365 56.4144529514 0.0396725268 0.5421399057 264.5767211637 -11.7392452653 -1.1065807728 -0.0360115166
14043 310005.11 113.8423136055 34.0839864544 3776689.69136 762372.3154617 56.4114440996 0.100517579 0.5459553592 264.7146109634 -11.753781963 -1.0776136686 -0.0151823476
14044 310005.2 113.8423021313 34.0839855892 3776689.5658620014 762371.2586355 56.4102607565 0.1905032276 0.5448859126 264.8625588445 -11.7757861808 -1.0529954772 -0.0011677607
14045 310005.29 113.842290638 34.0839847476 3776689.442933 762370.1999639 56.4099353654 0.2072321696 0.5468402314 265.0038894505 -11.7921853788 -1.0219955108 0.0042988177
14046 310005.38 113.8422791268 34.083983927 3776689.322291998 762369.1395845 56.4122931324 0.1291671529 0.5008174609 265.143933497 -11.8144831708 -1.001935928 0.0375054551
14047 310005.47 113.8422675941 34.0839831291 3776689.204113 762368.0771441 56.414709053 0.0093770679 0.5073230626 265.2805384958 -11.8395147844 -0.9672005571 0.0126218114
14048 310005.56 113.842256037 34.0839823552 3776689.088544002 762367.0123684 56.4127502032 0.066581224 0.4846476301 265.4200210001 -11.8649809961 -0.9407968257 -0.0224937331
14049 310005.65 113.8422444553 34.0839816026 3776688.975266 762365.9452704 56.4090415742 0.1205098395 0.499712707 265.5602657158 -11.8876022416 -0.9131244254 -0.0216004165
14050 310005.74 113.8422328521 34.0839808748 3776688.864686 762364.8760985 56.4067213256 0.1348244106 0.5027445348 265.6987573656 -11.905890738 -0.8833827776 -0.0035160007
14051 310005.83 113.8422212243 34.0839801693 3776688.756521 762363.8045979 56.4070872227 0.057966698 0.5329136814 265.8479513853 -11.9328706196 -0.8543512324 0.0054467441
14052 310005.92 113.8422095752 34.0839794884 3776688.651026 762362.7310428 56.4072588459 0.0577298821 0.4959667156 266.0029922261 -11.9593969318 -0.8225363327 0.0204136983
14053 310005.98 113.8422017945 34.0839790459 3776688.581931 762362.0139586 56.4066984802 0.1309401121 0.4764955363 266.1076619533 -11.9736157647 -0.8095379609 -0.0068177651
14054 310006.07 113.8421901044 34.083978404 3776688.480662 762360.9365038 56.4046212789 0.3302489947 0.4937634799 266.266679238 -11.9994708618 -0.7719349941 -0.0026227976
14055 310006.16 113.8421783936 34.0839777848 3776688.381863 762359.8570676999 56.4067476271 0.3824561506 0.464066836 266.4365079328 -12.0168790316 -0.7455920836 0.0695437401
14056 310006.25 113.8421666677 34.0839771927 3776688.286026 762358.7761508998 56.4143472528 0.2505701692 0.4960475498 266.606952891 -12.0398547178 -0.7038822365 0.0760754704
14057 310006.34 113.8421549174 34.0839766331 3776688.193735 762357.6928788 56.419470774 0.1501959506 0.4791191115 266.768971914 -12.05998155 -0.6702261208 0.0253124105
14058 310006.43 113.8421431459 34.0839760955 3776688.103833 762356.6075884 56.4212378003 0.1317798983 0.4609687498 266.9344924329 -12.0814112473 -0.6455826731 0.0239723503
14059 310006.52 113.8421313506 34.0839755861 3776688.017003 762355.520002 56.421774189 0.0693198166 0.469710444 267.1040063921 -12.1096282807 -0.6034106819 -0.0031137348
14060 310006.61 113.8421195375 34.0839751019 3776687.932915 762354.4307046 56.4227404902 0.0663715413 0.4206473176 267.2895649236 -12.1231786113 -0.5803656603 0.0114454652
14061 310006.7 113.8421077013 34.0839746464 3776687.851956 762353.3391846998 56.4219451174 0.2168467883 0.3687873403 267.4827568522 -12.1483788617 -0.5333554289 -0.0265932432
14062 310006.78 113.8420971649 34.0839742674 3776687.782832 762352.3674432 56.4217239181 0.3733274995 0.3691001611 267.6559129726 -12.1582603972 -0.4995275184 0.0214754091
14063 310006.87 113.8420852971 34.0839738772 3776687.709042 762351.2728034002 56.4259483544 0.412151623 0.3906139299 267.8460946888 -12.1807315311 -0.4531660995 0.0847974481
14064 310006.96 113.8420734188 34.0839735217 3776687.639071 762350.1770891999 56.4344961196 0.3582577675 0.4270191187 268.0405010441 -12.1833464486 -0.4155422746 0.0810079518
14065 310007.05 113.8420615194 34.0839732003 3776687.572835 762349.0793146 56.438732205 0.4095200843 0.4102029864 268.244108782 -12.2134201354 -0.3711568164 0.0331832535
14066 310007.14 113.8420496192 34.0839729097 3776687.510014 762347.9813769 56.4460228849 0.3418848793 0.4426345978 268.4539230866 -12.2158627011 -0.3277752914 0.1448435784
14067 310007.23 113.842037705 34.0839726576 3776687.4514339985 762346.8820213 56.4497432113 0.3790394403 0.4397585064 268.6514073072 -12.2285476515 -0.2827467134 0.0372387429
14068 310007.32 113.8420257844 34.0839724386 3776687.396507 762345.7819708 56.455227077 0.2720554212 0.4538851351 268.8364933075 -12.2282640166 -0.2462571706 0.0402185499
14069 310007.41 113.8420138574 34.0839722539 3776687.345371 762344.6812354 56.4598801741 0.2996952733 0.4846879554 269.0009200942 -12.237711005 -0.2002015769 0.0603240651
14070 310007.5 113.842001923 34.0839721 3776687.297633 762343.5797094 56.4640830485 0.2485828578 0.5089784127 269.1520170649 -12.2400355541 -0.1666436872 0.0500340053
14071 310007.51 113.8420005973 34.0839720842 3776687.292471 762343.4573505998 56.4643821083 0.2454795588 0.5049297467 269.1664497916 -12.2383683694 -0.1669881827 0.0375749956
14072 310007.6 113.841988656 34.083971956 3776687.247574 762342.35511 56.4683070201 0.2269109251 0.4864130799 269.3195401117 -12.2557533782 -0.1375299937 0.0488300075
14073 310007.69 113.8419767069 34.0839718532 3776687.205462 762341.2520764 56.4720000997 0.2635223205 0.4837102518 269.4767878429 -12.2613881142 -0.1015385621 0.0460112079
14074 310007.78 113.8419647482 34.0839717747 3776687.166028 762340.1480728 56.4745499631 0.3415904651 0.4299099585 269.6449725849 -12.2743783396 -0.0814632971 0.0309736906
14075 310007.87 113.8419527802 34.0839717242 3776687.129684 762339.0431294001 56.478528196 0.3288827719 0.4542711688 269.8214856738 -12.2765745224 -0.0297892753 0.0525969245
14076 310007.96 113.8419408027 34.0839717072 3776687.097034 762337.9372078 56.4834064888 0.1687287104 0.4703306181 269.9907710835 -12.2860066856 0.0042110866 0.0576993912
14077 310008.05 113.841928814 34.0839717257 3776687.068282 762336.8301431999 56.4877977464 0.0281295461 0.5070008057 270.1436066131 -12.3027333902 0.0473743395 0.0157132574
14078 310008.14 113.8419168094 34.0839717698 3776687.0423449986 762335.7215273002 56.4858276034 0.1254351129 0.5494408733 270.3130052462 -12.310802578 0.0766985853 -0.0370398578
14079 310008.23 113.8419048031 34.0839718449 3776687.019833 762334.6126658001 56.4833782874 0.1581659037 0.5838458567 270.4747014779 -12.302058729 0.1114312083 -0.0046491952
14080 310008.3 113.8418954735 34.0839719213 3776687.004346 762333.7509545 56.4850821206 0.1344575931 0.5832658152 270.60939525 -12.2931108328 0.1389940774 0.0548615739
14081 310008.39 113.841883492 34.0839720439 3776686.987174 762332.6442281 56.488371972 0.046560828 0.5948170064 270.7700253715 -12.2728966243 0.1704723273 0.0244511725
14082 310008.48 113.8418715209 34.0839721935 3776686.973022 762331.5383761 56.4883462917 0.1276121048 0.5735440497 270.928278818 -12.264648129 0.2061676919 -0.0090707793
14083 310008.57 113.8418595683 34.0839723693 3776686.961833 762330.4341633002 56.4885143172 0.1866514272 0.5849862953 271.0851496284 -12.2459718508 0.2358345324 0.018400728
14084 310008.66 113.8418476386 34.0839725732 3776686.953822 762329.3319720002 56.4909232799 0.2284766756 0.5719486051 271.2337393095 -12.2197695047 0.2744787416 0.0534671116
14085 310008.75 113.8418357381 34.0839728032 3776686.94877 762328.2323894 56.4952943511 0.1489450773 0.6035507489 271.3762938011 -12.1874725524 0.3010824386 0.0564265224
14086 310008.84 113.8418238593 34.0839730586 3776686.9466019985 762327.1347467 56.4987876182 0.112866443 0.617307011 271.5206876813 -12.1606130503 0.3337405878 0.0300606249
14087 310008.93 113.8418120065 34.0839733353 3776686.946863 762326.0394236 56.5006570183 0.147343995 0.6504961451 271.6698069937 -12.1443943503 0.3596424486 0.0061218127
14088 310009.02 113.8418001807 34.0839736383 3776686.950111 762324.9465274 56.5018868977 0.1910654378 0.6413261921 271.8162563311 -12.1071834208 0.3924861593 0.0377573045
14089 310009.11 113.8417883848 34.0839739628 3776686.955828 762323.856317 56.506033672 0.1182636759 0.6674877512 271.9634775935 -12.087902741 0.4244850201 0.0525969784
14090 310009.2 113.841776614 34.0839743161 3776686.964792 762322.7683318001 56.5098120691 0.0450052158 0.7067711912 272.1046535155 -12.0590740625 0.452317826 0.0283656779
14091 310009.29 113.8417648648 34.0839746943 3776686.97659 762321.6822734 56.5117818257 0.0434214287 0.7162713721 272.2419142889 -12.0383287779 0.4866280874 0.0136348772
14092 310009.38 113.8417531415 34.0839750949 3776686.990926998 762320.5985355 56.5119720893 0.1654011152 0.7445830034 272.388612206 -12.0096290697 0.5090651792 -0.0018753166
14093 310009.47 113.8417414445 34.0839755183 3776687.007873 762319.5171508002 56.5129995225 0.2924586357 0.7243648581 272.5375474659 -11.9805334666 0.5359656602 0.0283924709
14094 310009.56 113.8417297791 34.0839759598 3776687.026909 762318.4386295 56.5170478011 0.3244144365 0.697548413 272.6969966873 -11.9460020579 0.5612075672 0.0729337566
14095 310009.65 113.8417181456 34.0839764253 3776687.048685 762317.3629771 56.5252505355 0.137999078 0.6710771861 272.8666788279 -11.9174783522 0.5953255776 0.1030556165
14096 310009.74 113.8417065424 34.0839769195 3776687.0737230014 762316.2900401 56.5323417317 -0.0227542804 0.6750795051 273.038373519 -11.8817079519 0.6310631428 0.0518545267
14097 310009.83 113.8416949635 34.0839774441 3776687.1021980015 762315.2192556999 56.5344753303 -0.033564004 0.6582332335 273.2177929556 -11.8607121079 0.6665780338 -0.0071100296
14098 310009.92 113.841683413 34.083977999 3776687.134114 762314.1509913 56.5323350094 0.1921373416 0.682454386 273.3983284754 -11.8320801005 0.7085387441 -0.0077843377
14099 310009.94 113.841680851 34.0839781263 3776687.141664 762313.9140303 56.5319931386 0.1581983865 0.6961452273 273.4371150929 -11.817438 0.7145122236 -0.0163603929
14100 310010.03 113.8416693413 34.0839787173 3776687.177685 762312.8494259 56.5331269372 0.2685859316 0.6753112306 273.6268036286 -11.7905437255 0.7471814692 0.0696776891
14101 310010.12 113.8416578743 34.083979338 3776687.217117 762311.7886747 56.5387776606 0.2611991873 0.6517843775 273.8282479728 -11.7428740991 0.785783594 0.0879212241
14102 310010.21 113.8416464406 34.0839799889 3776687.259978 762310.7309 56.5446618861 0.2013536058 0.6264712069 274.0465227451 -11.7118592982 0.824428179 0.0743176253
14103 310010.3 113.8416350436 34.0839806736 3776687.306696 762309.6764141 56.5486033298 0.1716896376 0.5682918917 274.2602432037 -11.6708803784 0.8572007 0.0233047117
14104 310010.39 113.8416236829 34.0839813937 3776687.357426 762308.6251647 56.5526991794 -0.0232548838 0.6216095403 274.4762250022 -11.6291188819 0.9128923678 0.0338001165
14105 310010.48 113.8416123548 34.0839821552 3776687.412843 762307.5768002 56.5539718941 -0.0990336454 0.6102866302 274.6759456203 -11.6023412181 0.9571897357 0.0115769211
14106 310010.57 113.8416010582 34.0839829433 3776687.471286 762306.5312644 56.5526657216 -0.1008913308 0.5771540758 274.8896591998 -11.5769962979 0.9903189951 -0.0026547565
14107 310010.66 113.8415897958 34.0839837637 3776687.533404 762305.4887893002 56.550526537 -0.068629207 0.6000129068 275.0902608128 -11.5395230746 1.0336519672 -0.0360544384
14108 310010.67 113.8415885464 34.0839838571 3776687.540558 762305.3731353001 56.5503582833 -0.0506702367 0.5876317315 275.1114293877 -11.5347280017 1.0381308416 -0.0189507133
14109 310010.76 113.841577319 34.0839847103 3776687.606409 762304.3337866998 56.5471817609 0.008383368 0.5670486117 275.3112533471 -11.4984220748 1.0622338185 -0.042945883
14110 310010.85 113.8415661249 34.0839855929 3776687.675597 762303.2974283001 56.5452455133 0.0751267655 0.5777824093 275.500328846 -11.4650621851 1.1065670917 -0.002814015
14111 310010.94 113.8415549654 34.0839865036 3776687.748008 762302.2641754 56.5448698932 0.15727888 0.560931778 275.6720541703 -11.4276152945 1.1376054424 0.0040048829
14112 310011.03 113.8415438407 34.0839874429 3776687.823676 762301.2340469 56.5466224374 0.1274760815 0.5740544159 275.8305089663 -11.392621215 1.1723868665 0.0354903502
14113 310011.12 113.8415327421 34.0839883974 3776687.901095 762300.2062742 56.5498387935 0.142058272 0.5448247199 275.9988094313 -11.3639161914 1.1948307813 0.0414151327
14114 310011.21 113.8415216768 34.083989378 3776687.981497 762299.1815044002 56.553045664 0.1220051148 0.5600885752 276.1515014441 -11.3278833825 1.232150928 0.0262758337
14115 310011.3 113.8415106469 34.0839903812 3776688.064499 762298.1599326 56.5552948769 0.2101957845 0.5009164374 276.3031315038 -11.295459136 1.2471809623 0.031193413
14116 310011.39 113.8414996531 34.0839914013 3776688.149468 762297.1416390998 56.5578560671 0.2675236089 0.508771024 276.4621531444 -11.253950942 1.2772939257 0.0271057985
14117 310011.48 113.8414886995 34.0839924441 3776688.237064 762296.1269905 56.56194307 0.219585361 0.4734164514 276.6242042483 -11.207340128 1.300347333 0.0676154596
14118 310011.52 113.8414838443 34.083992913 3776688.276626 762295.677224 56.5646015089 0.1571739248 0.4563185221 276.6992242352 -11.1892302417 1.3103079396 0.0697504066
14119 310011.61 113.8414729527 34.0839939831 3776688.367417 762294.6682174 56.5705922889 0.0582983475 0.4270318908 276.8618475827 -11.141844317 1.3384620504 0.0571134057
14120 310011.7 113.8414621123 34.0839950755 3776688.460799 762293.6638625 56.5732112713 0.1124520399 0.3814674243 277.0163306106 -11.0854019652 1.3646373723 0.0053249645
14121 310011.79 113.8414513325 34.0839961863 3776688.556389 762292.6650521 56.5736212665 0.2219053979 0.3473795208 277.1622616462 -11.0211196944 1.3831173335 0.0053163427
14122 310011.89 113.8414394329 34.0839974406 3776688.665022 762291.5623994998 56.5774009656 0.189971545 0.3320343122 277.3162196061 -10.9428907958 1.4089522652 0.0631020366
14123 310011.99 113.8414276174 34.083998716 3776688.776212998 762290.4674432 56.5839450983 0.0974086362 0.3269567022 277.4689989575 -10.864011036 1.4311562863 0.0733903239
14124 310012.09 113.8414158984 34.0840000055 3776688.889218 762289.3813564 56.5894567622 -0.0129998637 0.3106488623 277.6257402627 -10.7649519926 1.4396736315 0.0418148258
14125 310012.19 113.8414042926 34.0840013102 3776689.004204 762288.3056788 56.5920302514 -0.0747575516 0.3388684973 277.7849484911 -10.6549086057 1.4625859356 0.0250351367
14126 310012.29 113.8413928096 34.0840026291 3776689.121086 762287.2412942 56.5920276083 -0.0007106862 0.3114167372 277.9324368139 -10.5376865854 1.4706202479 -0.0125218872
14127 310012.39 113.8413814545 34.0840039573 3776689.239313 762286.1886877 56.5909703951 0.1085959134 0.3131302932 278.0723607002 -10.4145647017 1.4819889365 0.0065749891
14128 310012.49 113.8413702313 34.0840052977 3776689.35925 762285.1482243 56.5938243223 0.0499068984 0.3622148532 278.2041479698 -10.291795477 1.4973968942 0.0610164268
14129 310012.59 113.8413591408 34.0840066431 3776689.480073 762284.1199988001 56.5990993064 -0.0797770946 0.3821881963 278.3383115913 -10.1714599835 1.4951934627 0.0482483028
14130 310012.69 113.8413481767 34.0840079941 3776689.601834 762283.1034351998 56.6019088663 -0.0999683961 0.4126980525 278.4615449764 -10.055198853 1.5116299574 0.0033056035
14131 310012.79 113.841337341 34.0840093507 3776689.724564 762282.0987032 56.6007590024 0.03387243 0.4370279718 278.5776779168 -9.9379066415 1.5096488695 -0.0130980999
14132 310012.9 113.8413255772 34.0840108444 3776689.860122 762281.0078466998 56.6000258876 0.1216420554 0.4776428889 278.7006862074 -9.7962201806 1.5171190591 0.01013822
14133 310013.01 113.8413139892 34.0840123379 3776689.9961 762279.9332281002 56.60444107 0.0405709578 0.4855363834 278.8303673156 -9.6445614668 1.5114928666 0.0652408505
14134 310013.12 113.8413025818 34.0840138255 3776690.131889 762278.8753042 56.6109835561 -0.0670725519 0.4824346049 278.9674700693 -9.4945064209 1.504283545 0.0446656609
14135 310013.23 113.8412913604 34.0840153106 3776690.267878 762277.834563 56.6136121126 -0.0438480304 0.4341322882 279.1064053446 -9.3342864659 1.495116159 -0.0060086698
14136 310013.34 113.8412803331 34.0840167924 3776690.404012 762276.8117466999 56.6137719182 0.0245607791 0.4362557836 279.2377552328 -9.165898944 1.4918890243 0.0105845344
14137 310013.4 113.8412744034 34.0840176013 3776690.478543 762276.2617158002 56.6150808437 0.0326226361 0.4260106676 279.3047011347 -9.0721050869 1.4928652176 0.0293984706
14138 310013.51 113.8412636903 34.0840190767 3776690.614768 762275.2679370998 56.6186547279 -0.072210407 0.424377385 279.4288225336 -8.9026210673 1.481853859 0.0206505002
14139 310013.63 113.8412522213 34.0840206756 3776690.762751 762274.2039846998 56.6218898268 -0.1996106717 0.4233281269 279.5580862489 -8.7446042622 1.4795234013 0.0181617121
14140 310013.75 113.8412409129 34.0840222748 3776690.911193 762273.1548551 56.6225047838 -0.1035089857 0.3867640803 279.6866044694 -8.6538740843 1.4828028538 -0.0029770638
14141 310013.87 113.8412296934 34.0840238811 3776691.06064 762272.1139165 56.6203133818 0.0483046542 0.3887135336 279.8082916081 -8.5982186688 1.4947901652 -0.0254299551
14142 310013.99 113.8412185417 34.0840254986 3776691.211499 762271.0791984 56.618096713 0.1540431949 0.3584702736 279.9487761177 -8.5491601495 1.501706065 0.0023520881
14143 310014.11 113.8412074577 34.0840271292 3776691.363995 762270.0506949 56.6217717677 0.0457481756 0.3559851239 280.0913527916 -8.4998211352 1.5178604129 0.0460866678
14144 310014.23 113.8411964472 34.0840287701 3776691.517819002 762269.0289429 56.6260054382 -0.0840288081 0.308329473 280.243325119 -8.4316563691 1.5211857918 0.0239785989
14145 310014.35 113.8411855453 34.0840304207 3776691.673003 762268.0171953 56.6278652698 -0.2400421939 0.3081742669 280.3879386385 -8.3311702485 1.5292373279 0.0051243153
14146 310014.47 113.8411748095 34.084032072 3776691.828680998 762267.0207773001 56.6268386757 -0.4201225367 0.3151553449 280.5300133706 -8.1796720364 1.5221687532 -0.0286753414
14147 310014.53 113.8411695192 34.0840328946 3776691.906391 762266.5297451002 56.6252816701 -0.4670772531 0.3117984053 280.601440251 -8.0945794924 1.51990464 -0.0396934389
14148 310014.66 113.841158249 34.0840346684 3776692.0743019986 762265.4836109 56.6213440588 -0.4763111524 0.315452918 280.7380738778 -7.9054042327 1.5022525143 -0.0328302521
14149 310014.79 113.8411472657 34.0840364207 3776692.240556 762264.4640221 56.6124828085 -0.0524201266 0.3705123642 280.8854719122 -7.6904803737 1.4889401807 -0.0980506948
14150 310014.92 113.8411365963 34.0840381449 3776692.404502 762263.4735175 56.6070583789 0.4269560511 0.4258964934 281.0130114832 -7.4598073903 1.4583960029 0.0015118219
14151 310015.06 113.8411254899 34.0840399568 3776692.5770519986 762262.4423845 56.6115110992 0.6416075685 0.3627642305 281.1305118891 -7.1896909576 1.424626648 0.0474914644
14152 310015.2 113.8411147616 34.0840417298 3776692.746263 762261.4462912 56.6263321247 0.5114797095 0.3748338384 281.2136560346 -6.9812616805 1.3914683265 0.133713282
14153 310015.35 113.8411035882 34.0840435908 3776692.9241019986 762260.4088128002 56.6433946686 0.2421916127 0.3324000369 281.304582968 -6.7795055336 1.3523655306 0.074224201
14154 310015.5 113.8410927362 34.084045407 3776693.097793 762259.4011625998 56.6554511338 -0.0666350785 0.347638267 281.3846161448 -6.57724267 1.3309076928 0.0494170812
14155 310015.66 113.8410815473 34.0840473057 3776693.279762 762258.3621452 56.660678003 -0.1546633438 0.4135133338 281.479832425 -6.3318339473 1.2907352645 0.0038505614
14156 310015.82 113.8410708142 34.0840491396 3776693.455721 762257.3654174 56.6614725916 -0.2282694493 0.4832155528 281.5644380312 -6.0578463056 1.2447263732 -0.0186460362
14157 310015.99 113.8410599838 34.0840510025 3776693.634655 762256.3596116998 56.6615352789 -0.3061638588 0.4850948187 281.6634169954 -5.7072419433 1.1741432673 0.0183179433
14158 310016.1 113.8410533316 34.084052156 3776693.7455730014 762255.7418051 56.66309739 -0.3821900623 0.5425936692 281.7277868957 -5.4621905397 1.1368076965 0.0048748306
14159 310016.29 113.8410425349 34.0840540498 3776693.928025 762254.7390197 56.6608691113 -0.3798757902 0.6111578527 281.826402338 -5.019188004 1.0613696985 -0.0116566395
14160 310016.5 113.8410316874 34.0840559517 3776694.111232 762253.7315134 56.6547570573 -0.2926130103 0.4886861154 281.9283097793 -4.5041595982 0.9603478294 -0.0294045968
14161 310016.74 113.8410207459 34.0840578966 3776694.298971 762252.7151999002 56.6565982597 -0.3171576523 0.5007617836 282.0245751576 -3.9091630453 0.8287016732 -0.002710921
14162 310017.02 113.8410099756 34.0840598177 3776694.48451 762251.7147665998 56.6513907174 -0.1955036256 0.4621589549 282.1388161527 -3.1783746592 0.6804620093 -0.0105691584
14163 310017.37 113.8409993694 34.0840617197 3776694.6683519986 762250.7295407 56.6489615496 -0.0932121196 0.4290778899 282.2471485255 -2.4548769811 0.5231348356 -0.0054002098
