14246 310030.02 113.8401381295 34.0843018896 3776719.110331 762170.4636459 56.7805255288 0.0540975002 0.5945756725 293.9736396208 -3.2569837132 1.4559715327 -0.0144616089
14247 310030.31 113.8401281469 34.084305636 3776719.500472 762169.5303171 56.7812006734 0.0767414652 0.6483551777 294.1803834282 -3.11762331 1.4102289904 -0.0029423945
14248 310030.61 113.8401182356 34.0843093825 3776719.890802 762168.6035731 56.7822762793 0.0554286951 0.6306740894 294.372851702 -2.9931732735 1.3639612741 0.0018214587
14249 310030.83 113.8401112118 34.0843120512 3776720.168931 762167.9467844 56.7825706359 0.0679942632 0.5912745379 294.4571310734 -2.9161843437 1.3350267964 -0.0018776083
14250 310031.14 113.8401012793 34.0843158568 3776720.565771 762167.017903 56.7739912504 0.4618481271 0.6626270455 294.5756372942 -3.0849706756 1.4325759102 -0.0405475859
14251 310031.43 113.8400910816 34.084319776 3776720.974535 762166.0641756 56.7772385394 0.6115605885 0.6204535735 294.6820802941 -3.4322756936 1.5908389046 -0.0235583217
14252 310031.69 113.8400808985 34.0843237057 3776721.384491 762165.1117721999 56.7799937278 0.6740317268 0.5899328655 294.7833252474 -3.8188769764 1.7765334472 0.0030049081
14253 310031.92 113.8400709452 34.0843275702 3776721.787808 762164.1807904 56.7838644777 0.6342281097 0.6315380586 294.8802702665 -4.1794332082 1.9549779434 0.0225642611
14254 310032.13 113.8400610778 34.084331419 3776722.189606 762163.2577835 56.7887085862 0.6042226037 0.6348519767 294.9953644348 -4.4990989176 2.1090310608 0.0228701807
14255 310032.33 113.8400510307 34.0843353558 3776722.600711 762162.3179156 56.7917666156 0.6595448794 0.6279029482 295.1441442177 -4.7789541485 2.2585187571 -0.0053246827
14256 310032.52 113.8400409186 34.0843393613 3776723.019263 762161.3718315 56.7911049463 0.8143149946 0.709357194 295.2901102167 -5.0533265498 2.4140072469 0.0020983953
14257 310032.7 113.8400308069 34.0843433816 3776723.439473 762160.4257452 56.7957447954 0.8284927543 0.7197773066 295.4737093422 -5.3215701435 2.5474499942 0.0237518194
14258 310032.87 113.8400207882 34.0843473988 3776723.859561 762159.4882489 56.8022383703 0.7447544242 0.7426644832 295.6686876746 -5.5617712914 2.6979078551 0.0412964152
14259 310033.03 113.8400109601 34.0843513808 3776724.276245 762158.5684639 56.8073497433 0.735129946 0.7573560343 295.8785753459 -5.7879006199 2.8240111694 0.0055043812
14260 310033.19 113.8400007296 34.0843555288 3776724.710319 762157.6110028 56.8104939433 0.7683518225 0.7507717975 296.1023766157 -6.0089708095 2.9594904279 0.0083743779
14261 310033.2 113.8400000776 34.0843557949 3776724.738168 762157.5499808 56.8106438173 0.7696425876 0.7510306371 296.1168090949 -6.0213079863 2.9679767726 0.0102470495
14262 310033.35 113.8399901308 34.0843598831 3776725.1663339986 762156.6189077 56.814044795 0.7318084826 0.7862651585 296.3602006358 -6.2162497715 3.0955797653 0.0212495354
14263 310033.5 113.8399798758 34.0843641357 3776725.611948998 762155.6588721 56.8186527621 0.7544903025 0.7556424596 296.6340526975 -6.3972837403 3.2204863493 0.0272244884
14264 310033.64 113.8399700451 34.0843682615 3776726.044578 762154.7383975 56.8227769258 0.7861523659 0.7243817253 296.8831083201 -6.5574206423 3.3405398043 0.0012059969
14265 310033.78 113.8399599675 34.0843725304 3776726.492458 762153.7946855 56.8238501847 0.9405574105 0.6211785723 297.1414651509 -6.715340936 3.4519725227 0.0236498063
14266 310033.92 113.8399496546 34.0843769438 3776726.955772 762152.8288056 56.8325120052 0.8931615227 0.5459418671 297.3907256016 -6.8714720386 3.5770544755 0.0649987883
14267 310034.05 113.8399398721 34.0843811768 3776727.40042 762151.9124635 56.8412825316 0.699087401 0.4599574669 297.6333284767 -7.0164880048 3.6757686053 0.0478194539
14268 310034.18 113.839929896 34.0843855442 3776727.85949 762150.9778205998 56.850788096 0.5208081754 0.3913376988 297.8759516565 -7.1577154572 3.7918442581 0.0736546269
14269 310034.31 113.8399197216 34.0843900481 3776728.333208998 762150.0244483001 56.8547669267 0.5822140026 0.2597778682 298.1071972426 -7.29790427 3.8953510973 -0.0354627518
14270 310034.34 113.8399173436 34.0843911034 3776728.444214 762149.8016087 56.8543830058 0.644028819 0.2624198944 298.1672116988 -7.3352757345 3.9227828138 -0.0326060822
14271 310034.46 113.8399077411 34.0843954072 3776728.897183 762148.901666 56.8544950159 0.8069359429 0.3239440199 298.3623520595 -7.4472431821 4.0441407118 0.0658807551
14272 310034.58 113.8398979803 34.0843998282 3776729.362755 762147.9867411 56.863187369 0.7121945168 0.4009180392 298.5623811132 -7.5788126312 4.1381814886 0.0685192451
14273 310034.7 113.8398880356 34.0844043568 3776729.839802 762147.0545005 56.8736463478 0.495310115 0.3792445038 298.7753080033 -7.7224403542 4.2538565961 0.0627007554
14274 310034.82 113.8398779132 34.0844090104 3776730.330262 762146.1054732 56.8781971885 0.3430213564 0.4079658862 298.9467706784 -7.8485864473 4.3633574366 -0.0104538295
14275 310034.94 113.8398676155 34.0844137885 3776730.834080002 762145.1398692 56.8774848292 0.4056434027 0.5498696758 299.1356702801 -7.9920062172 4.4863612004 -0.0430445936
14276 310035.05 113.8398580201 34.0844182723 3776731.307055 762144.2400223 56.872593876 0.6260813901 0.6053057399 299.2725094505 -8.1110914001 4.5776429911 -0.0574056162
14277 310035.16 113.8398482552 34.0844228511 3776731.790123 762143.3242329 56.8776974091 0.6981111048 0.6633606576 299.3625858722 -8.2527457553 4.6800673277 0.0451211252
14278 310035.27 113.83983832 34.0844275237 3776732.283174 762142.3924290999 56.8847113345 0.7561813291 0.7022383212 299.4681941262 -8.3888420461 4.7621420653 0.022081817
14279 310035.38 113.8398282331 34.0844322773 3776732.784822 762141.4463642 56.8934497321 0.6692709643 0.6931429423 299.6091706535 -8.5057051769 4.8481235083 0.0751871126
14280 310035.39 113.8398273096 34.0844327137 3776732.830874 762141.3597462 56.8945151819 0.6214098466 0.6930860206 299.6218465553 -8.5160365911 4.8553504488 0.0797003255
14281 310035.5 113.839817062 34.0844375713 3776733.343658 762140.3985281 56.9046403514 0.3241886517 0.6298832845 299.7471128983 -8.654390298 4.959470908 0.0560014884
14282 310035.6 113.8398076054 34.0844420739 3776733.819063 762139.5114388 56.9070243612 0.2654133813 0.6136109418 299.8654234752 -8.7791262997 5.0515685768 -0.0984725812
14283 310035.7 113.8397980234 34.0844466632 3776734.303771 762138.6125008998 56.9024892123 0.417329848 0.621290708 299.988618329 -8.881950502 5.1405421859 -0.0938378919
14284 310035.8 113.8397883192 34.0844513381 3776734.797671 762137.7020216 56.9009410124 0.5328235031 0.654055389 300.120306904 -9.0021196234 5.2457158585 -0.0081471226
14285 310035.9 113.839778496 34.0844560976 3776735.300645 762136.7802930998 56.90511028 0.5057416204 0.6293006917 300.261654437 -9.1085541982 5.3295240748 0.0392078296
14286 310036.0 113.8397685555 34.0844609341 3776735.811872 762135.8474966 56.9118680106 0.3888833445 0.6863943934 300.4227133592 -9.214768421 5.4245817206 0.0087064698
14287 310036.1 113.8397585017 34.0844658549 3776736.332164 762134.9039760998 56.9146474786 0.5086954923 0.6400657784 300.5806557778 -9.3208238562 5.5202791149 -0.0142758075
14288 310036.2 113.839748335 34.0844708567 3776736.8611449986 762133.9497803 56.9154352248 0.5801054808 0.617527543 300.7575589668 -9.4223949655 5.6094543587 0.0136968031
14289 310036.3 113.8397380611 34.0844759502 3776737.400033 762132.9854029 56.9211143721 0.4311201207 0.6041773955 300.9287238358 -9.5227741935 5.7177045118 0.0196234838
14290 310036.35 113.8397328845 34.0844785294 3776737.672985 762132.4994571 56.924322241 0.411446615 0.614349233 301.0160347346 -9.5734273636 5.7560640339 0.0380642765
14291 310036.44 113.8397234988 34.0844832338 3776738.170974 762131.6182889 56.9279225897 0.4681094314 0.623996487 301.1700071979 -9.660668426 5.8657440805 -0.0065137887
14292 310036.53 113.8397140305 34.0844880114 3776738.676871 762130.7292760998 56.9275556412 0.5308022875 0.6425466966 301.3240653865 -9.7357110537 5.9446137015 -0.0482413976
14293 310036.62 113.8397044787 34.0844928571 3776739.190111 762129.8323448001 56.9293852774 0.4828411033 0.7016098494 301.4878652904 -9.8262381937 6.0291457858 0.0397984172
14294 310036.71 113.8396948494 34.0844977767 3776739.7113519986 762128.9280271 56.9339875774 0.3968356482 0.7153307986 301.6517060757 -9.9053016003 6.1274945915 0.0235130259
14295 310036.8 113.8396851383 34.084502768 3776740.2403480015 762128.0159288 56.9382694094 0.2554119763 0.7079667384 301.8187567053 -9.9942492692 6.2045038044 -0.0031823939
14296 310036.89 113.8396753436 34.0845078338 3776740.777392 762127.0958828002 56.9390268577 0.3514886769 0.6996996141 301.9931715425 -10.0734481212 6.3102116089 -0.032420088
14297 310036.98 113.8396654754 34.0845129712 3776741.322198 762126.1688343 56.9368966436 0.5579921511 0.6812947701 302.1711393481 -10.1411851425 6.3895542273 -0.0425113143
14298 310037.07 113.8396555376 34.0845181714 3776741.873783998 762125.2351662 56.9396650502 0.5728616101 0.6347265257 302.3541048976 -10.2163674832 6.4685099813 0.0174783669
14299 310037.15 113.8396466426 34.0845228452 3776742.369634 762124.3994073 56.9481111597 0.4582509533 0.5925148167 302.5239992289 -10.2846313468 6.5570085912 0.0976067271
14300 310037.24 113.8396365755 34.0845281724 3776742.9349980014 762123.4534121 56.9570345674 0.3756634195 0.5862594482 302.7079843648 -10.3418220306 6.6448196777 0.0391575759
14301 310037.33 113.8396264403 34.0845335803 3776743.509129 762122.500874 56.9599013124 0.4816562068 0.566996383 302.8743337419 -10.4197682285 6.7421814165 -0.0621498799
14302 310037.42 113.8396162309 34.0845390662 3776744.0917339986 762121.5412459002 56.9616277395 0.6073315155 0.6279206173 303.0339685241 -10.4870451662 6.8456688142 0.0126112903
14303 310037.5 113.8396071017 34.0845440019 3776744.616055 762120.6830526 56.9684534734 0.6266647618 0.6009848893 303.1608652475 -10.5542675812 6.9125990034 0.0812896813
14304 310037.58 113.839597915 34.0845489892 3776745.145943 762119.8193929 56.9776371373 0.4413169345 0.6831677444 303.2990328414 -10.6098214479 6.9812204159 0.0654502447
14305 310037.66 113.8395886757 34.0845540402 3776745.682774 762118.9506843 56.9855139758 0.2308096793 0.7185892579 303.4265450154 -10.6812178359 7.078132791 0.0459693459
14306 310037.74 113.8395793783 34.084559142 3776746.225098 762118.0764447 56.9885867098 0.2557934505 0.6923220805 303.5655127052 -10.747573014 7.144791155 -0.0394585896
14307 310037.82 113.8395700204 34.0845643049 3776746.774032 762117.1964434 56.9853000371 0.3956390818 0.6878559678 303.6962124906 -10.8206703462 7.2293411712 -0.0946149694
14308 310037.9 113.8395606066 34.0845695195 3776747.328573 762116.3111104 56.9834366338 0.6495833319 0.6914946934 303.8419919633 -10.8775052605 7.3020423768 -0.0148375269
14309 310037.92 113.8395582448 34.0845708325 3776747.468225 762116.0889770002 56.9841457326 0.6058966894 0.710573218 303.8793820316 -10.8920031073 7.3244511283 0.007935126
14310 310038.0 113.8395487689 34.0845761174 3776748.030403 762115.1977008 56.9925563829 0.5218387347 0.6447987888 304.0254262176 -10.9491556604 7.3932336663 0.1228954732
14311 310038.08 113.839539246 34.0845814715 3776748.600144 762114.301864 57.0009833351 0.3349078382 0.6756200002 304.1757611657 -11.0085829258 7.4789224565 0.0584960246
14312 310038.16 113.8395296822 34.0845868997 3776749.177997 762113.4020309 57.004125759 0.3848631394 0.672916914 304.3138526996 -11.0649990912 7.5668554086 -0.008842163
14313 310038.24 113.8395200669 34.0845923843 3776749.761981 762112.4972641 57.0022400878 0.6164152103 0.668702757 304.4640502334 -11.1232138711 7.6465444474 -0.0458202631
14314 310038.32 113.8395104055 34.0845979286 3776750.352468 762111.5880504 57.0029970026 0.7462736159 0.7025373776 304.5944389863 -11.1701327639 7.7311876401 0.0558322507
14315 310038.4 113.8395006973 34.084603527 3776750.948854 762110.6743613002 57.0109254941 0.5605963591 0.7469127657 304.7188988691 -11.2295944684 7.8023929299 0.1260925675
14316 310038.48 113.8394909375 34.0846091827 3776751.551451 762109.7557229 57.0198110659 0.432005113 0.699002437 304.8294510316 -11.2875916362 7.8813563594 0.0820939485
14317 310038.56 113.8394811232 34.0846148874 3776752.159349 762108.8319034 57.0235833284 0.3639140789 0.6975077072 304.949828871 -11.3553457561 7.9503117487 -0.0152397921
14318 310038.58 113.8394786625 34.0846163209 3776752.312118 762108.6002645 57.0235684067 0.4053622574 0.7042116421 304.9836914912 -11.3610147863 7.9600664892 -0.0168322895
14319 310038.66 113.8394687997 34.0846220886 3776752.926892 762107.6717739 57.0223420244 0.4324254298 0.6775425543 305.1025344461 -11.3948896644 8.0294015963 -0.0345925311
14320 310038.74 113.8394589149 34.0846278902 3776753.545354 762106.7411438002 57.0244994275 0.3072530816 0.6570748481 305.231142795 -11.4079504157 8.0715123727 0.0628359115
14321 310038.82 113.8394490298 34.0846337228 3776754.167273 762105.8103907 57.0287083592 0.0543048571 0.6555268266 305.3539532535 -11.4011000082 8.1054481265 0.0225866493
14322 310038.9 113.8394391352 34.0846395865 3776754.792607 762104.8786675 57.0297743958 -0.0127932773 0.612581593 305.4897899323 -11.4229086469 8.154748473 -0.0425609877
14323 310038.98 113.839429239 34.0846454785 3776755.421084 762103.9467016 57.027213227 0.1005364338 0.5668663729 305.6272868638 -11.4160585122 8.1877403752 -0.034318566
14324 310039.06 113.8394193487 34.0846513834 3776756.051015 762103.0152464 57.0264178617 0.1543403262 0.5172874266 305.7711177177 -11.3973775084 8.2053840314 -0.0124063737
14325 310039.14 113.8394094689 34.0846573005 3776756.6823160006 762102.0847229002 57.0297200279 0.1643797444 0.4908087792 305.9177337009 -11.3793431522 8.2388890935 0.0406592514
14326 310039.22 113.8393996119 34.0846632369 3776757.315814 762101.156244 57.0338778542 0.1656316551 0.4392950701 306.0623381823 -11.3502734545 8.2650832992 0.0453926404
14327 310039.3 113.8393897778 34.084669189 3776757.951117 762100.2298413 57.0388865229 0.109452153 0.38994854 306.2079306443 -11.3227241889 8.2806066303 0.0328963879
14328 310039.33 113.8393860973 34.0846714238 3776758.189684 762099.8830928 57.0404352304 0.1624636526 0.3690337567 306.26403619 -11.3102215211 8.2868255447 0.039604111
14329 310039.41 113.8393763019 34.084677398 3776758.827539 762098.9601891999 57.0437429827 0.1479296706 0.3435124899 306.4001645401 -11.2780429635 8.3139747458 0.0270669099
14330 310039.49 113.8393665363 34.0846833847 3776759.466862 762098.0399946 57.0491685132 0.0182720571 0.3632749997 306.5308385597 -11.2393362971 8.3270797533 0.081456009
14331 310039.57 113.8393568025 34.084689387 3776760.107997 762097.1226984 57.0542607261 -0.2080145639 0.4260418998 306.6476217052 -11.2108375563 8.3571718601 0.0134781991
14332 310039.65 113.8393470982 34.0846954013 3776760.750537 762096.2080749002 57.0545955114 -0.1318585559 0.4406738979 306.7650338659 -11.1711216625 8.3634490284 -0.0186949836
14333 310039.73 113.8393374236 34.0847014222 3776761.393897 762095.2961836 57.0501596406 0.1173893394 0.4529317252 306.8929563397 -11.1377515352 8.3736751201 -0.0835969219
14334 310039.81 113.8393277797 34.0847074479 3776762.037854 762094.3871122 57.0513061388 0.1751592394 0.5240942735 307.0277066658 -11.0987942249 8.3789556476 0.0561905038
14335 310039.89 113.8393181724 34.0847134826 3776762.682909 762093.4813891 57.0585356653 0.2628685375 0.5210554433 307.1668576671 -11.0513195409 8.3953294137 0.0860548082
14336 310039.97 113.8393086025 34.0847195273 3776763.329167 762092.5790868 57.0676648617 -0.0424187251 0.5735320109 307.3086354316 -11.0167687191 8.4056609287 0.0759592954
14337 310040.03 113.8393014503 34.0847240647 3776763.814354 762091.9046753 57.0728077097 -0.0295704135 0.5959254768 307.4258298669 -10.9719213548 8.413086292 0.0427187515
14338 310040.11 113.839291956 34.0847301301 3776764.463113 762091.0092981 57.0754094627 -0.0944212098 0.6530149012 307.569637701 -10.9372155709 8.4332994782 0.0009114792
14339 310040.19 113.8392824979 34.0847362029 3776765.112775 762090.1172327 57.0744813578 0.1123334583 0.6336074038 307.7158516448 -10.8918012711 8.4437128137 -0.0079590194
14340 310040.27 113.8392730757 34.0847422812 3776765.763143 762089.2284653 57.0740882633 0.0486968597 0.690365015 307.8658916323 -10.8483958911 8.4430514118 -0.0339338414
14341 310040.35 113.8392636941 34.084748368 3776766.414563 762088.3434256 57.0763234738 0.2252820294 0.6630362532 308.0210895695 -10.7998577242 8.4648200917 0.0595848257
14342 310040.43 113.839254349 34.0847544623 3776767.066899 762087.4617311 57.0807553977 0.1452775536 0.6584399693 308.1727520108 -10.7666266417 8.4659042442 0.0316126086
14343 310040.51 113.8392450419 34.0847605615 3776767.719884 762086.5835284998 57.0853681816 0.2046374448 0.6378861869 308.3410607968 -10.710922464 8.4763970635 0.0659518774
14344 310040.59 113.8392357747 34.0847666704 3776768.374044 762085.7089837 57.0919442056 0.0832365223 0.5988338193 308.5150321704 -10.6726384814 8.4912533184 0.0653317222
14345 310040.67 113.8392265475 34.0847727868 3776769.029149 762084.8381058002 57.096650566 0.0627140912 0.549845735 308.7018001854 -10.6259122994 8.5035241041 0.0364869558
14346 310040.75 113.8392173634 34.0847789203 3776769.686253 762083.9711513 57.0987090114 0.1324988498 0.4872694751 308.8905519609 -10.5697351287 8.5237592494 0.0015411145
14347 310040.77 113.8392150741 34.0847804548 3776769.850676 762083.7550321 57.0995062348 0.1279566142 0.4744848783 308.9390423232 -10.5611507113 8.5246269352 0.037852771
14348 310040.85 113.8392059455 34.084786601 3776770.509336 762082.8931704998 57.102815642 0.0772362922 0.493680581 309.1379219927 -10.4992882204 8.5467672855 0.0358755026
14349 310040.93 113.8391968654 34.0847927673 3776771.170342 762082.0357210998 57.1074967198 -0.00765513 0.5191610659 309.3130919865 -10.4559304381 8.576090401 0.0472556375
14350 310041.01 113.839187828 34.0847989443 3776771.832654 762081.1821835 57.108687045 0.1739860384 0.519466948 309.4934272745 -10.4030608504 8.5861650558 -0.0131785862
14351 310041.09 113.8391788329 34.0848051282 3776772.495833 762080.3325385002 57.109752005 0.320739743 0.5476215562 309.6658997112 -10.358389353 8.5957257029 0.0199522356
14352 310041.17 113.8391698854 34.0848113199 3776773.1600089986 762079.4872568 57.1153751742 0.2646697035 0.5894546857 309.8199064914 -10.3027465641 8.6127819824 0.1049272719
14353 310041.25 113.8391609784 34.0848175184 3776773.825045 762078.6456901 57.1240212051 0.1370862528 0.550137407 309.9547233749 -10.2652960049 8.6099198877 0.0798803944
14354 310041.33 113.8391521036 34.0848237195 3776774.490441001 762077.8070886 57.1290292246 0.0149491083 0.5301625817 310.10774494 -10.2241291746 8.6140784467 -0.0120252267
14355 310041.41 113.8391432604 34.0848299249 3776775.156407 762076.9714039002 57.1299211364 0.2667135268 0.3670707255 310.2738297754 -10.1969059945 8.6179948179 0.0136421769
14356 310041.47 113.8391366494 34.0848345792 3776775.655961 762076.3466071 57.1313441889 0.2642761479 0.3216225528 310.4045612462 -10.1619187662 8.6231304193 0.0530808964
14357 310041.55 113.8391278775 34.084840795 3776776.3232519985 762075.5174693002 57.1369118579 0.1444170655 0.3115394663 310.5675048328 -10.0928487876 8.640110339 0.1151163556
14358 310041.63 113.8391191503 34.0848470223 3776776.991946 762074.6924213 57.1437163204 -0.1485854032 0.3206695252 310.739659664 -10.05005432 8.6541629112 0.0752367365
14359 310041.71 113.8391104614 34.0848532661 3776777.662569 762073.8708548 57.1451738002 -0.1110889611 0.3257444579 310.9041958909 -10.0072188394 8.6892438281 0.0044827238
14360 310041.79 113.8391018064 34.0848595261 3776778.335069998 762073.0523686998 57.1421314841 -0.0014241377 0.3843048536 311.066967194 -9.9653175348 8.6964660984 -0.0360478084
14361 310041.87 113.8390931925 34.0848657977 3776779.008962 762072.2376521998 57.1411912283 -0.0211035829 0.4684849778 311.2295923905 -9.9187014929 8.7221992738 0.0353597238
14362 310041.95 113.8390846147 34.0848720764 3776779.68374 762071.4262403002 57.1422476582 0.0127757547 0.4142465844 311.3887758128 -9.8839626324 8.7203791357 0.0193809915
14363 310042.03 113.8390760692 34.0848783608 3776780.359238 762070.6177904998 57.1432943838 -0.1582742942 0.502257149 311.5686008931 -9.8386801355 8.7413131613 0.0254620519
14364 310042.11 113.8390675602 34.0848846551 3776781.03592 762069.8126870998 57.1428839304 0.0799852653 0.337993457 311.7498626007 -9.8044653193 8.735566022 -0.0137113827
14365 310042.18 113.8390601361 34.0848901655 3776781.6283949986 762069.1101726 57.141113013 0.2439549908 0.2629760854 311.9168261853 -9.7684151271 8.7564060752 -0.0054278633
14366 310042.26 113.8390516958 34.084896474 3776782.306825 762068.3113642 57.1420682613 0.4281716381 0.2012586984 312.0879004105 -9.7146654782 8.7579355093 0.0356579678
14367 310042.34 113.8390432971 34.0849027887 3776782.986061 762067.5163810998 57.1506530503 0.3226201469 0.1752334165 312.2763516655 -9.6638683387 8.7770444322 0.1506013748
14368 310042.42 113.8390349444 34.0849091191 3776783.667153 762066.7255943002 57.1613453729 0.0113591885 0.1964673636 312.442769447 -9.6149046245 8.8023095206 0.1246610973
14369 310042.5 113.8390266323 34.0849154635 3776784.349907 762065.9385128 57.1678116769 -0.2934757958 0.256970313 312.6101752474 -9.5669430949 8.8122806304 0.040190712
14370 310042.58 113.8390183561 34.0849218274 3776785.0349160014 762065.1546933 57.1661543967 -0.3521594592 0.3499314295 312.7642881348 -9.5317240534 8.8516400207 -0.0619920927
14371 310042.66 113.8390101124 34.0849282059 3776785.721626 762064.3738236 57.1577715715 -0.2016658626 0.4097690878 312.9120757234 -9.4968436496 8.8607051051 -0.1199543459
14372 310042.74 113.8390018978 34.0849345948 3776786.409562 762063.5956069998 57.1486594155 -0.0047201383 0.5154648099 313.0724806933 -9.4629495496 8.8757634858 -0.1046605603
14373 310042.82 113.8389937158 34.0849409908 3776787.098368 762062.8203810998 57.1448977794 0.214221076 0.527687651 313.2297992055 -9.4233478292 8.8777492891 -0.0159469677
14374 310042.84 113.8389916741 34.0849425902 3776787.270629 762062.6269236 57.1457724189 0.2166140936 0.5399408365 313.2748412494 -9.4209517653 8.8816434609 0.0662793025
14375 310042.92 113.8389835255 34.0849489982 3776787.960856 762061.8547433 57.1516367011 0.0313525718 0.5324943647 313.43717291 -9.383075862 8.8990340696 0.0708114159
14376 310043.0 113.8389754041 34.0849554153 3776788.652167 762061.0850494 57.157697279 -0.092851189 0.5036977932 313.6012107423 -9.3627775633 8.9235651683 0.0756377132
14377 310043.08 113.8389673071 34.0849618459 3776789.345036 762060.3175722 57.1580694504 -0.0239558945 0.4866966223 313.7659955474 -9.3217419046 8.938559799 -0.0454752637
14378 310043.16 113.8389592405 34.0849682913 3776790.039619 762059.5528505 57.1557303397 0.0874072691 0.5082419056 313.914334633 -9.3005197954 8.961668745 -0.0294288748
14379 310043.24 113.8389512052 34.0849747526 3776790.736063 762058.7909675002 57.1531047048 0.1980063327 0.5348920279 314.0462391926 -9.2470151672 8.9831368783 -0.011369672
14380 310043.32 113.8389431993 34.0849812236 3776791.433643 762058.031771 57.1548474934 0.2213660653 0.5775466959 314.1670500608 -9.2271745018 8.9867006382 0.0518039262
14381 310043.4 113.8389352169 34.0849877053 3776792.132479 762057.2747136998 57.1587070543 0.1662640933 0.6554009061 314.2920197034 -9.1955835237 9.0090180092 0.0613300953
14382 310043.48 113.8389272584 34.0849941964 3776792.832412998 762056.5198361 57.162696057 0.0476419247 0.6361094915 314.420384528 -9.1745801447 9.012003618 0.0519996016
14383 310043.56 113.8389193159 34.0850006933 3776793.533036 762055.7664161 57.1652005538 -0.00968197 0.6303677363 314.5619597393 -9.1521931703 9.0264569693 0.025021031
14384 310043.63 113.8389123822 34.085006391 3776794.147564 762055.1086018 57.1643493595 0.0786909468 0.6002574367 314.6800076774 -9.1362122775 9.0498080487 -0.0347044238
14385 310043.71 113.8389044744 34.085012913 3776794.851062 762054.3583113 57.1612789929 0.3725081741 0.5521568249 314.8255490345 -9.1153572871 9.0600086475 -0.0196043785
14386 310043.79 113.8388965926 34.0850194491 3776795.556189 762053.6103721998 57.1624559974 0.4694500206 0.5769807862 314.9682602265 -9.0721201189 9.0838080771 0.0648083459
14387 310043.87 113.8388887392 34.0850259992 3776796.262943 762052.8650195 57.1715108044 0.2391399842 0.5847605913 315.1066166265 -9.0503855149 9.104707077 0.1601806298
14388 310043.95 113.8388809124 34.0850325616 3776796.971133 762052.1220830998 57.1812121542 -0.0063760148 0.5956205377 315.2511618622 -9.0150124502 9.11849144 0.0906253922
14389 310044.03 113.838873101 34.085039145 3776797.68169 762051.3805003 57.1835365919 -0.130490081 0.60137283 315.4013860264 -9.0086015747 9.1535816287 -0.0240558293
14390 310044.11 113.8388653044 34.085045744 3776798.394022 762050.6402338 57.1782032689 0.1392408464 0.5687196187 315.561665788 -8.9799420749 9.1729093693 -0.066098123
14391 310044.19 113.8388575254 34.0850523634 3776799.108657 762049.9015311998 57.1730370205 0.2782222701 0.555144482 315.7113668136 -8.9613059882 9.1909689866 -0.0331556395
14392 310044.27 113.8388497674 34.0850589985 3776799.825099 762049.1647226998 57.1746296715 0.3117158139 0.5756301767 315.864143753 -8.931901313 9.2249145369 0.0871877117
14393 310044.35 113.8388420332 34.0850656533 3776800.543775 762048.4300477 57.1812442113 0.1104727926 0.5501721417 316.0057266382 -8.9109727369 9.2398788737 0.087956456
14394 310044.4 113.838837205 34.0850698204 3776800.993833 762047.9713776 57.1848060992 0.0448756795 0.5408413425 316.1044518042 -8.9019312163 9.2577314719 0.050577604
14395 310044.48 113.8388294952 34.0850765082 3776801.71624 762047.2388544001 57.1867634254 0.0924560778 0.4931615697 316.2548502895 -8.8823788266 9.2972294405 0.0224950971
14396 310044.56 113.8388217979 34.0850832139 3776802.44067 762046.5074383002 57.1856461763 0.1511349369 0.4433395637 316.4050029087 -8.8725350881 9.3156529407 -0.0047313879
14397 310044.64 113.8388141209 34.0850899411 3776803.167538 762045.777822 57.1858255742 0.0494901837 0.4609465284 316.5508349725 -8.8374579973 9.3495634366 0.0336227933
14398 310044.72 113.838806463 34.0850966899 3776803.896848 762045.0499027 57.1860013455 0.0510743407 0.4368425654 316.6934348822 -8.8281448809 9.3779635515 -0.006925497
14399 310044.8 113.8387988202 34.0851034596 3776804.628517 762044.3233208 57.1835073885 0.2050513447 0.4557898019 316.8333057787 -8.7994875405 9.4086775117 -0.0268513187
14400 310044.88 113.8387911951 34.0851102509 3776805.362627 762043.5982959 57.1825352972 0.2750479132 0.439990232 316.9632798894 -8.7911830922 9.4325668854 0.0256287884
14401 310044.96 113.8387835875 34.0851170551 3776806.098206 762042.874851 57.1868624045 0.175621044 0.4367145412 317.0939227716 -8.7621577457 9.453202326 0.0932886851
14402 310045.04 113.8387759951 34.085123877 3776806.835797 762042.1527569002 57.1923090136 -0.0908504494 0.4453820631 317.2263758612 -8.7496984631 9.4731360427 0.0230579503
14403 310045.12 113.8387684069 34.0851307105 3776807.574687 762041.4310176999 57.1919769524 0.0298581111 0.3775876229 317.363339935 -8.7443509626 9.5065265753 -0.0069571931
14404 310045.2 113.8387608299 34.0851375641 3776808.315832 762040.7102468002 57.1868772674 0.1672584536 0.344424022 317.4958658194 -8.7265662285 9.5255871853 -0.0747523831
14405 310045.21 113.8387598835 34.0851384223 3776808.408643 762040.6202127 57.1862684768 0.2314137669 0.3302189783 317.5125160933 -8.7264611698 9.5313329191 -0.0587700673
14406 310045.29 113.8387523255 34.085145297 3776809.152182 762039.9011371 57.1836185586 0.2256433156 0.3616754748 317.6485439432 -8.6972066464 9.5586583284 0.0128731955
14407 310045.37 113.8387447894 34.0851521911 3776809.897936 762039.1840134 57.1871681437 0.1385485192 0.3374266411 317.7860925059 -8.681415617 9.5848412906 0.0752693043
14408 310045.45 113.838737267 34.0851591007 3776810.645437 762038.4681129 57.1912476523 -0.0613120628 0.3426489002 317.9414576027 -8.6629238085 9.6067238925 0.0277710552
14409 310045.53 113.838729762 34.0851660349 3776811.395713 762037.7537429 57.1908918908 -0.0364393233 0.3186974965 318.0926856487 -8.6442930125 9.645634166 -0.0290870925
14410 310045.61 113.8387222725 34.0851729877 3776812.148099 762037.0407496998 57.1863787193 0.111664378 0.3048103397 318.2531506628 -8.6221351278 9.6633531067 -0.0573557279
14411 310045.69 113.8387148048 34.085179964 3776812.903136 762036.3296938002 57.183598361 0.2036318771 0.295714595 318.4047760413 -8.5978657771 9.6987465299 0.0146652354
14412 310045.77 113.8387073569 34.0851869563 3776813.660014 762035.6204212 57.1837301627 0.2539221508 0.2934861426 318.5677250088 -8.5783296798 9.7158854644 0.0295201316
14413 310045.85 113.8386999308 34.0851939706 3776814.419379 762034.9130939 57.1862358712 0.2919121851 0.3084109778 318.7329920204 -8.5439838199 9.7580596336 0.0443910939
14414 310045.93 113.8386925265 34.0852010038 3776815.180909 762034.2077125999 57.1895219404 0.2905652898 0.2971528807 318.903104578 -8.5254820651 9.7781848342 0.0570917425
14415 310045.95 113.8386906778 34.0852027645 3776815.37156 762034.0315809 57.1903706826 0.3050223065 0.2767760149 318.9476116306 -8.5213015438 9.7787936006 0.0548563781
14416 310046.03 113.8386833017 34.0852098236 3776816.136026 762033.3287331 57.1949704327 0.2523006092 0.3063645301 319.11538633 -8.4880357889 9.8173684278 0.0745465247
14417 310046.11 113.8386759444 34.0852169013 3776816.9026129986 762032.6275598 57.1985328654 0.2328817014 0.2903969552 319.2868023921 -8.4706172361 9.8350156395 0.036000462
14418 310046.19 113.8386686081 34.0852239995 3776817.671523 762031.9282605 57.2015341297 0.2387712826 0.3038494865 319.4485226439 -8.4423976744 9.8731217464 0.0390694366
14419 310046.27 113.838661296 34.0852311198 3776818.4429480014 762031.2311245 57.2044579517 0.1997955889 0.334171978 319.6001312388 -8.4168528752 9.8960868919 0.0352290829
14420 310046.35 113.8386540029 34.0852382582 3776819.2164300014 762030.535701 57.2073482312 0.157720063 0.3798369979 319.7563733975 -8.3941763078 9.9271995223 0.0407301018
14421 310046.43 113.8386467342 34.085245415 3776819.992022 762029.8424582 57.2099736538 0.1311590932 0.3831150371 319.8999278373 -8.3634436407 9.9428140844 0.0407449276
14422 310046.51 113.8386394873 34.0852525833 3776820.7689410006 762029.1512054 57.2122582085 0.0060971439 0.4270987116 320.0486537195 -8.3368151115 9.957079406 0.0200847637
14423 310046.59 113.8386322685 34.0852597651 3776821.547428 762028.4625009 57.2128341422 0.0338223338 0.416419279 320.1878976063 -8.3081401115 9.9772203199 -0.0148068011
14424 310046.67 113.8386250754 34.0852669517 3776822.326521 762027.7761547 57.2113035508 0.1054841976 0.4412019773 320.3289223063 -8.268490003 9.9821125451 -0.0144571337
14425 310046.7 113.8386223885 34.0852696464 3776822.6186730014 762027.5197469 57.2113943221 0.1030658778 0.4522868433 320.3749129962 -8.2507599583 9.9742549808 0.0155652581
14426 310046.78 113.8386152445 34.0852768333 3776823.397917 762026.8379319998 57.2130518816 0.1283413012 0.429686238 320.4951913884 -8.2231254935 9.9820253859 0.0496298474
14427 310046.86 113.8386081268 34.0852840245 3776824.177709 762026.1585348 57.2152321339 0.0147875697 0.4584596001 320.6077339198 -8.1887590408 9.9903337928 0.0342724782
14428 310046.94 113.8386010361 34.0852912203 3776824.958086 762025.4816151998 57.2174950112 -0.0229563373 0.4630931526 320.7225271551 -8.1592645551 9.991278167 0.0367546352
14429 310047.02 113.8385939695 34.0852984183 3776825.738762 762024.8069131 57.2177027632 -0.0140781708 0.4871791762 320.8422548523 -8.1240367899 9.9929635371 0.0074067086
14430 310047.1 113.8385869308 34.0853056238 3776826.520345 762024.1347641 57.2169597652 0.0274612339 0.4990755851 320.9514730811 -8.0941831416 9.9972364667 -0.0272468952
14431 310047.18 113.8385799199 34.0853128298 3776827.302055 762023.4651853002 57.2165205292 0.1006642301 0.5140428067 321.0600110673 -8.0629396918 9.996738071 0.022987898
14432 310047.26 113.8385729414 34.0853200325 3776828.083491 762022.7986038 57.2182875536 0.0066150004 0.5523262613 321.1635118471 -8.0283270028 9.9867398409 0.0216177789
14433 310047.34 113.8385659876 34.0853272348 3776828.864928 762022.1342981998 57.2202057615 0.048815488 0.5489412121 321.269625746 -7.9990205181 9.9928458407 0.0231224796
14434 310047.42 113.8385590621 34.0853344346 3776829.64617 762021.4726288 57.2205172731 0.0889867453 0.5708263418 321.372677146 -7.962720499 9.9798465989 0.0011307324
14435 310047.5 113.8385521635 34.0853416332 3776830.427354 762020.813435 57.2210031496 0.0810920207 0.598953405 321.4796554588 -7.9337332001 9.977473845 0.0191489215
14436 310047.57 113.8385461535 34.0853479288 3776831.110591002 762020.2390815 57.2233205615 0.0705915535 0.5949509003 321.5728332529 -7.8978226451 9.9734094906 0.037416216
14437 310047.65 113.8385393085 34.0853551251 3776831.89165 762019.5848439998 57.2257398907 0.0135750673 0.5613309509 321.6858148577 -7.8777475438 9.9823642941 0.0292863224
14438 310047.73 113.8385324894 34.0853623166 3776832.6722449986 762018.9330211 57.2262693932 0.0811513229 0.6107451843 321.8184434838 -7.8353719852 9.9724622757 0.0058160752
14439 310047.81 113.8385257082 34.0853695116 3776833.453323 762018.2846833002 57.226907556 0.006520599 0.638496404 321.9461899401 -7.7976520515 9.9745351156 -0.0029562183
14440 310047.89 113.8385189546 34.085376704 3776834.234187002 762017.6388998 57.2276489371 -0.0179676812 0.627053664 322.0900417897 -7.763466972 9.9771476001 0.0133874011
14441 310047.97 113.8385122374 34.0853838978 3776835.015293 762016.9964764 57.2283592159 -0.0145042379 0.6136475502 322.2256706368 -7.7251368368 9.9787834047 -0.0023076156
14442 310048.05 113.8385055518 34.0853910923 3776835.796563 762016.3569672 57.2283620834 0.0994142051 0.6153845736 322.3875986396 -7.6878143501 9.9781865315 0.0048840634
14443 310048.13 113.8384989038 34.0853982933 3776836.578649 762015.7209169002 57.2289016815 0.1340134893 0.5773282313 322.5458128931 -7.6515438331 9.9876824739 0.0454928215
14444 310048.21 113.8384922867 34.0854054912 3776837.360471 762015.087721 57.2319310047 0.1646199595 0.5600733133 322.7107533344 -7.6114189061 9.9772429474 0.0529077974
14445 310048.29 113.8384857075 34.0854127 3776838.143606 762014.4579961 57.2363587366 0.0895867192 0.5605226102 322.8580192268 -7.5703255891 10.0012309421 0.0475552476
14446 310048.32 113.8384832508 34.0854154042 3776838.4374050014 762014.2228136999 57.2376552802 0.1139709685 0.5367365891 322.9143197909 -7.5504748611 10.0011587914 0.0450278928
14447 310048.4 113.8384767153 34.0854226178 3776839.221179 762013.5971072 57.2406577943 0.0551629146 0.5330447297 323.0684891889 -7.5191780624 10.0029582253 0.0310311364
14448 310048.48 113.8384702134 34.0854298389 3776840.005862 762012.9744739998 57.2426188365 0.0951940894 0.5372489846 323.2093766848 -7.4822624459 10.0176982431 0.0345454456
14449 310048.56 113.8384637422 34.0854370643 3776840.791116 762012.3546660999 57.2429703968 0.2077489974 0.5623742939 323.3545175221 -7.4481537872 10.0206862054 0.0031575803
14450 310048.65 113.838456501 34.0854451984 3776841.675238 762011.6609651 57.2458287198 0.1453458822 0.5848521238 323.5122675184 -7.4005088159 10.0147743073 0.051647564
14451 310048.74 113.8384492942 34.0854533356 3776842.559783 762010.9704218 57.2512101708 -0.0455680202 0.5759327436 323.6774571443 -7.376306766 10.0322535303 0.0392679544
14452 310048.83 113.8384421283 34.0854614811 3776843.445362 762010.2836279002 57.2539710859 -0.1685137947 0.6761397172 323.8381861083 -7.3225533048 10.0513582992 0.0179851899
14453 310048.92 113.8384350013 34.0854696359 3776844.3320660014 762009.6004079 57.2508922052 0.0369621124 0.6751303909 324.0016059798 -7.2931090366 10.0514751947 -0.0704290694
14454 310049.01 113.8384279109 34.0854777965 3776845.219512 762008.9205412 57.2465910558 0.328877543 0.705146732 324.1692390861 -7.2466555393 10.0627165134 -0.0488779723
14455 310049.1 113.8384208592 34.0854859571 3776846.107051 762008.2442509 57.2484389069 0.4645901471 0.7362720995 324.3506759338 -7.2088562435 10.0507518656 0.0815747003
14456 310049.11 113.8384200781 34.0854868638 3776846.205669 762008.1693356 57.2492237026 0.4561716763 0.7311037583 324.3708301982 -7.2032885645 10.0543168124 0.0913897315
14457 310049.2 113.8384130736 34.0854950311 3776847.09408 762007.4973774 57.2604383593 0.2681377478 0.738623117 324.5519944871 -7.1602302682 10.0692751265 0.1324916235
14458 310049.29 113.838406103 34.0855032023 3776847.9830160006 762006.8285412 57.2709998833 0.0389093892 0.6294700645 324.742218386 -7.1296245394 10.0704566899 0.0763814347
14459 310049.38 113.8383991685 34.085511383 3776848.873086 762006.1630181 57.275733781 -0.0808916089 0.4932640585 324.9274877639 -7.0950163438 10.0955294996 0.0013903048
14460 310049.47 113.8383922611 34.0855195725 3776849.764211 762005.4999583 57.2732632291 0.0029813803 0.3544172673 325.1288385677 -7.060908811 10.0993883506 -0.0324793335
14461 310049.56 113.8383853981 34.0855277723 3776850.656592 762004.8409707 57.2711865781 0.0459104581 0.2205401166 325.3133003794 -7.0171181863 10.1122230015 -0.0043917381
14462 310049.65 113.8383785766 34.0855359841 3776851.550401 762004.1857768 57.2720154757 0.0403244642 0.2354762287 325.5036218577 -6.965098488 10.1313573391 0.0011284166
14463 310049.74 113.8383718057 34.0855442136 3776852.44632 762003.5352087 57.2723899176 0.136792364 0.1758257889 325.6757885159 -6.9266792908 10.148847621 0.0205694618
14464 310049.83 113.8383650641 34.0855524464 3776853.342667 762002.8873291998 57.2752499292 0.1532484414 0.1075220559 325.8721934154 -6.8916389887 10.1559267637 0.0333859586
14465 310049.86 113.8383628258 34.0855551926 3776853.641692 762002.6721803 57.2765381196 0.1317411539 0.0871903162 325.9337039559 -6.874420972 10.1544915924 0.0478272497
14466 310049.95 113.8383561366 34.0855634425 3776854.540078 762002.0290889 57.2805385394 0.12025222 0.1251807509 326.1179297179 -6.8395720102 10.1838062307 0.0335750412
14467 310050.04 113.8383494858 34.0855717052 3776855.439985 762001.3895004 57.2820029827 0.2282344076 0.1344938963 326.3116997012 -6.7997747989 10.1865759584 0.0214483498
14468 310050.13 113.8383428656 34.0855799882 3776856.342215 762000.7526758 57.2830691272 0.3187370703 0.1999996017 326.4942791734 -6.7550718683 10.2094776878 0.0258895436
14469 310050.22 113.8383362957 34.085588291 3776857.246774 762000.1204415 57.2888290864 0.2974445509 0.3441569821 326.6408104146 -6.7063601469 10.2507289545 0.1107920853
14470 310050.31 113.8383297572 34.085596612 3776858.153445 761999.4910475998 57.293579109 0.2601448961 0.4362784936 326.7786717244 -6.6895272661 10.2566517028 0.0632428301
14471 310050.4 113.8383232284 34.0856049392 3776859.060821 761998.8625259 57.296740287 0.1526102514 0.4694997815 326.9550207632 -6.6790195898 10.2687175285 0.0202803084
14472 310050.49 113.8383167214 34.0856132851 3776859.970329 761998.2359564 57.3007427622 -0.0040819453 0.4287468437 327.1225932316 -6.6535114254 10.2973729016 0.0069527185
14473 310050.58 113.8383102314 34.0856216484 3776860.881799 761997.6109087 57.3000004282 0.0574283267 0.3375185545 327.2874664939 -6.6408039779 10.3239710901 -0.0175281774
14474 310050.61 113.8383080727 34.0856244404 3776861.186118 761997.4029738002 57.2986220373 0.1935652528 0.3326689887 327.3423006729 -6.625055454 10.3283802016 -0.0478568859
14475 310050.7 113.8383016174 34.0856328392 3776862.101624 761996.7810213 57.2963956892 0.4605235309 0.2775025673 327.4800696193 -6.5974598133 10.3578774057 -0.0233506432
14476 310050.79 113.8382951811 34.0856412556 3776863.01914 761996.1607692 57.3016444361 0.4876832074 0.2678389766 327.629769738 -6.5758853521 10.382868709 0.1126701137
14477 310050.88 113.8382887734 34.085649695 3776863.939272 761995.5430833 57.313149794 0.2712053081 0.2823107373 327.7665267583 -6.5506216744 10.4090888314 0.1227425515
14478 310050.97 113.8382823787 34.085658157 3776864.861954 761994.9265335 57.3200085601 0.3031111411 0.2222019309 327.9172470749 -6.5429011295 10.4448375834 0.0362220347
14479 310051.06 113.8382759892 34.0856666457 3776865.787607 761994.3103745999 57.3210684452 0.5164997153 0.1734327037 328.0681724017 -6.5344165524 10.4787677596 0.001490204
14480 310051.15 113.8382695891 34.0856751577 3776866.715825 761993.6931681 57.3243979281 0.5841064458 0.1728501217 328.2203406236 -6.5073661657 10.4964904505 0.1017015963
14481 310051.24 113.8382632159 34.0856836931 3776867.646707 761993.078377 57.3365114704 0.2590146485 0.1630985739 328.3591338474 -6.4895356743 10.5290886182 0.1501742754
14482 310051.33 113.8382568614 34.085692255 3776868.5805690014 761992.4652275 57.3446715148 0.0547666602 0.2378028443 328.5115655046 -6.4670579561 10.5701753163 0.0224394316
14483 310051.42 113.8382505279 34.0857008504 3776869.518213 761991.8539155 57.343340856 0.1043499287 0.2356470464 328.6487974249 -6.4539470196 10.5988695859 -0.0554533979
14484 310051.45 113.8382484185 34.0857037202 3776869.831278 761991.6502985 57.3419660693 0.1634779247 0.2666723166 328.7057153427 -6.4514321051 10.6133984575 -0.0342316137
14485 310051.54 113.8382421083 34.0857123508 3776870.772892 761991.0410265998 57.3384614261 0.2535993153 0.3553601924 328.8479907923 -6.419668772 10.653188046 0.007434217
14486 310051.63 113.838235815 34.0857210047 3776871.717125 761990.4332465 57.3408781029 0.2028028108 0.4006102577 328.9966413727 -6.4121288484 10.6739002369 0.052423201
14487 310051.72 113.8382295395 34.0857296841 3776872.664237 761989.8270289 57.3450993206 0.1758718863 0.4634085285 329.1503509393 -6.3811600624 10.7108692141 0.0478410788
14488 310051.8 113.8382239724 34.0857374215 3776873.508626 761989.2891283002 57.3463782929 0.3080523878 0.4295627496 329.2918956946 -6.3856810449 10.7357205378 0.0165429484
14489 310051.88 113.8382184155 34.085745179 3776874.355274 761988.7521114 57.3474721266 0.4303551468 0.4265015397 329.4378749572 -6.3626642335 10.7671090899 0.0531701614
14490 310051.96 113.8382128774 34.0857529554 3776875.204069 761988.2167603001 57.3528765328 0.340158846 0.3884082625 329.5818598218 -6.3454669512 10.7903820216 0.110941783
14491 310052.04 113.8382073538 34.0857607512 3776876.055051 761987.6827014 57.3600161616 0.2016116646 0.3835695385 329.7336334329 -6.3212288319 10.8207820168 0.08927997
14492 310052.12 113.8382018746 34.0857685734 3776876.909072 761987.1526551999 57.3637314523 0.1814222745 0.3500497129 329.8750952719 -6.3106373284 10.8591951455 0.0165271321
14493 310052.2 113.8381964104 34.0857764158 3776877.765374 761986.6239337 57.3632762115 0.3037897999 0.3512179226 330.0306618659 -6.2848935828 10.8876880023 -0.0031016928
14494 310052.23 113.8381943683 34.0857793627 3776878.087172 761986.4262845998 57.3631469803 0.3094129741 0.3641824032 330.0864493667 -6.2714081516 10.90020859 0.0066713196
14495 310052.31 113.8381889352 34.085787238 3776878.947213 761985.900339 57.3654966997 0.2355130095 0.3676862157 330.2281162232 -6.2515901627 10.9246915454 0.0774631155
14496 310052.39 113.8381835153 34.0857951336 3776879.80954 761985.3755435002 57.3713019835 0.0376710331 0.4038446147 330.382804262 -6.2373578712 10.965009391 0.0478282241
14497 310052.47 113.838178111 34.0858030619 3776880.675527 761984.8520854998 57.370704066 0.0762694763 0.3989862827 330.5312688339 -6.2240218191 11.0070319986 -0.0444072633
14498 310052.55 113.8381727161 34.0858110158 3776881.544388 761984.3294213 57.3671825957 0.2615294065 0.420401882 330.6906604033 -6.2100819105 11.0465779725 -0.0305905857
14499 310052.63 113.8381673422 34.0858189977 3776882.416407 761983.8086034 57.366282871 0.405306445 0.4248261168 330.8339378813 -6.1815235437 11.085325012 0.0287236385
14500 310052.71 113.8381619809 34.0858270044 3776883.291202 761983.2888736 57.3711834494 0.3424442516 0.4553185702 330.9865053975 -6.1729105413 11.1128048925 0.0892724427
14501 310052.79 113.8381566368 34.085835038 3776884.169037 761982.7706519 57.3779851366 0.2120264 0.4936772499 331.1333605476 -6.1437684269 11.162924085 0.0756242186
14502 310052.87 113.8381513064 34.0858431002 3776885.050080002 761982.2536138 57.3829225488 0.1120698443 0.4651995007 331.2737478301 -6.1408185207 11.1907633034 0.0438068403
14503 310052.95 113.8381459845 34.0858511899 3776885.934196 761981.7372638 57.3829380861 0.1003811891 0.4842950758 331.4146744293 -6.1215041116 11.2336696928 -0.0425081039
14504 310052.99 113.8381433303 34.0858552465 3776886.377582 761981.4796796 57.3821488638 0.1020575193 0.4583343806 331.4759219598 -6.116877078 11.2525876805 -0.0097190291
14505 310053.07 113.8381380264 34.0858633799 3776887.266583 761980.964858 57.3791481778 0.1950899262 0.4371249476 331.6195330715 -6.1080779919 11.2948452936 -0.0077892644
14506 310053.15 113.8381327417 34.0858715396 3776888.158567 761980.4517404 57.3785041468 0.1629121068 0.4260898393 331.7529576509 -6.0821638962 11.3215137436 0.0163919181
14507 310053.23 113.838127468 34.0858797265 3776889.053597 761979.9395418002 57.378495858 0.2322796101 0.3894987694 331.8987370537 -6.0780628938 11.3627649779 0.0058712845
14508 310053.31 113.8381222065 34.0858879375 3776889.951331 761979.428403 57.3783477042 0.4663669913 0.3109017418 332.0442683998 -6.0554554265 11.4028115346 0.0195495082
14509 310053.39 113.8381169581 34.0858961733 3776890.851846 761978.9183973002 57.3800563728 0.5302570535 0.2774635181 332.189306513 -6.0453190562 11.420720544 0.067274588
14510 310053.47 113.8381117309 34.0859044288 3776891.754607 761978.4102843 57.3887135861 0.3806046136 0.2086911648 332.3282869585 -6.0147790183 11.4595704911 0.1629871325
14511 310053.55 113.8381065176 34.0859127104 3776892.660294 761977.903374 57.396929631 0.2145667803 0.1563224663 332.4651998033 -6.009175793 11.4953742579 0.0654714171
14512 310053.63 113.8381013202 34.0859210189 3776893.5690129986 761977.3978515002 57.3985930104 0.1684802698 0.1473640228 332.6023748526 -5.9850518945 11.5350635642 0.0162069444
14513 310053.71 113.8380961387 34.0859293545 3776894.480774 761976.8937167 57.3967570495 0.3130111284 0.1226150017 332.7335590584 -5.9720597138 11.5678096306 -0.0206892798
14514 310053.76 113.8380929079 34.0859345754 3776895.05189 761976.579302 57.3959675636 0.3250519724 0.1385488496 332.8186135269 -5.9568480745 11.5875018088 -0.0028958106
14515 310053.84 113.8380877589 34.085942951 3776895.968178 761976.0780356 57.3972402057 0.2861306857 0.1399918608 332.94331849 -5.9186734774 11.6306402994 0.0687474253
14516 310053.92 113.8380826246 34.0859513465 3776896.886703 761975.5780746 57.4024978382 0.1452896044 0.1837688875 333.0777798705 -5.915471941 11.647571205 0.0736325381
14517 310054.0 113.8380775054 34.0859597666 3776897.808014 761975.0794242 57.4053051649 0.0953515224 0.2179306779 333.2204558495 -5.8908304284 11.6919064521 -0.000774763
14518 310054.08 113.8380723996 34.0859682107 3776898.732008 761974.5819433002 57.4035317488 0.2504761376 0.1791389985 333.3698744851 -5.8854173192 11.722449315 -0.0077129053
14519 310054.16 113.838067306 34.0859766728 3776899.658038 761974.0855298 57.4026944656 0.2663355368 0.1908018866 333.5226635661 -5.8587725446 11.7518551798 0.029886777
14520 310054.24 113.8380622372 34.0859851585 3776900.586754 761973.5913375 57.4067073371 0.113317818 0.1911456767 333.6636153831 -5.8322210392 11.781357347 0.0841099435
14521 310054.32 113.838057185 34.0859936707 3776901.518443 761973.0985943001 57.409051843 -0.0478238253 0.1848455038 333.7981658221 -5.816244934 11.8226341052 -0.0081599993
14522 310054.4 113.8380521504 34.0860022096 3776902.453153 761972.6073985 57.4059928535 -0.0436437616 0.1861415144 333.9263630495 -5.798808953 11.8547595316 -0.0606406313
14523 310054.48 113.8380471297 34.0860107729 3776903.390604 761972.1174085 57.4001666959 0.0680265832 0.2407545058 334.0524544835 -5.782025394 11.8952459393 -0.0656165116
14524 310054.5 113.8380458787 34.0860129168 3776903.625318 761971.9952816 57.3990019839 0.0683170971 0.2496940126 334.0814264512 -5.7689472964 11.8965811187 -0.0435209826
14525 310054.58 113.838040878 34.0860215094 3776904.566063 761971.5070513 57.3953125421 0.1224395145 0.2357695961 334.2022287007 -5.762535375 11.9258894 -0.0296401553
14526 310054.66 113.8380358891 34.0860301175 3776905.508568 761971.0198499 57.395258693 0.1834851258 0.2619443495 334.3397669826 -5.7392330298 11.9559981597 0.0389401418
14527 310054.74 113.8380309141 34.0860387516 3776906.453988 761970.5338625 57.3957527885 0.254005931 0.2161255379 334.4727160248 -5.7286881185 11.983267092 -0.0100170189
14528 310054.82 113.8380259539 34.0860474042 3776907.401499 761970.0491801999 57.3977067452 0.3039717922 0.2196429519 334.6145292879 -5.7059958742 12.0152773319 0.0621250826
14529 310054.9 113.8380210159 34.0860560811 3776908.351761 761969.5664737 57.401488211 0.2466863568 0.1695858741 334.7402749302 -5.6843696991 12.0495788343 0.0108472761
14530 310054.98 113.8380160953 34.0860647781 3776909.304311 761969.0853189002 57.4060930656 0.034490655 0.1776815819 334.8770972553 -5.6664914166 12.0807325964 0.0580274256
14531 310055.06 113.8380111931 34.086073499 3776910.259553 761968.6057861 57.40723499 -0.0759920521 0.1585773498 335.015916111 -5.6489938949 12.1116299941 -0.0336554682
14532 310055.14 113.8380063043 34.0860822412 3776911.217183002 761968.1274209 57.4024513354 0.0202899977 0.138712623 335.1657831483 -5.6289517507 12.1364348333 -0.0688980196
14533 310055.22 113.8380014369 34.0860910091 3776912.177734 761967.6509526002 57.3962500133 0.1150368574 0.1104930969 335.3062360873 -5.6031958848 12.1762516251 -0.0694934262
14534 310055.28 113.8379977975 34.0860975958 3776912.899374 761967.2946010998 57.3924408956 0.271792457 0.1173253289 335.4175251613 -5.588877883 12.1906267702 -0.0390060092
14535 310055.36 113.837992969 34.0861063954 3776913.86353 761966.8216284 57.392434557 0.4814329473 0.0672373179 335.5668828746 -5.5532233399 12.2205288499 0.0591926953
14536 310055.44 113.8379881586 34.0861152086 3776914.829249 761966.3502819 57.3986715414 0.5222222604 0.016324802 335.7289030925 -5.5392013322 12.2316849479 0.1226201667
14537 310055.52 113.8379833755 34.0861240384 3776915.796880998 761965.8814118 57.4093510257 0.4026742656 0.0212376642 335.891231099 -5.4955987134 12.2643854913 0.1509286166
14538 310055.6 113.8379786216 34.0861328879 3776916.766775 761965.4151683 57.4185819607 0.2426760095 -0.0238910994 336.0510707468 -5.4692524946 12.2863735748 0.0898714145
14539 310055.68 113.837973896 34.0861417583 3776917.739062 761964.9514798998 57.4235246573 0.0407200826 0.0130227006 336.2122879697 -5.4283908316 12.3189804506 0.0276341722
14540 310055.76 113.8379691965 34.0861506513 3776918.713929 761964.4901317 57.421397984 0.0669576551 -0.0103667051 336.3757831966 -5.4084634031 12.3408560767 -0.0381721234
14541 310055.84 113.8379645251 34.0861595628 3776919.690916 761964.0313224 57.4167401725 0.102819508 0.0630894271 336.5412908004 -5.3656826043 12.3768706309 -0.0555700273
14542 310055.92 113.8379598889 34.0861684926 3776920.6700160014 761963.5757043002 57.4130514581 0.1909028442 0.098971367 336.7070343685 -5.3305759613 12.3923911334 -0.0205114135
14543 310055.94 113.8379587334 34.0861707271 3776920.915028 761963.4621223 57.412576058 0.228854512 0.0985409615 336.7502825159 -5.3270651882 12.40033009 -0.0052035573
14544 310056.02 113.8379541295 34.0861796737 3776921.896089 761963.0094341 57.4134463882 0.2539295284 0.0779737138 336.9453552914 -5.2913115289 12.417126713 0.0548357764
14545 310056.1 113.8379495558 34.0861886258 3776922.877827 761962.559519 57.4187884107 0.1506299179 0.0439485223 337.16661241 -5.2604976456 12.4258577925 0.0847148053
14546 310056.18 113.8379450175 34.086197592 3776923.861228 761962.1128272 57.4257812919 -0.1062187019 -0.0370391671 337.3896738585 -5.2093596392 12.4579955507 0.0685813049
14547 310056.26 113.8379405199 34.0862065798 3776924.847124 761961.6698348002 57.4266796121 -0.1890263026 -0.0981215363 337.5997508988 -5.1693269745 12.4849390522 -0.0365983139
14548 310056.34 113.8379360636 34.0862155894 3776925.835545 761961.2305778002 57.4209831199 0.0094136669 -0.0996603265 337.8009304067 -5.1115845373 12.5218624044 -0.0882381089
14549 310056.42 113.8379316473 34.0862246179 3776926.826178 761960.7949645 57.4142720224 0.2324600702 -0.0750159709 337.9999721793 -5.0749232953 12.5357912755 -0.0704329076
14550 310056.5 113.837927272 34.086233662 3776927.818638 761960.3630858002 57.4133203654 0.3483684324 0.0010239295 338.2040169001 -5.0231324122 12.56169685 0.0522806345
14551 310056.55 113.8379245598 34.0862393237 3776928.439993 761960.0952018001 57.4158109007 0.3366215014 0.0364934016 338.3318987366 -4.9946502439 12.5727001913 0.0654858887
14552 310056.63 113.8379202471 34.086248393 3776929.435408 761959.6690246 57.4224011106 0.3379174083 0.0467089157 338.5472634487 -4.956050386 12.5949436517 0.0988382866
14553 310056.71 113.8379159694 34.0862574814 3776930.433043 761959.2460176 57.4288266059 0.2520181443 0.0393431044 338.7562561503 -4.9157242656 12.6272866127 0.081155435
14554 310056.79 113.8379117258 34.086266582 3776931.432115 761958.8261276 57.4338455191 0.2165888737 -0.0025973319 338.9682064661 -4.8760768697 12.6352403732 0.0544778325
14555 310056.87 113.83790752 34.0862757033 3776932.433574 761958.4096638 57.4377288707 0.1801418408 -0.0700468408 339.167748295 -4.8344056417 12.6757567478 0.0401365183
14556 310056.95 113.8379033469 34.0862848394 3776933.436761 761957.9961686998 57.438879096 0.2712084529 -0.0937536925 339.3699490719 -4.7936821647 12.6886271618 0.0227525321
14557 310057.03 113.8378992164 34.0862939949 3776934.442214 761957.5865507 57.4405532135 0.3524948923 -0.0985907235 339.5604610605 -4.7452815346 12.7143670394 0.0380442474
14558 310057.11 113.8378951137 34.086303161 3776935.448919 761957.1794627 57.4439796777 0.4408148568 -0.0815722666 339.7608366686 -4.7077378311 12.7318546462 0.0717212916
14559 310057.16 113.8378925705 34.0863088975 3776936.079006 761956.9269526 57.447687665 0.4584245331 -0.0578057618 339.8827252178 -4.6738481034 12.7425428519 0.1128253883
14560 310057.24 113.8378885416 34.0863180767 3776937.087356 761956.5266424 57.4585811561 0.2129741476 0.0263410145 340.0707254746 -4.6200522493 12.7405718985 0.1502449546
14561 310057.32 113.8378845521 34.0863272684 3776938.097187 761956.1299353002 57.466780182 0.0015823503 0.1596457788 340.2336840435 -4.5737417942 12.7711922846 0.0611347495
14562 310057.4 113.837880609 34.0863364676 3776939.107961 761955.7374869002 57.4688687352 0.0128232852 0.3267059557 340.3690032744 -4.5249315786 12.7632479978 -0.0035261225
14563 310057.48 113.8378766982 34.0863456664 3776940.11879 761955.3480203 57.4648090992 0.3347328321 0.4207385047 340.5098700488 -4.4877563255 12.76133483 -0.0391184864
14564 310057.56 113.8378728165 34.0863548526 3776941.128289 761954.9612828 57.4665546073 0.3570578285 0.496328361 340.6601831888 -4.4562181997 12.7350417392 0.1357831356
14565 310057.64 113.8378689633 34.0863640254 3776942.136361 761954.5772177 57.478220135 -0.0606222787 0.5434662296 340.8239517029 -4.4222892133 12.7211147508 0.1843723234
14566 310057.72 113.8378651401 34.0863731991 3776943.144625 761954.1959098 57.485639275 -0.3521000188 0.4552370954 340.9943389966 -4.3928246537 12.7319583231 0.006757365
14567 310057.8 113.8378613411 34.0863823755 3776944.153249 761953.8168454 57.4812088413 -0.2926299821 0.3912567983 341.1833936909 -4.3561264072 12.7392072907 -0.0949766191
14568 310057.84 113.837859459 34.0863869604 3776944.657243 761953.6289189998 57.4772715969 -0.2411135604 0.4085192397 341.277263396 -4.3241192315 12.721390172 -0.1138086468
14569 310057.92 113.8378557323 34.0863961271 3776945.6649730015 761953.2565581 57.4693426918 -0.1125776435 0.4151087656 341.44083824 -4.2745411826 12.7142104671 -0.0475852167
14570 310058.0 113.8378520526 34.0864052873 3776946.672102 761952.8885471 57.4649712034 -0.0714981258 0.5593971758 341.5984671962 -4.2031554155 12.7058093486 -0.0105161928
14571 310058.08 113.837848429 34.0864144348 3776947.6779660014 761952.525762 57.4649661193 -0.0296466561 0.6470955296 341.7498879729 -4.1626318943 12.6808582539 0.0213436809
14572 310058.16 113.8378448399 34.0864235623 3776948.681701 761952.166222 57.4648930859 0.0331077097 0.7089920808 341.9254424394 -4.1107880842 12.6424405563 -0.0052324776
14573 310058.24 113.8378412946 34.0864326601 3776949.6822480015 761951.8108158002 57.4670693511 0.0440525342 0.6806356601 342.100149061 -4.0732617745 12.5989375171 0.0481404955
14574 310058.32 113.8378377859 34.0864417259 3776950.679336 761951.4588894 57.4696428366 0.0076560322 0.6957512903 342.2844200955 -4.0133699656 12.551038373 0.0362126856
14575 310058.4 113.8378343323 34.0864507634 3776951.6734379986 761951.112137 57.4719511848 -0.0374663494 0.6603794907 342.4515737026 -3.9595367073 12.5119270842 0.0239746777
14576 310058.48 113.8378309214 34.0864597713 3776952.6643550014 761950.7694207 57.4725890821 0.00493582 0.6828012109 342.6177512458 -3.9033120938 12.4758921353 0.0173463917
14577 310058.5 113.8378300779 34.086462019 3776952.911629 761950.6846066 57.472679968 -0.0333089221 0.6990066493 342.6521232613 -3.8846884203 12.4668789842 0.0115137549
14578 310058.58 113.8378267342 34.0864709922 3776953.898873002 761950.3481965 57.47286053 0.0633011503 0.714524526 342.7837261119 -3.8336779144 12.4271660173 0.0270814144
14579 310058.66 113.8378234272 34.0864799337 3776954.882687 761950.0152819002 57.4741936885 0.0792163386 0.7833960013 342.9121191327 -3.7902514788 12.3778273919 0.0269397795
14580 310058.74 113.8378201603 34.0864888479 3776955.863571 761949.6861491002 57.4770923061 -0.0023644995 0.8449411178 343.0359909574 -3.7480540191 12.3369894803 0.0516758434
14581 310058.82 113.8378169262 34.0864977278 3776956.840735 761949.3601526 57.4814407434 -0.0978626608 0.8343287846 343.1682088602 -3.7109795943 12.2987594775 0.0824700305
14582 310058.9 113.8378137247 34.086506578 3776957.814692 761949.0372494 57.4820259996 -0.16200175 0.8009434806 343.2998795208 -3.6732721595 12.2480089227 -0.0118265212
14583 310058.98 113.837810557 34.0865153963 3776958.7851949986 761948.7175771998 57.4805501858 -0.0171693761 0.7284019072 343.4361386991 -3.6343853676 12.2084495492 -0.0176439331
14584 310059.06 113.8378074249 34.0865241836 3776959.752346 761948.4012816999 57.47783673 0.2410640294 0.6665517816 343.5752323517 -3.5925334861 12.162318833 -0.0191344357
14585 310059.14 113.8378043318 34.0865329324 3776960.715324 761948.0887093 57.4793404341 0.40645996 0.5970282985 343.7203260432 -3.551989784 12.1137516328 0.061893126
14586 310059.22 113.8378012812 34.0865416445 3776961.674341 761947.7801683 57.4885071907 0.3023613699 0.545182127 343.8653291003 -3.4956897858 12.0642867952 0.1391403403
14587 310059.29 113.8377986455 34.0865492403 3776962.510532 761947.5133845 57.4989474835 0.0932932306 0.5277633511 343.9895723718 -3.4550685148 12.025256533 0.1381146816
14588 310059.38 113.837795308 34.0865589724 3776963.582008 761947.1752125998 57.5072239032 -0.0905935532 0.5721146804 344.1456319911 -3.3930544816 11.9822392251 0.0443566848
14589 310059.47 113.837792024 34.0865686686 3776964.649645 761946.8420889 57.5090693496 -0.247462404 0.6168139229 344.2958096513 -3.347034861 11.9332198076 -0.0546024953
14590 310059.56 113.837788793 34.0865783282 3776965.71335 761946.5139742 57.5045450106 -0.1037502839 0.6676274965 344.4341825603 -3.2846283906 11.8854657646 -0.0542645636
14591 310059.65 113.8377856037 34.0865879456 3776966.772468 761946.1898466998 57.5000141952 0.0551376985 0.6870017207 344.578212732 -3.2577409496 11.825540059 -0.0512711526
14592 310059.74 113.8377824577 34.0865975153 3776967.826419 761945.86985 57.5008593416 0.0736764853 0.7240395068 344.7319403812 -3.1988675219 11.775792297 0.0510581578
14593 310059.83 113.8377793562 34.0866070365 3776968.875094 761945.5541276998 57.5068846606 0.0001781081 0.6381951258 344.88603635 -3.1667603595 11.7106428301 0.0757241604
14594 310059.92 113.8377762978 34.086616509 3776969.918469 761945.2425205 57.5115574421 -0.0582390762 0.635951299 345.0325268189 -3.1013270665 11.6580769656 0.0458410944
14595 310060.01 113.8377732928 34.0866259324 3776970.956547 761944.9360069998 57.5131462971 -0.0711237867 0.6083549553 345.1693678902 -3.0627883903 11.5828580148 0.0127767829
14596 310060.07 113.8377713118 34.0866321833 3776971.645163 761944.7338132 57.512971539 -0.0471522066 0.5965872647 345.2729063132 -3.030075625 11.534098807 -0.0055207278
14597 310060.16 113.8377683811 34.0866415171 3776972.673489 761944.4344365 57.5131591018 -0.0544690732 0.581105899 345.4239604276 -2.9746702768 11.480901106 0.0190211707
14598 310060.25 113.8377655003 34.0866507932 3776973.695524 761944.1398394 57.5139762107 -0.0420512906 0.5778645043 345.5875896721 -2.9273668952 11.4037108757 0.0221441711
14599 310060.34 113.8377626705 34.0866600159 3776974.711778 761943.8501195 57.5151942829 -0.0220786474 0.508914639 345.7551383333 -2.8812795569 11.3394756041 -0.0194693646
14600 310060.43 113.8377598849 34.0866691819 3776975.721844998 761943.5646515002 57.5152554186 0.0609745878 0.4684471121 345.9287697109 -2.8283393734 11.2711558374 0.0040588442
14601 310060.52 113.8377571561 34.0866782911 3776976.725754 761943.2845986 57.5187399816 -0.0631252722 0.4765354533 346.0823207479 -2.7701994415 11.2004783405 0.0569842727
14602 310060.61 113.8377544777 34.0866873465 3776977.723823 761943.0093779998 57.5229224442 -0.2169320524 0.4655766397 346.219379439 -2.7248466711 11.1402994619 0.0351386053
14603 310060.7 113.8377518432 34.0866963487 3776978.716098 761942.7383646 57.5231808759 -0.2519661943 0.4852468763 346.344464958 -2.6725675671 11.072557693 0.0014229109
14604 310060.79 113.8377492511 34.0867052973 3776979.702528 761942.4714376 57.5196984177 -0.1014285765 0.4788047487 346.458623549 -2.6388966619 10.9992151272 -0.0188302219
14605 310060.85 113.8377475418 34.0867112294 3776980.356473 761942.2953186 57.5175800519 -0.0168490255 0.5273799287 346.5362682914 -2.6099804157 10.9458357055 -0.0438623738
14606 310060.94 113.8377450217 34.0867200771 3776981.331899 761942.0353521998 57.5167128602 0.0507963644 0.5397619905 346.6319233424 -2.5619845664 10.8698653456 0.0227568574
14607 310061.03 113.8377425334 34.0867288519 3776982.299315 761941.7785422 57.5204539048 -0.0069662823 0.5370824081 346.7401516463 -2.5313664111 10.7744034251 0.06740259
14608 310061.13 113.8377398177 34.0867385093 3776983.36409 761941.49801 57.5251275515 -0.1062176244 0.5159960734 346.8550528338 -2.4825976656 10.671466181 0.0424990454
14609 310061.23 113.8377371468 34.0867480673 3776984.417958 761941.2219308 57.5261155265 -0.0582799297 0.4604897944 346.9656300083 -2.4398927881 10.5570511082 -0.0037294655
14610 310061.33 113.8377345328 34.0867575211 3776985.46041 761940.951421 57.5249492042 0.1847287694 0.4507859774 347.0572597818 -2.3862846802 10.4416560716 -0.0058544906
14611 310061.43 113.8377319686 34.0867668642 3776986.4906910006 761940.6858535998 57.5255166199 0.2594084829 0.488559518 347.1541207465 -2.3423702491 10.30611656 0.0361745993
14612 310061.53 113.8377294606 34.0867760903 3776987.508146 761940.4258312 57.5354269445 -0.0287159702 0.470970157 347.2312139595 -2.2962578798 10.1780535798 0.1474711285
14613 310061.63 113.8377269977 34.0867852036 3776988.513194 761940.1703215998 57.5447030515 -0.3341631723 0.4818863831 347.3127646329 -2.2536724813 10.0705887842 0.019119094
14614 310061.73 113.8377245803 34.0867942072 3776989.506187 761939.9193563 57.5434084954 -0.3395392694 0.471917025 347.3906703125 -2.2105872881 9.9326165144 -0.0439883691
14615 310061.83 113.8377222066 34.0868030903 3776990.485908998 761939.6727981998 57.5377103817 -0.2007622113 0.4823010344 347.4948507109 -2.1524322922 9.7913364829 -0.0396111328
14616 310061.93 113.8377198883 34.0868118454 3776991.451578 761939.4317471 57.5352928247 -0.179748208 0.4712334598 347.5823782944 -2.1176125924 9.64959792 -0.0062749446
14617 310062.04 113.8377174079 34.0868213186 3776992.496519 761939.1735136 57.5380886532 -0.4292858644 0.5812625604 347.6792386201 -2.0445522262 9.4762361088 0.0989688559
14618 310062.15 113.8377150004 34.0868306289 3776993.523574 761938.9225117 57.5365797449 -0.3896692393 0.6412298148 347.7523920259 -1.9955390404 9.313909026 -0.0300907535
14619 310062.26 113.8377126436 34.0868397698 3776994.531956 761938.6767204 57.5270859916 0.0465430102 0.5804071415 347.8459681296 -1.9603336818 9.1378466076 -0.0851307431
14620 310062.37 113.8377103447 34.0868487289 3776995.5203059986 761938.4368301 57.5221643122 0.3788933836 0.5798929021 347.9236340701 -1.8948938578 8.9488511842 0.0086267213
14621 310062.49 113.8377079181 34.0868582891 3776996.575047 761938.1832908002 57.5339916153 0.1161088741 0.5596093635 348.0038630994 -1.8478608894 8.7417092173 0.1486003969
14622 310062.61 113.8377055502 34.086867625 3776997.605039 761937.9358748 57.547297393 -0.1359178832 0.539747344 348.1385347255 -1.7891231532 8.5370026808 0.0713615978
14623 310062.73 113.8377032655 34.0868767498 3776998.611816 761937.6967884 57.549185276 -0.0584485613 0.4837205952 348.2658692151 -1.7296037568 8.3384153421 -0.0027839026
14624 310062.85 113.8377010698 34.0868856568 3776999.594655 761937.466587 57.5467685284 0.004326182 0.5153364497 348.3979133217 -1.6558371651 8.1394930492 0.011345735
14625 310062.98 113.8376987915 34.0868950533 3777000.631605 761937.2272483001 57.5503946235 -0.0327828624 0.533911868 348.547402232 -1.590356574 7.9096555755 0.0360072929
14626 310063.11 113.8376965919 34.0869041816 3777001.6389910006 761936.9960096999 57.5541665964 0.0140913526 0.5782873516 348.7256914502 -1.5226806138 7.6864492192 0.0248413356
14627 310063.15 113.8376959343 34.086906938 3777001.943199 761936.9267917 57.5547532691 0.054199239 0.5449972544 348.7649810298 -1.5060849566 7.6219685318 0.0166261141
14628 310063.29 113.8376936907 34.0869164061 3777002.988183 761936.6904413 57.5568372887 0.0458980061 0.4568128733 348.8990012254 -1.4508593785 7.4052944835 0.0183667333
14629 310063.43 113.8376915279 34.0869256028 3777004.003263 761936.4623904 57.5613036333 -0.0744379089 0.3924787667 349.0294281484 -1.3895124371 7.1947567173 0.0646453276
14630 310063.57 113.8376894621 34.086934532 3777004.988896 761936.2441172 57.5684507871 -0.3713883674 0.4097232676 349.1391342363 -1.3290031079 6.9835688614 0.0353451993
14631 310063.72 113.8376873461 34.0869438 3777006.011998001 761936.0201585002 57.5675447313 -0.3665924654 0.4006413565 349.2421830787 -1.2740230412 6.7408268777 -0.0121943658
14632 310063.87 113.8376853152 34.0869527319 3777006.998017 761935.8050991 57.5629633181 -0.0618915576 0.2983695683 349.3389210283 -1.2221584069 6.4902864938 -0.0429981798
14633 310064.03 113.837683252 34.0869618863 3777008.008656 761935.5863787 57.5576244798 0.147298414 0.2223341282 349.4326372978 -1.1543342911 6.2173895645 -0.007017216
14634 310064.2 113.8376811814 34.0869711559 3777009.032051998 761935.3666095 57.5631445423 -0.0201302526 0.2324576354 349.5172298995 -1.0899801405 5.9091735642 0.0693580492
14635 310064.38 113.8376791167 34.0869804655 3777010.059906 761935.1472620999 57.5723600564 -0.2423030107 0.2690898909 349.6277991709 -1.0213049176 5.5871102286 0.0053888406
14636 310064.57 113.8376770891 34.0869897063 3777011.080218 761934.9315576998 57.5697195688 -0.0934331635 0.2453177193 349.6807123935 -0.9496189681 5.220510285 -0.0086116727
14637 310064.77 113.8376751018 34.0869987252 3777012.076014 761934.7202586 57.5729662338 0.098260068 0.1225129173 349.7631146712 -0.8720265721 4.8041992656 0.0032776195
14638 310064.99 113.837673141 34.0870077757 3777013.075371 761934.5113050998 57.5698070889 0.2594108547 0.0769886819 349.7915258625 -0.7734293026 4.3416754806 0.0192631672
14639 310065.24 113.8376711569 34.0870169222 3777014.085337002 761934.2999121 57.5838554017 -0.1522965577 0.0820001828 349.885775285 -0.6927366477 3.7959126922 0.0638443933
