17621 310493.96 113.8400710891 34.0907919081 3777439.180062 762144.2475924 58.2714212947 0.3126501103 0.1121642333 65.4359197053 11.1973317632 5.1224495177 -0.0906102344
17622 310494.05 113.8400820328 34.0907960477 3777439.667558 762145.2452560002 58.2708825814 0.3975030543 0.1391576044 65.6293815196 11.255313527 5.0969392753 0.0441412556
17623 310494.14 113.8400930279 34.0908001702 3777440.153285 762146.2477162 58.2771949209 0.3608124826 0.2184098544 65.7777824236 11.3307267539 5.0707451748 0.0719308277
17624 310494.23 113.8401040833 34.0908042783 3777440.6375730014 762147.2557856 58.28181074 0.4621796923 0.3784755739 65.9006927807 11.3836351501 5.0540292273 0.0410001512
17625 310494.32 113.8401151938 34.0908083776 3777441.121035 762148.2689718 58.2856429312 0.5110674272 0.4660010585 66.0022994929 11.4318839053 5.050462191 0.0393640378
17626 310494.4 113.8401251078 34.0908120241 3777441.551156 762149.1730834 58.2912044087 0.2862490007 0.4968603575 66.0970890573 11.4660727096 5.0556407313 0.0788619095
17627 310494.48 113.8401350584 34.0908156737 3777441.981728 762150.0805555 58.296819957 0.0899227179 0.5220543337 66.1998545131 11.5270560357 5.0588527164 0.046617672
17628 310494.56 113.8401450504 34.0908193226 3777442.412322 762150.9918685 58.29671939 -0.0313091166 0.4864517415 66.3054151039 11.5635381128 5.0615955485 -0.063767529
17629 310494.62 113.8401525709 34.0908220614 3777442.73558 762151.6777793 58.292632903 0.0602246159 0.4461908085 66.3948041178 11.6035704314 5.0648215485 -0.0948475655
17630 310494.7 113.8401626374 34.090825708 3777443.166114 762152.5959719 58.2859929791 0.1092217086 0.4249466925 66.4955916132 11.6542657486 5.0523056455 -0.082852358
17631 310494.78 113.8401727387 34.0908293482 3777443.596021 762153.5173976999 58.2853469029 0.1079804332 0.450715015 66.5915555132 11.6975747863 5.0427700625 0.0374329936
17632 310494.86 113.8401828832 34.0908329784 3777444.024945 762154.4428361 58.2871629801 0.0304804999 0.5186292548 66.6778384181 11.7430537108 5.0307830762 -0.0007134181
17633 310494.94 113.840193068 34.0908366057 3777444.453637 762155.3720058 58.2861048784 0.208281457 0.586393632 66.7750553658 11.7873800654 5.0331404322 -0.0368440016
17634 310495.02 113.8402032936 34.0908402252 3777444.881576 762156.304973 58.2835452212 0.5192656308 0.6867451213 66.8517871817 11.8374948799 5.0103523218 -0.0252485051
17635 310495.1 113.8402135523 34.0908438386 3777445.30891 762157.2410096 58.2848613495 0.6123461567 0.6832816193 66.9179447063 11.8592683976 5.0202926882 0.0622987634
17636 310495.18 113.8402238333 34.0908474529 3777445.736411 762158.1790999002 58.296209435 0.3473808877 0.683056402 66.9883808412 11.8930514505 5.01415307 0.17627584
17637 310495.26 113.8402341479 34.0908510731 3777446.164654 762159.1202776999 58.305124403 0.0268003131 0.6245081411 67.0686325302 11.9330451595 5.0371997158 0.0183836907
17638 310495.34 113.8402444978 34.0908547004 3777446.593773002 762160.0646904 58.3039342314 0.0713342329 0.5260052501 67.1640496194 11.9793230033 5.0332545628 -0.0557046027
17639 310495.42 113.8402548893 34.0908583242 3777447.022611 762161.0129621 58.2975133872 0.1724853089 0.460164599 67.2465239937 12.0259781522 5.030446908 -0.0992405726
17640 310495.5 113.8402653154 34.0908619431 3777447.450996 762161.9644312 58.2940786909 0.2127573459 0.4207058988 67.3194392385 12.0642400959 5.02400069 -0.0111273046
17641 310495.58 113.8402757793 34.0908655575 3777447.878981 762162.9194183 58.2958929548 0.1345836456 0.4631340077 67.3874833494 12.108174384 5.0216212412 0.0304777199
17642 310495.66 113.8402862805 34.090869168 3777448.306621 762163.8778465998 58.2970434194 0.1980739663 0.5377594887 67.4640094646 12.1510467828 5.0141772884 -0.0024272924
17643 310495.74 113.8402968199 34.0908727727 3777448.733726002 762164.8398315 58.2976650465 0.2225470288 0.52890308 67.5384454787 12.1916121742 5.0082072118 0.0019932241
17644 310495.82 113.8403073863 34.09087638 3777449.161180998 762165.8042984002 58.2991981115 0.3065313264 0.4954376695 67.6338037206 12.2224080239 5.009559625 0.0340271797
17645 310495.9 113.8403179854 34.0908799856 3777449.588531 762166.771785 58.3021191442 0.3209886278 0.503254028 67.7516409544 12.2613922088 5.0008972244 0.0323892042
17646 310495.98 113.8403286174 34.0908835827 3777450.015022 762167.7423417 58.3052803725 0.2764696814 0.4476378809 67.8954536506 12.2990084529 4.990444311 0.0334509284
17647 310496.06 113.8403392815 34.0908871686 3777450.440354 762168.7158898001 58.310178346 0.1206630594 0.3186658311 68.0401091622 12.3359758086 4.9698131885 0.080777794
17648 310496.14 113.840349982 34.0908907449 3777450.864719 762169.692835 58.3123487188 -0.0462112983 0.333105461 68.1817149894 12.37820198 4.9488231043 -0.019198559
17649 310496.22 113.8403607285 34.0908943027 3777451.287151 762170.6740790998 58.3082804121 0.0394446896 0.3096053817 68.3119061558 12.4374219709 4.9282019404 -0.0867940334
17650 310496.3 113.8403715094 34.090897852 3777451.7087239986 762171.6585268001 58.3017123938 0.1916753551 0.3236038133 68.4488282478 12.4698454403 4.9170373572 -0.0671600202
17651 310496.37 113.8403809747 34.0909009411 3777452.075844 762172.5229255002 58.2994533498 0.2604818333 0.4109225251 68.5469864891 12.5160448828 4.8821651766 -0.0127186844
17652 310496.45 113.840391824 34.0909044559 3777452.4937660014 762173.5137999002 58.3018369069 0.2301150484 0.3887053738 68.6569966463 12.5457193929 4.876284678 0.0502163606
17653 310496.53 113.8404027026 34.0909079686 3777452.911523 762174.5073776 58.3056010846 0.1591703986 0.4237226809 68.8010987172 12.588827507 4.8629700416 0.0303715959
17654 310496.61 113.8404136161 34.0909114675 3777453.327842 762175.5042277 58.3074734565 0.1777161173 0.3817021965 68.9445643614 12.6215338479 4.8472214286 -0.0019573601
17655 310496.69 113.8404245641 34.0909149554 3777453.743028 762176.5042905 58.3072334332 0.2520643141 0.3964987016 69.0873331109 12.6697255239 4.8264702856 -0.0331816212
17656 310496.77 113.8404355478 34.0909184244 3777454.156208 762177.5077118 58.3070109887 0.3284102078 0.3628815144 69.2187766889 12.7051473139 4.8001733062 0.0131734212
17657 310496.85 113.8404465574 34.0909218816 3777454.568146 762178.5135651 58.3097027671 0.2963895537 0.3331190086 69.3574260991 12.732963026 4.7845266249 0.0311041007
17658 310496.93 113.8404576026 34.0909253235 3777454.978482 762179.5227491 58.3138960348 0.275469938 0.2717591559 69.4848871297 12.7734627728 4.764406305 0.0619814139
17659 310497.01 113.8404686741 34.0909287551 3777455.387739 762180.5343896998 58.317228904 0.2362179982 0.2346011263 69.6189771083 12.8063378118 4.749477995 0.0260302953
17660 310497.09 113.8404797744 34.0909321695 3777455.795165 762181.5487404 58.3201851947 0.2132217878 0.1406333432 69.739085806 12.83730635 4.7261361993 0.033675354
17661 310497.17 113.8404908971 34.0909355761 3777456.201779 762182.5651934 58.3230235297 0.0906701755 0.0878914442 69.8644386754 12.8680940151 4.7194196903 0.0079205421
17662 310497.21 113.8404964715 34.0909372739 3777456.404512998 762183.0746335 58.3234734861 0.1168823329 0.0997079985 69.9248971493 12.8887165482 4.7023007004 0.0119684993
17663 310497.29 113.8405076394 34.0909406538 3777456.808279 762184.0953391999 58.3233871423 0.0530438638 0.0868671975 70.0385606689 12.9092682301 4.6821486266 -0.0170921463
17664 310497.37 113.8405188371 34.0909440234 3777457.210978 762185.1188274998 58.3226898704 -0.0407703859 0.0707764587 70.1568424803 12.9574556563 4.6648568317 -0.0127049779
17665 310497.45 113.8405300613 34.0909473727 3777457.611491 762186.1448146999 58.3201002488 -0.089864738 0.1334596758 70.2624276182 12.9758830828 4.6334487459 -0.0366863467
17666 310497.53 113.8405413011 34.0909507063 3777458.0103050014 762187.1723016 58.3166126004 -0.0894862955 0.1212922054 70.3869735848 12.9917237326 4.619769751 -0.0722023583
17667 310497.61 113.8405525557 34.090954026 3777458.407619002 762188.2011976999 58.3116943529 0.0485149313 0.0751897988 70.5238526804 13.0033984904 4.5956355883 -0.0282742755
17668 310497.69 113.8405638157 34.0909573254 3777458.802689 762189.2306532 58.3111451408 0.0403408075 0.0827986581 70.6668125533 13.0040200112 4.5557810523 0.0277219992
17669 310497.77 113.8405750727 34.0909605951 3777459.194461 762190.2599127 58.3142202413 -0.2035888893 0.0225229679 70.8071496909 13.0012343376 4.5249286255 0.0239536743
17670 310497.85 113.8405863261 34.0909638415 3777459.583628 762191.2889221999 58.3142034234 -0.136145121 -0.0045435847 70.966580296 13.002043136 4.4805974543 -0.0251631884
17671 310497.93 113.8405975842 34.0909670562 3777459.969297 762192.3184638 58.3109876402 -0.1287558021 0.0092292918 71.1203452839 13.0065368686 4.4387402581 -0.0636970469
17672 310497.96 113.8406018053 34.0909682533 3777460.112986 762192.7045050998 58.3092716942 -0.031644202 -0.0154025499 71.175211098 13.0063654343 4.4223821155 -0.0513667062
17673 310498.04 113.8406130594 34.0909714266 3777460.494046 762193.7338062 58.3078515734 -0.190069043 0.0106651664 71.3310646778 12.9959155853 4.3815487782 -0.005749026
17674 310498.12 113.8406243061 34.0909745719 3777460.871986 762194.7625021 58.3069594195 -0.2266340501 0.0193690643 71.489981272 12.9871432526 4.3407684712 -0.0346413838
17675 310498.2 113.8406355541 34.0909776891 3777461.246799 762195.7914107 58.3033035276 -0.2402758265 0.0087902231 71.6637738844 12.9915656668 4.2980778962 -0.0688172261
17676 310498.28 113.8406467961 34.0909807792 3777461.618598 762196.8198477 58.2977910042 -0.1030539143 -0.0251068256 71.8483308812 12.981554935 4.2650813263 -0.0657257557
17677 310498.36 113.8406580335 34.0909838336 3777461.986426 762197.8479745 58.2938897777 0.0093855846 -0.0228691462 72.0268903676 12.9779435373 4.2011198774 -0.024909387
17678 310498.44 113.8406692627 34.0909868501 3777462.350021 762198.8754553002 58.2943443852 -0.119756461 0.034730794 72.1981631127 12.9604595788 4.1567898432 0.0221231267
17679 310498.52 113.840680486 34.0909898282 3777462.709341 762199.9025130002 58.2959574554 -0.1523953062 0.0780833514 72.368644014 12.9638970007 4.1029357988 0.0023268419
17680 310498.6 113.8406917012 34.0909927723 3777463.064868 762200.9289289 58.2939837817 -0.1256883334 0.0643100615 72.5484149866 12.9457800084 4.0612339789 -0.0505473909
17681 310498.68 113.8407029066 34.0909956872 3777463.4171339986 762201.9545292 58.29151743 -0.0603737585 0.0993594286 72.7497584553 12.9372108366 4.0115559463 -0.0141945175
17682 310498.76 113.8407141009 34.0909985636 3777463.765096 762202.9792183002 58.2907740204 -0.1284482547 0.0369875904 72.9430053321 12.9185801219 3.9641678974 0.0073550086
17683 310498.84 113.840725284 34.0910014078 3777464.109455 762204.0029728 58.2910217391 -0.197624262 0.0059492987 73.1564499511 12.909687239 3.9085913842 0.0122208131
17684 310498.92 113.840736459 34.0910042099 3777464.4491199986 762205.0261127 58.2886328716 -0.2184388652 -0.020316898 73.3673871038 12.9023140869 3.8564678656 -0.0639811276
17685 310499.0 113.8407476233 34.0910069723 3777464.784346 762206.0483935 58.2835893631 0.0219416194 -0.0416211098 73.5803779672 12.891902333 3.794463942 -0.0701169049
17686 310499.08 113.8407587724 34.0910096886 3777465.114431 762207.0694063002 58.2809164319 0.1055413883 -0.0071137732 73.7805040122 12.8682286399 3.7371337711 -0.0175716148
17687 310499.16 113.8407698996 34.0910123611 3777465.439593 762208.0885302 58.2847532248 -0.0521729545 0.0297868311 73.9868896503 12.844198217 3.6744098618 0.074624596
17688 310499.24 113.840781006 34.0910149938 3777465.760275 762209.1058604999 58.2906754892 -0.2813905876 0.0383484816 74.2020098342 12.8260692586 3.6274762013 0.0354764826
17689 310499.32 113.8407920971 34.0910175889 3777466.076755 762210.1218879 58.2890475867 -0.1932263766 0.0616903244 74.4227364702 12.8062729638 3.5673382121 -0.0832396332
17690 310499.33 113.840793483 34.0910179106 3777466.116013 762210.248859 58.2882865332 -0.1532224779 0.0552867185 74.4497118288 12.8069787067 3.5631858305 -0.0919285261
17691 310499.41 113.8408045565 34.0910204567 3777466.427016 762211.2634169002 58.2828541659 -0.0143510865 0.0031168754 74.6618631967 12.7751689656 3.503573413 -0.0609703931
17692 310499.49 113.8408155996 34.0910229635 3777466.733572 762212.2752901 58.2836245755 -0.1533572588 0.0118669238 74.8698809479 12.7446384913 3.441558056 0.048091537
17693 310499.57 113.8408266188 34.0910254246 3777467.034991 762213.2850972 58.2868350027 -0.38242329 0.0699569316 75.0684302973 12.712278476 3.379975552 -0.0074962163
17694 310499.65 113.840837608 34.0910278438 3777467.331684 762214.2922606 58.283344415 -0.3644034722 0.0606797204 75.2780129826 12.6784803606 3.3268935909 -0.0846388155
17695 310499.73 113.8408485594 34.0910302222 3777467.623756 762215.2960631 58.2769753151 -0.1421464563 0.0468233073 75.4863089632 12.6267610609 3.2658521859 -0.0770178287
17696 310499.81 113.8408594597 34.0910325524 3777467.9103480014 762216.2952986 58.2733544326 -0.1218556937 0.0834764785 75.6788801973 12.5609044039 3.1957328841 -0.02114172
17697 310499.89 113.8408703019 34.0910348337 3777468.191369 762217.2893098 58.2750908378 -0.1610645292 0.1181620711 75.8669376451 12.490355823 3.1331631556 0.0383795841
17698 310499.97 113.8408810749 34.0910370689 3777468.467088 762218.2770830998 58.2772038057 -0.2280509731 0.171220103 76.056274543 12.4071968873 3.0647898087 -0.0049114693
17699 310500.01 113.8408864357 34.0910381693 3777468.602981 762218.7686535999 58.2768049426 -0.1448814728 0.1651605337 76.1498761204 12.3671587533 3.0369592797 -0.0203807188
17700 310500.09 113.8408971003 34.0910403376 3777468.870998 762219.7466265998 58.2758467616 -0.0164437114 0.1649083956 76.3277834321 12.2736069925 2.9752251295 -0.0084701122
17701 310500.17 113.8409076866 34.0910424586 3777469.133564 762220.7175113001 58.2757831067 -0.000606703 0.2092865479 76.4782635908 12.180298807 2.9052626444 0.0092759437
17702 310500.26 113.8409194944 34.0910447911 3777469.4227410015 762221.8005242 58.2802730212 -0.2374605038 0.2087506232 76.6307236826 12.0635692328 2.8458721823 0.0661269475
17703 310500.35 113.8409311891 34.0910470777 3777469.706541 762222.8732406 58.2841366073 -0.4885183861 0.2461261384 76.7872412201 11.9479656626 2.7876681792 0.0167348685
17704 310500.44 113.8409427746 34.091049314 3777469.984472 762223.9360286 58.2812888892 -0.4956378622 0.2274216371 76.9250446324 11.8344981364 2.7253946393 -0.0747000531
17705 310500.53 113.8409542442 34.0910515051 3777470.257082 762224.9882521 58.2740827529 -0.4319810314 0.2421049183 77.0471124777 11.7160378345 2.6726821141 -0.0820460123
17706 310500.62 113.8409655912 34.091053647 3777470.523932 762226.0293047 58.2685798723 -0.3824090713 0.2548022675 77.1474249916 11.5855727996 2.6113210999 -0.0470886785
17707 310500.71 113.8409768132 34.0910557488 3777470.786003 762227.0589485 58.264536514 -0.3142585364 0.3197551485 77.2409639224 11.4593280199 2.5590262443 -0.068761266
17708 310500.8 113.8409879106 34.091057806 3777471.042799 762228.0772201 58.2601430332 -0.2132027443 0.3425938382 77.3178500793 11.3218482852 2.5097725002 -0.0427714988
17709 310500.89 113.8409988803 34.0910598318 3777471.295794 762229.0837966 58.2593125794 -0.3162646353 0.3733680668 77.4028991496 11.1974338352 2.4734234504 -0.0123890753
17710 310500.91 113.8410012998 34.0910602771 3777471.351428 762229.3058186999 58.2590736207 -0.2768028896 0.3640526579 77.4219385741 11.1637029193 2.4628710339 -0.014673808
17711 310501.0 113.8410121131 34.091062252 3777471.59836 762230.2981164 58.2607777128 -0.5387204687 0.3875451237 77.5018964137 11.0356759179 2.4135912731 0.0073231604
17712 310501.09 113.8410227992 34.0910641963 3777471.841583 762231.2787644 58.2585228067 -0.5970627616 0.3749415911 77.602382679 10.9084407816 2.3748249104 -0.0711343949
17713 310501.19 113.8410345315 34.0910663125 3777472.106564 762232.3554698002 58.2503658738 -0.4348147378 0.3735950719 77.7420561553 10.7771108862 2.321884034 -0.1051969291
17714 310501.29 113.8410461203 34.0910683792 3777472.365675 762233.4190869002 58.2410312686 -0.2698464277 0.4106158266 77.8964261182 10.6417911627 2.2548068444 -0.0818235101
17715 310501.39 113.8410575659 34.0910703854 3777472.617718 762234.4696658001 58.2380402396 -0.3452188036 0.4880391867 78.0281044692 10.5107206056 2.192282495 0.0017740139
17716 310501.49 113.8410688665 34.0910723391 3777472.863551999 762235.5070186 58.2390675629 -0.5255728534 0.5378352698 78.1465151766 10.3742708147 2.138913572 -0.00526793
17717 310501.59 113.8410800212 34.0910742495 3777473.104219 762236.5310346999 58.2364488011 -0.5310720605 0.5666146168 78.2711980082 10.2456414371 2.0932558352 -0.0633212856
17718 310501.69 113.8410910304 34.0910761211 3777473.340196 762237.5417352 58.2294103829 -0.3781949489 0.5662090783 78.3988666006 10.1050131411 2.0494161044 -0.0833085058
17719 310501.79 113.8411018895 34.0910779401 3777473.5699519985 762238.5387476998 58.223127719 -0.2473321894 0.6256267246 78.5030701983 9.9631801193 1.9825841505 -0.0440503313
17720 310501.89 113.8411125961 34.0910797126 3777473.794162 762239.5218151 58.2201074343 -0.224471158 0.6995984883 78.6096819665 9.8198250981 1.937107145 -0.0082747846
17721 310501.94 113.8411178858 34.0910805823 3777473.904262 762240.0075209001 58.2201277176 -0.3028466234 0.7373789786 78.6548336235 9.7366107612 1.9129774086 0.0107057601
17722 310502.05 113.8411293723 34.0910824534 3777474.1414089985 762241.0622987 58.2215151181 -0.4612674593 0.7809655991 78.759762165 9.5597476403 1.8572713741 0.0095899296
17723 310502.16 113.841140633 34.0910842794 3777474.372971 762242.0963655 58.2193768797 -0.5753597693 0.7888296271 78.8625073406 9.3630515306 1.8120259278 -0.0506506005
17724 310502.27 113.8411516593 34.0910860536 3777474.598186 762243.1089476 58.2124596192 -0.5128570999 0.7943206758 78.9653166659 9.1694974101 1.7576536972 -0.0600240962
17725 310502.38 113.8411624338 34.0910877716 3777474.816521 762244.098454 58.2065468505 -0.5205976747 0.7968692487 79.054450086 8.9448621523 1.6957820341 -0.0540807931
17726 310502.5 113.841173882 34.0910895776 3777475.046346 762245.1498902 58.2012188938 -0.5286248415 0.7679922234 79.1396054445 8.6949957843 1.6349576681 -0.035804419
17727 310502.62 113.8411850085 34.0910913197 3777475.268258 762246.1718216 58.1969262436 -0.4910546398 0.7831683304 79.2360167126 8.4449085739 1.5759037788 -0.0339923365
17728 310502.74 113.8411958008 34.0910929934 3777475.481725 762247.1631071002 58.1914578425 -0.4910897597 0.7585186569 79.3230069601 8.1831301872 1.5065415356 -0.0345117223
17729 310502.87 113.8412071145 34.0910947373 3777475.704311 762248.2023127 58.1888184175 -0.581823265 0.7064633986 79.4209129352 7.9049630625 1.4497910782 -0.01278273
17730 310503.0 113.8412180233 34.0910963978 3777475.916607 762249.2044017 58.1843999429 -0.4957838377 0.6263276471 79.4888368029 7.6101286278 1.3777815613 -0.0410029094
17731 310503.14 113.8412293036 34.09109811 3777476.13559 762250.2406241 58.1779589318 -0.2851595715 0.6657118924 79.5850736463 7.2876195969 1.3099535195 -0.0533367819
17732 310503.28 113.8412400813 34.0910997364 3777476.343775 762251.230703 58.1725455197 0.0015545929 0.6738115778 79.6618728904 6.9509593453 1.2407609109 -0.0216841017
17733 310503.43 113.8412510623 34.0911013842 3777476.554837 762252.239497 58.1758419322 -0.0684742212 0.6369644198 79.7450933192 6.5932078307 1.1734452062 0.0361166184
17734 310503.58 113.8412614634 34.0911029361 3777476.753786 762253.1950399 58.1824542778 -0.6438183569 0.5878954193 79.7962443963 6.230197405 1.0976846633 0.045088914
17735 310503.75 113.8412725355 34.0911045728 3777476.96385 762254.2122712 58.1901274873 -1.0299672341 0.5705034255 79.8662742853 5.8222161951 1.0210561729 0.0131540665
17736 310503.93 113.841283437 34.0911061788 3777477.170082 762255.2138474 58.1795471972 -0.541641318 0.51696867 79.9489556001 5.3817247097 0.9299350334 -0.1053401219
17737 310504.13 113.8412945297 34.0911077944 3777477.3778699986 762256.2330524998 58.1602005223 -0.0730015797 0.5825863607 80.0179926404 4.8793209938 0.8419925224 -0.0393651689
17738 310504.35 113.8413054858 34.0911093791 3777477.581873 762257.2397329998 58.1664787643 -0.4153439143 0.577661374 80.0590156278 4.3282904895 0.7363885152 0.0495446393
17739 310504.6 113.8413163087 34.0911109428 3777477.7832160015 762258.2341864002 58.170653984 -0.5948017761 0.5241334361 80.109087975 3.6857505703 0.6309589986 0.0154054326
17740 310504.89 113.8413270016 34.0911124866 3777477.982005 762259.2166997 58.1602497064 -0.4314640523 0.4936355529 80.1440486867 3.2562029247 0.5573104788 -0.0713208593
