1966 308416.51 113.840904842 34.0838888367 3776675.239608 762242.5346645 56.694653797 -0.22153485 0.7363385743 103.0879305876 9.4767406713 -2.2158288088 -0.0864938269
1967 308416.62 113.8409161599 34.0838866583 3776675.026921 762243.5864551 56.6846297486 -0.0459067475 0.733140706 102.9142287008 9.5084699213 -2.1918938874 -0.069518549
1968 308416.73 113.8409275076 34.083884504 3776674.816984 762244.6409287 56.6792362574 0.0572109894 0.729399606 102.72693838 9.5315234362 -2.164847916 -0.025738143
1969 308416.79 113.8409337123 34.083883339 3776674.703629 762245.2174526999 56.6782993423 0.1038474399 0.672221906 102.6276390314 9.544900405 -2.1480853455 -0.0176934967
1970 308416.9 113.8409451115 34.0838812259 3776674.498391001 762246.2765475998 56.6787773669 0.0390496541 0.6533626374 102.4413336476 9.5727301894 -2.1243671391 0.0131895703
1971 308417.01 113.8409565476 34.0838791347 3776674.2956800014 762247.3389871998 56.6788883423 -0.0539990914 0.652841751 102.2627784207 9.6070362364 -2.1069854939 -0.0057520048
1972 308417.12 113.8409680211 34.0838770675 3776674.0957370014 762248.4048088002 56.6762345387 -0.0625194457 0.6090221355 102.0800922805 9.6428751774 -2.0734460246 -0.0366166265
1973 308417.23 113.8409795338 34.0838750246 3776673.898584 762249.4741706 56.6715894984 -0.0712281981 0.5817779059 101.8941557273 9.6737582105 -2.0512225057 -0.0388678461
1974 308417.34 113.8409910829 34.0838730059 3776673.704211 762250.5468170998 56.6673097536 -0.1445204404 0.6104632964 101.7090957882 9.7050999313 -2.0283509737 -0.0253471498
1975 308417.45 113.8410026649 34.0838710127 3776673.512761 762251.6224314 56.6636932856 -0.102278346 0.5984040948 101.5393016334 9.7267471822 -1.9987960018 -0.0504686782
1976 308417.56 113.8410142844 34.0838690447 3776673.324189 762252.7014211 56.6573712276 0.0559955306 0.6001967241 101.37180806 9.7568232266 -1.9788123643 -0.0554953483
1977 308417.67 113.8410259334 34.0838671008 3776673.138385 762253.7830664002 56.6534848921 0.1338882763 0.5739262616 101.2050578277 9.7834228717 -1.9515090843 -0.0078702184
1978 308417.78 113.8410376132 34.0838651796 3776672.955166002 762254.8674864002 56.6544379508 -0.0525164246 0.6020999215 101.0316113045 9.8066719929 -1.9317454546 0.0288939107
1979 308417.88 113.8410482612 34.0838634505 3776672.7906160015 762255.8560354002 56.6557782777 -0.3152959073 0.6051323993 100.8741437771 9.841823327 -1.9103994171 0.0037956432
1980 308417.98 113.8410589432 34.0838617434 3776672.628598 762256.8476515 56.6523769805 -0.4790774308 0.6274460389 100.7322492711 9.8702372979 -1.8859081254 -0.072119109
1981 308418.08 113.8410696655 34.083860054 3776672.468648 762257.8429431 56.6432505678 -0.4499634037 0.6001564496 100.6095415199 9.9090573712 -1.8681440688 -0.1169125623
1982 308418.18 113.8410804291 34.0838583824 3776672.3107839986 762258.8419898001 56.6306705754 -0.4055616887 0.5968685262 100.4872446528 9.9426589549 -1.8509332244 -0.1256055198
1983 308418.28 113.8410912212 34.0838567261 3776672.154692 762259.8436189 56.6218976844 -0.4941040351 0.5735462518 100.3608786106 9.9619621868 -1.8317455178 -0.0503047273
1984 308418.38 113.8411020426 34.0838550862 3776672.000485 762260.847913 56.615936771 -0.5668480661 0.5434475393 100.2413530125 9.9945458829 -1.8134492797 -0.0982366728
1985 308418.48 113.8411128966 34.08385346 3776671.847889 762261.8551635002 56.6014607595 -0.0936921192 0.5561320787 100.120412148 10.0203937569 -1.8027160347 -0.1777426389
1986 308418.58 113.8411237777 34.0838518485 3776671.696991 762262.8648744002 56.586472542 0.5850904612 0.5115888016 100.0180416192 10.0405769885 -1.7813592034 -0.0840318315
1987 308418.68 113.8411346689 34.0838502582 3776671.548475 762263.8754594 56.5888091167 0.8480436003 0.4870631009 99.9133180684 10.0441464001 -1.7587782067 0.1205005375
1988 308418.78 113.8411455683 34.0838486804 3776671.4013660015 762264.8867553 56.6049262565 0.6003666129 0.5157836809 99.799914325 10.0557159718 -1.7486640256 0.1655859966
1989 308418.83 113.8411510238 34.0838478963 3776671.32836 762265.3929198001 56.6130984379 0.4016766405 0.5267006734 99.7349818334 10.0661175094 -1.7373966696 0.1477526483
1990 308418.93 113.8411619512 34.0838463423 3776671.183968 762266.4067363002 56.6242246162 0.0450949143 0.5005772546 99.62662988 10.0872878822 -1.7171949473 0.0615844119
1991 308419.03 113.8411729032 34.0838448026 3776671.041227 762267.4227668 56.6246888135 -0.0401438266 0.4848276558 99.5293260709 10.1084665673 -1.7051712678 -0.0477763116
1992 308419.13 113.8411838674 34.0838432799 3776670.9004 762268.4398789002 56.617770303 0.0395702996 0.4870816328 99.4234738567 10.1275038776 -1.6919625861 -0.074065984
1993 308419.23 113.8411948408 34.0838417741 3776670.761464 762269.4577891 56.6158282366 0.018234132 0.4304162359 99.3288206171 10.1290155378 -1.6673790964 0.0340938824
1994 308419.33 113.8412058232 34.083840287 3776670.624637 762270.4764716 56.6191953476 -0.0897542502 0.4037650769 99.2265339546 10.136921219 -1.6481153926 0.0120043949
1995 308419.43 113.8412168181 34.0838388131 3776670.489305 762271.4962699 56.6174874743 -0.0595232361 0.3714629499 99.129711078 10.1525740401 -1.6373127344 -0.0518049005
1996 308419.53 113.8412278209 34.0838373548 3776670.355726 762272.5167408001 56.6128449338 -0.0124460116 0.348247797 99.0345382854 10.1590696519 -1.6164607818 -0.047584152
1997 308419.63 113.8412388288 34.0838359133 3776670.224021 762273.5376415 56.6108931862 0.0339297639 0.2959786886 98.9399360405 10.1648226454 -1.5969480453 -0.0123088156
1998 308419.73 113.8412498432 34.083834485 3776670.093809 762274.5590946 56.6090483237 0.052035285 0.3092030969 98.8229672032 10.17103845 -1.588059259 -0.0054550029
1999 308419.83 113.8412608584 34.0838330727 3776669.9653589986 762275.5805721999 56.6093150098 -0.0652982878 0.3156939034 98.6969600117 10.168543888 -1.5665210956 0.0328338846
2000 308419.93 113.8412718775 34.083831681 3776669.839211 762276.6023539002 56.6110872291 -0.3510016693 0.3216912709 98.5640531032 10.1736728268 -1.5374846388 0.015574366
2001 308420.03 113.8412829046 34.0838303103 3776669.715416 762277.6247988002 56.6073672781 -0.4123000654 0.3559012051 98.4276528003 10.1822371828 -1.5220282672 -0.0705336542
2002 308420.13 113.8412939472 34.0838289556 3776669.5934339985 762278.6486293002 56.5976354871 -0.245486544 0.3757556305 98.2946442821 10.1967951326 -1.4936290698 -0.1259651816
2003 308420.23 113.8413049951 34.0838276255 3776669.4742 762279.6728824 56.587228016 -0.0517558284 0.3976498373 98.1609130371 10.1936252487 -1.4649439324 -0.0764246126
2004 308420.33 113.8413160444 34.0838263152 3776669.357161 762280.6971941999 56.5850377465 -0.125868669 0.3804351271 98.0230918999 10.1960931925 -1.4426179047 -0.0212060595
2005 308420.43 113.8413270979 34.0838250322 3776669.243168 762281.7218071 56.5847458392 -0.1146070046 0.3906166985 97.888034257 10.1992106705 -1.4191728714 -0.004517189
2006 308420.53 113.8413381558 34.0838237694 3776669.131433 762282.7467757 56.5828116368 -0.1295521933 0.3838447301 97.752883598 10.2000434553 -1.3945798923 -0.0361597602
2007 308420.63 113.8413492169 34.0838225305 3776669.022351 762283.7719534 56.5801509079 -0.0689781483 0.3722583301 97.6162527036 10.2032062301 -1.3604364227 -0.012007134
2008 308420.73 113.8413602817 34.0838213104 3776668.915364 762284.7974211 56.5771539342 -0.092612621 0.3840174606 97.4870611785 10.212645269 -1.3496574671 -0.0635215629
2009 308420.83 113.8413713473 34.0838201097 3776668.810526 762285.822904 56.5748899691 -0.2114332638 0.4201890986 97.3430100333 10.2048710461 -1.3199829006 -0.0178223783
2010 308420.93 113.8413824151 34.0838189285 3776668.707869 762286.8485274998 56.5740023674 -0.3712794032 0.50302849 97.2027971581 10.2119743484 -1.3067202212 -0.0273820543
2011 308420.94 113.8413835222 34.0838188112 3776668.697694 762286.9511180002 56.5735377455 -0.3312484653 0.4965412276 97.1886458916 10.2147031881 -1.3052234908 -0.0483498095
2012 308421.04 113.8413945973 34.0838176521 3776668.5975089986 762287.9773416 56.56763402 -0.2128185115 0.5458661444 97.0348515225 10.2174448023 -1.2768730594 -0.0966832832
2013 308421.14 113.8414056712 34.0838165175 3776668.500036 762289.0033896 56.5586906085 0.0406551157 0.4922434804 96.8861652892 10.2230662693 -1.2373765274 -0.0726827416
2014 308421.24 113.8414167423 34.0838154153 3776668.406147 762290.0290782 56.5572812585 0.0861659266 0.4890099953 96.7426348354 10.2138915552 -1.2076503253 0.0472912171
2015 308421.34 113.8414278122 34.0838143343 3776668.314616998 762291.0545875 56.5583218299 0.0054321958 0.4685135832 96.5973330835 10.2242754622 -1.186406199 0.0040230443
2016 308421.44 113.8414388816 34.083813277 3776668.225712 762292.0799721 56.5585068781 -0.0358513805 0.4342265391 96.4548073138 10.217313023 -1.1611608877 -0.0245789529
2017 308421.54 113.8414499524 34.0838122433 3776668.139427 762293.1054183 56.5561108859 -0.0356467697 0.4495969926 96.301595953 10.2216046952 -1.1352173436 -0.0281574686
2018 308421.64 113.8414610221 34.0838112286 3776668.055247 762294.1307002 56.5541344965 -0.0144644912 0.4509547405 96.1433251696 10.2191302005 -1.112043195 -0.002423525
2019 308421.74 113.8414720922 34.0838102434 3776667.974343 762295.1559385002 56.5537104728 -0.0703196533 0.4766001491 95.995069499 10.2243604377 -1.079614036 -2.06339e-05
2020 308421.84 113.8414831643 34.0838092818 3776667.896066 762296.1812763 56.5510216551 -0.0950906629 0.4535714233 95.8477958848 10.2199189015 -1.0575265667 -0.0277228918
2021 308421.87 113.8414864866 34.083808998 3776667.873104 762296.4889309 56.5502019878 -0.1113248199 0.4498264561 95.8001280238 10.2239705262 -1.0457015681 -0.0293094801
2022 308421.97 113.8414975598 34.0838080697 3776667.7985269986 762297.5142693 56.548083541 -0.1288747581 0.5054889276 95.6413645011 10.2223761877 -1.0181304298 -0.0222616002
2023 308422.07 113.8415086328 34.0838071598 3776667.725996 762298.5395418 56.544843534 -0.1085289471 0.5382207926 95.4792515772 10.2238991494 -0.9964177675 -0.0339013419
2024 308422.17 113.8415197065 34.0838062822 3776667.6570440014 762299.5647724 56.5419420693 -0.0668649163 0.5284335368 95.3259142845 10.222680832 -0.958186763 -0.0303531887
2025 308422.27 113.8415307786 34.0838054313 3776667.591047 762300.5897706 56.5391242132 -0.026477412 0.5199814197 95.1737712984 10.221986541 -0.9345506793 -0.0318022504
2026 308422.37 113.8415418481 34.0838046032 3776667.5275800014 762301.6144613002 56.5375436973 -0.0292491337 0.5246461268 95.0197867687 10.217703654 -0.9055765258 -0.0191542296
2027 308422.47 113.8415529167 34.0838038026 3776667.467165 762302.6389868 56.5372779146 -0.0663599316 0.5129762081 94.8936239063 10.2184793234 -0.8763757161 -0.0036552133
2028 308422.57 113.8415639858 34.0838030217 3776667.408925 762303.6634957 56.5351173682 -0.1012037358 0.5200408231 94.7648412386 10.2198582662 -0.8603131288 -0.0348327484
2029 308422.67 113.8415750523 34.0838022601 3776667.35283 762304.6877004 56.5337351179 -0.1204237942 0.4944048133 94.6423193303 10.2169745893 -0.833348176 0.0028582549
2030 308422.77 113.8415861219 34.0838015168 3776667.298771 762305.7121396 56.5314418664 -0.2147077872 0.5739463014 94.5215815217 10.2250815774 -0.8171445401 -0.0409843804
2031 308422.87 113.841597192 34.0838007906 3776667.246612998 762306.7365766 56.5271280408 -0.2793492689 0.5834229861 94.403535636 10.2221558379 -0.7960255687 -0.0328878449
2032 308422.97 113.8416082642 34.0838000867 3776667.196939 762307.7611361 56.523229545 -0.3581816005 0.6048037713 94.2853629376 10.221436349 -0.7709686309 -0.0453175906
2033 308423.07 113.8416193395 34.0837993996 3776667.149139 762308.7859292 56.5165190212 -0.2965168876 0.6353399424 94.1568622246 10.2195683916 -0.7549492282 -0.0688252072
2034 308423.17 113.8416304232 34.0837987343 3776667.103769 762309.8114231 56.5089973435 -0.2237900878 0.6411598135 94.0239010685 10.2250130563 -0.7246310357 -0.0762846253
2035 308423.27 113.8416415045 34.0837980928 3776667.061046 762310.8366314998 56.5030234372 -0.1607636127 0.6612393454 93.8832824661 10.2208214971 -0.7008878517 -0.047331951
2036 308423.37 113.8416525866 34.0837974723 3776667.02065 762311.8618482 56.5006277002 -0.1887820474 0.6845154457 93.7338758716 10.2241355415 -0.6798562596 -0.0430117065
2037 308423.47 113.8416636705 34.0837968753 3776666.982865 762312.8871497 56.4968926618 -0.204675703 0.7163272702 93.5772771376 10.2280215602 -0.6458932274 -0.0556011908
2038 308423.57 113.8416747552 34.0837963026 3776666.947778 762313.9124559 56.4933067365 -0.2252032034 0.7523192065 93.4358370465 10.2263934649 -0.6257580538 -0.0513713861
2039 308423.67 113.841685842 34.0837957518 3776666.915136 762314.9378886998 56.489368313 -0.2468403668 0.7746538578 93.2816091245 10.2238855002 -0.5962914103 -0.0627897673
2040 308423.77 113.8416969317 34.0837952274 3776666.885413 762315.9635111 56.4841761487 -0.2264086084 0.8108139188 93.1405798712 10.2298930376 -0.5721725854 -0.0500556435
2041 308423.87 113.8417080194 34.0837947239 3776666.858023002 762316.9888853001 56.4793308144 -0.2359144851 0.819783458 92.9827464067 10.2310149522 -0.5463028927 -0.0570025107
2042 308423.88 113.8417091284 34.0837946749 3776666.855428 762317.0914373 56.478852733 -0.2399775974 0.8209609158 92.9668053954 10.2332182621 -0.5445542325 -0.0542540567
2043 308423.98 113.8417202135 34.0837942019 3776666.831418 762318.116469 56.4742492279 -0.1267903174 0.8036921503 92.8247974988 10.2300266446 -0.5132980101 -0.0361840816
2044 308424.08 113.8417312941 34.083793751 3776666.809835 762319.1410229 56.4688518047 0.0308365308 0.8052670404 92.6711966711 10.226857044 -0.4860476698 -0.049935551
2045 308424.18 113.841742367 34.0837933246 3776666.790957 762320.1647894002 56.4665184422 0.0631746346 0.7490473152 92.5249925904 10.2214052766 -0.4556623527 0.0191158953
2046 308424.28 113.8417534383 34.083792923 3776666.774828 762321.1883295 56.4676259002 0.0017821966 0.7023480292 92.3778632841 10.2214441686 -0.4294591043 0.0182534281
2047 308424.38 113.8417645091 34.0837925446 3776666.761268 762322.2117511998 56.4682132118 -0.0427903125 0.6784655931 92.2271201754 10.2173126975 -0.4053241679 -0.0153621928
2048 308424.48 113.841775583 34.0837921893 3776666.750284 762323.2353939 56.4649026021 0.0515635092 0.6095822943 92.0853330412 10.2215174301 -0.3744775104 -0.0376679225
2049 308424.58 113.8417866558 34.0837918627 3776666.742486 762324.2588391999 56.4626080096 0.1413683479 0.5887934918 91.9556489578 10.2201975246 -0.3485566072 -0.0121936668
2050 308424.68 113.8417977272 34.0837915506 3776666.736285 762325.282116 56.4627954708 0.1300511093 0.5690171519 91.8246552749 10.2187350838 -0.3377565136 0.0146073783
2051 308424.78 113.8418087995 34.0837912624 3776666.73274 762326.3053989002 56.4657838978 0.0041916619 0.5212232304 91.6897664891 10.2256415543 -0.2973988764 0.0119856479
2052 308424.88 113.841819874 34.083790993 3776666.731297 762327.3288285 56.4666036358 -0.079050549 0.5182028012 91.5506289829 10.2275900195 -0.2879619435 -0.0061819386
2053 308424.89 113.8418209822 34.0837909665 3776666.731196 762327.431238 56.466523408 -0.104031114 0.5127286873 91.5339819606 10.2318252428 -0.2895021186 -0.0075943204
2054 308424.99 113.8418320622 34.0837907236 3776666.732701 762328.4550911 56.4630698441 0.0238611727 0.4380744302 91.3982635422 10.2361444698 -0.2452258306 -0.0269325515
2055 308425.09 113.8418431451 34.0837905114 3776666.737629 762329.4791175 56.4592744373 0.091419347 0.4082575874 91.2808273541 10.2361987649 -0.2288237054 -0.0170791947
2056 308425.19 113.8418542263 34.083790319 3776666.74474 762330.5029287 56.4597749589 -0.0293277408 0.3657776495 91.142463166 10.2363202937 -0.2037015378 0.045721378
2057 308425.29 113.8418653115 34.0837901508 3776666.754547 762331.5270356 56.4623889495 -0.2586418827 0.3373876061 91.0188403258 10.2462633476 -0.1834951597 0.0114554385
2058 308425.39 113.8418764048 34.0837899988 3776666.766176 762332.5518386 56.4586172411 -0.2750959386 0.3945757778 90.8884668035 10.2518813571 -0.1645194266 -0.0599174276
2059 308425.49 113.8418875041 34.0837898665 3776666.7799989986 762333.5771294001 56.4504749654 -0.1057012118 0.3741347228 90.7729490278 10.2548604597 -0.1372350561 -0.0806731749
2060 308425.59 113.8418986075 34.0837897536 3776666.795997 762334.6027509 56.4440009668 0.0054807939 0.4020228954 90.661344337 10.2504328852 -0.1223697153 -0.0287259617
2061 308425.69 113.8419097117 34.0837896581 3776666.813928 762335.6283766 56.44214526 -0.0389583112 0.4093151311 90.546735703 10.2526221166 -0.1020773555 0.0123475464
2062 308425.79 113.841920819 34.0837895806 3776666.83385 762336.6542452 56.4418140948 -0.0703702594 0.4184874923 90.4307404171 10.2593164108 -0.0809642514 -0.016003106
2063 308425.84 113.8419263742 34.0837895489 3776666.844607 762337.1672979 56.4407610334 -0.0329173189 0.4056801599 90.3741877015 10.2626103556 -0.0700789298 -0.0134843706
2064 308425.94 113.8419374891 34.0837895027 3776666.868033 762338.1937686 56.437374536 -0.0243999452 0.402659593 90.2678233375 10.2641387604 -0.0481951992 -0.0407372588
2065 308426.04 113.8419486056 34.0837894732 3776666.8933089986 762339.2203408001 56.4346922897 -0.0106783822 0.4070479152 90.1471882209 10.2621385239 -0.0225092528 0.0023851696
2066 308426.14 113.8419597295 34.0837894604 3776666.9204730014 762340.2475339002 56.4349435708 -0.0360388202 0.3690038056 90.0246535904 10.2754858637 -0.0067594896 -0.0222312692
2067 308426.24 113.8419708578 34.08378947 3776666.950118 762341.2750704002 56.4317908138 0.0139707114 0.3487855511 89.8957832658 10.2714037622 0.021737318 -0.0459777537
2068 308426.34 113.8419819886 34.0837895018 3776666.982242 762342.3027716 56.4303064682 -0.027478939 0.3627671377 89.7678156199 10.2718788917 0.0458462253 -0.0124252577
2069 308426.44 113.8419931206 34.0837895536 3776667.01659 762343.3305116 56.4309247239 -0.0761710654 0.3402239735 89.6423499537 10.2763908245 0.0677809616 0.015468464
2070 308426.54 113.8420042535 34.0837896287 3776667.053527 762344.358276 56.4305013763 -0.1475767489 0.3382112483 89.5206197228 10.2808603569 0.0908367568 -0.0109742573
2071 308426.64 113.8420153926 34.0837897183 3776667.092085 762345.3865601999 56.428199389 -0.2088709315 0.3839393086 89.39937433 10.284623669 0.0999495836 -0.0401512398
2072 308426.74 113.8420265401 34.0837898221 3776667.132239 762346.4155757 56.4241798324 -0.2154787032 0.3906406642 89.2699983261 10.2975329772 0.1282700383 -0.0638024251
2073 308426.84 113.8420376965 34.083789954 3776667.175536 762347.4453223002 56.4184371838 -0.2059492878 0.4211241135 89.1558418967 10.3042686573 0.1548545852 -0.073987026
2074 308426.91 113.8420455101 34.083790054 3776667.206711 762348.1665067 56.4142803792 -0.2023471321 0.4515451076 89.0637122218 10.3063964785 0.1626910133 -0.0568580092
2075 308427.01 113.8420566756 34.0837902194 3776667.253745 762349.1969998 56.4102383293 -0.201409991 0.4319664738 88.9534364803 10.3115129275 0.1964786375 -0.0483992978
2076 308427.11 113.8420678565 34.0837904 3776667.302508998 762350.2288601 56.4048943901 -0.1189452083 0.4410921746 88.8366070718 10.3192118446 0.2109604455 -0.0737012234
2077 308427.21 113.8420790468 34.0837905978 3776667.353204 762351.2615471998 56.3981176876 0.0276706727 0.3875665278 88.7186436906 10.3259316103 0.2361871136 -0.049643119
2078 308427.31 113.8420902397 34.0837908169 3776667.406279 762352.2943973001 56.396780231 0.0815484102 0.3830970961 88.60566342 10.3271270448 0.2548529709 0.0054334446
2079 308427.41 113.8421014356 34.0837910532 3776667.461257 762353.3274704 56.3966233833 0.0659818522 0.4060464685 88.4855628732 10.3272112441 0.2756872165 -0.0011427347
2080 308427.51 113.8421126368 34.0837913054 3776667.51803 762354.3609895002 56.3967133313 0.0778254207 0.4025273945 88.3664778932 10.337762134 0.2953660892 0.0094986897
2081 308427.61 113.8421238427 34.0837915801 3776667.5772980014 762355.394869 56.3955435567 0.0944540474 0.4270020524 88.2442987536 10.3432990555 0.3194060527 -0.0326173449
2082 308427.71 113.8421350527 34.0837918707 3776667.638345 762356.4290871 56.3956280742 -0.0175107615 0.500275706 88.1204363472 10.3428924684 0.3301828155 0.0224089684
2083 308427.81 113.8421462672 34.0837921793 3776667.701407 762357.4636606 56.3973659463 -0.2258934969 0.5041793057 87.9848202699 10.3477306315 0.3646014169 0.0035734775
2084 308427.91 113.8421574896 34.0837925124 3776667.767203 762358.4988828 56.3947123997 -0.2288821686 0.5375613328 87.8690901278 10.3593834714 0.3881711708 -0.0581061509
2085 308427.99 113.8421664767 34.0837927917 3776667.821289 762359.3278720998 56.3875261582 -0.0601871101 0.4848859893 87.7710808873 10.3685219396 0.4058950675 -0.1089391012
2086 308428.09 113.8421777085 34.08379317 3776667.892122 762360.3638237 56.3814462088 0.2222050106 0.3605072182 87.6622392067 10.3598225921 0.4346387047 0.0105480696
2087 308428.19 113.8421889418 34.0837935666 3776667.964993 762361.3998572 56.3813806353 0.2301461572 0.3074168515 87.5462832559 10.3647108199 0.4524294247 0.0048308083
2088 308428.29 113.8422001823 34.0837939857 3776668.040381 762362.4364924 56.3844960108 0.1778447279 0.2316697599 87.4307627407 10.3798960297 0.4860333012 0.0039310844
2089 308428.39 113.8422114254 34.0837944199 3776668.117456 762363.473316 56.3893365664 -0.0588451879 0.2075717734 87.3100827018 10.3757380409 0.4899245872 0.0428803969
2090 308428.49 113.8422226771 34.0837948733 3776668.196677 762364.5108774998 56.3902416937 -0.0992479793 0.2088192106 87.182792637 10.3894108835 0.514497073 -0.0133684216
2091 308428.59 113.842233944 34.0837953432 3776668.277777 762365.5497864998 56.384443731 0.062724176 0.3029744608 87.0525942859 10.4013241367 0.5315597056 -0.0906410742
2092 308428.69 113.8422452193 34.0837958298 3776668.360741 762366.5894204002 56.3779276982 0.2655035952 0.355277212 86.909117204 10.4064094667 0.5577618135 -0.0255570326
2093 308428.79 113.8422564947 34.083796342 3776668.446551 762367.6289894 56.3821414905 0.2786997627 0.3730893391 86.7698351325 10.4103806505 0.5799591909 0.0675888974
2094 308428.89 113.8422677749 34.0837968782 3776668.535042 762368.6689203 56.3876585541 0.2766575591 0.4211019569 86.6077082264 10.4189923644 0.6130586999 0.0302192507
2095 308428.99 113.8422790605 34.0837974426 3776668.62667 762369.7092750998 56.3900308264 0.273652858 0.420054222 86.4558031207 10.4181634233 0.6446934932 0.014569484
2096 308429.04 113.8422847041 34.0837977351 3776668.673622 762370.2294859998 56.3919017808 0.2032571626 0.4069544895 86.3776361469 10.4160834129 0.6571226893 0.0324570039
2097 308429.14 113.8422959902 34.0837983451 3776668.770318 762371.269738 56.3957329774 0.1065809629 0.3575130433 86.2344041514 10.4194271162 0.6960158028 0.0199096486
2098 308429.24 113.8423072865 34.083798976 3776668.869348998 762372.3108735 56.3973734574 0.0630704191 0.3389657969 86.079927821 10.4316426698 0.7124879224 0.0067153018
2099 308429.34 113.8423185885 34.0837996302 3776668.970988 762373.3524566 56.3967938777 0.1003860795 0.3117333024 85.9195736212 10.4357309125 0.7446459641 -0.0064615222
2100 308429.44 113.8423298965 34.0838003096 3776669.075442 762374.3945096999 56.3961047968 0.2077972742 0.3337558594 85.7617535953 10.4412214648 0.7677908813 -0.0115049334
2101 308429.54 113.8423412085 34.0838010155 3776669.182847 762375.4368573001 56.3957230067 0.3224963888 0.3320465391 85.593233153 10.4425784031 0.8049030697 0.0019405772
2102 308429.64 113.8423525204 34.0838017503 3776669.293453 762376.4791069998 56.398640723 0.3819730179 0.3305200659 85.4300557973 10.4407338212 0.826196749 0.0458982575
2103 308429.74 113.8423638321 34.0838025143 3776669.407297 762377.5212544 56.4051281642 0.3253829 0.3176477009 85.2568748436 10.4441093425 0.8699022384 0.0554912552
2104 308429.84 113.8423751493 34.0838033098 3776669.524657 762378.5638059 56.409190381 0.2693775267 0.27876498 85.0844186802 10.4504973631 0.9002189462 0.026851886
2105 308429.94 113.8423864709 34.0838041303 3776669.644801999 762379.6066837 56.4138110299 0.0246188085 0.2918485514 84.8936152544 10.4511694046 0.9317006788 0.0284202762
2106 308429.99 113.8423921337 34.0838045518 3776669.70613 762380.128276 56.4159360835 -0.1025152298 0.319555842 84.8057879303 10.4546935557 0.9448629307 0.0293652501
2107 308430.09 113.8424034747 34.0838054159 3776669.831163 762381.1728099 56.4159278059 -0.183561243 0.3538980672 84.6240391804 10.4774170276 0.9793403882 -0.050523233
2108 308430.19 113.8424148307 34.0838063118 3776669.959763 762382.218637 56.40752145 0.0168639439 0.3631457961 84.4389297341 10.4767614223 1.0129383019 -0.0898004209
2109 308430.29 113.842426191 34.0838072367 3776670.091594 762383.264763 56.4008615669 0.2815941235 0.3692871419 84.2506772098 10.4780933175 1.045050562 -0.0172006813
2110 308430.39 113.8424375504 34.0838081955 3776670.227177 762384.3107034 56.4030886181 0.2988784069 0.3678697897 84.0424226813 10.477052578 1.0860428875 0.0513865842
2111 308430.49 113.8424489107 34.0838091899 3776670.3667230015 762385.356622 56.4077567337 0.193550146 0.3595446586 83.830051186 10.4813916431 1.1200873596 0.0597007217
2112 308430.59 113.8424602722 34.0838102176 3776670.509961 762386.4025498 56.4129226273 -0.0057669526 0.3936786076 83.615530329 10.4877389189 1.1645314823 0.0317529561
2113 308430.69 113.8424716425 34.0838112819 3776670.6572879986 762387.4491726998 56.4117880138 -0.0601591178 0.4073552406 83.4093078568 10.4915121002 1.2044587964 -0.0579953669
2114 308430.79 113.842483021 34.0838123814 3776670.808543 762388.4964414 56.4065748695 0.0181396864 0.407143523 83.202379189 10.4960301697 1.2479977196 -0.0589288817
2115 308430.85 113.8424898522 34.0838130593 3776670.901333 762389.1251341999 56.4036799483 0.012231639 0.4492417757 83.0947767888 10.5047780685 1.2636118982 -0.0342439221
2116 308430.95 113.842501242 34.0838142106 3776671.058357 762390.1732906002 56.401511943 -0.0542102966 0.4741237505 82.9064573895 10.5103968439 1.2973190107 -0.0053802563
2117 308431.05 113.842512633 34.0838153954 3776671.219113 762391.2214468998 56.4015930155 -0.1813364992 0.4837377899 82.7266042169 10.5046193881 1.3352048198 -0.0259053919
2118 308431.15 113.8425240219 34.0838166005 3776671.382118 762392.2693551999 56.3972488604 -0.0965652578 0.4955101193 82.5391126388 10.5019911745 1.3592402145 -0.0699583779
2119 308431.25 113.8425353909 34.0838178374 3776671.548598 762393.3153295 56.3909654925 0.1087583926 0.4965030475 82.3581583128 10.4765235055 1.4012224987 -0.059363787
2120 308431.35 113.8425467332 34.0838190998 3776671.717826002 762394.3587548 56.3895197594 0.2421122018 0.5080718259 82.1865445858 10.4521832536 1.4200529508 0.0304496579
2121 308431.45 113.8425580402 34.0838203909 3776671.890167 762395.3988355 56.3936390551 0.2550580901 0.4960357064 82.0203524481 10.4196896245 1.4532164533 0.0585400203
2122 308431.55 113.8425693221 34.083821707 3776672.065216 762396.4365125998 56.3979647104 0.1966564378 0.4803902273 81.8439688705 10.399610711 1.4785212558 0.0228604665
2123 308431.65 113.8425805702 34.0838230482 3776672.242955 762397.4709978001 56.4020428872 0.1238528533 0.4868338577 81.6669200679 10.3647196161 1.5109446112 0.0535180402
2124 308431.75 113.8425917868 34.083824414 3776672.423343 762398.5024993 56.4056286989 0.0468284479 0.5195659642 81.4974508388 10.3359842213 1.5343016952 0.0119884726
2125 308431.79 113.8425962645 34.0838249661 3776672.496122 762398.9142605 56.4061927954 0.0372380553 0.5249769679 81.4295424938 10.3238038851 1.5448831961 0.0029924295
2126 308431.89 113.8426074352 34.083826368 3776672.6804059986 762399.9414075 56.4060603464 0.0382120778 0.5018158933 81.2590809482 10.2900868663 1.5820750833 -0.0279309404
2127 308431.99 113.8426185734 34.0838277928 3776672.867146 762400.9654917 56.4060289217 0.0357987687 0.5255945872 81.0871275147 10.2557175214 1.5952410426 0.0022088371
2128 308432.09 113.8426296779 34.0838292426 3776673.056573 762401.9863806 56.406122799 0.1179320957 0.5212999804 80.9212805229 10.2284284023 1.6308366282 -0.011301034
2129 308432.19 113.8426407448 34.08383072 3776673.248964 762403.0037139 56.4060097877 0.2735444151 0.5071229793 80.7628137116 10.191032234 1.6479979615 0.011234969
2130 308432.29 113.8426517656 34.0838322166 3776673.443366002 762404.0167233002 56.4080988327 0.3814483009 0.4645398306 80.5929212596 10.1486670957 1.6786349847 0.0492328607
2131 308432.39 113.8426627301 34.0838337363 3776673.640194 762405.0244708002 56.415520194 0.2668481011 0.4450127235 80.4315916322 10.0912774943 1.6957869551 0.0790380364
2132 308432.49 113.8426736385 34.0838352704 3776673.838473001 762406.0269928002 56.4235468963 0.0503472209 0.430027389 80.2603943614 10.0365933617 1.7200790207 0.066195536
2133 308432.59 113.8426844914 34.0838368251 3776674.0388940014 762407.024334 56.4284871398 -0.1124694851 0.4495183786 80.1115975804 9.9858690635 1.7340181332 0.0102160571
2134 308432.69 113.842695289 34.0838383935 3776674.240695 762408.0165116 56.427791195 -0.0993089787 0.4246439852 79.9537877746 9.9330463318 1.752052909 -0.0240700507
2135 308432.71 113.8426974409 34.0838387098 3776674.281326 762408.2142434 56.4272136232 -0.0908355461 0.4298646246 79.9233109322 9.9217223669 1.7602790799 -0.0349246166
2136 308432.81 113.8427081659 34.0838402986 3776674.4852 762409.1996544001 56.4239212126 0.0166426356 0.4857354315 79.7806664852 9.8665194675 1.7672828108 -0.0354210784
2137 308432.91 113.8427188287 34.0838418942 3776674.689676998 762410.1793125998 56.4230975574 0.0400082746 0.5312693355 79.6258321191 9.8077522485 1.7831732923 0.0186560465
2138 308433.02 113.8427304798 34.0838436717 3776674.916876 762411.2496629001 56.4246618152 -0.0398604135 0.5629346445 79.4748020999 9.7398521627 1.8050745936 0.0222384928
2139 308433.13 113.8427420588 34.0838454618 3776675.145283 762412.3133112 56.4265795359 -0.0644051382 0.5998152193 79.3081816814 9.6797647209 1.8151033607 0.0001446312
2140 308433.24 113.8427535595 34.0838472723 3776675.375765 762413.3696722 56.4257127438 0.0350351961 0.6024925119 79.158966185 9.6083395518 1.8405976385 -0.0369825658
2141 308433.35 113.8427649811 34.0838490951 3776675.607396 762414.4186929 56.4253045963 0.1739181574 0.5818969794 79.0088769358 9.5421910324 1.8473407205 0.0080020208
2142 308433.46 113.8427763192 34.0838509352 3776675.840744 762415.4599476998 56.4276349945 0.2309467027 0.5504967574 78.8763848445 9.4737711208 1.863051381 0.0412910796
2143 308433.57 113.8427875735 34.0838527864 3776676.075101998 762416.4934273001 56.4324316028 0.1957656811 0.5164155629 78.7385079134 9.4045217063 1.8772097326 0.0505603996
2144 308433.68 113.8427987476 34.0838546405 3776676.309575 762417.519495 56.4390325341 -0.0294501674 0.5827820715 78.6012032551 9.3383116406 1.8723694499 0.0355688327
2145 308433.74 113.8428048103 34.0838556531 3776676.43753 762418.076183 56.4417271316 -0.1256915147 0.6005576871 78.5286975928 9.3041228958 1.8744066336 0.0433371042
2146 308433.85 113.8428158644 34.0838575196 3776676.673071 762419.0911345 56.444553351 -0.2015004864 0.6203427909 78.404141199 9.2407385092 1.8925973783 -0.0225289852
2147 308433.96 113.8428268461 34.0838593923 3776676.909121 762420.099381 56.4390718173 0.0137727742 0.6825024132 78.2911747902 9.1768466146 1.8882692925 -0.0641658809
2148 308434.07 113.8428377482 34.0838612693 3776677.145438 762421.1002544 56.4352642009 0.1390885963 0.6588476378 78.1729337156 9.1071053646 1.8986617288 0.0036572231
2149 308434.18 113.8428485582 34.0838631588 3776677.382907 762422.0925978002 56.4407401774 0.0028917267 0.6680665523 78.0662533888 9.0329432884 1.9066207913 0.050921218
2150 308434.29 113.8428592906 34.0838650445 3776677.619755 762423.0777841 56.444789269 -0.0068477495 0.6920215094 77.9367553938 8.9676950836 1.9063189129 5.22256e-05
2151 308434.4 113.8428699352 34.0838669413 3776677.857603 762424.0548185002 56.4432311794 0.1930827188 0.6821589955 77.8352512403 8.8875718718 1.9196898648 -0.0203155586
2152 308434.52 113.8428814034 34.0838690003 3776678.115573 762425.1074153002 56.444348258 0.2045298305 0.7551265359 77.7169768039 8.7458633999 1.8915406806 0.0307565958
2153 308434.64 113.8428926749 34.083871042 3776678.371119 762426.1418960999 56.4511584379 0.1020767398 0.7469878922 77.5982407734 8.5911084375 1.8875185011 0.0652100563
2154 308434.76 113.8429037459 34.0838730722 3776678.624875 762427.1579018 56.4578739917 0.0628507671 0.7895613336 77.4938570567 8.4446220358 1.8680651952 0.0348023129
2155 308434.88 113.8429146267 34.083875084 3776678.876105 762428.1563909 56.459918472 0.1138632213 0.7315952096 77.3734280744 8.2870081699 1.8587057114 0.0061304256
2156 308434.9 113.8429164216 34.0838754191 3776678.917903 762428.3210953 56.4601895437 0.1220263531 0.7264102349 77.3585272212 8.2695380709 1.8595229121 0.0114211468
2157 308435.02 113.8429270716 34.0838774147 3776679.16673 762429.2983345 56.4646294611 0.0375853144 0.7248085236 77.2456832532 8.1187567725 1.8357150466 0.0465676127
2158 308435.15 113.8429383938 34.0838795545 3776679.433299 762430.3371939998 56.4706687173 -0.1314891287 0.7248264273 77.1212771808 7.9600804693 1.8176507521 0.0246054585
2159 308435.28 113.842949491 34.0838816769 3776679.697351 762431.3553335 56.4719951814 -0.1283070357 0.683174095 77.0031268712 7.8004945979 1.804460794 -0.0017882884
2160 308435.41 113.8429603654 34.0838837786 3776679.958539 762432.3529551999 56.4718631888 -0.0204991883 0.6549186173 76.883265921 7.6414183495 1.7850491074 -0.0044472327
2161 308435.54 113.8429710168 34.0838858553 3776680.216375 762433.3300689 56.4697716655 0.0113467138 0.6561746371 76.7629973523 7.4831319817 1.7590985209 0.0003048777
2162 308435.68 113.8429822323 34.0838880647 3776680.490383 762434.3588693001 56.4741067085 -0.0114457522 0.6571316046 76.627310239 7.307786077 1.7391137371 0.0373181975
2163 308435.82 113.8429931845 34.0838902405 3776680.759994 762435.3634496 56.4768924816 0.0720118172 0.6930187192 76.4764290753 7.1329749517 1.7091391073 -0.0067522979
2164 308435.96 113.8430038711 34.0838923912 3776681.02614 762436.3435815 56.4767039781 0.0579116767 0.6857159705 76.3295402072 6.9553275741 1.6970717433 0.0051750717
2165 308436.11 113.8430150184 34.0838946625 3776681.306844 762437.3658891 56.4825049723 -0.0064908887 0.6650737606 76.1819194893 6.7670641475 1.6596288454 0.054707363
2166 308436.26 113.8430258583 34.0838968916 3776681.582081 762438.3599376 56.4881333262 -0.1154992152 0.6272874277 76.0221589599 6.5803942041 1.6393797208 -0.0035688223
2167 308436.28 113.8430272813 34.0838971866 3776681.618475 762438.4904215998 56.4881929932 -0.12750795 0.6149396155 75.9994526289 6.5569059513 1.6375083781 -0.0057548942
2168 308436.44 113.8430384659 34.083899522 3776681.9063949985 762439.5159702 56.486669099 -0.0112323987 0.6041487552 75.8573480508 6.349185986 1.6018767886 0.0024453581
2169 308436.6 113.8430492944 34.0839018112 3776682.1882730015 762440.5087853002 56.4897440495 -0.0055303719 0.5402493548 75.708915533 6.1480028832 1.5713723918 0.0182214002
2170 308436.77 113.8430604209 34.0839041827 3776682.480047 762441.5288564998 56.4897446716 -0.0406127357 0.5503835293 75.574585675 5.9381241382 1.5241212527 0.0005279589
2171 308436.94 113.8430711418 34.0839064868 3776682.763297 762442.511682 56.4953210764 -0.1438724826 0.5608861869 75.453899634 5.7145602715 1.4890621033 0.0341284252
2172 308437.12 113.8430820653 34.0839088635 3776683.055123002 762443.5129996998 56.4954910092 -0.0886467495 0.5227333397 75.3323052793 5.4849377349 1.4480713934 -0.0120031626
2173 308437.3 113.8430925504 34.083911158 3776683.336709 762444.4740804 56.4944364484 -0.0717585232 0.6015531327 75.2099199538 5.2651902921 1.3949052719 0.0110010677
2174 308437.49 113.8431031503 34.083913499 3776683.623752 762445.4456269 56.500271583 -0.2436559812 0.6885319689 75.1119817058 5.0316103674 1.3418222384 0.0061442295
2175 308437.69 113.8431137865 34.0839158706 3776683.914272 762446.4204242 56.50043971 -0.2718741014 0.7007038269 74.9841123518 4.7868633583 1.2881688469 -0.0081353451
2176 308437.9 113.8431243885 34.0839182603 3776684.206719 762447.3920121 56.5005101776 -0.3227733876 0.6683855983 74.8773423269 4.5333223564 1.2238913082 -0.0130957943
2177 308438.12 113.8431348886 34.0839206392 3776684.497706 762448.3542151002 56.4980995134 -0.2238030351 0.6765811697 74.729814168 4.2760301097 1.1662890072 -0.005060713
2178 308438.25 113.8431408075 34.0839219891 3776684.662721 762448.8965885 56.4975153664 -0.186233086 0.6891203857 74.6626691952 4.1302440232 1.1381197011 -0.0190593075
2179 308438.5 113.8431516206 34.0839244825 3776684.967221 762449.8873429 56.494058664 0.0031285464 0.6375328245 74.541748653 3.8513853863 1.0747219774 -0.0136293049
2180 308438.76 113.8431621071 34.0839269102 3776685.263596 762450.8481498 56.495360082 0.1649131775 0.6516757922 74.4018263237 3.5980494386 1.0187026635 0.0024055699
2181 308439.04 113.8431726668 34.0839293898 3776685.565914 762451.8155537 56.4978728546 0.2706247664 0.6367095753 74.2728279077 3.3573665651 0.9534907732 0.0199946526
2182 308439.34 113.8431831107 34.0839318537 3776685.866188 762452.7723028002 56.5041085938 0.2817709984 0.6057353205 74.1285940226 3.0920675406 0.8935893697 0.0275842493
2183 308439.67 113.8431936841 34.0839343776 3776686.173458 762453.7408359002 56.511224471 0.2646050309 0.5615991324 73.9879337269 2.843355431 0.8231774975 0.0103793394
2184 308440.03 113.8432042177 34.0839369046 3776686.480959 762454.7056835 56.5179311819 0.1785167719 0.6640280867 73.8230365075 2.5786834302 0.7604141349 0.0195790423
2185 308440.43 113.8432147611 34.0839394804 3776686.793918 762455.6712775 56.5238982933 0.1465597378 0.5275970448 73.6555572403 2.3169951536 0.6818010219 0.0028411674
2186 308440.87 113.8432253164 34.0839420649 3776687.107857 762456.6379478001 56.5250144796 0.2383660312 0.5069238996 73.4757233408 2.1646662943 0.645553792 0.0007242977
2187 308441.33 113.8432358942 34.0839446767 3776687.4249 762457.6066133998 56.5291002542 0.1298809601 0.5378030266 73.3016534584 2.1144073464 0.6393777032 0.0025555255
2188 308441.78 113.8432462726 34.0839472719 3776687.73958 762458.5569186 56.5344276782 0.1146484714 0.4911578975 73.1540744601 2.2048548441 0.675871319 -0.0031799028
2189 308441.92 113.8432496913 34.0839481328 3776687.8438949985 762458.8699369002 56.5345670031 0.1864780928 0.4588778176 73.0952034539 2.312535246 0.7052031276 -0.003238429
2190 308442.31 113.8432602282 34.0839508034 3776688.167362 762459.8346424 56.532838596 0.3642101559 0.46456427 72.9389297215 2.6909572728 0.8286713638 -0.0174807597
2191 308442.65 113.8432708732 34.0839535206 3776688.496257 762460.8091839001 56.5304282364 0.5466489257 0.4973473279 72.7892516703 3.0973712997 0.956611309 0.0013102348
2192 308442.95 113.8432815674 34.0839562872 3776688.830772 762461.7881227 56.5318155801 0.5717710483 0.3892892131 72.6316159181 3.4821168923 1.0893171172 0.0065843629
2193 308443.22 113.8432922143 34.0839590732 3776689.167317 762462.7626203 56.5381777845 0.5696548381 0.3148871595 72.4839250779 3.8055580419 1.1960454288 0.0126050074
2194 308443.47 113.8433028354 34.0839618729 3776689.505321 762463.7347094 56.5450029811 0.5312105334 0.2954736486 72.2944774689 4.0471402348 1.2867843202 0.0118494378
2195 308443.71 113.8433135794 34.0839647343 3776689.850479 762464.7179451 56.5479318397 0.4684223054 0.27203609 72.1373055435 4.2281434066 1.3599651855 0.0321306522
2196 308443.94 113.8433242991 34.0839676188 3776690.1981379986 762465.6988721 56.5559570249 0.3128790569 0.2283638853 71.9449120032 4.3915181724 1.4343732537 0.0243230618
2197 308444.16 113.843334926 34.0839705211 3776690.547539 762466.6711734 56.5581290154 0.1904787281 0.1862394873 71.7557852618 4.5289221699 1.4901279391 -0.0230551232
2198 308444.37 113.8433453787 34.0839733918 3776690.892989 762467.6274864002 56.5569474911 0.1140944614 0.2514054443 71.5617672305 4.64646185 1.5411223363 3.16852e-05
2199 308444.42 113.8433479024 34.0839740905 3776690.9770160015 762467.8583603002 56.5576019175 0.1145468137 0.2409503812 71.5140086597 4.6672322606 1.5471084451 0.0185432639
2200 308444.63 113.843358665 34.0839771088 3776691.339641 762468.8428262 56.5574267721 0.0295723339 0.1714474578 71.335564872 4.7898597135 1.6175710078 -0.079083932
