18816 310663.29 113.8432594216 34.0842090348 3776716.823008 762458.9625338 56.4459042717 -0.1046543941 0.7704337584 253.2442648633 -9.7167963395 -2.9073815559 -0.0500888982
18817 310663.39 113.8432488916 34.0842064264 3776716.506479 762457.9982764 56.4395290604 0.0062701211 0.7848585449 253.3558234117 -9.7287422153 -2.8922393035 -0.0321887011
18818 310663.49 113.8432383655 34.0842038371 3776716.192074 762457.0343163002 56.4385809191 -0.0430382898 0.7573722187 253.4689517449 -9.7124014441 -2.8713437594 0.0190139304
18819 310663.59 113.8432278491 34.0842012658 3776715.879691001 762456.0711974 56.4393244395 -0.0836960926 0.7432315174 253.5837464312 -9.709440176 -2.8476421812 0.0113870292
18820 310663.69 113.843217342 34.0841987203 3776715.570196 762455.1088641 56.4381268481 -0.0872776584 0.7116542783 253.685031387 -9.7016959072 -2.8187123159 -0.0085900933
18821 310663.79 113.8432068448 34.0841961936 3776715.262806 762454.1473799 56.4359261244 -0.16657134 0.7199250117 253.7857923037 -9.6901837343 -2.8063865305 -0.008869947
18822 310663.82 113.8432036978 34.0841954401 3776715.1711019985 762453.8591266 56.435496591 -0.1427180407 0.7264054893 253.816253653 -9.6826635796 -2.7920614514 -0.0051692426
18823 310663.92 113.8431932096 34.0841929417 3776714.866878 762452.8983826 56.4340813747 -0.1304356877 0.7662672776 253.9145519547 -9.6797666878 -2.771440594 -0.0239675013
18824 310664.02 113.8431827321 34.0841904604 3776714.564592 762451.9385796 56.4296615571 -0.0432815435 0.7695906436 254.0192629724 -9.6566675805 -2.7493389939 -0.056623915
18825 310664.12 113.843172281 34.0841879948 3776714.264103 762450.9811699 56.4272930883 -0.1567503481 0.7532498811 254.1016661224 -9.6432515701 -2.7285568005 -0.0020551681
18826 310664.22 113.8431618448 34.0841855457 3776713.965493 762450.0250778 56.426517061 -0.3726673548 0.7748523518 254.174802611 -9.6322298462 -2.712241263 0.0027486275
18827 310664.33 113.8431503807 34.0841828719 3776713.639301 762448.9747680002 56.4225924918 -0.5652675816 0.7580166808 254.2584437334 -9.6149216124 -2.6918105741 -0.0498130104
18828 310664.44 113.8431389322 34.0841802103 3776713.314504 762447.9258617 56.4116413798 -0.3782448676 0.6991921454 254.3433115252 -9.6063373551 -2.6839228586 -0.1206735422
18829 310664.55 113.8431274957 34.0841775672 3776712.99178 762446.8780052 56.3970585018 0.1080647124 0.7000316217 254.4284089083 -9.593794907 -2.6508921999 -0.1016163275
18830 310664.66 113.8431160804 34.0841749443 3776712.67137 762445.8320521 56.3905110164 0.4201905837 0.64457128 254.5111558814 -9.5690159844 -2.6435471313 0.0368293377
18831 310664.77 113.8431046956 34.0841723414 3776712.353251002 762444.7888461 56.3982609073 0.2951006857 0.6414354204 254.5934921727 -9.5470742399 -2.6116180519 0.1178791337
18832 310664.88 113.8430933308 34.0841697614 3776712.037724 762443.7474111 56.407531322 0.0691353474 0.5966704309 254.6924045295 -9.5363143128 -2.6017216909 0.0711755929
18833 310664.99 113.8430819752 34.0841671993 3776711.724199 762442.7067806 56.41016086 -0.1064269653 0.613731072 254.8329689567 -9.5456795032 -2.5696337337 0.012946356
18834 310665.1 113.8430706079 34.0841646599 3776711.413177 762441.6649947 56.4080266738 -0.1778428683 0.6138997891 254.9673743768 -9.548777821 -2.5543864089 -0.0409935185
18835 310665.19 113.8430612896 34.0841625999 3776711.160615 762440.8109213002 56.4053624254 -0.1762283574 0.6572480827 255.0747598679 -9.5620767347 -2.5264613588 -0.0291763104
18836 310665.3 113.8430498777 34.0841601013 3776710.854006 762439.7648954 56.3998683589 -0.0843498933 0.6827371078 255.2055266803 -9.5788881838 -2.5109284823 -0.0497363509
18837 310665.41 113.8430384363 34.0841576225 3776710.549511 762438.7160826002 56.3946898794 0.0157494714 0.7306520353 255.340044678 -9.6114144651 -2.4837780618 -0.0315377805
18838 310665.52 113.8430269533 34.084155161 3776710.246832 762437.6633663 56.3935343353 -0.022408792 0.7496250034 255.4651263174 -9.6525474898 -2.4783967683 -0.000635403
18839 310665.63 113.8430154236 34.0841527044 3776709.944578 762436.6063330999 56.3913541436 0.0439300285 0.7301429553 255.6353689753 -9.6929140492 -2.4701551721 -0.014840804
18840 310665.73 113.8430048929 34.0841504855 3776709.671268 762435.6408067 56.3894687183 0.060706101 0.7057093449 255.796162822 -9.7419431728 -2.4526262716 -0.0182527539
18841 310665.83 113.8429943138 34.0841482826 3776709.399608 762434.6707603 56.3881683247 0.1210535059 0.7163571092 255.9579263096 -9.7858143306 -2.4380767497 -0.0139064093
18842 310665.93 113.8429836818 34.0841460978 3776709.129835 762433.6957676 56.3872877164 0.2112212112 0.7655269959 256.1003357119 -9.835662125 -2.4134389603 0.0031211047
18843 310666.03 113.8429729924 34.0841439309 3776708.861884 762432.7154324 56.3867431609 0.1827513504 0.8065591409 256.2146427928 -9.8943916656 -2.3955607405 0.0117458151
18844 310666.13 113.8429622491 34.0841417676 3776708.594196 762431.7301044002 56.3899061773 0.0627038522 0.8127004054 256.3122784383 -9.9379721589 -2.4011641747 0.0487606157
18845 310666.23 113.8429514508 34.0841396046 3776708.326407 762430.7396897 56.3892089911 -0.0250373434 0.8128231613 256.4091170891 -9.9889828386 -2.3999790162 -0.0644207281
18846 310666.33 113.8429405985 34.0841374404 3776708.0583379986 762429.7442995999 56.3830330586 0.1229147932 0.7075351865 256.5178315788 -10.0348597125 -2.399394984 -0.0376584421
18847 310666.35 113.842938424 34.0841370067 3776708.004624 762429.5448525 56.3820379358 0.1344653422 0.7084131722 256.543121145 -10.0355416225 -2.4034016823 -0.0425979841
18848 310666.45 113.8429275138 34.0841348485 3776707.737083 762428.5440988 56.3806022415 0.2233106649 0.6764380652 256.6515839217 -10.0948334541 -2.3889429984 0.0049342055
18849 310666.55 113.8429165516 34.0841327041 3776707.470928 762427.5384907 56.3812199403 0.2685231856 0.6043387051 256.7509965138 -10.1383413199 -2.3712058191 0.0118580632
18850 310666.65 113.8429055417 34.0841305666 3776707.205427 762426.5284636 56.3830729155 0.2734858481 0.5931794709 256.8436151032 -10.1823562251 -2.3611401856 0.0504769525
18851 310666.75 113.84289448 34.084128437 3776706.940666 762425.5136365 56.3858048534 0.131935608 0.6325966857 256.9393325431 -10.2359333582 -2.3562098661 -0.0124243158
18852 310666.85 113.8428833665 34.0841263169 3776706.676826 762424.4939865 56.3866808368 -0.004414068 0.6442445127 257.0417627972 -10.2778740267 -2.3532104922 -0.0011421037
18853 310666.95 113.8428722008 34.0841242003 3776706.413237 762423.469508 56.3859308576 -0.1271912988 0.6470862105 257.1639081265 -10.3331353011 -2.3391399292 -0.0185769445
18854 310667.05 113.8428609805 34.0841220923 3776706.15046 762422.4399632 56.3813306261 -0.0294303335 0.5713315152 257.2717245247 -10.381401039 -2.3364366407 -0.0199374468
18855 310667.15 113.8428497044 34.0841199899 3776705.888172 762421.4052504002 56.3745193854 0.0451057899 0.6459301345 257.4203811054 -10.4351136717 -2.311105668 -0.04395655
18856 310667.25 113.8428383754 34.0841179089 3776705.628117 762420.3655774 56.3719772622 -0.0375026801 0.5898433305 257.5669713426 -10.4739034402 -2.3024312828 -0.0041798674
18857 310667.35 113.842826985 34.0841158349 3776705.368679 762419.3202245998 56.3690948095 -0.0454805294 0.6297054457 257.7315337197 -10.5382807877 -2.2857241038 -0.0543041091
18858 310667.41 113.8428201194 34.0841146048 3776705.214526002 762418.6900699 56.3652312718 0.028017071 0.6608947955 257.8164571851 -10.5635715938 -2.2657559198 -0.1158268738
18859 310667.51 113.8428086304 34.0841125676 3776704.958925 762417.6354960002 56.3607643936 0.1327768906 0.6838644531 257.9742868707 -10.6191664161 -2.2534381929 -0.0025920715
18860 310667.61 113.842797084 34.0841105452 3776704.704818 762416.5755701 56.3622658774 0.1094779013 0.7104433224 258.1404100244 -10.6778121514 -2.2290564775 0.0395075061
18861 310667.71 113.8427854754 34.084108539 3776704.452338 762415.509858 56.3628472835 0.1232154438 0.6648449844 258.3024966512 -10.7355396083 -2.2166985157 -0.010599149
18862 310667.81 113.8427738045 34.0841065485 3776704.201451 762414.43834 56.3604479944 0.1240464304 0.6728717825 258.4630649487 -10.7897128621 -2.1909202209 -0.0239212587
18863 310667.91 113.8427620778 34.0841045793 3776703.952786 762413.361607 56.359454466 0.0669381739 0.6773972826 258.6268721137 -10.8384072082 -2.1740169889 0.005042012
18864 310668.01 113.8427502916 34.0841026273 3776703.705875 762412.2793189 56.3578034844 0.1100751811 0.6981665189 258.8068030719 -10.8962472978 -2.1472355472 -0.0581073956
18865 310668.1 113.8427396324 34.0841008924 3776703.485953 762411.3004389 56.353144723 0.3238678235 0.6396498459 258.9588580439 -10.9423825044 -2.123780192 -0.0182123857
18866 310668.19 113.842728933 34.0840991746 3776703.267817 762410.3177798998 56.3525273372 0.3734308606 0.635906017 259.1139374524 -10.9823997561 -2.102959962 0.0310269489
18867 310668.28 113.8427181891 34.0840974774 3776703.051868 762409.3309591998 56.357670241 0.2046748863 0.6178042683 259.2619013364 -11.0295957863 -2.0845769237 0.0605865522
18868 310668.37 113.8427074012 34.0840957924 3776702.83715 762408.3400271998 56.3612922011 0.1562025056 0.5683691549 259.4279077959 -11.0773888638 -2.0666472788 0.0157437282
18869 310668.46 113.8426965644 34.0840941277 3776702.624556 762407.3445236 56.3610879742 0.1498406757 0.5967068263 259.5889308639 -11.1268632934 -2.0363584607 -0.0069279056
18870 310668.55 113.8426856802 34.0840924869 3776702.414496 762406.3445735 56.358732732 0.2105872637 0.5938031664 259.7479673198 -11.174949142 -2.0093892365 -0.0144939842
18871 310668.64 113.842674749 34.0840908672 3776702.20666 762405.3402140002 56.3584812852 0.1326376852 0.6604331901 259.9063703495 -11.2323896249 -1.9761365816 0.032953485
18872 310668.73 113.8426637738 34.0840892691 3776702.001108 762404.3317183 56.3584581818 0.09490764 0.6588548056 260.060583088 -11.2725760831 -1.9615497168 -0.005645078
18873 310668.82 113.8426527522 34.0840876906 3776701.797612 762403.3188886 56.3579017427 0.0051601032 0.6684420383 260.2158201976 -11.3132356826 -1.9315101201 -0.0416322706
18874 310668.91 113.8426416828 34.0840861271 3776701.595656 762402.3015898 56.354244044 0.0077112823 0.5821517586 260.3790685821 -11.3680647778 -1.9191472956 -0.0358753884
18875 310669.0 113.8426305679 34.0840845783 3776701.39522 762401.2800503002 56.3505228823 0.01822009 0.531884765 260.5466827473 -11.4125218348 -1.8919700664 -0.0273693177
18876 310669.09 113.842619388 34.0840830372 3776701.195471 762400.2524855 56.3484600233 -0.0850204853 0.474032588 260.7162611348 -11.468136057 -1.8761783125 -0.0293666996
18877 310669.1 113.8426181423 34.0840828668 3776701.173348998 762400.1379866998 56.3481896473 -0.0995696464 0.4641649154 260.7374389587 -11.4712973091 -1.8716451472 -0.0215737427
18878 310669.19 113.8426069042 34.0840813458 3776700.975687002 762399.1049857 56.3435563156 -0.1789887741 0.4310463195 260.9073228525 -11.5201592809 -1.8395055993 -0.0575609093
18879 310669.28 113.8425956162 34.0840798488 3776700.780549 762398.0672986 56.3359378232 -0.0966670255 0.4424144231 261.0756974842 -11.5754049772 -1.8126419508 -0.085636105
18880 310669.37 113.84258428 34.0840783783 3776700.588225 762397.0250813002 56.3274004236 0.0506655526 0.4945116073 261.2447273508 -11.6218143189 -1.7749942808 -0.0632636149
18881 310669.46 113.8425728991 34.0840769334 3776700.398631 762395.9786606 56.3215410439 0.1191928782 0.5039645325 261.4127260408 -11.6643178937 -1.7526723922 -0.0512788772
18882 310669.55 113.8425614727 34.0840755088 3776700.21118 762394.927972 56.3198007532 0.0263504898 0.5559926066 261.58845448 -11.7082193438 -1.7158873735 0.0129099858
18883 310669.64 113.8425500009 34.0840741101 3776700.0264800014 762393.8730058002 56.318647393 -0.0754857862 0.5565520895 261.7491260454 -11.7567108107 -1.6950662616 -0.0426277808
18884 310669.73 113.8425384777 34.0840727296 3776699.843662998 762392.8132476999 56.3133951044 -0.017648793 0.5795606908 261.9260512104 -11.8159991038 -1.6690760015 -0.0619784676
18885 310669.82 113.8425269096 34.0840713738 3776699.663479 762391.7492598002 56.3070674911 0.0797253522 0.5863367009 262.0911071287 -11.8594583679 -1.6375505558 -0.055072535
18886 310669.87 113.8425204628 34.08407063 3776699.564377 762391.1562745 56.3040567609 0.1377777941 0.6378845986 262.1887972693 -11.8858470382 -1.6217540564 -0.0368660795
18887 310669.96 113.8425088218 34.0840693139 3776699.388404 762390.085434 56.301880707 0.0966305574 0.6293644919 262.3596343403 -11.925292666 -1.593129292 0.0115741362
18888 310670.05 113.8424971411 34.0840680175 3776699.214523 762389.0108705 56.3007733207 0.0146913654 0.6440041507 262.5533909191 -11.981538556 -1.5652591565 -0.0036888873
18889 310670.14 113.8424854275 34.0840667684 3776699.045807 762387.9331208002 56.2977276072 0.1103019289 0.6176734448 262.7432345565 -12.0324081502 -1.5301691583 -0.0218216797
18890 310670.23 113.8424736684 34.0840655443 3776698.879743 762386.8510951 56.2937921053 0.1399180499 0.5729657204 262.9371810097 -12.0759202674 -1.4992899709 -0.039829467
18891 310670.32 113.8424618628 34.0840643501 3776698.7168870014 762385.7646758 56.2921927935 0.0589258511 0.6136475093 263.1189906295 -12.1164502706 -1.4562394792 -0.0129357365
18892 310670.41 113.8424500144 34.0840631887 3776698.557555 762384.6742072 56.2919177217 -0.0010532048 0.6228559973 263.3033853654 -12.1707708523 -1.4205141432 -0.0215919072
18893 310670.5 113.8424381168 34.0840620537 3776698.401029 762383.5791147 56.2889243709 0.0597200428 0.6154208593 263.492627013 -12.2155653368 -1.3874683127 -0.045632482
18894 310670.57 113.8424288334 34.0840611875 3776698.281046 762382.7245868 56.2858422827 0.1204422968 0.5991115362 263.6456902941 -12.2556846168 -1.3678796664 -0.0242956744
18895 310670.66 113.8424168575 34.0840601013 3776698.129742 762381.6221143 56.2843965143 0.1421083952 0.5801919154 263.8327855451 -12.3102992049 -1.3175081758 -0.0011685412
18896 310670.75 113.842404839 34.0840590423 3776697.981334 762380.5156213 56.2838557912 0.1312034067 0.5171966494 264.0106663846 -12.3480569798 -1.2979639749 0.0136085934
18897 310670.84 113.8423927774 34.0840580114 3776697.835933 762379.4050596999 56.2846808257 0.0164383331 0.5349255378 264.1799740809 -12.389249917 -1.2530340088 0.0087689343
18898 310670.93 113.8423806712 34.0840570075 3776697.693425 762378.2903042 56.2831250327 0.027415019 0.4969383842 264.3444736119 -12.4398626633 -1.2284886997 -0.0335823238
18899 310671.01 113.8423698724 34.0840561379 3776697.569173 762377.2958564998 56.2784808055 0.1497543382 0.5383843841 264.4838360012 -12.4711374107 -1.1939366305 -0.0475593416
18900 310671.09 113.8423590462 34.0840552886 3776697.447103 762376.2988115 56.2757739909 0.2017887955 0.54796253 264.6117411837 -12.5053487656 -1.1628652269 -0.0132447364
18901 310671.17 113.8423481879 34.0840544565 3776697.326867 762375.2987498 56.276591247 0.1719123919 0.5740705187 264.734692948 -12.5479642019 -1.1398403871 0.0042597849
18902 310671.25 113.8423373007 34.0840536438 3776697.208704 762374.2959547 56.2790049166 0.11104939 0.6006764986 264.8542264316 -12.578984623 -1.1196438432 0.0283658344
18903 310671.33 113.8423263779 34.0840528435 3776697.091824 762373.2898431999 56.2800912326 0.0540587537 0.5726483336 264.9830968201 -12.6246682937 -1.0976657956 -0.0090836071
18904 310671.39 113.8423181659 34.0840522531 3776697.00521 762372.5333864002 56.2794605177 0.10674252 0.6080937182 265.0814215996 -12.64205289 -1.0792986064 -0.0317101631
18905 310671.47 113.8423071863 34.0840514843 3776696.891675 762371.5219289 56.2777486201 0.222436392 0.5590788749 265.2082362421 -12.6870488961 -1.0541449887 -0.0269464927
18906 310671.55 113.8422961771 34.0840507312 3776696.779821 762370.5076944998 56.2770961458 0.2787768698 0.5581764043 265.331857427 -12.7177928972 -1.0264326473 -0.0048006975
18907 310671.63 113.842285141 34.084049999 3776696.670203 762369.4909038 56.2799537135 0.2566892203 0.5476686719 265.4447868655 -12.7504379499 -1.0016600096 0.0541148744
18908 310671.71 113.8422740753 34.0840492804 3776696.56203 762368.4713391998 56.2826934448 0.324517942 0.5791039023 265.5733630271 -12.7890686499 -0.9782442706 0.0235456463
18909 310671.79 113.8422629808 34.0840485872 3776696.456594 762367.4490382 56.2851489727 0.313303993 0.5526477768 265.6918151212 -12.8149484686 -0.9500117312 0.038561556
18910 310671.87 113.8422518597 34.0840479022 3776696.352013 762366.4242644 56.2889704192 0.1571665203 0.5942167581 265.8375165507 -12.8429787855 -0.9335331849 0.0545414457
18911 310671.95 113.8422407106 34.0840472447 3776696.250396 762365.3968081998 56.2921883454 0.1345987359 0.5472611963 265.957480808 -12.8792636608 -0.8937396353 0.0160897882
18912 310672.03 113.8422295304 34.0840466003 3776696.150166 762364.3664469 56.2905252101 0.0825653516 0.5267044695 266.0917187301 -12.9098749121 -0.8775280991 -0.0814553456
18913 310672.11 113.842218318 34.0840459829 3776696.0528379986 762363.3330195 56.2872935012 0.0775460452 0.5097776026 266.2266298719 -12.9452119174 -0.8498033264 -0.0266902538
18914 310672.19 113.8422070803 34.0840453785 3776695.956895 762362.2972229 56.2841833085 0.1832630715 0.499619907 266.3862252942 -12.9781109732 -0.8198293167 0.0132648052
18915 310672.2 113.8422056733 34.0840453045 3776695.945071 762362.1675330999 56.2841209993 0.0986895131 0.5185041986 266.4028982676 -12.9852070424 -0.8192588418 0.0132713732
18916 310672.28 113.8421944078 34.0840447326 3776695.852661 762361.12907 56.2832663711 0.2882024612 0.4588997506 266.5517072252 -13.0071288447 -0.7864586977 -0.0132538583
18917 310672.36 113.8421831162 34.0840441802 3776695.762346 762360.0881386 56.2835344141 0.3689937568 0.4613199571 266.7130796141 -13.0348710802 -0.7505963811 0.0099150233
18918 310672.44 113.8421718049 34.0840436578 3776695.675306 762359.0452862 56.2883296208 0.3818362074 0.4457578328 266.8631180364 -13.0576873306 -0.7102421516 0.0720223047
18919 310672.52 113.8421604752 34.0840431592 3776695.590873 762358.0006696 56.2964551253 0.1702894463 0.4616623914 267.0211385903 -13.0857355999 -0.6777652788 0.1011040723
18920 310672.6 113.8421491224 34.0840426878 3776695.509392 762356.9538343998 56.3004096262 0.1029394341 0.4690398858 267.1759336179 -13.1113834065 -0.6389552789 0.0115583732
18921 310672.68 113.8421377431 34.0840422401 3776695.430476 762355.9044775 56.2985288035 0.0928723378 0.4646670218 267.3352330407 -13.1366816324 -0.6104234512 -0.0563107129
18922 310672.76 113.8421263422 34.0840418192 3776695.3544769986 762354.8530458 56.2948726946 0.1717583506 0.4939669005 267.4877771414 -13.1616827672 -0.5688392459 -0.0285569225
18923 310672.84 113.8421149205 34.0840414252 3776695.281402 762353.7996014 56.2930028802 0.2142187466 0.5361339015 267.643891184 -13.1864977895 -0.5357823397 -0.0054566596
18924 310672.91 113.8421049081 34.0840411012 3776695.2197300014 762352.8760813002 56.2927438794 0.2438702476 0.5495652225 267.7823052202 -13.2117243612 -0.5023581162 -0.0015254677
18925 310672.99 113.8420934503 34.0840407517 3776695.151506 762351.8191768002 56.295948185 0.2245603423 0.5286282206 267.9475186233 -13.2299068474 -0.4763154357 0.0642066078
18926 310673.07 113.8420819767 34.0840404246 3776695.085728 762350.7607401 56.3002328873 0.2093713669 0.530082493 268.1253200381 -13.2480013152 -0.4378769147 0.016968087
18927 310673.15 113.8420704848 34.0840401287 3776695.023373 762349.7005204002 56.3035167176 0.2988630738 0.4974606117 268.2895526289 -13.2749682993 -0.3913867065 0.0417182905
18928 310673.23 113.8420589782 34.0840398581 3776694.963781 762348.638859 56.305433521 0.3248960592 0.4552105255 268.4485307348 -13.2837564676 -0.3575764436 0.0249835552
18929 310673.31 113.8420474586 34.0840396164 3776694.907371 762347.5759149 56.3099942859 0.2447561889 0.4966420631 268.6044998141 -13.2979064856 -0.3183363853 0.0725984913
18930 310673.39 113.8420359298 34.0840394061 3776694.854412 762346.5120151 56.3145514363 0.1501584957 0.5356765327 268.7545663884 -13.3067400992 -0.2717510755 0.0566498522
18931 310673.47 113.8420243941 34.0840392219 3776694.804336 762345.4474041 56.3171659922 0.1207298511 0.5470646252 268.9048617182 -13.3105765454 -0.2444855679 0.0100751426
18932 310673.55 113.8420128569 34.08403906 3776694.756733998 762344.3825845 56.3174232887 0.198768202 0.5821903963 269.0704669249 -13.3121414268 -0.2080251654 0.0023593608
18933 310673.63 113.8420013276 34.084038924 3776694.712018 762343.3184212 56.3184092008 0.2370650693 0.592893641 269.2310529137 -13.2969633235 -0.1774533748 0.0254805968
18934 310673.71 113.84198981 34.0840388134 3776694.670157 762342.2552528002 56.3214262063 0.2962066064 0.606478013 269.4020220426 -13.2837725531 -0.1345240433 0.065170579
18935 310673.79 113.8419783092 34.0840387305 3776694.631408 762341.1935478002 56.328498832 0.1711466186 0.5947828089 269.5667236342 -13.2588848373 -0.1003716642 0.0908130469
18936 310673.87 113.8419668216 34.0840386733 3776694.595557 762340.1329864998 56.3336826926 0.2216362522 0.6077714535 269.7322962878 -13.2477470635 -0.0601945744 0.0584261947
18937 310673.95 113.841955347 34.084038646 3776694.563054 762339.0735303998 56.3373593148 0.2287827956 0.5784610118 269.8994379787 -13.2319787433 -0.0170888368 0.0392505595
18938 310674.03 113.8419438896 34.084038641 3776694.533061 762338.0156013998 56.3409028426 0.1388295703 0.5913104009 270.0740129401 -13.2112613864 0.0116076724 0.0499900264
18939 310674.11 113.841932453 34.0840386696 3776694.506864 762336.9594829001 56.3467042549 0.0207279545 0.6554778509 270.2441962397 -13.1849813122 0.0639979545 0.0611838963
18940 310674.19 113.8419210302 34.0840387265 3776694.483829 762335.9045534 56.3479977976 0.0085076273 0.5453141217 270.4211652285 -13.1686207218 0.0889117531 -0.0248573719
18941 310674.27 113.8419096267 34.0840388124 3776694.4640730014 762334.8513118 56.3476995835 -0.019207084 0.5878791058 270.5978757821 -13.141284869 0.1402819575 0.0007957518
18942 310674.35 113.8418982419 34.0840389326 3776694.4481690014 762333.7996935 56.3476833319 -0.0318478744 0.5719040207 270.7624300876 -13.1236772711 0.1789338029 -0.0113828801
18943 310674.37 113.8418953995 34.0840389658 3776694.444551 762333.5371301 56.347547832 -0.028248436 0.6008926881 270.8083427336 -13.1123010454 0.1840837408 -0.0130781455
18944 310674.45 113.8418840382 34.0840391208 3776694.432558 762332.4875783002 56.3471452985 0.0747628254 0.6283181454 270.9847450001 -13.0996964488 0.237342088 -0.0106145143
18945 310674.53 113.8418726983 34.0840393046 3776694.423826 762331.4399042 56.3469897602 0.3031565346 0.6033120834 271.152461112 -13.0758017325 0.2638721007 0.0006526633
18946 310674.61 113.8418613798 34.0840395157 3776694.418181 762330.3941266 56.3499939013 0.3300612028 0.6697755608 271.3168817264 -13.040112022 0.3179753048 0.0708306265
18947 310674.69 113.8418500866 34.0840397548 3776694.415712 762329.3506008 56.3577563437 0.2951156135 0.6170310225 271.4719943097 -13.0135263633 0.3363209087 0.1322379422
18948 310674.77 113.8418388123 34.084040014 3776694.415514 762328.3087594 56.3660787949 0.1270295901 0.6255089823 271.6313747942 -13.0001250399 0.3757919701 0.067294936
18949 310674.85 113.8418275556 34.0840403014 3776694.418491 762327.2684580998 56.3687818507 0.1260492166 0.6074276598 271.7898519403 -12.9717826573 0.4082797296 0.0103276654
18950 310674.93 113.8418163179 34.0840406115 3776694.424038 762326.229835 56.3714099228 0.0485770879 0.5968104179 271.9484034163 -12.9570731236 0.4463998696 0.0329945499
18951 310675.01 113.8418051009 34.0840409504 3776694.432837 762325.1930328 56.3733065277 0.082360167 0.6018364009 272.1002898448 -12.9347650002 0.4851765502 0.0197174092
18952 310675.09 113.8417939015 34.0840413123 3776694.444229 762324.1577893002 56.3737852266 0.1834372589 0.5817115056 272.2610441793 -12.9063663481 0.516160101 -0.0098428886
18953 310675.13 113.8417883083 34.0840415034 3776694.4510699986 762323.6407399002 56.3748142095 0.171196856 0.5880071333 272.3344269785 -12.8949139296 0.5350133022 0.0127734423
18954 310675.21 113.8417771382 34.0840418998 3776694.466369998 762322.6080902 56.3792309388 0.2227218882 0.5471005296 272.5003300966 -12.8761543449 0.5616511509 0.0715786856
18955 310675.29 113.8417659766 34.0840423186 3776694.484178 762321.5761647 56.3842271958 0.2463486051 0.5116409494 272.6660549128 -12.8790856195 0.6072628107 0.0400226403
18956 310675.37 113.8417548235 34.0840427659 3776694.505166 762320.5449292 56.3884690935 0.2050985859 0.4941577373 272.8216301522 -12.8581108556 0.6339451305 0.0372476879
18957 310675.45 113.8417436689 34.0840432401 3776694.529136 762319.5134768 56.3925798172 0.1588276553 0.5202123894 272.9703042245 -12.8639653251 0.6798696149 0.0318323921
18958 310675.53 113.841732516 34.084043744 3776694.556408 762318.4820882 56.3959504459 0.1736260159 0.5264727333 273.097724115 -12.8682782598 0.7156856933 0.0434018198
18959 310675.61 113.8417213621 34.0840442693 3776694.586058 762317.4505375 56.3980916599 0.1797046564 0.5481806968 273.2305014728 -12.8682837308 0.7458816719 0.0042015716
18960 310675.69 113.8417102069 34.0840448156 3776694.618038 762316.4188103002 56.4013188947 0.1356178659 0.589269955 273.3685991938 -12.8753184421 0.7703113334 0.0526077761
18961 310675.77 113.8416990479 34.0840453795 3776694.651952 762315.3866676998 56.4036246855 0.1811684217 0.5816631047 273.5159186571 -12.8744153721 0.7921447169 0.014141872
18962 310675.85 113.8416878852 34.0840459685 3776694.688644 762314.3541199 56.4055672679 0.3488462647 0.523938729 273.6559834968 -12.8814400337 0.831652577 0.0242700466
18963 310675.93 113.8416767209 34.0840465783 3776694.727641002 762313.3213449002 56.408833242 0.4965180001 0.5020052864 273.8069034367 -12.8760271298 0.8561283823 0.0362051509
18964 310676.01 113.8416655568 34.0840472135 3776694.769461 762312.288518 56.4159554746 0.4876782134 0.4846341954 273.9460658994 -12.8785025899 0.9079599542 0.1175282109
18965 310676.09 113.8416543947 34.0840478708 3776694.813732 762311.2558095 56.4264216218 0.3371349938 0.4343497169 274.0879662733 -12.8762526471 0.9332401779 0.1404584343
18966 310676.17 113.8416432308 34.0840485518 3776694.860629 762310.2228543 56.4339918373 0.1439322385 0.4536511004 274.234749625 -12.8786181257 0.9668618022 0.0671988134
18967 310676.25 113.8416320715 34.0840492586 3776694.910401 762309.1902544 56.4378536241 0.0800482792 0.4007772094 274.3778870068 -12.8714013498 0.9988649721 0.0206401267
18968 310676.33 113.8416209209 34.084049984 3776694.962269 762308.158389 56.4375393391 0.1291467329 0.4293317709 274.5355339527 -12.8616174599 1.0262816073 -0.031603326
18969 310676.41 113.8416097883 34.0840507386 3776695.017412 762307.1281037 56.4376459084 0.1365434321 0.3898981792 274.6857248698 -12.827508877 1.0557296034 0.0286630353
18970 310676.49 113.8415986758 34.0840515126 3776695.07477 762306.0996056999 56.4397884188 0.0750795488 0.4211335385 274.854543551 -12.8005808718 1.0966079269 0.0258811749
18971 310676.57 113.8415875847 34.0840523156 3776695.135401998 762305.0730089 56.442539759 0.0738647612 0.3748809617 275.027960211 -12.783079639 1.1219002603 0.016315704
18972 310676.65 113.8415765153 34.0840531388 3776695.198323 762304.0483449 56.4432228506 -0.0098643159 0.3588631718 275.2251610066 -12.7578835091 1.1627001909 -0.0067021518
18973 310676.71 113.8415682329 34.0840537764 3776695.247807 762303.2815991 56.4438019125 0.0248960362 0.3562642488 275.3661416131 -12.7272410995 1.196920363 0.0130866627
18974 310676.79 113.8415572241 34.0840546524 3776695.31675 762302.2623625 56.4446407482 0.1778512651 0.3272123613 275.5593282604 -12.6748468678 1.233171047 0.0294947445
18975 310676.87 113.8415462562 34.0840555565 3776695.388914 762301.246825 56.4458790077 0.169761205 0.3204388973 275.7431399633 -12.6230418664 1.2742604813 0.0231101561
18976 310676.95 113.8415353471 34.0840564862 3776695.46406 762300.2366305002 56.449145345 0.2747829009 0.3022065028 275.9286335662 -12.5460345446 1.3055985229 0.0734686169
18977 310677.03 113.8415245028 34.0840574404 3776695.54211 762299.2323494002 56.4557473613 0.0815042248 0.3770979198 276.1101389146 -12.4670697482 1.341032489 0.0872346641
18978 310677.11 113.8415137361 34.084058422 3776695.623384 762298.2351493 56.4623690108 -0.0108735003 0.4049820232 276.2679983335 -12.3730083134 1.3754853737 0.0615487965
18979 310677.2 113.8415017241 34.0840595462 3776695.7173 762297.122519 56.4670550693 -0.0886907472 0.4942198513 276.4344798679 -12.2636591471 1.401189937 0.018210529
18980 310677.29 113.8414898242 34.0840606939 3776695.8141 762296.0201591 56.4682654915 0.039124796 0.5044072698 276.5751842931 -12.1476261127 1.4275548814 -0.0052437995
18981 310677.38 113.8414780423 34.0840618514 3776695.9122910006 762294.9286757 56.4687314611 0.2272836713 0.5403411597 276.7140272927 -12.0161665144 1.4356984873 0.014473612
18982 310677.47 113.8414663814 34.0840630221 3776696.012269 762293.8483268 56.472249872 0.3528175249 0.5486467315 276.8466087472 -11.8887510054 1.4461414486 0.0721297249
18983 310677.48 113.8414650948 34.0840631523 3776696.023408 762293.7291178 56.4731778502 0.3422281474 0.559209144 276.8642293154 -11.8674004827 1.4444940799 0.096343992
18984 310677.57 113.8414535789 34.0840643297 3776696.124499 762292.6621285 56.4841282582 0.1831861027 0.554165828 277.0059220946 -11.7370339113 1.4601301941 0.1326323966
18985 310677.66 113.8414421871 34.084065515 3776696.226778 762291.6065784 56.4954728363 0.026515546 0.5648565282 277.1482868274 -11.6163802564 1.4652337586 0.1178048454
18986 310677.75 113.8414309262 34.0840667136 3776696.330869002 762290.5630734002 56.5028330814 -0.1532748105 0.5459491099 277.290894663 -11.4802426899 1.4865766646 0.0708827992
18987 310677.84 113.8414197984 34.0840679189 3776696.436058 762289.5318368 56.5076344209 -0.3670268413 0.5602504852 277.4446885992 -11.341363542 1.4889076174 0.0124409721
18988 310677.93 113.8414088124 34.0840691411 3776696.543473 762288.5136483002 56.5058527514 -0.3050072631 0.6329196733 277.5933032721 -11.1931876043 1.5208605471 -0.0396572127
18989 310678.02 113.8413979768 34.0840703726 3776696.652311 762287.5093098001 56.5014196998 -0.1359781409 0.6421912838 277.7440737325 -11.0308577799 1.5169171255 -0.0479896414
18990 310678.12 113.8413861322 34.084071739 3776696.773533 762286.4113914 56.5004053917 -0.0618597941 0.6831557084 277.9190729552 -10.8418145271 1.5275136494 0.033399485
18991 310678.22 113.8413744995 34.0840731093 3776696.895724 762285.3330257 56.5062990077 -0.1928360106 0.6914305611 278.0905176587 -10.6460019091 1.5279996306 0.0620437982
18992 310678.32 113.8413630816 34.084074479 3776697.018406 762284.2744974 56.5114752538 -0.4061741122 0.6712483051 278.2710610411 -10.4418760654 1.5191206153 0.0336908914
18993 310678.35 113.841359698 34.0840748892 3776697.055233 762283.9607909998 56.51205933 -0.4063794974 0.6775418749 278.3290401456 -10.3812703619 1.520920489 0.0170249769
18994 310678.45 113.841348564 34.0840762632 3776697.179123 762282.9284691 56.5116912704 -0.3954809541 0.647608429 278.4969167444 -10.1776997256 1.5333294465 0.0017322833
18995 310678.55 113.8413376522 34.0840776348 3776697.303312 762281.9166633 56.5076410696 -0.2371968661 0.6651615995 278.6534848938 -9.9775490203 1.5263964792 -0.0472205833
18996 310678.66 113.8413259141 34.0840791478 3776697.441072 762280.8281214002 56.5044405283 -0.0684745539 0.7453317818 278.7980683468 -9.7348341649 1.5314540824 0.0036358817
18997 310678.77 113.8413144542 34.0840806505 3776697.578414 762279.765303 56.506203508 0.0386040393 0.7320586893 278.9302518811 -9.5039245164 1.5104560023 0.0496765365
18998 310678.88 113.8413032743 34.0840821355 3776697.714493 762278.7283964001 56.5123996241 -0.0326888717 0.7576668018 279.0389288211 -9.2735363309 1.4983439015 0.066649242
18999 310678.99 113.8412923767 34.0840836034 3776697.849415 762277.7176071 56.5187071227 -0.0962273894 0.7765595893 279.1528337357 -9.0314362247 1.4752496195 0.0619112782
19000 310679.11 113.8412808131 34.0840851835 3776697.995074 762276.6449676 56.5245244652 -0.2347060446 0.7914596745 279.2663293514 -8.7655996771 1.4513614464 0.0463739817
19001 310679.23 113.8412696073 34.0840867318 3776698.138122 762275.6054776999 56.5280673374 -0.24417635 0.8082350972 279.4018259171 -8.4660794286 1.4173102714 0.0530886764
19002 310679.35 113.8412587923 34.0840882497 3776698.278792 762274.6021596999 56.5300797019 -0.1753835288 0.852558839 279.5193821638 -8.1619450724 1.3941581157 -0.0003834739
19003 310679.48 113.8412475392 34.0840898469 3776698.427145 762273.5581446999 56.5301854787 -0.0087498993 0.8013398301 279.6482974301 -7.8096368642 1.3386035433 0.020520946
19004 310679.61 113.8412368071 34.084091392 3776698.571054 762272.5624014 56.5373866502 -0.2810895704 0.8315769488 279.7585274879 -7.428648751 1.2972337828 0.0733719113
19005 310679.75 113.84122585 34.0840929877 3776698.720003 762271.5457244002 56.5471678311 -0.4777887973 0.8365843407 279.8838998668 -7.0179465035 1.2290540452 0.0396866546
19006 310679.9 113.8412148256 34.0840946102 3776698.871746 762270.5227447 56.5481049558 -0.4041538279 0.8170489477 279.9870036472 -6.5562959241 1.1708014123 -0.0340575999
19007 310680.06 113.8412038979 34.0840962367 3776699.02419 762269.5086864 56.5464362428 -0.3752373308 0.8679028321 280.0592426264 -6.0484692986 1.0983223197 0.0193243404
19008 310680.23 113.8411932407 34.0840978334 3776699.174018 762268.5196995 56.5514856773 -0.4732427344 0.8280445058 280.1282865279 -5.5162035355 0.9929507748 0.0338074852
19009 310680.42 113.8411824981 34.0840994405 3776699.324772 762267.5227869998 56.5547562381 -0.5671656699 0.7190243234 280.2093341562 -4.9143462233 0.8903082586 -0.005312061
19010 310680.64 113.8411716342 34.0841010974 3776699.480752 762266.5145337 56.555109622 -0.6071276912 0.732269502 280.2634979983 -4.2000364831 0.7742705986 0.0287969572
19011 310680.9 113.8411609644 34.0841027292 3776699.634444 762265.5242654 56.5546609052 -0.4753769822 0.7203198761 280.3472418036 -3.3765067018 0.6271994999 -0.0092774825
19012 310681.24 113.8411502048 34.0841043943 3776699.791595 762264.5256145 56.5534898722 -0.2370154418 0.869165467 280.4343520625 -2.497386763 0.465062864 0.0120199837
19013 310681.77 113.8411394796 34.0841060426 3776699.946983998 762263.5301869998 56.5593934059 -0.0192590282 0.8953413063 280.4907312521 -1.2738340833 0.2280602818 0.0131859718
19014 310685.02 113.8411355411 34.0841063773 3776699.974004 762263.1654875998 56.545381764 0.4593996164 0.8889389416 280.5299076543 0.0026205513 -0.0123723563 -0.0013482184
19015 310716.37 113.8411252577 34.0841082033 3776700.150244 762262.2102981 56.5329567287 0.8723080418 1.0160699996 280.5410338506 -1.5289512122 0.2881855087 0.0132554972
19016 310716.88 113.8411143853 34.0841099212 3776700.31297 762261.2010695 56.5427975049 0.8778854669 1.0397186613 280.6258636254 -2.4089492851 0.4547460965 0.0121858604
19017 310717.25 113.8411036598 34.084111621 3776700.474068 762260.2054582 56.5547209717 0.7628727624 1.0297140282 280.6653001837 -2.9122411458 0.5511492094 0.0284655902
19018 310717.58 113.8410928808 34.0841133269 3776700.635696 762259.2048808001 56.5691463519 0.3586537629 1.0096872451 280.6849002592 -3.06783701 0.580159946 0.0456521072
19019 310717.91 113.8410819604 34.084115058 3776700.799771 762258.1911748 56.5787026221 -0.0033566722 0.9570274598 280.7463951313 -3.0391962986 0.5791174144 0.0295790544
19020 310718.24 113.8410712604 34.0841167622 3776700.961411 762257.1979004 56.5850247517 -0.0586950124 0.8698304365 280.799155229 -2.9513094475 0.5629170407 0.0088133335
19021 310718.58 113.8410605809 34.0841184769 3776701.124283 762256.2064936 56.5835762546 0.0240898542 0.9067028683 280.8769305299 -2.8265698341 0.5447801295 0.0038858903
19022 310718.95 113.841049936 34.0841201997 3776701.288133 762255.2182508 56.584506372 0.0043827594 0.9137434125 280.9295764792 -2.4635567475 0.4786611321 0.0096013061
19023 310719.4 113.841039115 34.0841219673 3776701.456505 762254.2136095 56.5897618169 -0.005689775 0.8934162695 280.9805649166 -1.9791884201 0.3883930859 -0.0014660877
19024 310719.97 113.8410284749 34.0841237196 3776701.623655 762253.2257231 56.590045277 0.2868175185 0.840293782 281.0099356318 -1.5421518691 0.306990109 -0.0059297868
