19583 310786.97 113.8377179599 34.0878388951 3777105.425285 761936.0872489 57.6125705438 0.0264232879 0.5023652378 3.3046422428 0.6056027381 10.4514182004 -0.0338261708
19584 310787.07 113.8377186255 34.0878483001 3777106.470729 761936.1197125 57.6110325158 0.2308276723 0.533801165 3.470196075 0.6329303222 10.410357218 -0.0094664296
19585 310787.17 113.8377193072 34.0878576716 3777107.512498 761936.1537687 57.6147312652 0.1987499343 0.5328295637 3.6613630603 0.647697726 10.3718982291 0.0724330724
19586 310787.27 113.8377200253 34.087867012 3777108.550899 761936.1912703 57.6211102158 -0.0454076065 0.5348221158 3.844218473 0.6954780434 10.3371845583 0.0573675181
19587 310787.37 113.8377207823 34.087876329 3777109.586812 761936.2324414002 57.6242157817 -0.2441461961 0.4960870357 4.0217091415 0.7169116132 10.3186357892 0.001750501
19588 310787.47 113.8377215746 34.0878856246 3777110.620442 761936.2769357 57.6217624433 -0.2646300511 0.5855471601 4.2075079615 0.7770096716 10.3100476163 -0.0646838292
19589 310787.57 113.8377224079 34.0878948969 3777111.651595 761936.3252955 57.6142981825 -0.0521694307 0.6263971821 4.3935163234 0.7792382268 10.2701241672 -0.0990267483
19590 310787.67 113.8377232729 34.0879041431 3777112.67993 761936.3766598002 57.6094022011 0.2164161234 0.6836335667 4.5883715275 0.8279203908 10.2263891649 -0.0402659392
19591 310787.77 113.8377241782 34.0879133541 3777113.704458 761936.4318505 57.6145372726 0.3514360619 0.6483153585 4.7551296149 0.845429015 10.2002509347 0.1169377264
19592 310787.87 113.8377251075 34.0879225363 3777114.725854 761936.4893451 57.6228664294 0.1942037425 0.7135743877 4.9465095751 0.8879293911 10.169840368 0.0921825497
19593 310787.97 113.837726077 34.0879317179 3777115.747284 761936.5505508 57.6271134084 0.0471571366 0.7669235 5.1226938451 0.9159890388 10.1938148174 0.0295978741
19594 310788.07 113.8377270922 34.0879409265 3777116.771829 761936.6158966 57.6257416923 0.0466762382 0.7761219425 5.2925479511 0.9642224576 10.2317956884 -0.0584686005
19595 310788.13 113.8377277181 34.087946467 3777117.388294 761936.6566099 57.6230371585 0.1517304649 0.762576313 5.4011897692 0.9700376769 10.2464334694 -0.0423138525
19596 310788.23 113.8377287892 34.0879557338 3777118.419444 761936.7269328 57.6197794452 0.3748235682 0.8138245521 5.6049777406 1.0149000416 10.2924623095 -0.0209013694
19597 310788.33 113.8377299064 34.0879650422 3777119.455329 761936.8013901998 57.6217021523 0.3709283725 0.7719184193 5.8294141719 1.0527918824 10.3436919572 0.0339661522
19598 310788.43 113.8377310608 34.0879743989 3777120.496664 761936.8791341998 57.6284033162 0.1626326279 0.701872015 6.0547712832 1.0846530953 10.4015053832 0.0435620028
19599 310788.53 113.8377322723 34.0879838136 3777121.544581 761936.9619685998 57.6318907738 -0.0112298184 0.6895566183 6.270581673 1.1439480636 10.4662690835 -0.0282882366
19600 310788.63 113.8377335441 34.0879932919 3777122.599715 761937.0501774 57.627842308 0.0349829144 0.7210324862 6.4668472394 1.1959147119 10.5418982768 -0.0626697514
19601 310788.73 113.8377348689 34.0880028352 3777123.662197 761937.1430779 57.6212681104 0.2093344391 0.7943089457 6.6599166729 1.2509446278 10.6155685202 -0.0450223804
19602 310788.83 113.8377362473 34.0880124401 3777124.731663 761937.2407303002 57.6179162329 0.4061214235 0.84451421 6.8342671227 1.2896153974 10.6819775722 -0.0059878324
19603 310788.93 113.837737659 34.0880221088 3777125.808281 761937.3412701 57.6193594625 0.5308032181 0.8562546719 7.0405116899 1.3235803952 10.7492555334 0.0223192537
19604 310788.95 113.8377379457 34.0880240506 3777126.024514 761937.3617601999 57.6196273854 0.5871632833 0.8336092074 7.0803930396 1.3294152903 10.7703714872 0.0132805748
19605 310789.05 113.8377394081 34.0880337925 3777127.1093910006 761937.4667541998 57.6246893788 0.5554553791 0.8013868048 7.2723553046 1.3694384013 10.8298452311 0.0631469518
19606 310789.15 113.8377409118 34.0880435842 3777128.199895 761937.5753993 57.6350062285 0.2053061765 0.7617508815 7.4518374299 1.4151520176 10.8997075795 0.1061717913
19607 310789.25 113.8377424639 34.088053444 3777129.29808 761937.6883125 57.6385644367 0.1127060797 0.7226671176 7.6131718967 1.4619297924 10.9830051026 -0.0297247519
19608 310789.34 113.8377439051 34.0880623753 3777130.292952 761937.7938499 57.6315870015 0.3396350476 0.7377109098 7.758070131 1.5043285024 11.0371356898 -0.0920727521
19609 310789.43 113.8377453856 34.0880713547 3777131.29325 761937.902867 57.6256913878 0.5973305241 0.7455480516 7.8984743655 1.5436016259 11.1055723865 -0.0068114051
19610 310789.52 113.8377468935 34.0880803724 3777132.297874 761938.0142869 57.6298566964 0.6154719898 0.6849941057 8.062662314 1.5652360093 11.1392283093 0.1083137343
19611 310789.61 113.8377484377 34.0880894275 3777133.306745 761938.1289476998 57.6412401144 0.2621986602 0.7268387069 8.2265586821 1.6114642403 11.1899517169 0.1541981084
19612 310789.7 113.8377500224 34.0880985207 3777134.319943 761938.2472396998 57.6498373821 0.0521185849 0.661060005 8.4003968745 1.6459972027 11.2359387174 0.0504693343
19613 310789.79 113.8377516464 34.0881076567 3777135.337988 761938.3690157 57.6481153537 -0.0669101431 0.6498452791 8.5593166209 1.6968338358 11.2779955978 -0.0897308567
19614 310789.88 113.8377533183 34.088116831 3777136.36042 761938.4951076 57.63907398 0.1178198336 0.7387524348 8.6988243069 1.7385301749 11.3332796909 -0.1231567243
19615 310789.97 113.8377550316 34.0881260366 3777137.386414 761938.6249171 57.6312340051 0.2996475475 0.8326427907 8.8310159076 1.7838262866 11.3680892094 -0.055411932
19616 310790.06 113.8377567777 34.0881352729 3777138.41591 761938.7576593 57.6319706049 0.3821310275 0.908578019 8.9692934488 1.8047981843 11.4069783947 0.0711736705
19617 310790.15 113.837758552 34.0881445428 3777139.449211 761938.8929126 57.6381011307 0.4159777691 0.951597966 9.1273173914 1.8484586015 11.4404068795 0.0708458505
19618 310790.24 113.8377603565 34.0881538411 3777140.485732 761939.0308598998 57.6442705551 0.3395166523 0.9083441939 9.2807211964 1.8633817709 11.4718515048 0.0638601018
19619 310790.33 113.8377621882 34.0881631669 3777141.5253760014 761939.1712318001 57.6503063534 0.251043359 0.8787922304 9.4411120616 1.9055849949 11.506161915 0.0272683062
19620 310790.42 113.8377640602 34.0881725227 3777142.56845 761939.3152334002 57.6513986727 0.3921651346 0.7576852571 9.5845952221 1.9368464603 11.5471759609 -0.0052859051
19621 310790.51 113.8377659585 34.0881819059 3777143.614642 761939.4615774 57.6531330794 0.3955906112 0.7856554356 9.7511181614 1.9805333038 11.5726308694 0.0269328519
19622 310790.6 113.8377679063 34.0881913104 3777144.663325 761939.6124301999 57.6592907319 0.1581467716 0.7240866971 9.8897261454 2.0097431979 11.5994045369 0.0746747812
19623 310790.66 113.8377692191 34.0881975965 3777145.364293 761939.7142599 57.664606831 -0.047197297 0.722762321 10.003587464 2.040221649 11.632644148 0.0548815032
19624 310790.75 113.8377712313 34.088207051 3777146.41869 761939.8709101998 57.6631924864 -0.0300632928 0.7666123045 10.1490566088 2.0968078461 11.6684218473 -0.0735541044
19625 310790.84 113.8377732813 34.0882165375 3777147.476733 761940.0309390002 57.655949967 0.2304322465 0.7453518256 10.3060752469 2.1251440051 11.7033297304 -0.0853304256
19626 310790.93 113.8377753651 34.0882260489 3777148.53762 761940.1940146999 57.6511874339 0.6813555975 0.8283184067 10.4728436805 2.1676000288 11.7421682076 -0.0220877733
19627 310791.02 113.8377774993 34.0882355808 3777149.6009160015 761940.3616898 57.6564134387 0.8222089513 0.9291846466 10.6320944324 2.2229069608 11.7523654605 0.0760729674
19628 310791.11 113.8377796702 34.0882451147 3777150.664522 761940.5327390998 57.6746559506 0.3374489771 0.935008639 10.7830579488 2.2447250581 11.7620171945 0.2412081093
19629 310791.2 113.8377818803 34.0882546754 3777151.731207 761940.7073294001 57.6895043347 -0.2361103211 0.9648832319 10.9083320277 2.2952323204 11.8124122268 0.0184514635
19630 310791.29 113.8377841227 34.0882642686 3777152.801579 761940.8847939002 57.6856185552 -0.3199879514 0.915261703 11.0615920261 2.3112520658 11.8565092167 -0.0996045409
19631 310791.38 113.837786387 34.0882738941 3777153.875604 761941.0641896 57.6702209627 -0.1442893168 0.9172210208 11.2496990549 2.3361102965 11.8859911839 -0.181423625
19632 310791.46 113.8377884416 34.0882824704 3777154.832639 761941.22745 57.6565308468 0.0261063324 0.9158082023 11.3936248946 2.3925551718 11.9074022737 -0.1136899435
19633 310791.55 113.8377907972 34.0882921374 3777155.911499 761941.4151508 57.6528046345 0.1402539324 0.83068126 11.5500848977 2.4286761247 11.9430052213 0.0252395716
19634 310791.64 113.8377931826 34.0883018255 3777156.992766 761941.6055293 57.6549871238 0.3305020371 0.8680074787 11.7301940049 2.4790306854 11.9635883857 0.0586094876
19635 310791.73 113.8377956167 34.0883115335 3777158.0763800014 761941.8003429 57.6593682626 0.4354288223 0.8335185249 11.9141179141 2.5178467582 11.9886548596 0.0447773756
19636 310791.82 113.8377980835 34.0883212586 3777159.161966 761941.9981245 57.6650851043 0.4501629244 0.8052846195 12.1162817052 2.5570673981 12.0026200097 0.0795086272
19637 310791.91 113.8378006054 34.0883310016 3777160.249674 761942.2009436 57.6703484431 0.394709396 0.7803945564 12.2912825327 2.6094728172 12.023908187 0.0449751793
19638 310792.0 113.8378031715 34.0883407598 3777161.339198998 761942.4077904 57.6755141532 0.2383608285 0.7915485505 12.4631473611 2.662088766 12.0450591864 0.0605958953
19639 310792.09 113.8378057852 34.0883505431 3777162.431614 761942.6189563002 57.6781924618 0.1854636946 0.7893454548 12.6239723784 2.6990362203 12.0663802884 0.0376516731
19640 310792.18 113.8378084331 34.0883603487 3777163.526605 761942.8332152 57.6777128596 0.2287899952 0.7990140611 12.799247016 2.7429484618 12.0921761544 -0.0241060347
19641 310792.23 113.8378099231 34.0883658033 3777164.1357620014 761942.9539659 57.6767034978 0.2931245949 0.8166409625 12.8907993289 2.7706566238 12.1096224367 -0.0263746981
19642 310792.32 113.8378126341 34.0883756296 3777165.233201 761943.1739923998 57.6773369657 0.3072435009 0.8042757469 13.050484662 2.8076931176 12.1048339952 0.0728237186
19643 310792.41 113.8378153847 34.0883854693 3777166.332237 761943.3976167 57.6828891626 0.1882378796 0.7720937241 13.1890309157 2.8399407732 12.127079141 0.0443671916
19644 310792.5 113.8378181702 34.0883953253 3777167.433178 761943.6244287 57.686745353 0.129735041 0.792290444 13.3402276277 2.8817325237 12.154622443 -0.017241248
19645 310792.58 113.8378206802 34.0884040988 3777168.413267 761943.8291336 57.6866793204 0.3547957955 0.7797949587 13.4787437201 2.9191736662 12.1767776915 -0.0018911517
19646 310792.66 113.8378232189 34.0884128837 3777169.394696 761944.0364529 57.6866756845 0.288071731 0.8139969944 13.6160166968 2.9434683996 12.1787196534 0.0141504906
19647 310792.74 113.8378257912 34.088421677 3777170.377152 761944.2468459002 57.69109351 0.1311083108 0.881852265 13.7457853167 2.996214 12.1942519036 0.0759988161
19648 310792.82 113.8378283966 34.0884304847 3777171.361285 761944.4602499 57.6933728848 0.0750710286 0.909254881 13.8722291361 3.0239699268 12.222156086 -0.0113741609
19649 310792.9 113.837831027 34.0884393083 3777172.347249 761944.6759193002 57.6903946307 0.1102287303 0.9530686314 14.0112251523 3.0560400356 12.2370490825 -0.0655702816
19650 310792.98 113.8378336894 34.0884481455 3777173.334797 761944.8944954 57.686481026 0.2771636754 0.9350855037 14.134398514 3.0906141043 12.2545400684 -0.0087048195
19651 310793.06 113.8378363733 34.0884569926 3777174.323504 761945.1150303 57.6874741325 0.335188578 0.9027630894 14.2592281711 3.110714356 12.2720439634 0.0484875641
19652 310793.14 113.8378390863 34.088465852 3777175.313658 761945.3382205998 57.6919386033 0.2112661246 0.8950033514 14.3757216087 3.1426250393 12.2856626 0.0422396502
19653 310793.22 113.8378418232 34.0884747237 3777176.305232 761945.5635676 57.6963293739 0.1370246113 0.8388951895 14.5048581027 3.174556791 12.3078636655 0.0640511131
19654 310793.3 113.837844588 34.0884836074 3777177.29821 761945.7914573002 57.6980255861 0.1684034543 0.7733889502 14.6315655814 3.2072191708 12.322790145 -0.0131156305
19655 310793.38 113.8378473817 34.0884925068 3777178.293 761946.0219665 57.6959554562 0.2576226525 0.7306149837 14.7688886978 3.2382461708 12.3394534667 -0.0356113419
19656 310793.46 113.837850205 34.0885014154 3777179.288886 761946.2551869 57.6953038005 0.3433645346 0.6981928735 14.9085624433 3.2773068106 12.3531602774 0.0176553811
19657 310793.54 113.8378530628 34.0885103319 3777180.285744 761946.4915609 57.6996672591 0.2347898867 0.6850008476 15.0492510161 3.3172000041 12.365975693 0.071451095
19658 310793.62 113.8378559514 34.0885192578 3777181.283718 761946.7307532 57.7043428924 0.1387961128 0.6500824156 15.1955280393 3.3546644934 12.3815398951 0.0423485996
19659 310793.7 113.8378588757 34.0885281966 3777182.283222 761946.9731971999 57.7060978282 0.1266240928 0.5920599828 15.3412945704 3.3901140297 12.3979300685 0.0166184399
19660 310793.78 113.8378618258 34.0885371448 3777183.283841002 761947.2180002 57.7061248608 0.1608219374 0.5536320765 15.5056528884 3.4217234478 12.4119880494 -0.0088755098
19661 310793.81 113.8378629423 34.0885405033 3777183.659417 761947.3107403001 57.706224462 0.1303565534 0.5482953787 15.5615312296 3.4430280307 12.416465742 -0.0009515065
19662 310793.89 113.8378659437 34.0885494672 3777184.661899 761947.5602231999 57.7056833524 0.1769951112 0.52425503 15.7239342257 3.4822310647 12.4342998312 -0.0008616643
19663 310793.97 113.8378689814 34.0885584362 3777185.66504 761947.8130468002 57.7066778559 0.161034181 0.4776590788 15.8874800241 3.5266100219 12.4342412392 0.0355660742
19664 310794.05 113.8378720522 34.0885674082 3777186.6686019986 761948.0689203 57.7083477583 0.1746030194 0.5055851193 16.0506128188 3.5624284238 12.4382145852 0.0062197187
19665 310794.13 113.8378751588 34.0885763774 3777187.671947 761948.3281096 57.7095100861 0.2728947734 0.5284053939 16.2139693103 3.612316416 12.4300878883 0.0160284471
19666 310794.21 113.8378782987 34.0885853432 3777188.6749949986 761948.5903831 57.7108222889 0.3861510318 0.4676157135 16.3791942667 3.6371654376 12.4175234142 0.0439749412
19667 310794.29 113.8378814584 34.0885942941 3777189.676448 761948.8545261999 57.7181595042 0.2329436127 0.4781979082 16.552841077 3.6639884258 12.3922666621 0.1161296784
19668 310794.37 113.8378846476 34.0886032244 3777190.675678 761949.1214566 57.7244739141 0.1325856985 0.467293121 16.7241543795 3.6970477189 12.3613388189 0.0480744731
19669 310794.45 113.8378878645 34.0886121388 3777191.673221 761949.390995 57.7275958825 0.1455091411 0.4621109325 16.8971598293 3.7381387181 12.3447956481 0.0142767785
19670 310794.5 113.8378898908 34.0886176978 3777192.295339 761949.5609510002 57.7283553146 0.1757522159 0.4407927589 16.9943495983 3.7592765076 12.3240571239 0.0043594673
19671 310794.58 113.8378931545 34.0886265762 3777193.289013 761949.8349160998 57.7302021598 0.1618689959 0.4464557915 17.1329600828 3.7847822757 12.2948799913 0.0441580635
19672 310794.66 113.8378964419 34.0886354343 3777194.2804870014 761950.1111446 57.7334405035 0.051321109 0.508182582 17.2705367537 3.8112725294 12.2632505182 0.0444868372
19673 310794.74 113.8378997527 34.0886442734 3777195.269916 761950.3895809 57.7379269972 -0.1191251288 0.540441945 17.4160547008 3.8365089944 12.2429520983 0.0555504665
19674 310794.82 113.8379030833 34.0886530979 3777196.257772 761950.6698933 57.7368762288 -0.0215800486 0.5259506094 17.5707197819 3.8613463798 12.2197349614 -0.0659719043
19675 310794.9 113.8379064398 34.0886619056 3777197.243837 761950.9526559 57.7329966873 0.1915993304 0.5442186166 17.71991052 3.8872254827 12.1921781947 -0.0351922249
19676 310794.98 113.8379098148 34.0886706927 3777198.227662 761951.2371784 57.733673118 0.2022844053 0.5694582728 17.8748438513 3.910175786 12.1658335164 0.0676822066
19677 310795.06 113.8379132142 34.0886794532 3777199.208597 761951.5240449002 57.7397164386 0.1028173501 0.5910362716 18.0230116812 3.9406617488 12.1278920663 0.0850842519
19678 310795.14 113.8379166356 34.0886881931 3777200.187296 761951.813003 57.744440157 0.0569428771 0.5949584831 18.1767396683 3.9626019281 12.1078740299 0.0219533722
19679 310795.22 113.8379200789 34.0886969209 3777201.164714 761952.1040237 57.7436792012 0.3765777358 0.5318155113 18.3346560596 3.9888255293 12.0987731313 -0.0297129751
19680 310795.28 113.8379226749 34.0887034553 3777201.896543 761952.3235636 57.7437774809 0.4601351923 0.533826623 18.4565352811 4.0083235218 12.0681349438 0.0332553989
19681 310795.36 113.8379261571 34.0887121452 3777202.869848 761952.6182975002 57.7527605006 0.2020340883 0.4706919133 18.610276662 4.0372910308 12.0371160013 0.1901140393
19682 310795.44 113.8379296629 34.0887208172 3777203.8412379986 761952.9152555 57.7649136642 -0.3611008546 0.534721016 18.7759087247 4.0677978228 12.0187996734 0.0968171196
19683 310795.52 113.8379332049 34.0887294768 3777204.811336 761953.2155932 57.7634582967 -0.5056196977 0.5074426171 18.9496372926 4.1075644942 12.0001287862 -0.0932696112
19684 310795.6 113.8379367781 34.0887381271 3777205.780482 761953.518842 57.7530466793 -0.3755434656 0.5018133401 19.1284174463 4.1429626877 11.9840471968 -0.158986243
19685 310795.68 113.8379403847 34.0887467639 3777206.748217 761953.8252226998 57.7384279072 0.0387431744 0.5538846828 19.3037211486 4.1862562905 11.9666215569 -0.1458548505
19686 310795.76 113.8379440284 34.0887553813 3777207.713896 761954.1350804 57.7324015722 0.276225667 0.6281881259 19.470486911 4.2238539727 11.9329332093 0.0296208048
19687 310795.84 113.8379476931 34.0887639782 3777208.677362 761954.4469422 57.739279585 0.0583314971 0.6674866819 19.6591352667 4.2385152996 11.9131560179 0.1448120519
19688 310795.92 113.8379513817 34.0887725617 3777209.639383 761954.7610534 57.7479083585 -0.158219394 0.7150952824 19.8612185208 4.2826972786 11.898335744 0.0627780391
19689 310795.99 113.8379546398 34.0887800602 3777210.479905002 761955.0387604 57.7495892448 -0.2778842446 0.6751091019 20.0208257974 4.3112706426 11.8764972183 -7.67798e-05
19690 310796.07 113.8379583885 34.0887886246 3777211.439969002 761955.3584778 57.7449741056 -0.0909304796 0.6033380664 20.2040512918 4.3455062861 11.8703538159 -0.1157249684
19691 310796.15 113.837962173 34.0887971787 3777212.398991 761955.6815354 57.7374185882 0.1683574224 0.5708359076 20.3570279964 4.3807895593 11.8483738542 -0.1176473457
19692 310796.23 113.8379659813 34.0888057174 3777213.356351998 761956.006837 57.7355449582 0.3011192477 0.5758062155 20.5220790145 4.4099094283 11.8234720762 0.0281478043
19693 310796.31 113.8379698177 34.0888142376 3777214.3117370014 761956.3347903001 57.7420768319 0.2732823976 0.5815832618 20.6830399424 4.4414279019 11.8004761289 0.1091203672
19694 310796.39 113.837973683 34.0888227431 3777215.26557 761956.6654573001 57.7519428721 0.040502768 0.6420590745 20.850445586 4.4827312675 11.7799422882 0.1011049546
19695 310796.47 113.8379775821 34.0888312361 3777216.218104 761956.9992846 57.7564306976 0.1095285392 0.5476962878 21.0046211163 4.51332143 11.7657409142 0.0121039577
19696 310796.55 113.8379814985 34.088839722 3777217.169879 761957.334725 57.7580571808 0.1044087281 0.54644147 21.1667463816 4.531170882 11.7531978825 0.0049679506
19697 310796.63 113.8379854454 34.0888481929 3777218.120087 761957.6730384 57.7594152214 0.2068672478 0.5126272988 21.3227663145 4.5736646118 11.7348583663 0.0105076738
19698 310796.71 113.8379894156 34.0888566523 3777219.069066 761958.0135285 57.7618195545 0.2954689438 0.4659770533 21.4888926863 4.5960540935 11.7192493259 0.0252030477
19699 310796.74 113.8379909104 34.0888598218 3777219.424639 761958.1417763 57.7629500218 0.3191385712 0.4632534274 21.5519596259 4.6050171337 11.7133428188 0.0273551576
19700 310796.82 113.8379949183 34.0888682621 3777220.3716 761958.4858105 57.7690351903 0.2909872654 0.4202874942 21.7147398264 4.6402980723 11.6874790842 0.0746037927
19701 310796.9 113.837998956 34.0888766929 3777221.317588 761958.8326189 57.7764117504 0.2365706137 0.4180528637 21.8713834763 4.6778897231 11.6804450609 0.0862703743
19702 310796.98 113.8380030255 34.088885118 3777222.263014 761959.182391 57.7821239401 0.2096552543 0.4376938655 22.0201005794 4.7145370483 11.6788060545 0.0192602414
19703 310797.06 113.8380071234 34.0888935341 3777223.207521 761959.5348064 57.7845639149 0.254481348 0.4516986747 22.1601257904 4.73989182 11.6608407955 0.027640323
19704 310797.14 113.8380112435 34.0889019388 3777224.150814 761959.8893082 57.7875119504 0.2275369286 0.510604694 22.292555774 4.7803672506 11.6539793211 0.0237808528
19705 310797.22 113.8380153904 34.0889103334 3777225.093061 761960.24632 57.7912294148 0.2886102325 0.5546743921 22.4196186062 4.8030083362 11.6363134815 0.0234493089
19706 310797.3 113.8380195625 34.0889187224 3777226.034743 761960.6056726 57.7941502454 0.3358764628 0.5898097019 22.5504706777 4.8338563387 11.6305479253 0.0404255479
19707 310797.38 113.8380237547 34.0889271047 3777226.975742 761960.9669004001 57.7982295416 0.4375958079 0.5890052857 22.6779229907 4.854951461 11.6210029242 0.064878773
19708 310797.46 113.838027969 34.0889354791 3777227.915915 761961.3301933 57.8067141082 0.1944829046 0.6061863629 22.7930123055 4.879582829 11.6075178273 0.1229937073
19709 310797.48 113.8380290253 34.0889375716 3777228.150843 761961.4212698 57.8092615856 0.1364222348 0.6072895331 22.8247246861 4.8835936764 11.6079332196 0.1237380655
19710 310797.56 113.8380332684 34.0889459412 3777229.090561 761961.7872408001 57.8167165266 -0.1812063748 0.5810199873 22.9311159757 4.9141450515 11.610984252 0.0409674829
19711 310797.64 113.838037529 34.0889543113 3777230.0303839985 761962.1548219 57.8173427461 -0.349908729 0.5658652625 23.0441563352 4.9344774542 11.6107603367 -0.0347014192
19712 310797.72 113.838041814 34.0889626804 3777230.970147 761962.5246551 57.8113141311 -0.3498554343 0.5548438139 23.1497161852 4.9624438536 11.6042513201 -0.1064205488
19713 310797.8 113.8380461208 34.0889710502 3777231.910054 761962.8965053002 57.8016136 -0.2360519061 0.5840521771 23.2632339869 4.9905722083 11.6115416227 -0.1310091245
19714 310797.88 113.8380504545 34.0889794179 3777232.849794 761963.2708413 57.7922186051 -0.0012099881 0.6375069374 23.3752758292 5.0227913138 11.5993628543 -0.1041877473
19715 310797.96 113.8380548122 34.0889877794 3777233.788907 761963.6474204 57.7884056698 0.0742619989 0.6804774867 23.4919775681 5.0434256107 11.5912831702 -0.0114861335
19716 310798.04 113.8380591876 34.0889961377 3777234.72771 761964.025637 57.791286529 0.0306412721 0.6722070726 23.6237437725 5.0651215543 11.5922543819 0.0451745833
19717 310798.12 113.8380635857 34.089004491 3777235.666007 761964.4059620998 57.7957686484 -0.0379790502 0.6495628676 23.7694114598 5.0920460874 11.5899239687 0.0326028948
19718 310798.2 113.8380680072 34.0890128406 3777236.603967 761964.7884675 57.7974530738 0.034131342 0.5987742143 23.9315523132 5.1262250985 11.5795648673 -0.0133793196
19719 310798.28 113.8380724615 34.089021187 3777237.541646 761965.1739993 57.7964405799 0.1252565312 0.5662070565 24.0928768462 5.1570341083 11.5719522242 -0.0343139274
19720 310798.32 113.8380746993 34.0890253573 3777238.010194 761965.3677598 57.7963255281 0.1588957481 0.554083284 24.17529891 5.1762807491 11.5669586483 -0.0020403121
19721 310798.4 113.8380791987 34.0890336911 3777238.946604 761965.7575034002 57.7982148677 0.1769011424 0.5178085332 24.3303784861 5.2123892181 11.5526909365 0.0344027342
19722 310798.48 113.8380837263 34.0890420158 3777239.882067 761966.1498773 57.8025947418 0.1665036556 0.5224453416 24.4848911864 5.2439178693 11.5444466603 0.0278014559
19723 310798.56 113.838088286 34.0890503319 3777240.81666 761966.5452436 57.8056924669 0.1440637602 0.5513326792 24.6459913447 5.2861091847 11.5285074346 0.0124775339
19724 310798.64 113.8380928689 34.0890586378 3777241.750178 761966.9427785 57.8083149306 0.2264078916 0.4941965119 24.8092753773 5.3004107284 11.5130273776 0.0346080796
19725 310798.72 113.8380974767 34.089066929 3777242.682135 761967.3426585 57.8130645854 0.232741982 0.4929027409 24.9629508264 5.342764732 11.4903795873 0.0373289859
19726 310798.8 113.8381021157 34.0890752025 3777243.612202 761967.7454721999 57.817176912 0.2372470162 0.464955045 25.1062639602 5.3632884559 11.4646469862 0.0482109539
19727 310798.88 113.8381067719 34.0890834596 3777244.540495 761968.1499311 57.82279641 0.2286650729 0.5019436548 25.2623592531 5.3891064538 11.4387461081 0.061485029
19728 310798.96 113.838111455 34.0890916967 3777245.466631 761968.5569307 57.8279869072 0.2925371617 0.5002951762 25.4074690374 5.4230054811 11.4109413728 0.0617398519
19729 310799.04 113.838116154 34.0890999191 3777246.391183 761968.9654429 57.8333867695 0.328322178 0.4901012175 25.556947893 5.4378806733 11.3930916402 0.0532132577
19730 310799.06 113.8381173324 34.0891019724 3777246.622078 761969.0679141999 57.8342127856 0.3521190845 0.4936417522 25.5921679192 5.4448154529 11.3853690707 0.0389911061
19731 310799.14 113.8381220624 34.0891101714 3777247.544114 761969.4793703 57.8403338259 0.2144121205 0.4801889663 25.7250932318 5.4750958586 11.3567359272 0.1038413065
19732 310799.22 113.8381268027 34.0891183497 3777248.463871 761969.8918267 57.8499368895 -0.1029551533 0.4283513164 25.8660779657 5.4773232945 11.3322733571 0.0948124575
19733 310799.3 113.8381315629 34.0891265139 3777249.382124 761970.306174 57.8522508424 -0.2574212386 0.4013999254 26.0165847365 5.5109736894 11.3110090456 -0.0466848553
19734 310799.38 113.8381363426 34.0891346635 3777250.2988019986 761970.7223589001 57.8474055026 -0.1120525164 0.329432509 26.1769198727 5.5263215533 11.2909481527 -0.0687238565
19735 310799.46 113.8381411386 34.0891427902 3777251.212976 761971.1401316 57.8416438727 0.0191635469 0.3418843978 26.3430591893 5.5473379159 11.2441392972 -0.0702358695
19736 310799.54 113.8381459646 34.0891508918 3777252.124445 761971.5607406 57.8396604983 0.0331061387 0.373392657 26.4921851391 5.5850960053 11.2201765703 0.0075473874
19737 310799.62 113.8381508124 34.0891589671 3777253.033063 761971.9834466998 57.8427181449 -0.0810778173 0.4030548007 26.6389670369 5.6047586608 11.1832436004 0.0544372593
19738 310799.7 113.8381556809 34.0891670194 3777253.939162 761972.4081345998 57.845321469 -0.1682059362 0.4831004905 26.7923601321 5.6277226153 11.1559700913 -0.0083625695
19739 310799.79 113.8381611841 34.0891760543 3777254.955956 761972.8883924 57.8428070899 -0.006761467 0.5042020556 26.9636686224 5.6629221801 11.1192970195 -0.0325254507
19740 310799.82 113.8381630229 34.0891790587 3777255.294093 761973.0489093 57.8413105989 0.0681161196 0.4807203839 27.0184440916 5.6623797833 11.100576247 -0.0512250946
19741 310799.91 113.8381685481 34.0891880556 3777256.306706 761973.5313225002 57.8397767115 0.27111021 0.4815835617 27.1746926754 5.6764176639 11.0691117561 0.0102801097
19742 310800.0 113.8381740913 34.0891970188 3777257.315639 761974.0154919 57.8432920734 0.267659042 0.4715484891 27.3207670425 5.6952889804 11.0256010153 0.0556993682
19743 310800.09 113.8381796437 34.0892059493 3777258.320958 761974.5006189 57.8522899076 0.0332381475 0.421888976 27.4766430546 5.6964809385 10.9926213673 0.1122366775
19744 310800.18 113.838185216 34.089214849 3777259.3229230014 761974.9876801 57.8579404745 -0.0979599739 0.3487304937 27.6273262282 5.7293327497 10.9539249868 0.0240378844
19745 310800.27 113.8381908084 34.0892237241 3777260.322202 761975.4766697 57.8570023831 -0.0057445288 0.3341208391 27.7711512433 5.7439176647 10.927588079 -0.0274376694
19746 310800.36 113.8381964249 34.0892325683 3777261.318111 761975.9679774998 57.853665255 0.1414345209 0.3082058593 27.894653377 5.7737175255 10.8829636242 -0.0342452362
19747 310800.45 113.8382020523 34.089241384 3777262.310889 761976.4603813002 57.8556744494 0.0889830655 0.3610169363 28.0183962816 5.776395991 10.8555536449 0.048488642
19748 310800.54 113.8382076985 34.0892501683 3777263.300225 761976.9546143 57.8603623584 -0.0206022723 0.4390197468 28.1388478623 5.7991175135 10.8051023346 0.0472442935
19749 310800.63 113.8382133518 34.0892589334 3777264.287457 761977.4495668 57.8622555854 -0.0171624558 0.2696305544 28.2665755378 5.7858918137 10.8013358509 -0.0043448331
19750 310800.7 113.8382177456 34.0892657398 3777265.054078 761977.8342644 57.8617598582 0.0056991681 0.280379934 28.3843230464 5.8044775596 10.777525084 0.0019572436
19751 310800.79 113.8382234158 34.089274458 3777266.036146 761978.3309236 57.862989963 -0.1459814999 0.1905156055 28.5094317028 5.8079202054 10.7391787895 0.0339190272
19752 310800.88 113.8382290899 34.0892831578 3777267.016178 761978.8279936998 57.8627999043 -0.2447690135 0.1799894994 28.6713729299 5.83328121 10.7103343821 -0.073943335
19753 310800.97 113.8382348035 34.0892918251 3777267.992704 761979.3288091999 57.8558652494 -0.1754942326 0.239465259 28.807507059 5.8717896221 10.6643107162 -0.0647245798
19754 310801.06 113.8382405367 34.0893004609 3777268.9657910015 761979.8315415998 57.8530082814 -0.1832570545 0.3465985041 28.9371671625 5.8937210969 10.6292225109 -0.0008986468
19755 310801.15 113.8382462899 34.0893090726 3777269.936252 761980.3361854 57.8507070485 -0.0447835919 0.505355747 29.0650945898 5.9108218101 10.5957525341 -0.0233723386
19756 310801.24 113.8382520538 34.0893176588 3777270.903907 761980.8419001 57.84690003 0.244256905 0.6285811756 29.2296770342 5.9144182257 10.5553362084 -0.0296843577
19757 310801.33 113.8382578258 34.0893262122 3777271.867947 761981.3484640998 57.8479661122 0.6251506024 0.6086299599 29.4051576645 5.9210782702 10.5220983472 0.0493778867
19758 310801.42 113.8382636048 34.0893347325 3777272.828323 761981.8557756 57.8557624314 0.9188503367 0.6280217938 29.5849036426 5.9322977449 10.4672812072 0.1231465791
19759 310801.51 113.8382694009 34.0893432128 3777273.784318 761982.3647839002 57.8730867775 0.7756952957 0.5843991794 29.7690470596 5.9518595508 10.425908103 0.2408280068
19760 310801.56 113.8382726215 34.0893479061 3777274.313429 761982.6476755998 57.8870416423 0.4365067921 0.5771399811 29.8790335895 5.9525156182 10.3957026504 0.2904869831
19761 310801.65 113.8382784417 34.0893563258 3777275.262746 761983.1591005998 57.9079377409 -0.3012044057 0.508135293 30.0649993214 5.9875944472 10.3476518625 0.1572349724
19762 310801.74 113.8382842928 34.0893647193 3777276.209244998 761983.673462 57.911227949 -0.7591390703 0.4918971706 30.2470691116 6.0111184021 10.3175855375 -0.0712548285
19763 310801.83 113.8382901695 34.0893730876 3777277.1530120014 761984.1902590998 57.8976175478 -0.6320483801 0.5810305798 30.4366055942 6.0527647004 10.2914941593 -0.2245738656
19764 310801.92 113.8382960786 34.0893814242 3777278.093347 761984.7101516 57.8769702641 0.0928992 0.5584319446 30.6182455315 6.0669447496 10.2498219772 -0.2077722095
19765 310802.01 113.8383020004 34.08938973 3777279.030285 761985.2313066998 57.8678580681 0.7285499638 0.5612113919 30.8227767406 6.0898957821 10.2117786411 -0.0023150432
19766 310802.1 113.8383079312 34.0893979807 3777279.9611410014 761985.7534620998 57.8827134129 0.7837435764 0.4608561855 31.0243260956 6.0888810607 10.1515360837 0.280849146
19767 310802.19 113.8383138695 34.0894061952 3777280.888 761986.27643 57.9065704076 0.2797308479 0.4074565948 31.2448599227 6.1027828148 10.1022301122 0.2193316883
19768 310802.28 113.8383198387 34.0894143829 3777281.811957 761986.8023193001 57.920386224 -0.2350141602 0.3010411701 31.4438640027 6.1332344682 10.0858986708 0.0200854323
19769 310802.32 113.8383225006 34.0894180143 3777282.221789 761987.0369034002 57.9211755525 -0.2631745243 0.2312638789 31.5306299468 6.1494126755 10.0686769111 0.0043410887
19770 310802.41 113.8383285156 34.089426167 3777283.141984 761987.5671334 57.914674473 -0.2498512712 0.1794984397 31.691005701 6.1903049677 10.0393913338 -0.1102055242
19771 310802.5 113.8383345616 34.0894342924 3777284.059225 761988.1003188002 57.904280466 -0.1632817001 0.2230364119 31.8381049451 6.2183988971 10.0025469851 -0.0944289828
19772 310802.59 113.8383406334 34.0894423906 3777284.973508 761988.6359648 57.8984887656 -0.2096909616 0.357197892 31.9917395478 6.2407469127 9.9709352043 -0.0175224357
19773 310802.68 113.8383467302 34.0894504621 3777285.8849019986 761989.1740015 57.8967864038 -0.2286819369 0.4725423551 32.1548709088 6.2670568972 9.9423109243 -0.0171947621
19774 310802.77 113.8383528441 34.0894585139 3777286.79416 761989.7136715 57.893563618 -0.0520322038 0.4791347819 32.3322178803 6.2816540472 9.9187450696 -0.0329354483
19775 310802.86 113.83835897 34.0894665434 3777287.700957 761990.2545248 57.8904682016 0.1731178103 0.4656325158 32.5106778686 6.291553597 9.8868492875 -0.0154334272
19776 310802.95 113.8383651134 34.0894745445 3777288.604657 761990.7970836 57.8920844812 0.2247281283 0.4864263691 32.6768651882 6.3145121777 9.8512704737 0.0424690821
19777 310803.04 113.8383712802 34.0894825156 3777289.505094 761991.3418916998 57.8974321112 0.0173499228 0.5127307779 32.8351225105 6.3301541829 9.8195384809 0.0717899344
19778 310803.13 113.8383774684 34.0894904711 3777290.403843 761991.8887222 57.9024566077 -0.2479005849 0.5676240225 32.9989926748 6.358294382 9.7838265707 0.0328956961
19779 310803.22 113.8383836845 34.089498402 3777291.299943 761992.4382074 57.9003850203 -0.2371383478 0.6215986033 33.1408082111 6.3818123566 9.7596279056 -0.0660101555
19780 310803.31 113.8383899186 34.0895063165 3777292.194257 761992.9894024 57.8908793088 0.1284513883 0.6331354762 33.2914459505 6.4041387372 9.7367526908 -0.0891477544
19781 310803.4 113.8383961648 34.0895142061 3777293.085847 761993.5417998 57.886974086 0.4074327128 0.6029511836 33.440423364 6.4099362183 9.7035366048 0.0476104178
19782 310803.49 113.8384024196 34.0895220715 3777293.97478 761994.0950521 57.8944130093 0.3224310832 0.5981602531 33.6000288294 6.4214753524 9.6744813151 0.0931492317
19783 310803.58 113.838408696 34.089529914 3777294.861221 761994.6503824 57.9035304748 0.2157834508 0.574673327 33.7519645244 6.4445635233 9.6442432804 0.0910903222
19784 310803.67 113.8384149934 34.0895377358 3777295.745418 761995.2077114 57.9094772581 0.1294571292 0.591606174 33.9095851441 6.4699716009 9.6226442418 0.0472648971
19785 310803.76 113.8384213142 34.089545537 3777296.627387 761995.7672573002 57.9109862139 0.2501028896 0.5465840958 34.0638394826 6.4923823065 9.5969705537 0.0215333811
19786 310803.85 113.8384276559 34.0895533193 3777297.507306 761996.3287958 57.9113384262 0.4130954029 0.5261099335 34.216040702 6.5124080788 9.5679650839 0.01421489
19787 310803.94 113.838434019 34.0895610843 3777298.38537 761996.8923664001 57.9149433253 0.4520711201 0.5782162185 34.3823439719 6.5336234004 9.5498543039 0.0881890096
19788 310803.99 113.8384375651 34.0895653869 3777298.871965 761997.2065173 57.9195081405 0.3286393237 0.5794047022 34.4720527574 6.5521734088 9.5348661823 0.1148941652
19789 310804.08 113.8384439571 34.0895731156 3777299.746066 761997.7728642 57.9297819612 0.0427433176 0.5341087355 34.655815066 6.5598465284 9.514311539 0.1226934768
19790 310804.17 113.8384503766 34.089580831 3777300.618771 761998.3417878002 57.932495351 -0.0381054108 0.4924662587 34.833238827 6.6001480887 9.4915881615 -0.0351175817
19791 310804.26 113.8384568275 34.0895885338 3777301.490158 761998.9136547 57.9276714679 0.2142751518 0.3598711907 35.0034267149 6.6236309493 9.4935314023 -0.0094178023
19792 310804.35 113.8384633019 34.0895962189 3777302.359631 761999.4877426998 57.9252607254 0.3624283135 0.348021196 35.1666777634 6.6597354633 9.4524219856 0.0215675608
19793 310804.44 113.8384698059 34.0896038853 3777303.227114 762000.0646306998 57.9327884093 0.1145210245 0.3581861308 35.3175247329 6.6790342958 9.4431626349 0.11336667
19794 310804.53 113.8384763379 34.0896115396 3777304.093322 762000.6441295998 57.9383301791 0.0065690203 0.4034692115 35.4729742615 6.7224331459 9.4231280656 0.0337118955
19795 310804.62 113.8384829017 34.0896191798 3777304.958057 762001.2266138 57.9392402554 0.0644648192 0.4431318576 35.6168704215 6.7466625465 9.4088637189 0.0032708891
19796 310804.71 113.838489495 34.0896268089 3777305.821627 762001.8118564 57.9359558122 0.2195839937 0.4716054096 35.7382031756 6.7795635765 9.3888985557 -0.0431454976
19797 310804.79 113.838495374 34.08963358 3777306.58815 762002.3337893 57.9358484522 0.2301113191 0.4969489297 35.8353101617 6.7884843821 9.3801780866 0.0368618319
19798 310804.88 113.8385019997 34.0896411884 3777307.449506 762002.9220847 57.9411974363 0.083694479 0.5145331701 35.9574996736 6.8052338125 9.3715979152 0.0720068131
19799 310804.97 113.838508647 34.0896487906 3777308.310229 762003.5123930002 57.9443987962 0.0065792751 0.4879424762 36.078567885 6.8266942776 9.3647038094 0.0024082225
19800 310805.06 113.8385153087 34.0896563918 3777309.170872 762004.1040349 57.9430318102 0.1378259585 0.4490078577 36.2088863308 6.8442608885 9.3589853356 -0.0207286544
19801 310805.15 113.8385219895 34.0896639894 3777310.031176 762004.6974525 57.9410870904 0.3073551329 0.4310682643 36.3338689153 6.8672551284 9.3443127658 -0.0090849349
19802 310805.24 113.8385286902 34.0896715751 3777310.890204 762005.2927445 57.9430434778 0.3494835606 0.4065519686 36.4685426569 6.8850970687 9.3290115578 0.0654578343
19803 310805.33 113.8385354108 34.0896791461 3777311.747661 762005.8899161 57.9508908577 0.2221596278 0.3802135553 36.6040097789 6.9106096331 9.3152808298 0.1021280187
19804 310805.42 113.8385421567 34.0896867071 3777312.604058998 762006.4894544 57.9575222572 0.066750559 0.3686441239 36.7426100977 6.9410900793 9.3027205273 0.0608170869
19805 310805.51 113.8385489314 34.0896942609 3777313.459748 762007.0916731 57.9594187075 -0.0081690567 0.3330375298 36.8742555615 6.9640455998 9.2932137646 0.0198891476
19806 310805.6 113.8385557308 34.0897018078 3777314.314723 762007.6962002 57.9590534363 -0.0711929226 0.372406752 37.0107565516 6.9953863637 9.2813993639 -0.0059138954
19807 310805.69 113.838562561 34.0897093398 3777315.168124 762008.303612 57.9567116192 0.0021680668 0.4289534964 37.1417058376 7.0271011087 9.2595486659 -0.0407015216
19808 310805.74 113.8385663666 34.0897135183 3777315.641601 762008.6421047 57.9541632617 0.1149707439 0.4464379384 37.2134964641 7.0335978518 9.2518204886 -0.0536609106
19809 310805.83 113.8385732277 34.0897210318 3777316.493042 762009.252424 57.9515948119 0.2269242782 0.4842745905 37.3531083263 7.0487617621 9.2419665287 0.0001319522
19810 310805.92 113.8385801101 34.0897285273 3777317.342523 762009.8647659002 57.9549462246 0.1376738315 0.5067337001 37.4856908662 7.0690982759 9.2155669977 0.0626055001
19811 310806.01 113.8385870047 34.0897360119 3777318.190832 762010.4782694002 57.9608888701 -0.0456540156 0.5113587844 37.6408109919 7.0842397548 9.2069994499 0.0497040972
19812 310806.1 113.8385939313 34.0897434755 3777319.036888 762011.094799 57.9610645771 0.0300919549 0.4587044575 37.7860737753 7.1220685251 9.1917882525 -0.0272712843
19813 310806.19 113.8386008762 34.0897509264 3777319.8815910006 762011.7130469 57.9583682511 0.2065015738 0.3650847475 37.9415750433 7.1339566905 9.1786461697 -0.0099433114
19814 310806.28 113.8386078457 34.0897583601 3777320.724441 762012.3336284 57.9579401426 0.2744370264 0.3539905129 38.0870773509 7.1611690759 9.1461939517 0.0404763282
19815 310806.37 113.8386148378 34.089765773 3777321.565048 762012.9563558 57.9639880406 0.0915471491 0.3221696142 38.23469822 7.1841484208 9.1260585943 0.0789907416
19816 310806.46 113.8386218527 34.0897731713 3777322.404086 762013.5812301 57.9692468326 -0.1268569638 0.3506158955 38.3886334243 7.2043800013 9.1045901783 0.0090608533
19817 310806.55 113.8386289009 34.0897805528 3777323.241348 762014.2092351 57.9664921565 -0.0177499377 0.3813038634 38.5361802486 7.240937733 9.0886613081 -0.0669141052
19818 310806.59 113.8386320408 34.0897838286 3777323.612944002 762014.4890381 57.964172231 0.0739609835 0.3888323202 38.6030728408 7.2464202307 9.0778412093 -0.054948458
19819 310806.68 113.8386391214 34.0897911886 3777324.447901998 762015.1201007 57.959465351 0.3562254187 0.4141786007 38.7568195179 7.275004121 9.065084281 -0.0056307837
19820 310806.77 113.838646219 34.0897985284 3777325.280657 762015.7527958 57.9628462912 0.3094779033 0.4084659915 38.9097844406 7.2860204202 9.0374423809 0.0983482825
19821 310806.86 113.8386533321 34.0898058511 3777326.111566 762016.3869781 57.9726856761 0.0080296165 0.3613615959 39.0703803992 7.3083339889 9.0258927301 0.1003744999
19822 310806.95 113.8386604652 34.0898131608 3777326.941075 762017.0230339002 57.977175883 0.0560685054 0.2872432891 39.2404810679 7.3339100347 8.9998514326 0.0197960207
19823 310807.04 113.8386676238 34.0898204528 3777327.76869 762017.6615139 57.9733925769 0.4799563189 0.2559221754 39.4116203382 7.3668378675 8.9779261555 -0.0625012398
19824 310807.13 113.8386748107 34.0898277201 3777328.593628 762018.3026704 57.9731878461 0.917357031 0.2420770739 39.5519713583 7.381858374 8.9395807486 0.0295066161
19825 310807.22 113.8386820189 34.0898349633 3777329.415954 762018.9458728002 57.9869173355 0.5965525334 0.3476136405 39.7005702142 7.4094562846 8.9097952615 0.2319405814
19826 310807.31 113.83868925 34.0898421829 3777330.2357190014 762019.5912666 58.0093499813 -0.0219008686 0.3886563717 39.8408773163 7.4313529618 8.8983899568 0.2364794944
19827 310807.4 113.8386965049 34.0898494034 3777331.055643 762020.2388495 58.0170151358 -0.4407232781 0.3717913052 40.0137278357 7.456907927 8.896403248 -0.047714566
19828 310807.45 113.8387005507 34.0898534131 3777331.51101 762020.6000325 58.0120900711 -0.3872119175 0.3431653044 40.1033688951 7.4793930592 8.8951463069 -0.1415828257
19829 310807.54 113.8387078578 34.0898606258 3777332.3302010014 762021.2524588 57.9957082691 0.0085971157 0.2838773942 40.2588360943 7.5073124122 8.8870701184 -0.2027905207
19830 310807.63 113.8387151956 34.0898678275 3777333.148255 762021.9077626 57.9836086324 0.4357480207 0.2987953129 40.4064774552 7.5371525359 8.8586890676 -0.0237730912
19831 310807.72 113.8387225588 34.0898750103 3777333.964278 762022.5654628 57.990749456 0.3155391859 0.3189693687 40.5595032893 7.5599662419 8.8446688662 0.1743703602
19832 310807.81 113.8387299489 34.0898821814 3777334.779068 762023.2256768 58.0051149726 -0.0025352901 0.314237255 40.7152084412 7.5967199425 8.8362342597 0.1201299219
19833 310807.9 113.8387373727 34.0898893453 3777335.593142 762023.8890345 58.0096569052 -0.0630060475 0.3093166538 40.8786013247 7.6321653146 8.8242285028 -0.0193771675
19834 310807.99 113.8387448319 34.0898965048 3777336.406815 762024.5556656 58.0063819634 -0.1050117972 0.28885106 41.0388572657 7.6636918959 8.8165250167 -0.0758926849
19835 310808.08 113.8387523211 34.0899036559 3777337.219642 762025.2250917 58.0007413765 -0.0278504117 0.269398258 41.1958671587 7.7049921323 8.8155612086 -0.0381249085
19836 310808.17 113.8387598465 34.0899107937 3777338.031092 762025.8979085998 57.9971932918 0.0383992533 0.3104443583 41.3453182113 7.7390380985 8.7853002978 -0.0172200684
19837 310808.26 113.8387674091 34.0899179201 3777338.84136 762026.5741948001 57.9946000138 0.0855575374 0.339211176 41.496365664 7.7695144216 8.778950004 -0.0119212189
19838 310808.27 113.8387682516 34.0899187118 3777338.931385 762026.6495429 57.9945307262 0.1152578162 0.3397713378 41.5145674293 7.7762906644 8.7810832523 -0.005889802
19839 310808.36 113.8387758473 34.0899258318 3777339.741025 762027.3289006 57.995416725 0.1403622338 0.28503797 41.6744608831 7.8060746083 8.7700255492 0.0207971028
19840 310808.45 113.8387834691 34.0899329506 3777340.5506089986 762028.0106769 57.9967235299 0.1473245455 0.274535846 41.8326921576 7.8282619847 8.7695317319 0.0292038893
19841 310808.54 113.838791132 34.089940056 3777341.35881 762028.6962816 57.9984385017 0.0746838331 0.2902772586 41.9797514718 7.8839337397 8.7462599027 0.0256244579
19842 310808.63 113.8387988251 34.0899471514 3777342.165978 762029.3847101 58.0014462555 -0.1620481168 0.2724600204 42.1314548178 7.8989987709 8.745898989 -0.0011181592
19843 310808.72 113.8388065561 34.0899542449 3777342.973028 762030.0766375 57.9962484092 -0.096595356 0.3679144176 42.2905091524 7.9537910978 8.7300451301 -0.1124191057
19844 310808.81 113.8388143275 34.0899613239 3777343.778581 762030.7723518001 57.988959807 0.0957917699 0.3497561206 42.4278479399 7.9807575378 8.7227314828 -0.0770744248
19845 310808.9 113.8388221247 34.0899683979 3777344.58364 762031.4704529 57.9866434606 0.2713559118 0.4311430416 42.589634889 8.016521486 8.7114523686 0.0227830537
19846 310808.99 113.8388299509 34.0899754588 3777345.387318 762032.1712763002 57.9900587974 0.2962860095 0.3810038643 42.7514651259 8.0365103199 8.699634045 0.0726313167
19847 310809.08 113.8388377984 34.0899825134 3777346.190357 762032.8740904002 57.9972898699 0.1482009748 0.3631341768 42.9260227117 8.0608161713 8.6850007999 0.0724544304
19848 310809.13 113.8388421711 34.0899864244 3777346.635601 762033.2657631 58.0005219318 0.1123654046 0.3275239753 43.0151368309 8.0796234949 8.6710996145 0.0476377235
19849 310809.22 113.8388500618 34.0899934528 3777347.435838 762033.9726433002 58.003320206 0.0686336596 0.2980924408 43.1716591093 8.1049040806 8.6524655619 0.0126340906
19850 310809.31 113.8388579737 34.0900004566 3777348.233403 762034.681551 58.0035316274 0.1346616176 0.295774444 43.3240907195 8.1249831152 8.621802894 0.000371786
19851 310809.4 113.8388658936 34.0900074302 3777349.027639 762035.3912934 58.004652109 0.1517642991 0.3576049734 43.4830151518 8.1251057481 8.5731917091 0.0181898673
19852 310809.49 113.8388738305 34.090014372 3777349.818386 762036.1027019002 58.006716189 0.1675756038 0.3437236627 43.6332246205 8.1443332672 8.5424176372 0.0336085051
19853 310809.58 113.8388817738 34.0900212895 3777350.606452 762036.8147825 58.0102948146 0.1909376696 0.3629183693 43.7870549651 8.1555359015 8.5110349211 0.0511830435
19854 310809.67 113.8388897299 34.0900281794 3777351.391492 762037.5281247 58.0143948942 0.1830304152 0.3479940093 43.9379856619 8.1684008207 8.4814887096 0.0694337137
19855 310809.76 113.8388976856 34.0900350391 3777352.173177 762038.2415204 58.0187251614 0.1610506875 0.2885291817 44.0880335181 8.1561013975 8.4343948845 0.0518745815
19856 310809.85 113.8389056491 34.0900418695 3777352.951628 762038.9557345002 58.0226353789 0.0832645941 0.2889839421 44.2383981841 8.1735468322 8.4015364641 0.0352389501
19857 310809.94 113.8389136227 34.090048667 3777353.7264519986 762039.6709784 58.0250537107 0.1045787049 0.2922705111 44.3833414434 8.1805128103 8.3583224767 0.0450607594
19858 310809.96 113.8389153953 34.0900501732 3777353.898156 762039.8300008002 58.0254932381 0.0746657905 0.3075076483 44.4159694512 8.1834332539 8.3504379668 0.0202088931
19859 310810.05 113.8389233764 34.0900569357 3777354.66912 762040.5460436 58.0275960788 0.0972837158 0.2701553251 44.5644689072 8.1894998027 8.3202484486 0.0257554527
19860 310810.14 113.8389313629 34.090063669 3777355.436862 762041.2626734 58.0301916683 0.1065420382 0.2830926593 44.7081965282 8.196692127 8.2767340656 0.0410161774
19861 310810.23 113.8389393562 34.0900703728 3777356.201338 762041.9800251998 58.0329771126 0.1176546167 0.3129137785 44.8604961826 8.2077880932 8.2414487563 0.029379437
19862 310810.32 113.8389473541 34.0900770441 3777356.962228 762042.6979015998 58.036159493 0.0464912817 0.27227938 44.9994992046 8.2021580085 8.2088444372 0.0266161238
19863 310810.41 113.8389553509 34.0900836896 3777357.7202449986 762043.4157538 58.039150307 -0.0510125928 0.3238113347 45.1540764521 8.2105921386 8.1679707292 0.0097641615
19864 310810.5 113.8389633572 34.0900902993 3777358.47431 762044.1346032 58.040776033 -0.1138284744 0.2931741287 45.2981925713 8.2084065677 8.1276089699 0.0012902319
19865 310810.59 113.8389713602 34.0900968814 3777359.225309 762044.8532243 58.0403517317 -0.0792682223 0.2919524766 45.4606867376 8.2167666227 8.0916775077 0.0041417694
19866 310810.68 113.838979367 34.0901034197 3777359.971461 762045.5723242 58.0393653875 -0.034038774 0.3380270837 45.6103955657 8.215599943 8.0292241897 -0.0181926756
19867 310810.77 113.8389873667 34.0901099183 3777360.713185 762046.2908993 58.039037575 -0.0699888434 0.3434227615 45.7597089504 8.1884912765 7.9830433788 -0.0024755725
19868 310810.83 113.838992694 34.0901142288 3777361.205223 762046.7694818 58.0393768148 -0.0629792607 0.3834819265 45.8687856976 8.1901774837 7.9428613577 0.0019773241
19869 310810.92 113.8390006801 34.0901206535 3777361.938711 762047.4870303002 58.0395157617 -0.0618220874 0.4127006389 46.0092098238 8.1825349316 7.8872231821 -0.0067398453
19870 310811.01 113.8390086485 34.0901270363 3777362.667508 762048.2030672 58.0402312903 -0.0952247257 0.4591116528 46.1630131641 8.1615881158 7.8390139503 0.0005316983
19871 310811.1 113.8390166031 34.0901333656 3777363.3903190014 762048.9180005002 58.0405222438 -0.232424728 0.5232855167 46.3086027342 8.1432062896 7.7700017609 0.0048079294
19872 310811.19 113.8390245356 34.0901396413 3777364.107135 762049.6310616998 58.0402840823 -0.2901141753 0.5982594277 46.4627740119 8.1255456724 7.7002967737 -0.0192489561
19873 310811.28 113.8390324351 34.0901458607 3777364.817627 762050.3412471998 58.0355598768 -0.0184210268 0.5373806053 46.6144546608 8.0744268604 7.63621345 -0.0624592788
19874 310811.38 113.8390411552 34.0901527034 3777365.599383998 762051.1252704002 58.0310202027 0.3273550524 0.5287238574 46.7916964023 8.0212258125 7.5444368564 -0.0002572332
19875 310811.48 113.839049816 34.0901594562 3777366.371015 762051.9041007 58.0367788915 0.3804674174 0.4304431883 46.9626506659 7.9629676718 7.4401208501 0.1414272304
19876 310811.58 113.839058405 34.090166124 3777367.133028 762052.6765608 58.0509231668 0.1792307816 0.3534376964 47.1445205649 7.9012175085 7.3517759715 0.1524229871
19877 310811.68 113.839066939 34.0901727018 3777367.884915 762053.4442285999 58.060208533 0.0424144676 0.2645689985 47.3075256642 7.850832175 7.2473909581 0.0564398652
19878 310811.74 113.8390720295 34.0901766074 3777368.331406 762053.902187 58.0632231534 -0.0453036577 0.2406014028 47.3998496374 7.8123879474 7.1968441878 0.0477486407
19879 310811.84 113.8390804632 34.0901830431 3777369.067272 762054.6610285 58.066593538 -0.134676061 0.2853681779 47.5480103328 7.7588592035 7.0901918016 0.0176440381
19880 310811.94 113.8390888353 34.090189388 3777369.792894 762055.4144588 58.0672785891 -0.0101117299 0.2480744019 47.6818952712 7.6840932409 6.996685243 -0.0050586778
19881 310812.04 113.839097128 34.090195653 3777370.5094449986 762056.160805 58.0663047768 0.2194458856 0.279317469 47.838569635 7.6170353643 6.9028873886 -0.0016051967
19882 310812.14 113.8391053298 34.0902018134 3777371.214151999 762056.8990830998 58.069348353 0.2296998214 0.2248829799 47.9844698886 7.5423015013 6.7989660069 0.0879773239
19883 310812.24 113.8391134472 34.0902078882 3777371.909158 762057.6298276 58.0804262217 -0.1534083121 0.2296780756 48.1374215535 7.4734106594 6.7091098372 0.1075624789
19884 310812.35 113.8391223017 34.0902144685 3777372.662135 762058.4270725 58.0868170736 -0.4254084863 0.2179411019 48.291346364 7.4122526495 6.5959788776 0.0161218879
19885 310812.46 113.8391310684 34.0902209494 3777373.403874 762059.2165141 58.0823713103 -0.3908627573 0.2113617764 48.4290779933 7.3383806824 6.5116496712 -0.0669424159
19886 310812.57 113.8391397498 34.0902273269 3777374.133906 762059.998404 58.07302617 -0.1184773653 0.2610092212 48.5399900812 7.2675048778 6.3943699065 -0.0783217345
19887 310812.68 113.839148327 34.0902336071 3777374.852869998 762060.7709711 58.0682114828 0.0838203636 0.313167308 48.6482610999 7.1671363669 6.2995696963 0.0146422936
19888 310812.72 113.8391514193 34.0902358668 3777375.111587 762061.0495165 58.0693134917 0.0631752878 0.3334045743 48.6910595257 7.1375096627 6.2636322502 0.0462804969
19889 310812.83 113.8391598564 34.0902420102 3777375.815018 762061.8095738002 58.0750066703 -0.0334328367 0.314674223 48.7867861084 7.0445033664 6.1657257925 0.066045516
19890 310812.94 113.8391681844 34.090248064 3777376.508221 762062.5598316998 58.0793080451 -0.1082640722 0.318605179 48.895899791 6.9627049507 6.0786847849 0.0206023045
19891 310813.05 113.8391764176 34.0902540226 3777377.190615 762063.3016228002 58.0803758092 -0.1541522362 0.3016619935 48.9928318294 6.8809823969 5.9730756394 0.0169760865
19892 310813.17 113.8391852953 34.0902604355 3777377.925091 762064.1015306 58.0817050096 -0.1757418249 0.3615639632 49.0882212219 6.7794371809 5.8645137709 0.0091989976
19893 310813.29 113.8391940504 34.0902667305 3777378.646156 762064.8904781 58.0825417694 -0.1729622935 0.3931390464 49.1709501227 6.6797158413 5.7663372726 -0.0051854101
19894 310813.41 113.8392026616 34.0902729091 3777379.3539370014 762065.6664894 58.082100261 -0.1180924207 0.3991329565 49.2529237882 6.5613114309 5.648553933 0.0007006444
19895 310813.53 113.839211128 34.090278966 3777380.047848 762066.4295145002 58.083837972 -0.1787582004 0.4195282028 49.3259648503 6.455071707 5.5311011142 0.0213474811
19896 310813.65 113.8392194389 34.0902848967 3777380.727347 762067.1785721 58.0869912049 -0.3265966446 0.4173254084 49.3927023142 6.3308128217 5.4175542344 0.0304330709
19897 310813.78 113.8392282564 34.0902911833 3777381.44764 762067.9733055 58.0865820842 -0.3002157169 0.4255621724 49.4743440662 6.1947461607 5.2932250914 -0.0345006436
19898 310813.91 113.8392368817 34.0902973091 3777382.149608 762068.7507913 58.0837252187 -0.258642675 0.4695883685 49.5563402603 6.0521837534 5.1555998206 -0.0186398219
19899 310814.04 113.8392453085 34.0903032752 3777382.833332 762069.5104366002 58.0820194408 -0.2447070886 0.4860383688 49.6523670271 5.9153693175 5.0258187719 -0.0191860375
19900 310814.18 113.8392541681 34.0903095101 3777383.548001 762070.3092191998 58.0828101151 -0.2580281684 0.5162347382 49.7597458693 5.7602359267 4.8638053658 0.0193399952
19901 310814.32 113.8392627888 34.0903155661 3777384.2422 762071.0864953 58.0829842463 -0.2279526424 0.5174292006 49.8755119828 5.6062264055 4.7210692104 0.0131522826
19902 310814.46 113.839271181 34.0903214314 3777384.914656 762071.8432582 58.0817930792 -0.1992267309 0.5171201677 49.984393305 5.4456229807 4.569450035 0.0064843095
19903 310814.61 113.8392798987 34.0903275095 3777385.611561 762072.6294188001 58.0837106863 -0.154287099 0.4509636123 50.1343313957 5.2723929781 4.4201186974 0.0193466719
19904 310814.76 113.8392883473 34.0903333681 3777386.283408 762073.3914078 58.0830692779 -0.0333579285 0.4213875725 50.2532040435 5.1073389657 4.2528131628 -0.0025399805
19905 310814.92 113.8392970533 34.0903393649 3777386.97126 762074.1767447 58.0859272629 0.0018916116 0.5156970781 50.3543864718 4.925803979 4.0682556247 0.0237330596
19906 310815.08 113.8393054167 34.0903451107 3777387.6303839986 762074.9312159 58.0897266278 0.0606689825 0.4832263119 50.4472709859 4.7137773293 3.9009205013 0.0196383479
19907 310815.25 113.839313884 34.0903509223 3777388.297066 762075.6950779002 58.093598228 0.0056324402 0.5618875881 50.5491895298 4.489841691 3.6971881879 0.0267285753
19908 310815.43 113.8393224044 34.090356741 3777388.9646769986 762076.4638263 58.0983733032 -0.1193622822 0.5895423109 50.6271950328 4.2546522385 3.4857357965 0.0349868152
19909 310815.6 113.8393299907 34.0903619299 3777389.55999 762077.1482621 58.1040454684 -0.1071894608 0.5569275542 50.7085410908 4.0061570747 3.2820377361 0.0231987766
19910 310815.81 113.8393387623 34.0903678931 3777390.244284 762077.9397558002 58.1037012981 -0.0181376825 0.5741686523 50.7778582561 3.706158113 3.0317041837 -0.0219937044
19911 310816.03 113.8393471609 34.0903736127 3777390.900584 762078.6975614 58.1051213844 -0.0097661799 0.507365195 50.8484179268 3.3475949467 2.7444430187 0.0300925119
19912 310816.28 113.8393556673 34.0903793416 3777391.55819 762079.4652884 58.1119265566 -0.1179735756 0.6014111452 50.8981567152 2.9184257972 2.3731792181 0.0026478462
19913 310816.58 113.8393642414 34.0903851234 3777392.22185 762080.2390998 58.1128194071 -0.0486373358 0.5776054084 50.9795589622 2.3490713707 1.9184823807 0.0239133177
19914 310816.97 113.8393727372 34.0903908005 3777392.873678 762081.0060169002 58.1156775653 -0.0310467248 0.9458701246 51.0498715991 1.6652778342 1.3443962578 0.0214273766
