19991 310829.89 113.8400806055 34.0907534399 3777434.935414 762145.2449537 58.2311969949 0.0548639396 0.5822413243 63.5095398772 2.2829396731 1.1397775021 -0.0098903924
19992 310830.3 113.8400903519 34.0907574674 3777435.407389 762146.1324114002 58.2353629768 0.0278276541 0.5880324859 63.5760508839 2.1543078096 1.0679970792 0.0137859483
19993 310830.73 113.8401000619 34.090761471 3777435.876628 762147.0165885 58.2313636206 0.1118196997 0.61234175 63.6838569215 2.0776911328 1.0265046901 -0.0067442905
19994 310831.15 113.8401098356 34.0907654724 3777436.345785 762147.9066493 58.2256941078 0.5257250069 0.6365677005 63.821639997 2.3511565927 1.1528362972 -0.0045427429
19995 310831.33 113.8401146181 34.0907674171 3777436.573883 762148.3422163 58.224369226 0.5283931134 0.6632000356 63.8828628907 2.5814513462 1.253500735 -0.0225270695
19996 310831.66 113.8401246671 34.0907714655 3777437.048962 762149.2575549 58.2203568947 0.6082736343 0.7204671903 64.0638004594 3.0715251808 1.4953160928 0.0062352588
19997 310831.94 113.8401346707 34.0907754786 3777437.520001998 762150.1688016 58.2250974439 0.4939537983 0.6930706004 64.2744536375 3.5434179721 1.7025627481 0.0082449671
19998 310832.19 113.8401448385 34.0907795212 3777437.994746 762151.0951202 58.2180283591 0.6558102452 0.6821907978 64.4913008924 3.9701515106 1.870880979 -0.0116437772
19999 310832.41 113.840154703 34.0907834036 3777438.450930998 762151.9939402 58.2214605762 0.5045596661 0.6853718503 64.7598501508 4.3117726169 2.0279025829 0.004943411
20000 310832.62 113.8401649122 34.0907873786 3777438.918272 762152.9242886 58.2196811 0.4209037158 0.6669853955 65.0174489911 4.6541351514 2.1698955159 -0.0060761017
20001 310832.81 113.8401748036 34.0907911899 3777439.366639 762153.8257988001 58.2193627991 0.3874752789 0.5969894726 65.3167333246 4.9481074622 2.2806450768 -0.0151947085
20002 310832.99 113.8401847371 34.0907949563 3777439.810121 762154.731338 58.214635022 0.3772107251 0.5682665205 65.579389652 5.231810857 2.3726590157 -0.0523191107
20003 310833.16 113.8401946109 34.0907986564 3777440.246098001 762155.6315719 58.2112705605 0.3730443414 0.6480114848 65.8805717183 5.4886210007 2.4548590315 0.0077894928
20004 310833.33 113.8402049622 34.0908024811 3777440.6971269986 762156.5755135 58.2108185925 0.3857224335 0.6870298059 66.1717121284 5.745375056 2.5343258225 -0.03103412
20005 310833.38 113.8402080943 34.0908036301 3777440.832689 762156.8611566 58.2089809943 0.4414012149 0.6838254422 66.2621806932 5.8160008203 2.560787762 -0.0391794848
20006 310833.54 113.8402183853 34.0908073661 3777441.2737199985 762157.7997971999 58.2015415076 0.5846201544 0.7313730716 66.5717877371 6.0485909463 2.6160898922 -0.012790834
20007 310833.69 113.8402283891 34.0908109487 3777441.696989 762158.7123915999 58.2052559769 0.4695213791 0.703927253 66.8428037751 6.2620225506 2.6765694158 0.0263323886
20008 310833.84 113.8402387373 34.0908146084 3777442.129698 762159.6565504002 58.2048851578 0.5629250185 0.6875116941 67.1408202244 6.472118525 2.7266323148 -0.0288754807
20009 310833.99 113.840249419 34.0908183236 3777442.569425 762160.6313289 58.2036168436 0.6470413033 0.7197593875 67.4336295595 6.6723002423 2.7653207523 -0.0087917336
20010 310834.13 113.8402596781 34.0908218488 3777442.986985 762161.5676744998 58.2064283267 0.5595657258 0.7177960769 67.6980232638 6.8566956606 2.8113108481 0.0103001019
20011 310834.27 113.8402702206 34.0908254241 3777443.410825 762162.5300339 58.2107662093 0.4181179664 0.7333770994 67.8750479474 7.0402991636 2.8510975878 0.0132693613
20012 310834.41 113.8402810335 34.0908290568 3777443.8417339986 762163.5171797 58.2137252036 0.3711254262 0.7672255469 67.9929334455 7.212028669 2.9024597273 -0.0053302501
20013 310834.54 113.8402913076 34.0908324878 3777444.248875 762164.4552042 58.2117807567 0.3824633058 0.8006021372 68.0978970785 7.367989641 2.9558719299 -0.0274185566
20014 310834.67 113.8403017996 34.0908359732 3777444.662613 762165.4131768 58.2111731088 0.336303965 0.8105456563 68.1597904101 7.5259408685 3.0001364013 -0.0016856261
20015 310834.8 113.8403125006 34.0908395207 3777445.0837800014 762166.390256 58.2125158338 0.4189642533 0.8270019837 68.2209160825 7.672744221 3.0479171662 -0.0071149042
20016 310834.92 113.8403225621 34.0908428485 3777445.478926 762167.3089607 58.2091708304 0.7211952225 0.813839079 68.2643849549 7.8022795193 3.1043883518 -0.0412455435
20017 310835.04 113.8403327916 34.0908462264 3777445.880058 762168.243033 58.2094900161 0.8156520806 0.81845248 68.3185960109 7.9265451972 3.1420347142 0.0710285224
20018 310835.16 113.840343182 34.0908496493 3777446.286604 762169.191817 58.2245524777 0.3559340039 0.794317173 68.3526456377 8.056099009 3.1834344006 0.1218432383
20019 310835.28 113.8403537469 34.0908531267 3777446.699633 762170.1565476998 58.2350612599 0.1373173158 0.7111096469 68.4022268775 8.1925052292 3.2434637217 -0.0050065454
20020 310835.4 113.8403644868 34.0908566542 3777447.118686 762171.1372728002 58.2274036827 0.3824508183 0.6717457835 68.4564668166 8.3183434005 3.2778346968 -0.1294693249
20021 310835.52 113.840375374 34.0908602199 3777447.542349 762172.1314932 58.2228999138 0.6384325577 0.6285854861 68.5278498944 8.4205120072 3.3127865942 0.0568411303
20022 310835.63 113.840385482 34.0908635214 3777447.934695 762173.0545726998 58.2358064102 0.3914339579 0.605182682 68.5972441935 8.5374209769 3.3428205759 0.0819677427
20023 310835.74 113.8403957277 34.0908668512 3777448.330529 762173.9902884 58.2412327705 0.2983086378 0.5460538062 68.6728522814 8.6440007825 3.3764826622 -0.0071041628
20024 310835.85 113.8404061012 34.0908702091 3777448.729821 762174.9377117 58.2421270581 0.2388350825 0.6100411132 68.7625028119 8.7616467501 3.3917053921 -0.0206841494
20025 310835.96 113.8404166082 34.090873587 3777449.131671 762175.8974004 58.2423012815 0.2618662067 0.5964158968 68.8395077114 8.8621693557 3.4259339241 -0.0289104135
20026 310836.07 113.8404272346 34.0908770006 3777449.537785 762176.8679978001 58.240112463 0.437870761 0.6403712898 68.9407562794 8.9622526985 3.4481163048 -0.0239176071
20027 310836.18 113.8404379834 34.0908804301 3777449.945978 762177.8498534 58.2400939008 0.5187421892 0.612183277 69.022523099 9.0574202009 3.460228927 0.013610868
20028 310836.29 113.8404488379 34.0908838855 3777450.357318 762178.8413934 58.2457479024 0.3914765721 0.6339134304 69.13217495 9.1472295445 3.481120946 0.0667847962
20029 310836.34 113.8404538085 34.0908854591 3777450.544716001 762179.2954652 58.2491119793 0.3258141185 0.6414299156 69.1789527749 9.1919890415 3.4839015337 0.0528602793
20030 310836.45 113.8404648229 34.0908889305 3777450.958243 762180.3017199 58.2528520627 0.3638356525 0.5940336381 69.3000526166 9.2814545831 3.5053922851 0.0012403381
20031 310836.56 113.8404759385 34.0908924227 3777451.37434 762181.3172429 58.2517764382 0.6288689005 0.5753809523 69.4632636431 9.3677265 3.505973715 -0.0093327457
20032 310836.66 113.840486132 34.0908955938 3777451.752431 762182.2486308 58.2546136566 0.6478643708 0.4918540053 69.6143400177 9.4393798038 3.5162013653 0.0574605244
20033 310836.76 113.840496408 34.0908987689 3777452.131179 762183.1876106 58.265388499 0.40388663 0.4789433599 69.7879955422 9.523039675 3.5146400387 0.1317577305
20034 310836.86 113.8405067765 34.0909019376 3777452.5094550014 762184.1351590998 58.2731225854 0.2762351079 0.3769361408 69.9656186754 9.6111384798 3.5092476564 0.0320992968
20035 310836.96 113.8405172262 34.0909051076 3777452.888080002 762185.0902014 58.2742956113 0.1930829555 0.3822607746 70.1621308678 9.674331813 3.5013464294 0.0125642596
20036 310837.06 113.8405277238 34.0909082491 3777453.263674 762186.0497511 58.2744957758 0.0532538603 0.3459992174 70.3485322548 9.7120146933 3.467197835 0.0300059094
20037 310837.16 113.84053826 34.0909113724 3777453.637343 762187.0129140002 58.2755625481 -0.1679445224 0.3629522932 70.5428649819 9.7473119262 3.445468973 0.0031431242
20038 310837.2 113.8405424822 34.0909126143 3777453.786007 762187.3989172 58.2746921806 -0.1592528844 0.3802176613 70.6171602411 9.745531469 3.4316778753 -0.0184950687
20039 310837.3 113.840553049 34.0909156908 3777454.154561 762188.3650609 58.2700511431 -0.1384684946 0.3997816363 70.8049647218 9.7585186563 3.392412888 -0.0641301133
20040 310837.4 113.8405636275 34.0909187449 3777454.520665 762189.3323476 58.2633813424 -0.0078585253 0.4135432109 70.9981526464 9.7561315889 3.3660848408 -0.0508028233
20041 310837.5 113.8405742062 34.0909217678 3777454.883297 762190.2997545 58.2612427734 -0.0078492275 0.4326614117 71.188010411 9.7656059266 3.3292785577 -0.0110789604
20042 310837.6 113.8405847842 34.0909247576 3777455.2422589986 762191.2671915 58.2630906096 -0.0897104557 0.4419972277 71.3767067665 9.7576878501 3.2931266427 0.0094505529
20043 310837.7 113.8405953618 34.0909277141 3777455.597519 762192.234696 58.2629818637 -0.2051264272 0.4617255822 71.5465412339 9.7610342128 3.2524258379 -0.0346796969
20044 310837.8 113.8406059478 34.090930642 3777455.949631 762193.2030651999 58.2599486681 -0.2056181829 0.4647371857 71.6992819315 9.761789415 3.2305104677 -0.0402487404
20045 310837.9 113.8406165298 34.0909335447 3777456.298943 762194.1711516 58.2561384793 -0.1747786228 0.4856535361 71.8358543414 9.7621239214 3.1959653453 -0.0644152016
20046 310838.0 113.8406271051 34.0909364229 3777456.64551 762195.138682 58.2510445295 -0.1068088979 0.4843097848 71.9801656462 9.751258346 3.1746248793 -0.0684208215
20047 310838.1 113.8406376736 34.0909392753 3777456.9892050014 762196.105671 58.2484722231 -0.1680081698 0.5101625215 72.1239877192 9.745401353 3.1437081088 -0.0220529821
20048 310838.11 113.8406387301 34.0909395587 3777457.023365 762196.202346 58.2482659258 -0.1333282162 0.4930509338 72.1390298611 9.7470208881 3.139756011 -0.0252353681
20049 310838.21 113.8406492995 34.0909423809 3777457.363703 762197.1695053 58.2472128803 -0.181862076 0.4901910252 72.2935884323 9.7530101719 3.1199125096 -0.0104400675
20050 310838.31 113.8406598771 34.0909451768 3777457.701147 762198.1375066999 58.2438588636 -0.1527700828 0.5701838611 72.4530139078 9.7733029054 3.0762187508 -0.0538641585
20051 310838.41 113.8406704791 34.090947947 3777458.0358 762199.1078436 58.2373058805 -0.02002875 0.5405580716 72.6007769592 9.7919575209 3.0677547546 -0.0676998857
20052 310838.51 113.8406810991 34.0909507028 3777458.368905 762200.079887 58.2329691071 -0.0351414748 0.6040339374 72.754109244 9.8118539634 3.0386275827 -0.0213522152
20053 310838.61 113.840691744 34.0909534325 3777458.699169 762201.0542982 58.2325592972 -0.1906313795 0.6143976882 72.8995361463 9.8362086927 3.0267961795 -0.0200452883
20054 310838.71 113.8407024141 34.0909561517 3777459.028341002 762202.0310796 58.2285456872 -0.1015729455 0.6464715499 73.0607923737 9.8643295429 3.0019313083 -0.0606773772
20055 310838.81 113.8407131156 34.0909588465 3777459.354877 762203.0108335 58.2219948014 0.0137741414 0.6289728584 73.2090119066 9.8912700295 2.9768246567 -0.0600522616
20056 310838.91 113.840723844 34.0909615276 3777459.6799699985 762203.9931186 58.218969088 0.0923500886 0.6037478787 73.3586341132 9.9149424517 2.9627772342 0.0160794685
20057 310839.01 113.8407346055 34.0909641892 3777460.002982 762204.9785071 58.2201627949 -0.0276377033 0.6046323616 73.5007599401 9.9518569436 2.9422167293 0.001165842
20058 310839.11 113.8407453979 34.0909668382 3777460.324681 762205.9668010002 58.2196047809 -0.0643967836 0.6002070695 73.6481568665 9.9821415171 2.9315139746 -0.0249537366
20059 310839.21 113.8407562277 34.0909694711 3777460.644674 762206.9585901998 58.2179140607 -0.0889918046 0.6139001307 73.7714062299 10.0209359562 2.9078319936 -0.05262703
20060 310839.31 113.8407671054 34.0909720908 3777460.963343 762207.9548436998 58.2124349764 0.1121175557 0.6447896754 73.8817039065 10.0679515797 2.8997770803 -0.0526441618
20061 310839.41 113.840778027 34.0909746978 3777461.280701 762208.9551854 58.2099466948 0.2333731234 0.6526504891 73.9770463287 10.1010427834 2.8839085714 0.007742295
20062 310839.51 113.8407889856 34.0909773038 3777461.598055002 762209.9589548 58.2126487279 0.2398288469 0.6300003876 74.0874245209 10.1346957398 2.8905159948 0.0395103335
20063 310839.61 113.8407999834 34.0909799005 3777461.914465 762210.9663681 58.2166374195 0.1559255109 0.6578835755 74.1914067683 10.1779918822 2.8700147315 0.0118308666
20064 310839.71 113.8408110218 34.090982488 3777462.2299690014 762211.9775499002 58.2181539331 0.0443242193 0.5894542499 74.3110245296 10.2096967723 2.8675799788 0.0091517789
20065 310839.81 113.8408220916 34.0909850685 3777462.544774 762212.9916619002 58.220178416 -0.0809970541 0.5822868271 74.4360461445 10.2383666203 2.8466527948 0.0076174891
20066 310839.91 113.8408331926 34.0909876269 3777462.857204 762214.0087242 58.2179767489 -0.0495648493 0.5561209393 74.5623612817 10.2589804329 2.8240882713 -0.0558144475
20067 310840.01 113.8408443014 34.0909901666 3777463.167575 762215.0265588 58.2142793434 -0.022998527 0.5999467766 74.7040365464 10.2485859395 2.7977269416 -0.0188410013
20068 310840.02 113.8408454119 34.0909904187 3777463.1984129986 762215.1283165 58.2141789692 -0.0129593283 0.6022198805 74.7188823805 10.2502301112 2.7929931842 -0.0132840124
20069 310840.12 113.8408565088 34.0909929274 3777463.505317 762216.1451513 58.2152771475 -0.0902796652 0.5777893764 74.8714071793 10.221982639 2.7687542378 -0.0078668209
20070 310840.22 113.8408675895 34.0909954084 3777463.8091050014 762217.1605744001 58.2150272736 -0.0753007146 0.5842313587 75.0187117362 10.2189892569 2.7303773724 -0.0413301728
20071 310840.32 113.8408786661 34.0909978602 3777464.109647 762218.175712 58.2124160668 0.014700483 0.5220864319 75.1468591011 10.2154130426 2.7069816911 -0.037849975
20072 310840.42 113.8408897322 34.0910002888 3777464.407583999 762219.1899491998 58.211923779 0.0247231654 0.5638368216 75.2743391669 10.2050761525 2.675182606 0.0056485559
20073 310840.52 113.8409007778 34.0910026858 3777464.701962 762220.2023873 58.213950404 -0.0306143493 0.5810212107 75.4008797717 10.1798598967 2.6400783685 -0.0031989346
20074 310840.62 113.8409118034 34.091005061 3777464.993872 762221.2130504 58.2139915004 0.0177148288 0.5711554275 75.5245465556 10.1545562054 2.6220712508 -0.004490006
20075 310840.72 113.8409227914 34.0910074065 3777465.282386 762222.2203366 58.2137415409 0.0980429731 0.5371778984 75.639915134 10.1207331402 2.5840582024 -0.003501267
20076 310840.82 113.8409337226 34.0910097227 3777465.5675 762223.2224681998 58.2153391056 0.0432174566 0.5367849924 75.764842581 10.0529445548 2.5462521275 0.0335942913
20077 310840.92 113.8409445657 34.0910120005 3777465.848136 762224.2165806 58.2194219446 -0.1934396251 0.5034377548 75.9015649713 9.9601200636 2.5018993637 0.0421728558
20078 310840.97 113.840949947 34.0910131228 3777465.986505 762224.7099688002 58.2214496713 -0.3372426164 0.4878874954 75.9737319869 9.9040061944 2.4756216247 0.019797261
20079 310841.07 113.8409606261 34.0910153345 3777466.259376 762225.6891489 58.222046447 -0.4837595763 0.4697581272 76.097475387 9.7982953838 2.428843942 -0.0372419386
20080 310841.17 113.8409711925 34.0910175036 3777466.527234 762226.6580495 58.2163914973 -0.3479938651 0.4308040016 76.2218723328 9.6902853105 2.3745649589 -0.0698541149
20081 310841.28 113.8409826753 34.0910198381 3777466.815793 762227.7110452 58.2074336465 -0.1326393893 0.4527802465 76.3582818057 9.5705736702 2.3158731623 -0.0737522193
20082 310841.39 113.840994003 34.0910221119 3777467.097229 762228.7499143 58.2052002242 -0.1962841608 0.5271515679 76.4969993998 9.432939065 2.2542474402 0.0208123314
20083 310841.5 113.8410051743 34.0910243306 3777467.372145 762229.7745123 58.20899361 -0.5418239077 0.5638453487 76.6270406704 9.3055173196 2.2054518636 0.0122527116
20084 310841.61 113.8410162027 34.0910264976 3777467.640959 762230.7860785 58.2072049035 -0.6599689039 0.5830915771 76.7548938281 9.2022037177 2.1492177941 -0.0501190009
20085 310841.72 113.8410271242 34.0910286261 3777467.905222 762231.7878904 58.1968452847 -0.5498866306 0.5714213014 76.8845111816 9.1219216782 2.120781351 -0.1024026691
20086 310841.83 113.8410379471 34.0910307152 3777468.164856 762232.7807218998 58.1843498787 -0.3874476768 0.6108497195 77.0180205566 9.0392530051 2.0698942747 -0.0970008369
20087 310841.94 113.8410486691 34.0910327589 3777468.41919 762233.7643778 58.176253329 -0.2832345826 0.634274467 77.1540984762 8.9494336174 2.0359728596 -0.0573203368
20088 310841.99 113.8410535083 34.0910336733 3777468.533103 762234.2083571 58.174612632 -0.3072291708 0.646130125 77.211260556 8.9106794237 2.014856678 -0.0289972005
20089 310842.1 113.8410640778 34.0910356508 3777468.779698998 762235.1781314998 58.1718176529 -0.3897040324 0.6540036283 77.330587314 8.8187312029 1.9666740698 -0.0401463665
20090 310842.22 113.8410754743 34.0910377667 3777469.043789 762236.2238407 58.1678995294 -0.3543150987 0.6132460138 77.4649090788 8.7055528254 1.9319995339 -0.0213782465
20091 310842.34 113.8410867211 34.0910398306 3777469.301719 762237.2558885 58.1626507742 -0.3576782121 0.5966694966 77.605039374 8.5875195433 1.8758389894 -0.064502319
20092 310842.46 113.8410978026 34.0910418439 3777469.553608 762238.2728329 58.1570188366 -0.3057801194 0.561935253 77.7404529728 8.4542112881 1.8283468429 -0.0409875808
20093 310842.58 113.8411087146 34.091043797 3777469.798379 762239.2743099 58.1546628205 -0.4384238024 0.5958633703 77.8573906864 8.3251753216 1.7749367924 -0.0100813169
20094 310842.7 113.8411194476 34.0910456953 3777470.036621 762240.2594231 58.1515494958 -0.5085859261 0.6574493173 77.9819283755 8.1786676561 1.7343355819 -0.0469132043
20095 310842.83 113.8411308714 34.0910476939 3777470.287753 762241.3080172 58.144631465 -0.4761954228 0.7218442712 78.1071807205 8.0342293172 1.6726794899 -0.0617021462
20096 310842.96 113.8411420736 34.0910496291 3777470.531286 762242.3363433002 58.1374952672 -0.3916081488 0.7608886703 78.2222611921 7.8737376936 1.6259541724 -0.0531402757
20097 310843.09 113.8411530422 34.0910515138 3777470.768618 762243.3432500998 58.1328093931 -0.4173177655 0.7654970113 78.3372517589 7.7051941247 1.5773374676 -0.0359073577
20098 310843.22 113.8411637747 34.091053343 3777470.999188 762244.3285362 58.1279961802 -0.3605317712 0.7328965742 78.4586940538 7.5380509398 1.5336331575 -0.0286051763
20099 310843.35 113.8411742676 34.0910551168 3777471.222985 762245.2918716999 58.1251824684 -0.363599425 0.7377861749 78.5743759603 7.3635851675 1.4847459026 -0.0362315596
20100 310843.49 113.8411852877 34.0910569572 3777471.455536 762246.3036814998 58.1205878211 -0.2845342285 0.7078288717 78.7071682723 7.1604697202 1.4235888949 -0.0317527726
20101 310843.63 113.8411959755 34.0910587234 3777471.678987 762247.2850287 58.1197483204 -0.385563341 0.7128157737 78.8237482537 6.9351566705 1.3680270938 -0.0083315428
20102 310843.78 113.8412070491 34.0910605314 3777471.908077 762248.3018739 58.1183777703 -0.5367309717 0.7976156869 78.9419410858 6.6933764636 1.2909999148 0.000173247
20103 310843.93 113.8412177214 34.0910622433 3777472.125465 762249.281968 58.1160576884 -0.4853326161 0.8193195061 79.0356049601 6.441813664 1.2388187367 -0.030849148
20104 310844.09 113.8412286626 34.0910639944 3777472.347901 762250.2867636 58.1097886823 -0.3121061652 0.7929851957 79.1457316536 6.1781448803 1.179598825 -0.0711400105
20105 310844.26 113.8412397803 34.0910657405 3777472.570239 762251.3078671 58.1010098774 -0.0834626544 0.8604508682 79.231525076 5.8847322586 1.1009151987 0.0034905739
20106 310844.44 113.8412509622 34.0910674812 3777472.792135 762252.3349196 58.1056500878 -0.1518325099 0.9377182144 79.3494814964 5.5830885414 1.0368311364 0.0104765796
20107 310844.63 113.8412621024 34.0910692079 3777473.01237 762253.3581668 58.1049749665 -0.1031338193 0.7962016346 79.4293371867 5.2403933038 0.9752679961 0.0099519244
20108 310844.83 113.8412730735 34.0910708922 3777473.227469 762254.3659223 58.1087943604 -0.4446720478 0.8038702115 79.5060415199 4.8787195518 0.8930538547 0.0304399371
20109 310845.05 113.8412842008 34.09107257 3777473.442249 762255.3881306 58.1071077064 -0.4819849848 0.9148884363 79.5893536581 4.4455488019 0.8170710152 -0.0184912771
20110 310845.29 113.8412951265 34.0910742436 3777473.656043 762256.3917365 58.106510195 -0.3911287242 0.7673131906 79.6841987642 3.9577433904 0.7255195231 -0.0517429321
20111 310845.3 113.8412955548 34.0910743089 3777473.664389 762256.4310722 58.10600283 -0.3802213571 0.7640171063 79.6867352628 3.9400793563 0.7201187287 -0.0557539264
20112 310845.57 113.8413062619 34.0910759035 3777473.868848 762257.4147420998 58.0935472278 -0.1912663797 0.8729575066 79.7296462633 3.3696412181 0.6005711721 -0.000647781
20113 310845.9 113.8413170474 34.0910775299 3777474.077047 762258.405545 58.0999971731 -0.3726730026 0.7928525015 79.7880829716 2.6719396597 0.484053952 0.0082475399
20114 310846.34 113.841327717 34.0910791253 3777474.281501 762259.3857414002 58.0965361139 -0.3409836475 0.7828926833 79.8552894757 1.8730083421 0.3368927591 -0.026309566
