20197 310859.63 113.8422023728 34.0911069211 3777479.613124 762340.0569088 57.9786115605 -0.26408676 0.7681232276 93.2038326227 1.4303156273 -0.0897079269 0.0469018845
20198 310860.3 113.8422133006 34.0911064014 3777479.583530002 762341.0674861999 57.9778117044 -0.2677322508 0.7197757676 93.3856761974 1.6182457116 -0.0966231081 -0.0339031121
20199 310860.83 113.842224257 34.0911058834 3777479.554187998 762342.080691 57.9608679768 0.2120363283 0.6023130309 93.6160781693 2.3058107787 -0.1527495791 0.0188854044
20200 310861.21 113.8422350968 34.0911053004 3777479.517334 762343.0833231 57.9530190136 0.427854134 0.6113668771 93.8437275739 2.9789153046 -0.2065084988 -0.0121419783
20201 310861.52 113.8422459729 34.0911046767 3777479.476065 762344.0894425 57.9528336711 0.507817996 0.5024284042 93.999258468 3.4889063218 -0.246640685 -0.011298889
20202 310861.8 113.8422571795 34.0911039935 3777479.429042 762345.1262547 57.9553749766 0.4900316912 0.5430398129 94.1269668943 3.9001546663 -0.2881636424 0.0055132112
20203 310862.05 113.8422682441 34.0911033191 3777479.382633 762346.1499348001 57.9574141446 0.4806245333 0.4793623735 94.2820093299 4.2717605175 -0.3192496385 0.0249994016
20204 310862.17 113.8422739147 34.0911029602 3777479.357371 762346.6746115 57.9591349745 0.4780730297 0.4556335152 94.3546816729 4.455335177 -0.3431851744 0.0069815885
20205 310862.39 113.842284919 34.0911022448 3777479.306248 762347.6928514 57.9614817174 0.4203149832 0.4708440265 94.5218766226 4.7933983846 -0.3848553245 -0.0021064644
20206 310862.6 113.8422961916 34.0911014848 3777479.25087 762348.7359923002 57.9615819138 0.3207864493 0.4642072259 94.6914504368 5.1165464903 -0.4306105876 0.0189336049
20207 310862.79 113.8423070014 34.0911007332 3777479.195232 762349.7363866002 57.9659429295 0.3783311323 0.4256316237 94.8719271123 5.3914898386 -0.4566468535 0.0120098993
20208 310862.98 113.8423183852 34.0910999053 3777479.132608 762350.7900073002 57.9597331882 0.6125666106 0.4424207759 95.0483501244 5.6714800422 -0.503377561 -0.0554243106
20209 310863.16 113.8423297064 34.09109906 3777479.067891 762351.8379067 57.9580444163 0.2854313589 0.4876767944 95.2424106072 5.9342486711 -0.5510800821 0.0612337602
20210 310863.33 113.8423408472 34.0910981998 3777479.001049 762352.8691926999 57.9689617483 -0.1853727337 0.494395016 95.4437760999 6.1589468504 -0.5891965374 0.041973041
20211 310863.49 113.842351738 34.0910973365 3777478.933231 762353.8774066998 57.9575884845 0.0870590017 0.4412139059 95.6471290808 6.3891952657 -0.6300753888 -0.1409042314
20212 310863.65 113.8423630047 34.0910963964 3777478.857847 762354.9205625 57.9385846118 0.4553728431 0.4591943459 95.8322788808 6.5945899221 -0.6918018125 -0.0138617671
20213 310863.74 113.8423694994 34.0910958393 3777478.8127129986 762355.5219381 57.9399679536 0.3305275208 0.491577449 95.9399432473 6.7163068861 -0.703097738 0.0511886132
20214 310863.89 113.8423805808 34.0910948636 3777478.732903 762356.5481014 57.9442426255 0.1288074679 0.5473574044 96.1305237908 6.9136695646 -0.7518758986 -0.0063535451
20215 310864.04 113.8423919743 34.0910938383 3777478.648393 762357.6032351998 57.9358783625 0.2874930132 0.4891450206 96.3318386796 7.0965398193 -0.7838033284 -0.0478154765
20216 310864.18 113.842402889 34.0910928212 3777478.5635690014 762358.614131 57.9307479151 0.2787908452 0.4708663439 96.5054879234 7.2702005867 -0.8320183795 0.0100145119
20217 310864.32 113.8424140547 34.0910917429 3777478.472587 762359.6483884 57.9302529618 0.1640651416 0.4947299722 96.6777258102 7.435740337 -0.8802439393 0.0063703436
20218 310864.46 113.8424254657 34.0910906138 3777478.376608 762360.705455 57.9268685831 0.2199554779 0.508309771 96.8571459353 7.5949511193 -0.9182861406 -0.0360499209
20219 310864.59 113.8424362806 34.0910895143 3777478.282379 762361.7073868 57.9183685258 0.3587072878 0.532928095 97.0144112537 7.741911809 -0.9543049512 -0.0622541982
20220 310864.72 113.8424472943 34.0910883649 3777478.183123002 762362.7278346998 57.9152912824 0.397434155 0.6223036392 97.1176850022 7.8829691386 -1.0016675681 0.0242747673
20221 310864.85 113.8424585037 34.0910871836 3777478.080821 762363.7664495 57.9183338257 0.231285547 0.6128851658 97.206776241 8.0173157115 -1.0218274579 0.0247703139
20222 310864.94 113.8424663789 34.0910863512 3777478.008680002 762364.4961393 57.9174725162 0.1495626107 0.6085338266 97.27955204 8.1118996061 -1.0391382664 -0.028664994
20223 310865.07 113.8424779177 34.0910851118 3777477.900793 762365.5653396 57.9144878117 0.1850699578 0.6019149302 97.3786484276 8.2542342402 -1.0722347958 -0.0288777147
20224 310865.19 113.8424887426 34.0910839412 3777477.798694 762366.5684208 57.9091879325 0.3123432634 0.5703775126 97.4877225264 8.3838419619 -1.1019354655 -0.0536958836
20225 310865.31 113.8424997306 34.0910827325 3777477.692794 762367.5866776 57.9079987099 0.2586179024 0.5807105467 97.5944266476 8.5060661234 -1.1411118584 0.042877571
20226 310865.43 113.8425108813 34.0910814938 3777477.583978 762368.6200449 57.9123938615 0.0874243006 0.4909410886 97.7156610679 8.6330258191 -1.1596838863 0.0187259605
20227 310865.55 113.8425221866 34.0910802176 3777477.471402 762369.6678042 57.9105696259 0.1181588153 0.4710046969 97.8535186904 8.7403990154 -1.206289694 -0.0387419352
20228 310865.67 113.8425336389 34.0910788926 3777477.353783 762370.729289 57.9033597056 0.2213385209 0.4619213408 97.990239897 8.8518035251 -1.243716999 -0.0449324801
20229 310865.79 113.8425452281 34.091077528 3777477.23212 762371.8035372 57.9025834622 0.2229986516 0.4847737807 98.1291044089 8.9584333311 -1.2871254868 0.0194817818
20230 310865.9 113.8425559691 34.0910762446 3777477.117289 762372.7992198 57.903748 0.2090881994 0.4847112107 98.2638366822 9.0535896504 -1.3130966643 -0.0206142163
20231 310866.01 113.8425668222 34.0910749249 3777476.998725 762373.8053613001 57.9013385102 0.2293828093 0.4862885898 98.3935289968 9.143392803 -1.3522976421 -0.0176902459
20232 310866.06 113.8425717896 34.0910743111 3777476.9433699986 762374.2658979 57.9009027937 0.177533605 0.4666566537 98.4528347204 9.1867620685 -1.3728543693 0.0036390287
20233 310866.17 113.8425827919 34.0910729399 3777476.819478 762375.2859798998 57.9010542324 -0.002882659 0.4343853652 98.5894772049 9.2839133438 -1.3974404795 0.0161435556
20234 310866.28 113.842593902 34.0910715303 3777476.691593 762376.3161266 57.8983696504 -0.0483146006 0.4087489441 98.7207823562 9.370462282 -1.4449823399 -0.0498386769
20235 310866.39 113.8426051171 34.0910700849 3777476.56 762377.3560846 57.8907546382 0.0756904699 0.3770700113 98.8541082628 9.4550750642 -1.4752995688 -0.0730034279
20236 310866.5 113.8426164352 34.0910686046 3777476.424807 762378.4056595 57.8840870736 0.1070816103 0.3879191618 98.989584626 9.5445410705 -1.5153838295 -0.0277639334
20237 310866.61 113.8426278539 34.091067088 3777476.285847 762379.4646312 57.8828310845 0.1047268672 0.3596172956 99.1274279067 9.6251091898 -1.5471897226 -0.0069758532
20238 310866.72 113.8426393766 34.0910655369 3777476.1433129986 762380.5333109 57.8780505434 0.2057958734 0.3396466166 99.2672300094 9.7133660714 -1.5847690164 -0.0547785212
20239 310866.83 113.8426509968 34.0910639472 3777475.9967620014 762381.61112 57.8746180693 0.2139370352 0.4266883887 99.4208707405 9.7885361912 -1.6324475669 0.0050136382
20240 310866.94 113.8426627158 34.0910623066 3777475.8447980015 762382.6982026 57.8771915752 -0.0555503668 0.4418834096 99.5493556559 9.8764197098 -1.6717685551 0.0210394874
20241 310867.04 113.8426734599 34.0910607854 3777475.703591998 762383.6948991 57.875433661 -0.1328049627 0.4485750935 99.6684522397 9.9509530907 -1.6994583079 -0.0842101982
20242 310867.11 113.8426810304 34.0910597045 3777475.603092 762384.3972222 57.8685244694 -0.0171634601 0.4635260794 99.7548484949 10.0092453006 -1.7243071078 -0.1373642
20243 310867.21 113.8426919135 34.0910581387 3777475.457292 762385.4068968 57.8570892326 0.2736797255 0.4261947352 99.8940910367 10.0762003602 -1.7521347066 -0.0555009605
20244 310867.31 113.8427028672 34.0910565398 3777475.307999 762386.4231934 57.8561373558 0.283478493 0.4161770815 100.0312524666 10.1380119298 -1.798764969 0.0292617821
20245 310867.41 113.8427138909 34.0910549078 3777475.155217 762387.4460551 57.8594209906 0.2356552849 0.3633104386 100.1574295231 10.2088834331 -1.8290548096 0.0484953763
20246 310867.51 113.8427249835 34.091053246 3777474.999297 762388.4753710999 57.8617334534 0.2441696024 0.3484430359 100.2874392733 10.2694796778 -1.8667791043 0.0201371662
20247 310867.61 113.8427361443 34.0910515497 3777474.839726 762389.5110879 57.859653729 0.2863959024 0.3961913585 100.4260588987 10.3351865151 -1.9027372537 -0.0423753325
20248 310867.71 113.8427473728 34.0910498202 3777474.676653 762390.5531591999 57.8590475991 0.2971337828 0.3297741964 100.5674441037 10.3910529607 -1.9314873836 0.0069928315
20249 310867.81 113.8427586701 34.0910480606 3777474.510406 762391.6016768 57.8610284803 0.1129089584 0.3618882847 100.7086926733 10.4577609158 -1.9794269194 0.0235019775
20250 310867.91 113.8427700348 34.0910462524 3777474.3389449986 762392.6565583 57.8625588156 -0.1083741536 0.41172061 100.8350057763 10.5235407013 -2.0330938021 0.0063251336
20251 310868.01 113.842781475 34.0910444137 3777474.1642910014 762393.7185174 57.8579423502 -0.1654030054 0.4169215167 100.9788844552 10.592662619 -2.0557860453 -0.074417348
20252 310868.11 113.8427929717 34.0910425552 3777473.987587 762394.7857489 57.8467052272 -0.1131141076 0.4437044291 101.1365114518 10.6533908377 -2.0975773399 -0.1088072598
20253 310868.21 113.8428045232 34.0910406626 3777473.807237 762395.8581495 57.8376300139 -0.0487249152 0.4182252357 101.3155416003 10.7053709276 -2.1348327243 -0.041976729
20254 310868.31 113.842816124 34.091038734 3777473.623021 762396.9352043 57.8325072192 -0.0881687873 0.4072227533 101.5139879071 10.7428660811 -2.1821323733 -0.0482650697
20255 310868.41 113.8428277579 34.0910367648 3777473.434377 762398.0154443001 57.8265902894 -0.103124282 0.4083879846 101.7183363035 10.7606130694 -2.219042679 -0.0445998911
20256 310868.51 113.8428394111 34.0910347539 3777473.241167 762399.0976045 57.8216534443 -0.1837983537 0.4145195912 101.9316338196 10.7819058849 -2.2708412525 -0.0505702423
20257 310868.61 113.8428510619 34.0910327069 3777473.043936 762400.1796473 57.8168959124 -0.216420045 0.441134058 102.1469261971 10.7596194393 -2.3137818043 -0.0147275226
20258 310868.71 113.8428626919 34.0910306217 3777472.842416001 762401.2598813 57.8118984262 -0.184070132 0.4288432357 102.35844707 10.7443129315 -2.3479714276 -0.0602669259
20259 310868.8 113.8428731452 34.0910287188 3777472.658103 762402.2309209 57.80481988 -0.0629594875 0.4417718478 102.5584575032 10.7292501675 -2.3828943128 -0.0547623488
20260 310868.9 113.8428847306 34.091026569 3777472.449292 762403.3072431998 57.800962558 0.1111726295 0.491661571 102.7879448162 10.6939859282 -2.4267951832 -0.0130806674
20261 310869.0 113.8428962848 34.0910243888 3777472.237039 762404.3807720002 57.7997445632 0.36948986 0.4438031734 103.0263723063 10.6659280188 -2.4462916414 -0.0043465365
20262 310869.1 113.8429078116 34.0910221696 3777472.020378 762405.4519002 57.8024002649 0.4817898415 0.3647272239 103.2635190936 10.6202850224 -2.4844282682 0.0698480697
20263 310869.2 113.8429192985 34.0910199135 3777471.799528 762406.5194531998 57.8163940497 0.0775704755 0.3169117542 103.484688007 10.5846330875 -2.5195017159 0.1475471588
20264 310869.3 113.8429307504 34.0910176246 3777471.574939 762407.5838819002 57.8262554565 -0.2572158632 0.2824141442 103.7034930988 10.563673256 -2.5569145441 0.026721067
20265 310869.4 113.8429421789 34.0910153 3777471.346329 762408.6462580998 57.8237499297 -0.4315864711 0.3064769789 103.9075382171 10.5298914524 -2.6010724516 -0.0558831139
20266 310869.46 113.8429490184 34.0910138843 3777471.206802 762409.2821241 57.819584541 -0.5479422902 0.3316704037 104.0028076265 10.5160271149 -2.6301338037 -0.0817710344
20267 310869.56 113.8429603925 34.0910114997 3777470.971394 762410.339663 57.8133951509 -0.7902968677 0.4818163724 104.1376585797 10.4853302331 -2.6636793594 -0.0810314196
20268 310869.66 113.8429717451 34.0910090896 3777470.733111 762411.3952923 57.7992347442 -0.8241943078 0.6014566122 104.2671044898 10.4658176274 -2.6775560367 -0.1367365249
20269 310869.76 113.8429830738 34.0910066716 3777470.493877 762412.4487408001 57.7844322538 -0.8090121363 0.613059316 104.4230225033 10.4474586495 -2.6857907636 -0.1556909092
20270 310869.86 113.8429943658 34.0910042385 3777470.252884 762413.4988566 57.7686899742 -0.5731554263 0.6828099514 104.5796010564 10.4001419736 -2.7226176925 -0.1339043585
20271 310869.96 113.8430056039 34.0910017912 3777470.01017 762414.5440306999 57.7551919222 -0.3210802307 0.5804500253 104.722728944 10.3394093673 -2.7110770106 -0.1420666846
20272 310870.06 113.8430167729 34.0909993473 3777469.767662 762415.5828146 57.7471230347 -0.1930064968 0.5185673654 104.8575592478 10.2707251049 -2.7159030229 -0.0356872217
20273 310870.16 113.8430278541 34.0909968926 3777469.523723 762416.6135246998 57.7455086773 -0.261977873 0.4436136484 104.9835675319 10.2033895902 -2.7289055757 -0.0052092732
20274 310870.26 113.8430388542 34.0909944454 3777469.280417 762417.6367251 57.7451359322 -0.3706197654 0.2448465117 105.1145183662 10.122781799 -2.7155786136 -0.0163933039
20275 310870.36 113.8430497735 34.0909919997 3777469.037059 762418.6524615 57.7433100743 -0.6126543851 0.185909746 105.2193829735 10.0435829558 -2.7168479926 -0.0147876775
20276 310870.37 113.84305086 34.090991755 3777469.012699 762418.7535366 57.7428247984 -0.6252198623 0.1834047654 105.2329850367 10.0304495656 -2.7157856196 -0.0408121073
20277 310870.47 113.8430616842 34.0909893003 3777468.768097 762419.7605171 57.7372494666 -0.7466229233 0.0759105037 105.3134831856 9.9534116946 -2.7171116434 -0.0675055715
20278 310870.57 113.8430724257 34.0909868541 3777468.524232 762420.7598423002 57.7257120917 -0.5747822351 0.0946830957 105.4086717497 9.8763855174 -2.7207690583 -0.1096274605
20279 310870.67 113.8430830623 34.0909844024 3777468.279485 762421.749495 57.7155496655 -0.4133131749 0.1033908346 105.4804015913 9.7756622105 -2.7132122202 -0.0204854536
20280 310870.77 113.8430935822 34.0909819683 3777468.0364 762422.7283198001 57.7098226473 -0.3055925213 0.2780225169 105.5674027112 9.6572375173 -2.7055368839 -0.0642682275
20281 310870.88 113.8431050055 34.0909792944 3777467.7690199986 762423.7912903002 57.7036283445 0.0286721767 0.356355144 105.63950196 9.520617423 -2.6785290674 -0.0484771776
20282 310870.99 113.8431162677 34.0909766571 3777467.505278 762424.8392804 57.7032166012 0.1537284916 0.4373279533 105.7357148549 9.3817696884 -2.6407648808 0.0267254883
20283 310871.1 113.8431273622 34.0909740455 3777467.243965 762425.8717084002 57.7086103922 0.1218903411 0.50492592 105.8323237321 9.2410256153 -2.6277304329 0.055069343
20284 310871.21 113.8431382888 34.0909714577 3777466.98486 762426.8885575 57.7143065706 -0.0398051758 0.5829030705 105.9436366968 9.104287629 -2.606374407 0.0600760918
20285 310871.32 113.8431490545 34.0909688886 3777466.727419 762427.8904903001 57.7202828759 -0.2849450051 0.5991823643 106.073825908 8.9736398569 -2.5855480657 0.0357308849
20286 310871.43 113.84315966 34.0909663402 3777466.471864 762428.8775721 57.7206539866 -0.275537423 0.5898458783 106.2248780048 8.8397052723 -2.5658854726 -0.0074301599
20287 310871.54 113.8431701095 34.0909638115 3777466.218101002 762429.8501920998 57.7169135641 -0.2155123474 0.5548858863 106.4016947002 8.7115886017 -2.5551893291 -0.0364800386
20288 310871.66 113.8431813179 34.0909610633 3777465.941922 762430.8935494 57.7155924132 -0.2692135659 0.5603691179 106.5913737614 8.5485660765 -2.5514480816 0.0260160985
20289 310871.78 113.8431923282 34.0909583236 3777465.66617 762431.918601 57.7168592988 -0.4535765184 0.5873249406 106.7915069939 8.4031244495 -2.5296884575 0.0106147965
20290 310871.9 113.8432031388 34.0909556045 3777465.392203 762432.9251437 57.7139965342 -0.4207350493 0.5684237918 107.0110598826 8.2379277835 -2.5132031166 -0.0570056092
20291 310872.02 113.8432137306 34.090952908 3777465.120171 762433.9114134 57.7081146734 -0.1631386224 0.5183857486 107.2128488625 8.0611696709 -2.4897148414 -0.0370210537
20292 310872.14 113.8432240952 34.0909502217 3777464.848695 762434.8766830999 57.7034420753 -0.0448654639 0.520044848 107.3863325238 7.8756852524 -2.4735248681 -0.0163919842
20293 310872.27 113.8432350403 34.0909473501 3777464.558147 762435.896121 57.7058065534 -0.0997619862 0.5577445148 107.5792183485 7.6624430399 -2.4221094897 0.0436447825
20294 310872.3 113.8432375255 34.0909466946 3777464.491793 762436.1275992 57.707181992 -0.1466147592 0.5526109674 107.6250218449 7.6216914505 -2.4156257673 0.0456031878
20295 310872.43 113.8432481125 34.090943883 3777464.206979 762437.11379 57.7109701736 -0.2025210143 0.5164301027 107.7968377068 7.419840842 -2.3824504082 0.0258965834
20296 310872.56 113.8432584757 34.0909411017 3777463.924951999 762438.0792175998 57.710516681 -0.2644973685 0.5053130707 107.924651337 7.2984640724 -2.3657265586 -0.0180820687
20297 310872.7 113.8432694866 34.0909381241 3777463.622809 762439.1050548 57.7093525389 -0.2345195333 0.4747384759 108.0376978163 7.2079207208 -2.3473847084 -0.0067423897
20298 310872.84 113.8432803527 34.0909351653 3777463.322374 762440.1174636999 57.7071026871 -0.1743981361 0.4867742492 108.1383110849 7.1134037173 -2.3353373105 -0.0309027876
20299 310872.98 113.8432910734 34.0909322253 3777463.023657 762441.1163931 57.7026609098 -0.1495953388 0.5248595847 108.2181387675 7.0112048124 -2.3128779578 -0.029517524
20300 310873.12 113.8433016225 34.0909293188 3777462.728219 762442.0993752 57.7027984792 -0.2309819767 0.5245441858 108.2825111364 6.9020452108 -2.2869929241 0.0244658572
20301 310873.26 113.8433119954 34.0909264525 3777462.436791002 762443.0659599 57.7007915275 -0.2153422057 0.5024391639 108.3456052393 6.7856864762 -2.2506562634 -0.0200000306
20302 310873.41 113.8433229008 34.0909234226 3777462.128569002 762444.0822169002 57.6958474088 -0.1935216473 0.5536381078 108.4048584938 6.6432122271 -2.2262011915 -0.0174389423
20303 310873.56 113.8433335661 34.0909204468 3777461.825739 762445.0761419 57.6931582866 -0.1396726867 0.5721881108 108.4700457985 6.4901202615 -2.1800154554 0.0058663566
20304 310873.71 113.8433439741 34.090917536 3777461.52946 762446.0461059 57.6912879227 -0.1354395025 0.5520157933 108.5188150573 6.3275066215 -2.1314681698 -0.0041426923
20305 310873.87 113.8433547986 34.0909144994 3777461.220283 762447.0549224 57.6894540787 -0.2821639293 0.5416536015 108.5801709633 6.1642320068 -2.0830333564 0.0043654214
20306 310874.03 113.8433653313 34.0909115294 3777460.917764 762448.0365824002 57.6883452563 -0.4315026663 0.5283477353 108.6470350342 5.9942334369 -2.0262333879 0.0034168957
20307 310874.2 113.8433762018 34.0909084696 3777460.606135 762449.0497139 57.6872005668 -0.3697360571 0.4498557603 108.7873284663 5.8069749375 -1.973729986 -0.0417555506
20308 310874.37 113.8433866981 34.090905488 3777460.302229 762450.0280461998 57.678267505 -0.2276045887 0.4377744471 108.9439747358 5.5874749845 -1.9283321448 -0.0539457999
20309 310874.55 113.8433973791 34.0909024157 3777459.988724 762451.0237253 57.6728484146 -0.2129882529 0.4668426823 109.0978091563 5.357555558 -1.8680945805 0.0235633981
20310 310874.74 113.8434081487 34.0908992987 3777459.670489 762452.0277088 57.676253954 -0.4117666492 0.4173149727 109.2192243777 5.0998921415 -1.7871160911 -0.0016969195
20311 310874.94 113.8434188732 34.0908961696 3777459.350798 762453.0275752 57.6730030673 -0.4134403131 0.4790830664 109.339731093 4.7952845692 -1.6891184438 -0.0378739722
20312 310875.15 113.8434293899 34.0908930822 3777459.035198 762454.0081246998 57.6679574018 -0.3815559797 0.5145811264 109.4511591548 4.4461645646 -1.5699747547 -0.0235066689
20313 310875.38 113.8434399439 34.0908899749 3777458.717486 762454.9921824002 57.6642353041 -0.3665380335 0.4462653669 109.5623657778 4.0288432898 -1.4411662001 -0.0149264577
20314 310875.63 113.8434502099 34.090886914 3777458.404187 762455.9494972 57.6624601716 -0.4574672142 0.5529474385 109.662166338 3.5486289628 -1.2863048416 0.0070082395
20315 310875.92 113.8434604759 34.0908838501 3777458.090551 762456.9068236002 57.6599661494 -0.5866157165 0.5176437053 109.7533378219 2.9865408129 -1.0726337157 0.0036993729
20316 310876.23 113.8434694879 34.0908811502 3777457.814091 762457.7472516 57.6538483352 -0.5536176335 0.5166027855 109.8334851329 2.3862127228 -0.8568463415 -0.0239876529
