20691 310960.71 113.8461928603 34.0869294855 3777026.273518 762721.4172914 57.2815727219 -0.5072842683 0.4439826658 190.9836867922 -0.5120753337 -2.6346397893 0.0178457831
20692 310961.1 113.8461907344 34.0869204923 3777025.270011 762721.2488095 57.2783246124 -0.4635059242 0.4017213039 191.0953151056 -0.487133423 -2.5025659983 -0.0070343916
20693 310961.5 113.8461885926 34.0869116285 3777024.280823 762721.0784495998 57.2682564184 -0.31277764 0.3911209864 191.2312075532 -0.4754345188 -2.4273888513 -0.0201088022
20694 310961.92 113.8461863821 34.0869026014 3777023.273338 762720.9022561 57.2544835005 -0.0926455707 0.4107885673 191.3504697745 -0.4692047925 -2.3474431024 -0.0008809361
20695 310962.35 113.8461841921 34.0868937236 3777022.282466002 762720.7274974 57.252078684 0.0592659997 0.4140299819 191.4769409495 -0.4615441248 -2.2475026502 0.0060432132
20696 310962.8 113.8461819538 34.0868847548 3777021.281375 762720.5485614998 57.2482383037 0.1261486014 0.5048398039 191.598385966 -0.4598215503 -2.1916561551 -0.0039622392
20697 310963.24 113.8461797512 34.0868758966 3777020.292657 762720.3725715 57.2436658405 0.1791909775 0.4638443098 191.7338582096 -0.4857709787 -2.3693733892 0.0129900126
20698 310963.62 113.8461775395 34.0868670522 3777019.305444 762720.1957011998 57.2455673926 0.0739075216 0.5547556444 191.8506427991 -0.590209693 -2.8344759396 0.0092563597
20699 310963.94 113.8461752736 34.0868581562 3777018.312356 762720.0139944998 57.2387709236 0.1817259041 0.7609600103 191.9567912219 -0.7206683747 -3.3590404544 -0.0120220878
20700 310964.22 113.8461729602 34.0868490723 3777017.298297 762719.8284709002 57.2336339997 0.3772016448 0.6161345691 192.0663031532 -0.8134153821 -3.8360561453 -0.0191466475
20701 310964.45 113.846170811 34.0868407359 3777016.367621 762719.6558109 57.2290712399 0.7828921643 0.5710218692 192.1707670717 -0.9146191748 -4.1972205595 0.0033223899
20702 310964.68 113.8461684144 34.0868316612 3777015.354369 762719.4625753 57.2275788933 0.8161108349 0.7332705442 192.3157114521 -0.9956649773 -4.5608659725 0.0017790473
20703 310964.89 113.8461660682 34.0868227226 3777014.356358 762719.2735842 57.2375621116 0.2174408214 0.5703821859 192.450748562 -1.0616537693 -4.8773406057 0.0990823441
20704 310965.09 113.8461636758 34.0868136872 3777013.347482 762719.0806205998 57.251675616 0.0700761634 0.3504195857 192.5893823363 -1.1468824285 -5.1501101376 -0.0022143555
20705 310965.28 113.8461612149 34.0868046466 3777012.337848 762718.881345 57.2325082282 0.7405784749 0.467900513 192.7489459321 -1.2388910724 -5.4092830728 -0.1462301655
20706 310965.46 113.8461587488 34.0867956888 3777011.337395 762718.6813436998 57.226941688 0.8525897919 0.3422908057 192.9238237627 -1.2652613326 -5.6320230092 0.1119575704
20707 310965.63 113.8461563411 34.0867869004 3777010.3558910014 762718.4862042 57.2468313724 0.4484453811 0.0452925604 193.0990784437 -1.3410641328 -5.8261422393 0.0739669999
20708 310965.8 113.846153772 34.0867778 3777009.339342 762718.2771215 57.243676737 0.6537483471 0.0900696208 193.2652685956 -1.4300666143 -6.0435094487 -0.0465936179
20709 310965.96 113.8461512433 34.0867689676 3777008.352646 762718.0709478002 57.2491692519 0.6184061402 0.1333629556 193.4617772281 -1.4875231838 -6.2166413625 0.1120135912
20710 310966.12 113.8461486243 34.0867598572 3777007.334865 762717.8572959 57.2523551462 0.6620607333 0.0142145769 193.6430550866 -1.5443343212 -6.3994894301 -0.0003645573
20711 310966.27 113.846146059 34.0867510904 3777006.355347 762717.6475314 57.2583920862 0.5398009999 0.0903845665 193.8174721755 -1.6102592559 -6.5629585477 0.0408981991
20712 310966.29 113.8461457074 34.0867499053 3777006.222924 762717.6187385998 57.2590994369 0.5417116263 0.1597493109 193.844951253 -1.630981906 -6.5821401369 0.036162265
20713 310966.44 113.8461429914 34.0867408917 3777005.215636 762717.3958281998 57.2603313969 0.6916875251 0.3506014857 194.0280376504 -1.6836383902 -6.7535096964 0.0367548139
20714 310966.59 113.8461402074 34.0867316536 3777004.183251 762717.1673292 57.2628077036 0.5952239244 0.3662302157 194.1793314013 -1.7369162295 -6.905816453 0.054708947
20715 310966.73 113.8461375102 34.0867228494 3777003.199255 762716.9455115 57.2751092492 0.1706879815 0.5138477881 194.2525991344 -1.8077764304 -7.049241086 0.0699571404
20716 310966.87 113.8461347326 34.0867138456 3777002.1928839986 762716.7168853001 57.2732019937 0.1592347927 0.6688453531 194.3909336725 -1.865158076 -7.2115046155 -0.0657286712
20717 310967.01 113.8461318712 34.0867046513 3777001.165175 762716.4811005 57.265076845 0.3335656286 0.6961317575 194.4925299733 -1.9089445871 -7.3593946457 0.0105189867
20718 310967.15 113.8461289424 34.0866952683 3777000.116339 762716.2396840998 57.2689748853 0.1655439071 0.6490178825 194.6267975608 -1.9525315542 -7.5079544418 0.0025238296
20719 310967.28 113.8461261478 34.0866863886 3776999.123704 762716.0091064 57.2670297064 0.134266644 0.6598771769 194.7637166267 -2.0171312722 -7.6358944908 -0.0183217817
20720 310967.41 113.8461232665 34.0866773562 3776998.1139 762715.7709852 57.2653084993 0.0376482096 0.6850141219 194.8817694754 -2.0769536044 -7.7715669346 -0.0241588535
20721 310967.54 113.8461203138 34.0866681693 3776997.086768 762715.5267621998 57.2616504636 0.0098576561 0.6886372306 195.0081687172 -2.1156625348 -7.9002951677 -0.0412484722
20722 310967.67 113.8461172889 34.0866588262 3776996.042122 762715.2763424 57.2567376867 -0.0574288475 0.6524994921 195.1319496882 -2.17230411 -8.0368955826 -0.057652125
20723 310967.79 113.8461144291 34.0866500721 3776995.0632589986 762715.0393583 57.252938645 -0.0495346409 0.6949896199 195.2366218797 -2.2238970811 -8.1519276738 -0.0325064027
20724 310967.83 113.8461134621 34.086647125 3776994.7337050014 762714.9591756 57.250832947 0.0490853594 0.6967008602 195.2703514128 -2.2384611357 -8.1906449265 -0.066654303
20725 310967.95 113.8461105178 34.0866381938 3776993.734974 762714.7149384 57.242091394 0.2729710149 0.6496415409 195.3571074511 -2.2821357444 -8.3121897241 -0.0834161325
20726 310968.07 113.8461075228 34.0866291511 3776992.7237410014 762714.466352 57.2388024265 0.2817551619 0.6589364051 195.4299638059 -2.3259327078 -8.403484285 0.0480949563
20727 310968.19 113.8461044678 34.0866200103 3776991.701465 762714.2125331998 57.2459923681 0.030291097 0.6568193477 195.5022342115 -2.3682618434 -8.5086182998 0.0029259923
20728 310968.31 113.8461013677 34.0866107546 3776990.66631 762713.9549031998 57.2380844755 0.1542139841 0.6783668057 195.5910327671 -2.3989546347 -8.6046303903 -0.0844430669
20729 310968.43 113.8460982082 34.086601402 3776989.620269 762713.6920929 57.2307366449 0.2495414349 0.666755205 195.6599365207 -2.4510407185 -8.6898492776 0.0045225243
20730 310968.55 113.8460950036 34.0865919491 3776988.562961 762713.4254259 57.2326794397 0.0633071864 0.7196384539 195.754195743 -2.4776554479 -8.7880369633 0.0131852269
20731 310968.66 113.8460920176 34.0865831967 3776987.583964 762713.1767729 57.2307136273 -0.0019466754 0.6927940965 195.8606309702 -2.5228326468 -8.8666062325 -0.0352742185
20732 310968.77 113.8460889867 34.0865743639 3776986.595935 762712.924231 57.2263271445 0.0772265484 0.7036829018 195.9647980122 -2.5570182805 -8.9500987296 -0.0545939892
20733 310968.88 113.8460859057 34.0865654525 3776985.5990410014 762712.667299 57.2210661592 0.208485879 0.7243587921 196.0726086501 -2.6048488987 -9.0249341963 -0.0370955405
20734 310968.99 113.8460827768 34.0865564643 3776984.593515 762712.4061863002 57.217313935 0.245258596 0.6669154842 196.1872897382 -2.630150615 -9.1036899715 0.0130525785
20735 310969.1 113.8460796077 34.0865474025 3776983.579702 762712.1415813002 57.22185391 -0.0851504656 0.6621044779 196.2948005093 -2.6824157466 -9.168990816 0.0492638727
20736 310969.21 113.846076385 34.0865382629 3776982.55713 762711.872274 57.2222332424 -0.1811548942 0.6603596175 196.4114183721 -2.7179688897 -9.2546582583 -0.0410519037
20737 310969.32 113.8460731141 34.0865290423 3776981.52544 762711.5987662 57.2096340833 0.2287215555 0.710659159 196.556984705 -2.773392484 -9.330990725 -0.145706602
20738 310969.43 113.8460697799 34.0865197549 3776980.486175 762711.3196186 57.2006722661 0.4574597242 0.6792909586 196.6853342981 -2.8139009486 -9.3917861478 0.0244529352
20739 310969.54 113.8460664005 34.0865104075 3776979.440128 762711.0364869002 57.2095918246 0.1532627554 0.7181713963 196.8168453539 -2.8610481826 -9.4532461527 0.1190534753
20740 310969.65 113.8460629606 34.0865009899 3776978.386143 762710.7479817 57.214363018 0.0198958143 0.7586037717 196.9706954995 -2.9070857845 -9.5258041154 -0.0180986298
20741 310969.75 113.8460597885 34.0864923677 3776977.4211120014 762710.4817498 57.20974549 0.1664792397 0.7549098835 197.123918031 -2.9429758054 -9.58928867 -0.0662129566
20742 310969.85 113.8460565685 34.0864836912 3776976.449939 762710.2112536 57.2031306485 0.3524535858 0.7085259696 197.277150275 -2.9933885998 -9.6480409602 -0.0461296624
20743 310969.95 113.8460533039 34.0864749671 3776975.473366 762709.9367908002 57.204845489 0.2463103108 0.7143297838 197.4252318626 -3.0335295055 -9.6963461356 0.0743836169
20744 310970.05 113.8460499842 34.0864661913 3776974.49091 762709.6574018 57.2100336198 0.1901911112 0.6127001485 197.5962592007 -3.0847875797 -9.7609550253 0.0480120535
20745 310970.15 113.8460466227 34.0864573702 3776973.503328 762709.3742981999 57.2107325634 0.211803765 0.5852353964 197.7943190446 -3.1279101804 -9.8168595055 -0.0299521288
20746 310970.25 113.8460431912 34.0864485029 3776972.510436 762709.0848644 57.2080339696 0.2351334927 0.6054336531 197.9727869889 -3.1999520694 -9.8600091322 -0.0229814191
20747 310970.27 113.846042497 34.0864467248 3776972.311321 762709.0262584002 57.2078277282 0.3003492125 0.6023097492 198.0124648863 -3.2082536677 -9.8676577576 -0.0006211575
20748 310970.37 113.846038998 34.086437806 3776971.312532 762708.7307594 57.2107291333 0.0634601039 0.6072096033 198.1865680969 -3.2484781182 -9.922142147 0.0355899412
20749 310970.47 113.846035444 34.0864288362 3776970.3079449986 762708.4303318001 57.2107327394 -0.058327582 0.6297047127 198.3513386713 -3.3092754643 -9.9781047494 -0.0249056414
20750 310970.57 113.846031829 34.0864198185 3776969.29789 762708.124425 57.2067853101 -0.0626292874 0.6767885541 198.4950331132 -3.3587323563 -10.0386964323 -0.0655835394
20751 310970.67 113.8460281677 34.0864107475 3776968.281799 762707.8144060002 57.1996889608 0.0271992987 0.6478551241 198.6245134614 -3.3974656715 -10.0902923366 -0.0411352366
20752 310970.77 113.8460244619 34.0864016261 3776967.259999 762707.5004319998 57.1965785492 -0.0664400782 0.6524183726 198.7421051698 -3.4384196351 -10.1434548081 -0.0056253074
20753 310970.87 113.8460207077 34.0863924577 3776966.232854 762707.1821332 57.1958857412 -0.189007163 0.6568646897 198.8625514598 -3.4859943761 -10.1983100915 -0.0122850529
20754 310970.97 113.8460169101 34.0863832354 3776965.199622 762706.8599962 57.187696876 0.0686411906 0.5865617051 199.0027397766 -3.5197035147 -10.2612135518 -0.1050098571
20755 310971.07 113.8460130725 34.0863739659 3776964.161053 762706.5343151998 57.1794962045 0.299686458 0.551476629 199.1411138256 -3.5662214739 -10.3012343021 -0.0220444569
20756 310971.17 113.8460091831 34.0863646569 3776963.117955 762706.2039689998 57.1814812692 0.3692162694 0.5305176373 199.2751853888 -3.6067687167 -10.3486320561 0.0630204346
20757 310971.27 113.8460052516 34.0863553052 3776962.070017 762705.8698673 57.1862624846 0.434971007 0.4793944335 199.4391286124 -3.651072366 -10.3983084172 0.0535886405
20758 310971.33 113.8460028679 34.0863496744 3776961.439004 762705.66718 57.1881837817 0.4469294499 0.4423838442 199.5421293304 -3.6833556657 -10.4201682503 0.0516930862
20759 310971.43 113.8459988504 34.0863402645 3776960.384386 762705.3253143 57.1937175104 0.3005766468 0.4529756365 199.7061140776 -3.7366183611 -10.4572438797 0.0838727542
20760 310971.52 113.845995188 34.0863317623 3776959.4314089986 762705.0134401 57.1981199784 0.1879833894 0.4305907352 199.8601999327 -3.7850264609 -10.5081963679 0.0193672286
20761 310971.61 113.8459914801 34.0863232274 3776958.474699 762704.697454 57.1977290362 0.1208218626 0.4543499332 200.0096217019 -3.8249159179 -10.5390309798 -0.0171269797
20762 310971.7 113.8459877244 34.0863146602 3776957.5142660006 762704.3771626998 57.1955609564 0.0864319863 0.4623290901 200.1601696423 -3.8805269077 -10.576412621 -0.0153593189
20763 310971.79 113.8459839212 34.0863060591 3776956.549958 762704.0525908001 57.1934073977 0.0895821016 0.4961198203 200.3072380885 -3.9187721179 -10.6227753254 -0.0216660264
20764 310971.88 113.8459800749 34.0862974263 3776955.582026 762703.7241325 57.1926137283 -0.0333992776 0.5097269207 200.4608303532 -3.9708142634 -10.6581035491 -0.0036300283
20765 310971.97 113.8459761808 34.0862887592 3776954.6101589985 762703.3913620998 57.1891475925 0.0039608289 0.5052684842 200.6128301607 -4.0203883617 -10.6998277089 -0.0399034448
20766 310972.06 113.8459722409 34.0862800617 3776953.634797 762703.0544598 57.1853853529 -0.0247296166 0.5626798532 200.7674240979 -4.0626254552 -10.7412681735 -0.0210150253
20767 310972.15 113.8459682473 34.0862713366 3776952.656236 762702.7126955999 57.1810403159 -0.0284081289 0.5304117484 200.917705881 -4.1182798298 -10.7718371316 -0.0248475726
20768 310972.2 113.845966012 34.0862664748 3776952.110943 762702.521325 57.1793194022 -0.0807192079 0.5351667515 201.0042405238 -4.1330625156 -10.7986350204 -0.0404424296
20769 310972.29 113.8459619535 34.086257698 3776951.126478 762702.1737213 57.1736142291 -0.0508884023 0.5172889524 201.1668818099 -4.1922399329 -10.8344984926 -0.0662804823
20770 310972.38 113.845957844 34.0862488903 3776950.138446 762701.8215034 57.1675460385 -0.0322799427 0.5112875046 201.324613387 -4.2338642735 -10.8756689786 -0.0323099484
20771 310972.47 113.8459536896 34.0862400539 3776949.147121 762701.4652199 57.1640219428 -0.0397435519 0.4633757003 201.492193528 -4.2890080868 -10.9087657024 -0.0182933764
20772 310972.56 113.845949485 34.0862311858 3776948.152154 762701.1044089 57.1603695797 0.0425977835 0.4576024294 201.6560217502 -4.3382898376 -10.952209196 -0.0314876324
20773 310972.65 113.8459452292 34.0862222911 3776947.154097 762700.7389481 57.1553328931 0.2196446723 0.4415395839 201.8260444794 -4.3883287068 -10.9732092169 -0.0199724925
20774 310972.74 113.8459409252 34.0862133704 3776946.153032 762700.3691168 57.1540140566 0.1787729382 0.3953607355 201.9970968014 -4.4300549667 -11.0082342796 0.0129933221
20775 310972.83 113.8459365781 34.0862044251 3776945.149128 762699.9953885998 57.156856752 0.0571720546 0.3728301087 202.173940761 -4.4823320921 -11.0438159738 0.0578795308
20776 310972.92 113.845932179 34.0861954609 3776944.142986 762699.6169064 57.1587713174 -0.087247658 0.3319003834 202.3493810321 -4.5324677284 -11.0665204026 0.017265423
20777 310973.01 113.8459277288 34.0861864735 3776943.134148 762699.2337846998 57.1558183562 -0.1219067337 0.3524963884 202.5273739739 -4.5896277559 -11.1002576726 -0.060666559
20778 310973.02 113.8459272313 34.0861854734 3776943.021879 762699.1909461998 57.1549001588 -0.131590004 0.3700989991 202.5474038296 -4.5932689968 -11.0994748562 -0.0824720492
20779 310973.11 113.845922719 34.0861764654 3776942.01059 762698.8021481 57.1459905729 0.0730572908 0.430548027 202.7251415773 -4.6623966157 -11.1145970618 -0.0673286092
20780 310973.2 113.8459181604 34.0861674432 3776940.997606 762698.4091266 57.1416614577 0.1830411427 0.4784132057 202.9149487266 -4.6995076085 -11.1308774736 -0.0165880457
20781 310973.29 113.8459135514 34.086158407 3776939.982932 762698.0114859998 57.1406296017 0.2941309903 0.5066624993 203.1176828235 -4.7591909042 -11.1479244662 0.0160494974
20782 310973.38 113.8459089012 34.0861493602 3776938.966983 762697.6100795 57.1447083838 0.1886600067 0.4797682771 203.3713832499 -4.789649784 -11.1602492565 0.0922025372
20783 310973.47 113.8459041988 34.0861403039 3776937.9498519986 762697.2038857 57.1492822654 -0.0072971552 0.4174656487 203.6375209255 -4.8547162146 -11.1638489844 0.045505841
20784 310973.56 113.8458994323 34.0861312405 3776936.931757 762696.7917853 57.1494713789 -0.1614285646 0.3687841683 203.8962733556 -4.9232207643 -11.1777318223 -0.0412843799
20785 310973.65 113.8458945975 34.0861221711 3776935.9128230014 762696.3734053002 57.1431856109 -0.0983140251 0.2594809313 204.1410392925 -4.9919850727 -11.1880763029 -0.0523387253
20786 310973.74 113.8458897048 34.0861130962 3776934.893129 762695.9496927 57.136546921 -0.0499363756 0.3051350043 204.3956838541 -5.052174981 -11.1833030354 -0.0573489895
20787 310973.76 113.8458886073 34.0861110788 3776934.666421 762695.8545933 57.135560208 -0.0982429631 0.3327645338 204.4500536151 -5.0739444646 -11.1904097638 -0.0337628056
20788 310973.85 113.8458836312 34.0861020002 3776933.646109 762695.4231917 57.1313140765 -0.0534740654 0.3350416443 204.6989796673 -5.1318796278 -11.1932180806 -0.0092514271
20789 310973.94 113.8458785975 34.0860929138 3776932.624775 762694.9864945 57.1270699855 -0.1167826648 0.3517360095 204.9558542998 -5.1914276732 -11.2008588007 -0.0255858373
20790 310974.03 113.8458735014 34.0860838217 3776931.602651 762694.5440582 57.124253545 -0.2366331454 0.4020852737 205.202527746 -5.2613073492 -11.2089809011 -0.0364041306
20791 310974.12 113.8458683394 34.0860747246 3776930.5798019986 762694.0955413 57.118491821 -0.194194052 0.4902003863 205.4215833054 -5.3310363827 -11.2153009459 -0.056358323
20792 310974.21 113.8458631163 34.0860656213 3776929.556112 762693.6414132 57.1109868605 -0.1110374039 0.5904146956 205.6141529409 -5.3842672297 -11.2210951584 -0.0777982875
20793 310974.3 113.8458578402 34.0860565094 3776928.531325 762693.1824146 57.1037702132 0.0758313389 0.7326291705 205.7577977278 -5.4370446969 -11.2369021504 -0.0589158988
20794 310974.38 113.8458531087 34.0860484028 3776927.619513 762692.7705921 57.1006491426 0.1492363834 0.8067567371 205.8531412878 -5.4765014351 -11.2500906388 0.0058527275
20795 310974.46 113.8458483605 34.0860402857 3776926.706479 762692.3572548998 57.1026547402 0.0804670931 0.7627194662 205.9584637199 -5.4820283055 -11.2648175695 0.0573243414
20796 310974.51 113.8458453844 34.0860352051 3776926.134994 762692.0981653002 57.1054756809 -0.0761641141 0.7510824118 206.0301861218 -5.5055888008 -11.2772165043 0.0418855309
20797 310974.59 113.8458405996 34.0860270648 3776925.219308 762691.6815226 57.105439486 -0.0937538126 0.7245563707 206.1419740362 -5.5387282562 -11.3047743369 -0.0412439229
20798 310974.67 113.8458357881 34.086018912 3776924.302149 762691.2624629 57.1003052257 0.0284909231 0.6302466597 206.2614026968 -5.5703183509 -11.3182370675 -0.0787745354
20799 310974.75 113.8458309473 34.0860107496 3776923.38386 762690.8407166 57.0962853357 0.0980469534 0.6314856206 206.3678505428 -5.6068473394 -11.3256245288 -0.0077704764
20800 310974.83 113.8458260726 34.0860025819 3776922.464895 762690.4158591 57.0958559597 0.1312210178 0.6573870664 206.4720066727 -5.6458763087 -11.3285886416 0.0191604311
20801 310974.91 113.8458211639 34.0859944056 3776921.544880002 762689.9878901 57.0973720755 0.0659620786 0.6422058304 206.5764647259 -5.6725944576 -11.3407329286 0.0184479871
20802 310974.99 113.8458162342 34.0859862195 3776920.623736 762689.5580111998 57.0983302165 0.0251655634 0.6762423921 206.6915661668 -5.7014131978 -11.3576576899 -0.0025088754
20803 310975.07 113.8458112719 34.0859780281 3776919.701908 762689.1251439998 57.0975733353 0.0590275081 0.7127119772 206.8089738169 -5.7459896026 -11.3595065089 0.0021823634
20804 310975.15 113.8458062848 34.085969836 3776918.77995 762688.6899806 57.0957889585 0.0215289448 0.6956552992 206.9236490906 -5.7635453734 -11.3613484034 -0.0089423703
20805 310975.23 113.8458012739 34.0859616412 3776917.85762 762688.2526341998 57.0953028109 -0.0594475239 0.7103233615 207.0462818357 -5.799269549 -11.3605898404 0.0006907652
20806 310975.31 113.845796236 34.0859534479 3776916.935399 762687.8127886 57.0940240882 -0.1239466079 0.7197894467 207.1605248623 -5.8295016369 -11.3598048292 -0.0171166087
20807 310975.39 113.8457911758 34.0859452552 3776916.013171 762687.370875 57.0898968848 -0.0044183243 0.7079082089 207.2890981606 -5.8523940071 -11.3583319424 -0.0662982646
20808 310975.44 113.8457880009 34.0859401372 3776915.437034 762687.0935501 57.087099025 0.0716388862 0.6831077182 207.3703496252 -5.8674995526 -11.3524545573 -0.0383657223
20809 310975.52 113.8457829066 34.0859319535 3776914.515723998 762686.6484612 57.0856610052 0.0407274434 0.6855890904 207.5042493794 -5.8902036886 -11.3440058169 0.0109464504
20810 310975.6 113.8457777868 34.0859237793 3776913.595405 762686.2009914 57.0869417926 0.0599001517 0.6475221346 207.6403685654 -5.9270759912 -11.324764473 0.0379055925
20811 310975.68 113.8457726419 34.0859156115 3776912.675734 762685.7511834 57.0869401414 -0.0016018543 0.6296427584 207.7746363986 -5.952795808 -11.318618165 -0.006085514
20812 310975.76 113.8457674728 34.0859074528 3776911.757002 762685.2991169002 57.0871975012 -0.0547056547 0.6080795632 207.91058439 -5.9826262873 -11.3060339585 0.0138950485
20813 310975.84 113.8457622795 34.085899303 3776910.839209 762684.8447837 57.0869103447 -0.1296486038 0.619230378 208.0462032504 -6.0092831611 -11.2971644323 0.0025805696
20814 310975.92 113.8457570579 34.0858911629 3776909.922407 762684.3878117 57.0836043628 -0.0876143917 0.6436876787 208.1834889112 -6.0460654518 -11.2776067097 -0.0402630817
20815 310976.0 113.8457518108 34.0858830325 3776909.006621 762683.9284528 57.0800589481 -0.0653829418 0.6745848733 208.3160389803 -6.0616864611 -11.2691858209 -0.0242864139
20816 310976.08 113.8457465406 34.0858749108 3776908.091744 762683.4669319 57.0772586465 0.0601525103 0.6834417327 208.4599866073 -6.1009762301 -11.2494778827 -0.0174533762
20817 310976.16 113.845741243 34.085866799 3776907.177894002 762683.0028578 57.0757585987 0.163122782 0.6743865242 208.5960912302 -6.1163323558 -11.2408228774 -0.0012541671
20818 310976.24 113.8457359271 34.0858586966 3776906.265038 762682.5370576 57.0780205931 0.0529469078 0.6947059997 208.7477388372 -6.1500239525 -11.2269340744 0.0552622395
20819 310976.28 113.845733259 34.0858546503 3776905.809130002 762682.3032039 57.0797349932 0.1007151169 0.6531354934 208.823232687 -6.1671652718 -11.219907099 0.0795705659
20820 310976.36 113.8457279066 34.0858465664 3776904.8982379986 762681.833976 57.0845969524 -0.1904469117 0.6511431351 208.9706829885 -6.1861989353 -11.1947440381 0.0473785257
20821 310976.44 113.8457225262 34.0858384898 3776903.988073 762681.3621438 57.0845703939 -0.2774992329 0.6108060363 209.1214991139 -6.2274591595 -11.1915966277 -0.0459396428
20822 310976.52 113.845717116 34.08583042 3776903.0786 762680.8875369 57.0784623306 -0.1832907835 0.6183551509 209.2651655835 -6.2624939709 -11.1831813614 -0.0982926587
20823 310976.6 113.8457116801 34.0858223613 3776902.170285 762680.4105297 57.0705427229 0.0370990349 0.6501881084 209.4054570849 -6.286663435 -11.1604341066 -0.077946737
20824 310976.68 113.845706214 34.0858143168 3776901.263466001 762679.9306787 57.0672062729 0.1982918015 0.7208524563 209.5222195016 -6.3171914168 -11.1420622559 -0.0374098453
20825 310976.76 113.8457007325 34.0858062895 3776900.358522 762679.4493614 57.0694350721 0.2343775047 0.7184237609 209.6444099389 -6.3255249251 -11.1199897146 0.0623080367
20826 310976.84 113.8456952405 34.0857982789 3776899.4554 762678.9670116998 57.0751746111 0.2195338006 0.7695081101 209.7746606738 -6.3462013515 -11.0952425682 0.0884833899
20827 310976.92 113.8456897345 34.0857902899 3776898.554643 762678.4833089 57.0818306664 0.1423355216 0.748639437 209.8979604227 -6.3591280179 -11.0665723882 0.0970653629
20828 310977.0 113.8456842201 34.0857823218 3776897.656189 762677.9987690998 57.0868665781 -0.0310796911 0.7076280808 210.0267230657 -6.3590730167 -11.0241525089 0.0584312113
20829 310977.08 113.845678693 34.0857743691 3776896.759402 762677.5130071 57.0891293054 -0.1901884677 0.6834795133 210.1543849199 -6.3831275564 -11.011594842 0.007417448
20830 310977.13 113.8456752299 34.085769407 3776896.199813 762677.2085777 57.0884957379 -0.3071592742 0.6630338646 210.23410086 -6.3989937064 -10.9971730108 -0.0200037001
20831 310977.21 113.845669676 34.0857614822 3776895.306059 762676.7202558 57.0848933095 -0.3478473623 0.6540995277 210.3615600946 -6.4121575023 -10.971310064 -0.0490570017
20832 310977.29 113.8456641073 34.0857535774 3776894.414482 762676.2304964 57.0783543913 -0.2579312994 0.67241916 210.4972625514 -6.4334975733 -10.9341284935 -0.0938886657
20833 310977.37 113.8456585185 34.0857456973 3776893.525598 762675.7388185002 57.0706339125 -0.0273066961 0.6695691415 210.6253159171 -6.4527236023 -10.9016819559 -0.059040322
20834 310977.45 113.8456529196 34.0857378388 3776892.639077 762675.2461314 57.0670451932 0.0458051842 0.7397492851 210.7621194658 -6.4658283653 -10.8750233752 0.0104943029
20835 310977.53 113.8456473048 34.085730009 3776891.755707 762674.7518866998 57.0695119221 -0.0252460478 0.7350417584 210.8928133512 -6.4851991892 -10.8361339499 0.0733863749
20836 310977.61 113.8456416815 34.0857222005 3776890.874682 762674.2567913 57.0719419718 -0.1631404522 0.7456901886 211.0384323711 -6.4931383642 -10.8078647047 0.0046133323
20837 310977.69 113.8456360445 34.0857144135 3776889.996004 762673.7603665 57.071112778 -0.057769019 0.7300289628 211.1891274946 -6.5154472536 -10.7778819174 -0.0230826584
20838 310977.77 113.8456303899 34.0857066495 3776889.119835 762673.2622528 57.0681157485 0.0463029973 0.7537326314 211.3389158072 -6.5366370529 -10.7410347277 -0.0238431215
20839 310977.85 113.8456247168 34.0856989112 3776888.246467 762672.7623386999 57.0674057026 -0.0313513688 0.6975022844 211.4789725791 -6.5544271314 -10.7048798705 0.0329948609
20840 310977.93 113.8456190322 34.0856911946 3776887.375478 762672.2613066 57.0706263417 -0.2502656047 0.7360729457 211.6196473702 -6.5682518294 -10.6832595828 0.0302903591
20841 310977.94 113.8456183201 34.0856902315 3776887.266764 762672.1985295998 57.0707500735 -0.2678522734 0.7431002518 211.6351138453 -6.573258939 -10.6776228633 0.0177948242
20842 310978.02 113.8456126101 34.0856825378 3776886.398251 762671.6950799 57.0676500658 -0.3215850458 0.7163460165 211.7786960563 -6.5996371624 -10.650272357 -0.0554089738
20843 310978.1 113.8456068831 34.0856748477 3776885.530102 762671.1900401999 57.0605016742 -0.2681030505 0.6570998772 211.9307515614 -6.6020768522 -10.6374751619 -0.0838857649
20844 310978.18 113.8456011409 34.0856671757 3776884.663909 762670.6835508002 57.0525074806 -0.1256267839 0.6452094149 212.0929872375 -6.6326856544 -10.6032100083 -0.0668899424
20845 310978.26 113.8455953736 34.0856595288 3776883.800446 762670.1746551999 57.0462918729 -0.0367992865 0.639108943 212.2383422186 -6.6505898749 -10.567618142 -0.0389984284
20846 310978.34 113.8455895919 34.0856519044 3776882.939446 762669.6643697 57.0439783381 0.000843219 0.6555304917 212.3959681833 -6.669560942 -10.5397308973 0.0264228087
20847 310978.43 113.8455830624 34.0856433591 3776881.974313 762669.0878821998 57.0444761598 -0.0106208476 0.6254563191 212.5577104412 -6.697632875 -10.4938005657 0.01379287
20848 310978.52 113.8455765165 34.0856348374 3776881.011765 762668.5097994 57.0426833574 0.0734768801 0.6085911435 212.7326399103 -6.7126327154 -10.4694473564 0.0036660117
20849 310978.61 113.8455699511 34.0856263476 3776880.052708002 762667.9298199002 57.0419528857 0.1156296835 0.5869396503 212.9167983235 -6.7324125805 -10.426078391 0.0293888175
20850 310978.7 113.845563369 34.085617885 3776879.096626 762667.3482157 57.0424423274 0.1087111357 0.5608429451 213.1222393201 -6.7488829253 -10.393686693 0.0283995941
20851 310978.74 113.845560434 34.0856141354 3776878.672947 762667.0888061 57.0432622712 0.0615564557 0.545502613 213.2178834318 -6.773958847 -10.3700621873 0.0418646933
20852 310978.83 113.8455538137 34.0856057226 3776877.7223 762666.5035163 57.0460621892 -0.1104374785 0.4794002369 213.4226196792 -6.7885812277 -10.328608116 0.0325571853
20853 310978.92 113.8455471618 34.0855973372 3776876.774602 762665.9152257 57.0455364734 -0.2193969855 0.4929575824 213.6364399184 -6.8378646743 -10.2954344112 -0.002875656
20854 310979.01 113.8455404765 34.0855889838 3776875.830369 762665.3237553 57.0415930133 -0.309350526 0.4518771801 213.8249478689 -6.8525047203 -10.2653000542 -0.0104779333
20855 310979.1 113.8455337674 34.0855806576 3776874.889093 762664.7300058 57.0360788982 -0.276684421 0.5185661583 214.0077986338 -6.9048551693 -10.2306065402 -0.0546116808
20856 310979.19 113.8455270294 34.0855723621 3776873.951154 762664.133492 57.028320252 -0.12981436 0.5353088923 214.1659938474 -6.9102576108 -10.1982659672 -0.0745028646
20857 310979.28 113.845520276 34.0855640881 3776873.015561 762663.5354896 57.0228923596 0.0283515007 0.5569088068 214.3380104201 -6.9362296766 -10.1695537731 -0.0089152653
20858 310979.37 113.8455135046 34.0855558452 3776872.083368 762662.9357215 57.0222608633 0.0797328453 0.5749323105 214.4945457059 -6.9483397174 -10.1258069653 0.024185737
20859 310979.46 113.8455067182 34.0855476289 3776871.154097 762662.3344953 57.0264936248 -0.1031860255 0.5431890217 214.6507745319 -6.963138699 -10.0990453519 0.0669085397
20860 310979.52 113.8455021875 34.085542167 3776870.5362949986 762661.9330287 57.028855334 -0.2499748416 0.5623694304 214.7478699413 -6.9734856769 -10.0779842576 0.0337279319
20861 310979.61 113.8454953742 34.0855339953 3776869.611898 762661.3291767 57.0272704046 -0.3140300681 0.5184841316 214.8936613799 -6.993517142 -10.0448178015 -0.0413933063
20862 310979.7 113.8454885441 34.0855258486 3776868.690236 762660.7236919 57.0209434293 -0.2581915315 0.5288524928 215.0382186872 -7.0070044934 -10.0102477288 -0.0840291369
20863 310979.79 113.8454816993 34.0855177288 3776867.771515 762660.1167781 57.0138654793 -0.0790473537 0.5329152591 215.1879728815 -7.0254029469 -9.9796776322 -0.0546353296
20864 310979.88 113.8454748384 34.0855096382 3776866.855999 762659.5082800002 57.010287472 -0.0353705317 0.538992667 215.3364086987 -7.0412124279 -9.9465171952 -0.0148755547
20865 310979.97 113.845467971 34.0855015753 3776865.943539 762658.8990931999 57.0109747807 -0.0283079616 0.5236236466 215.5030249492 -7.0432626302 -9.9081379367 0.0361477627
20866 310980.06 113.8454610827 34.0854935444 3776865.034575 762658.2878731 57.0119468588 -0.0607411915 0.4986622794 215.6587817642 -7.0730828478 -9.8737271026 -0.0260944512
20867 310980.15 113.8454541782 34.085485546 3776864.129176999 762657.675067 57.0106933871 -0.0811322434 0.4199678781 215.8204764466 -7.0781747344 -9.8368132549 0.010439177
20868 310980.24 113.8454472596 34.085477579 3776863.227233 762657.0608599 57.0101946741 -0.113302259 0.4220737571 215.9684449863 -7.0993547693 -9.7983041407 0.017157595
20869 310980.33 113.8454403242 34.0854696436 3776862.328748 762656.4449998002 57.0087056244 -0.1589601362 0.431255346 216.1067272715 -7.1118065919 -9.7622394628 -0.0215656494
20870 310980.36 113.84543801 34.085467004 3776862.029861 762656.2394791 57.0075133052 -0.1338656038 0.4304249418 216.1533838314 -7.1116992843 -9.7511662263 -0.0317236267
20871 310980.45 113.8454310586 34.0854591061 3776861.135492 762655.6220260998 57.0033115819 -0.0616860096 0.5123470079 216.2877427574 -7.1348179736 -9.7110762884 -0.0330666111
20872 310980.54 113.8454240956 34.0854512387 3776860.244487 762655.0034106 57.000484338 0.0488060448 0.5260130808 216.4055576053 -7.1375686711 -9.6779431877 0.0181901556
20873 310980.63 113.8454171287 34.085443399 3776859.35654 762654.3843470998 57.0001448831 0.0098266274 0.5731397261 216.5256447363 -7.136686966 -9.6387328178 0.0275862211
20874 310980.72 113.8454101591 34.0854355852 3776858.471455 762653.7649516999 57.0025460562 -0.1009737698 0.5408809842 216.6472328479 -7.1406521363 -9.6112569496 0.0403839873
20875 310980.81 113.8454031866 34.0854277951 3776857.589006 762653.1452153 57.0028314833 -0.0880868969 0.5009502497 216.7727775839 -7.1472825409 -9.5828620258 -0.0021437193
20876 310980.9 113.8453962067 34.0854200317 3776856.709498 762652.524721 57.0008278228 -0.0594102353 0.5169043338 216.8996065038 -7.1588518566 -9.5470316231 -0.0185202802
20877 310980.99 113.8453892177 34.0854122995 3776855.833421 762651.9032836 56.9989577224 0.0227851337 0.485888018 217.0211279312 -7.1626791063 -9.5102545564 -0.0201899689
20878 310981.08 113.8453822216 34.0854045915 3776854.960013 762651.2811125 56.9968805369 0.103001408 0.5282499309 217.1520966257 -7.1733737181 -9.4725974635 -0.0121880441
20879 310981.17 113.8453752152 34.0853969152 3776854.090099 762650.6579016 56.9976617433 0.0039592784 0.5598739407 217.2890044938 -7.183035237 -9.4347810925 0.04696433
20880 310981.26 113.8453682057 34.0853892672 3776853.223328 762650.034306 57.0021093823 -0.2187976719 0.6066899357 217.4455607295 -7.1933752249 -9.4056839647 0.027385232
20881 310981.3 113.8453650859 34.0853858765 3776852.839011 762649.7567143 57.001571063 -0.177895208 0.5959136621 217.5194945766 -7.1975594532 -9.3894122272 -0.0168597473
20882 310981.39 113.8453580526 34.0853782672 3776851.9764660015 762649.1308075 56.9965832038 -0.1118488527 0.5803482132 217.681454835 -7.2096185042 -9.3580078638 -0.0545376108
20883 310981.48 113.845351008 34.0853706841 3776851.11679 762648.5037806 56.9916875074 -0.1112384996 0.6743484823 217.8642396878 -7.2299123793 -9.3152110369 -0.0313143221
20884 310981.57 113.8453439368 34.085363138 3776850.261158 762647.8741810998 56.9897610415 -0.219558365 0.6506528521 218.022720455 -7.2535965287 -9.2807109441 0.0017695398
20885 310981.66 113.8453368572 34.0853556141 3776849.407979 762647.24373 56.9872489031 -0.1727039822 0.6727192162 218.2109681106 -7.2672612396 -9.2509617195 -0.0252708155
20886 310981.75 113.8453297532 34.0853481204 3776848.55807 762646.610932 56.9822283359 -0.0268007341 0.6061453469 218.3804403431 -7.28704205 -9.2192450691 -0.0296892276
20887 310981.84 113.8453226422 34.0853406497 3776847.710707 762645.9774226998 56.978208337 0.1380335039 0.5714821325 218.5721467632 -7.3021042446 -9.1841652106 -0.000446522
20888 310981.93 113.8453155097 34.0853332139 3776846.867164 762645.3418216999 56.9782853797 0.1258903298 0.5177872154 218.7400469009 -7.3207614561 -9.1410181827 0.0347134847
20889 310982.02 113.8453083623 34.0853258046 3776846.0265129986 762644.7047591999 56.9820882864 0.0440421611 0.4312303491 218.9008482405 -7.3325994096 -9.1102208109 0.0521630967
20890 310982.08 113.8453035818 34.0853208764 3776845.467312 762644.2785750999 56.9830564726 0.0953795289 0.4235917098 219.0036983678 -7.3500066222 -9.0900839247 0.0084044933
20891 310982.17 113.8452963907 34.0853135051 3776844.630768 762643.6373604998 56.983203141 0.1726606218 0.3220730697 219.147022411 -7.3638027569 -9.0749350813 0.0044659442
20892 310982.26 113.8452891914 34.0853061508 3776843.796088 762642.9953355 56.9827251062 0.3331543373 0.3850724434 219.3094755756 -7.3904168488 -9.0447777433 0.0338970767
20893 310982.35 113.8452819656 34.0852988295 3776842.965007 762642.3507615 56.9865497453 0.3393576655 0.3921395107 219.4350550031 -7.3988381391 -9.0057412798 0.098699235
20894 310982.44 113.8452747317 34.0852915286 3776842.136178 762641.7053778 56.9935038872 0.2204068832 0.4080888548 219.5700703813 -7.4164358805 -8.9781382839 0.1142873975
20895 310982.53 113.8452674802 34.0852842485 3776841.309606 762641.058304 56.9973809039 0.2007500383 0.4732902829 219.7091403166 -7.4320799046 -8.9612176926 0.0286428431
20896 310982.62 113.845260211 34.0852769839 3776840.484701 762640.4095505 56.9975358658 0.0760316069 0.4423499328 219.8463658324 -7.4463098312 -8.9359590771 0.0139677715
20897 310982.71 113.8452529235 34.0852697375 3776839.6617769985 762639.7590446 57.0002293196 -0.3336574219 0.4779366907 219.9710650389 -7.4750067078 -8.9114434294 0.0445259849
20898 310982.8 113.8452456144 34.085262501 3776838.8398940014 762639.1065226998 56.999724132 -0.6518944238 0.4740961494 220.0979431694 -7.4995900601 -8.9162391924 -0.0419105676
20899 310982.89 113.8452382794 34.0852552706 3776838.018616 762638.4515826 56.9885762213 -0.6637196731 0.5299303093 220.2333013513 -7.5316738684 -8.9051200584 -0.1565918205
20900 310982.97 113.8452317351 34.0852488532 3776837.289611 762637.8671378 56.9736791579 -0.5359075803 0.5898243999 220.3527178369 -7.5503616359 -8.8880261219 -0.1945877378
20901 310983.06 113.8452243421 34.0852416428 3776836.470405 762637.20678 56.9574479368 -0.2689038837 0.6492782007 220.4778641241 -7.5847762884 -8.8699043535 -0.1378873932
20902 310983.15 113.8452169197 34.0852344402 3776835.651996 762636.5436911 56.9478212632 -0.0564236878 0.7434357746 220.6058207574 -7.6075185931 -8.8638744207 -0.0510482756
20903 310983.24 113.8452094814 34.0852272515 3776834.835085 762635.8790833 56.945997349 -0.0456242694 0.7131667364 220.7565860557 -7.6253925589 -8.843776026 0.0337827711
20904 310983.33 113.8452020344 34.0852200703 3776834.018983 762635.2136534002 56.9470722014 -0.1349717184 0.6577548287 220.9064385242 -7.6344937617 -8.8384187324 -0.0299132629
20905 310983.42 113.8451945671 34.0852129003 3776833.204068 762634.5463035 56.9446366895 0.0093231557 0.598639939 221.0689249457 -7.6584128589 -8.816403791 -0.0266560892
20906 310983.51 113.8451870748 34.0852057487 3776832.391141 762633.876601 56.9395933878 0.2789726135 0.3980342684 221.2109241208 -7.6778619087 -8.8047459457 -0.0302448681
20907 310983.6 113.8451795708 34.0851986123 3776831.579868 762633.2057683001 56.9409001628 0.4105129133 0.484855156 221.3915154523 -7.6964046448 -8.7630084167 0.0811055378
20908 310983.69 113.8451720172 34.0851915118 3776830.772439 762632.5302356 56.9461067151 0.198552842 0.5727514559 221.5236910777 -7.7435601302 -8.725715366 0.0641649935
20909 310983.78 113.8451644444 34.0851844206 3776829.966005998 762631.8529162 56.9536300395 -0.1287782431 0.5250336151 221.6627609271 -7.7605213776 -8.7164573917 0.1084098983
20910 310983.84 113.845159382 34.0851797012 3776829.4292480014 762631.4000520002 56.9562516948 -0.3649180602 0.5648527809 221.7324742481 -7.7808906803 -8.7064216315 -0.0144653743
20911 310983.93 113.845151762 34.0851726274 3776828.624616 762630.7183173002 56.9521915168 -0.5483822766 0.5662793501 221.8444637809 -7.8083127125 -8.7101553537 -0.1039500421
20912 310984.02 113.8451441236 34.0851655422 3776827.818677 762630.0349083 56.9377052998 -0.3917362933 0.4852142864 222.0009480167 -7.8282286733 -8.7317418364 -0.1765756963
20913 310984.11 113.8451364642 34.0851584684 3776827.013955 762629.3495340998 56.9254190056 -0.281124057 0.5119160669 222.1407593921 -7.8707617556 -8.705592649 -0.0648054951
20914 310984.2 113.845128767 34.0851514138 3776826.2112589986 762628.6606091999 56.921365859 -0.4502297531 0.4455203619 222.2422341317 -7.8918645552 -8.6989740412 -0.127810378
20915 310984.29 113.845121048 34.0851443596 3776825.408559 762627.9696632 56.9128452176 -0.2047140383 0.5538338232 222.3851102603 -7.9310692599 -8.6926515568 -0.0613564542
20916 310984.38 113.8451132997 34.0851373221 3776824.607627 762627.275963 56.9083668878 -0.2668451626 0.5532056722 222.5268382331 -7.9533813817 -8.6706646912 -0.0642182637
20917 310984.47 113.8451055228 34.0851302933 3776823.807593 762626.5795926 56.9033018434 -0.2749265062 0.5889934445 222.6573926103 -7.9830608903 -8.6599139234 -0.0653605192
20918 310984.56 113.8450977177 34.0851232721 3776823.008326 762625.8805979 56.8963103546 -0.1674590971 0.6362979774 222.7988048969 -8.0093695076 -8.6428168131 -0.0899511723
20919 310984.65 113.8450898878 34.0851162625 3776822.210282 762625.1792834002 56.888271546 -0.0016984192 0.6672699302 222.9455439378 -8.0379780682 -8.6325520994 -0.0534368285
20920 310984.74 113.8450820323 34.0851092659 3776821.4136230014 762624.4755590998 56.8852501074 0.0627620659 0.6714625631 223.0960661804 -8.0633330277 -8.6099300061 0.0210832487
20921 310984.83 113.8450741562 34.0851022862 3776820.618778 762623.7698747 56.8869552705 0.0200612466 0.6267579519 223.2397377654 -8.0793664926 -8.5983787546 0.0351633092
20922 310984.92 113.8450662586 34.085095315 3776819.824832 762623.0621856998 56.8880364886 0.0764905093 0.6152750629 223.4000346873 -8.1065817079 -8.5778221761 0.0027685051
20923 310985.01 113.8450583309 34.0850883614 3776819.032749 762622.3516622 56.8866865113 0.1573014674 0.5806003149 223.5483644389 -8.1303048635 -8.5602039658 -0.0136628309
20924 310985.1 113.8450503893 34.08508142 3776818.241993 762621.6398127 56.8867318695 0.1037641202 0.5601761362 223.7051661863 -8.1587021636 -8.5456678002 0.0212479757
20925 310985.19 113.8450424217 34.0850744968 3776817.453182 762620.9255139 56.8883573916 -0.0633034658 0.5856096061 223.8578084579 -8.186452415 -8.5223649918 0.0273939571
20926 310985.28 113.8450344244 34.0850675898 3776816.6661 762620.2084194 56.8874796499 -0.1272003124 0.5634952264 224.0318130641 -8.2212300351 -8.5068781513 -0.027901943
20927 310985.37 113.845026399 34.0850606958 3776815.880387 762619.4886827 56.8826648518 -0.0872598535 0.5666154994 224.2154141044 -8.2436432185 -8.482614265 -0.065493143
20928 310985.46 113.845018338 34.0850538188 3776815.096464 762618.7656151998 56.8768496653 -0.0781377832 0.5858653626 224.3943029006 -8.2874493896 -8.466614194 -0.0426308729
20929 310985.55 113.8450102502 34.0850469597 3776814.314463 762618.0400154998 56.8736702884 -0.0896682255 0.5256984149 224.5895508786 -8.3123141475 -8.443205105 0.0181784092
20930 310985.64 113.8450021358 34.0850401153 3776813.534031 762617.3119104998 56.8724184474 -0.2197834207 0.5264338449 224.8120825343 -8.3370921719 -8.4259807022 -0.0431624606
20931 310985.7 113.8449967038 34.0850355632 3776813.014876 762616.8244082 56.8686253196 -0.212603564 0.5126349229 224.9687811543 -8.3722293499 -8.4046655207 -0.065273348
20932 310985.79 113.8449885218 34.0850287569 3776812.238499 762616.0899411 56.8611272881 -0.1516404517 0.4678004592 225.1925836423 -8.4073746681 -8.3741565777 -0.0642685733
20933 310985.88 113.8449803033 34.0850219728 3776811.464482 762615.3520458002 56.8542732485 -0.0563828255 0.4803287758 225.4265350734 -8.4540035389 -8.342580427 -0.0529379497
20934 310985.97 113.8449720432 34.0850152172 3776810.693526 762614.6102107 56.8494363632 0.0109700369 0.4837319848 225.6461492185 -8.4854355262 -8.3124091153 -0.0284226199
20935 310986.06 113.8449637513 34.085008481 3776809.924642 762613.8653856 56.8470297521 0.0054670673 0.4852968993 225.8870812126 -8.5223604264 -8.2823454555 -0.0086398122
20936 310986.15 113.8449554211 34.0850017699 3776809.158436 762613.1169426999 56.8459466463 -0.0329559369 0.4685969812 226.1147327503 -8.5582809891 -8.2548542648 -0.0101955054
20937 310986.24 113.8449470582 34.0849950811 3776808.394626002 762612.3654163 56.8448388726 0.0155852661 0.469302359 226.3392050973 -8.6004698953 -8.2256523828 -0.021726273
20938 310986.33 113.8449386551 34.0849884191 3776807.633694 762611.610088 56.8422745317 0.0738271551 0.4764903509 226.5266617698 -8.633251508 -8.1944204265 -0.0222498799
20939 310986.42 113.844930221 34.0849817798 3776806.875191 762610.8518361 56.8419563342 -0.0021550237 0.5229741689 226.6887022906 -8.670465177 -8.1656424061 0.0320675488
20940 310986.46 113.8449264638 34.0849788369 3776806.5389410006 762610.5139958 56.843120873 -0.0714343624 0.51735096 226.7496440263 -8.6783365948 -8.1529347123 0.050571419
20941 310986.55 113.844917992 34.084972223 3776805.783159 762609.7521866 56.8428725041 -0.1904333141 0.5583552868 226.8862733282 -8.6960440068 -8.1486837901 -0.0262206488
20942 310986.64 113.8449094953 34.0849656188 3776805.028394 762608.9880335 56.8382167509 -0.1287578908 0.5021699766 227.0329771581 -8.7245230657 -8.1329632301 -0.0706265001
20943 310986.73 113.844900987 34.0849590246 3776804.27471 762608.2227891998 56.831621537 0.0438973107 0.4497993251 227.1838242846 -8.7274208953 -8.1172686274 -0.0396629586
20944 310986.82 113.8448924656 34.0849524586 3776803.524122 762607.4562446 56.8303501187 0.0004929148 0.4600311526 227.3353807139 -8.7483447227 -8.0691149574 0.0166126217
20945 310986.91 113.8448839346 34.084945923 3776802.7768809986 762606.6887132 56.8319727946 -0.0607089464 0.4628594332 227.4838216834 -8.7523699972 -8.0401484539 0.0282234431
20946 310987.0 113.8448753927 34.0849394168 3776802.032881 762605.9200901998 56.832240724 -0.0586171866 0.4735494973 227.6318288799 -8.7703301131 -7.9973454757 -0.013660723
20947 310987.09 113.8448668407 34.0849329402 3776801.292132 762605.1504459 56.8292132746 0.0314084024 0.5246551538 227.7713351023 -8.7695515807 -7.9608697708 -0.0147754559
20948 310987.18 113.8448582785 34.084926495 3776800.554846 762604.3797544001 56.828275484 -0.0404381167 0.6214616321 227.9064326615 -8.7831508963 -7.9207095904 0.0232417312
20949 310987.27 113.8448497131 34.0849200819 3776799.8211199986 762603.6086786998 56.8292543068 -0.1570912286 0.706253696 228.0427965298 -8.786134341 -7.8891352163 0.0098159434
20950 310987.33 113.8448439992 34.0849158195 3776799.333399 762603.0942484002 56.8280426664 -0.1834208214 0.7770617023 228.142760887 -8.7957428921 -7.8709125278 -0.0253115567
20951 310987.42 113.844835426 34.0849094514 3776798.6046379986 762602.3223097 56.8237108141 -0.1971647091 0.8087759048 228.2830362896 -8.7926872936 -7.8247656796 -0.0410142948
20952 310987.51 113.8448268503 34.0849031111 3776797.878953 762601.5500431 56.819837804 -0.188421128 0.8243198145 228.4264035525 -8.794365039 -7.7966743348 -0.0237357613
20953 310987.6 113.8448182792 34.0848967951 3776797.155989 762600.7781396 56.814270502 -0.1089725437 0.8326753004 228.5898928927 -8.7848163663 -7.7588954243 -0.0507756787
20954 310987.69 113.8448097096 34.0848905207 3776796.437637 762600.0062389 56.8101011831 -0.0603286712 0.8279826025 228.7410299194 -8.7840884667 -7.7083769994 -0.0283838096
20955 310987.78 113.8448011642 34.0848842897 3776795.72416 762599.2364394 56.8101941002 -0.1173969832 0.7328249598 228.9047846403 -8.7465226979 -7.6519611658 0.0176569315
20956 310987.87 113.8447926471 34.0848781153 3776795.017045 762598.469084 56.811578935 -0.2534762513 0.7814400068 229.0522898386 -8.723120123 -7.5658818074 -0.0120245277
20957 310987.96 113.8447841712 34.0848720084 3776794.317526 762597.7053151 56.8089948473 -0.1878494244 0.7239181065 229.2082596574 -8.6663217675 -7.4901801865 -0.0179685699
20958 310988.05 113.8447757474 34.0848659678 3776793.625495 762596.9461551 56.8062261408 -0.2496729791 0.7004730178 229.3585380257 -8.6162770261 -7.4001284259 -0.025003959
20959 310988.14 113.8447673652 34.0848600047 3776792.942178 762596.1905997 56.8045585528 -0.3047592482 0.7516744225 229.5040236905 -8.556744034 -7.3036800591 0.0028505806
20960 310988.23 113.8447590275 34.084854113 3776792.266892 762595.4389316 56.8011571933 -0.3502553445 0.7846860975 229.641370672 -8.512789625 -7.2274166283 -0.0546439341
20961 310988.25 113.844757184 34.084852813 3776792.117885 762595.2727236998 56.799452845 -0.3154560031 0.7877938844 229.6754522995 -8.4890845399 -7.2048710912 -0.0827434925
20962 310988.35 113.8447480081 34.0848463607 3776791.378226 762594.4453929 56.794167649 -0.3153845285 0.7959164836 229.8445161783 -8.4248316696 -7.1110323599 -0.0175981739
20963 310988.45 113.8447389055 34.0848400024 3776790.6492 762593.6245391999 56.791449273 -0.4064570857 0.7549874505 229.9949011069 -8.3525716487 -7.0047912043 -0.0102871705
20964 310988.55 113.8447298953 34.0848337309 3776789.930036 762592.8119451 56.7880836614 -0.5390363161 0.7283631513 230.164940244 -8.2655252343 -6.9068739958 -0.0345545057
20965 310988.65 113.8447209704 34.0848275615 3776789.222426 762592.0069125 56.7815442896 -0.4488177543 0.7062317489 230.3279823879 -8.1872001607 -6.7887704115 -0.0660907152
20966 310988.75 113.8447121439 34.0848214888 3776788.525795 762591.2106720002 56.7723254003 -0.2423774034 0.6448716492 230.4963480031 -8.0886968892 -6.6843358147 -0.0820540901
20967 310988.85 113.8447034117 34.0848155262 3776787.841635 762590.4227949 56.7670728425 -0.2777190583 0.7062421767 230.632343236 -8.0079556322 -6.5451268245 0.0071001447
20968 310988.95 113.8446947908 34.0848096761 3776787.170247 762589.6448406 56.7688183328 -0.5249424721 0.7256375399 230.7418112545 -7.8885825048 -6.4426657055 0.0255235407
20969 310989.05 113.8446862904 34.0848039262 3776786.510274 762588.8777090998 56.7663947986 -0.5120094853 0.7522832949 230.8666013816 -7.7844673757 -6.3207470919 -0.0480857384
20970 310989.16 113.8446770893 34.0847977159 3776785.797421 762588.0472979 56.7571580382 -0.1901703606 0.6607048284 231.0066188944 -7.6428607928 -6.2072599675 -0.101928644
20971 310989.27 113.8446680434 34.0847916373 3776785.099573 762587.2308178 56.7514622658 -0.0191514284 0.6932265423 231.1366803832 -7.5212318846 -6.047981498 -0.0131072436
20972 310989.38 113.844659149 34.0847857053 3776784.41839 762586.4278671 56.7551903026 -0.1401136268 0.6745890857 231.2483547968 -7.379344397 -5.9223244981 0.0552012205
20973 310989.49 113.844650422 34.0847798949 3776783.751132 762585.6399955 56.7598108789 -0.3221965224 0.6623550407 231.4086068653 -7.2537289846 -5.7856646485 0.0094214299
20974 310989.6 113.8446418418 34.0847742235 3776783.09967 762584.8652555002 56.7591085061 -0.3424492655 0.6515617881 231.5483679214 -7.1220244117 -5.6526806069 -0.029572203
20975 310989.72 113.8446326622 34.0847681851 3776782.405947 762584.0363034002 56.755682271 -0.3342815979 0.7319698999 231.7112685815 -6.9864974093 -5.5081013036 -0.0362622146
20976 310989.84 113.8446236642 34.0847623139 3776781.731242 762583.2235946 56.75322494 -0.2664568944 0.7795902968 231.8577533781 -6.8344208578 -5.3571748415 -0.0190965816
20977 310989.96 113.8446148672 34.0847565935 3776781.073788 762582.4289866 56.7516610939 -0.2421110529 0.8026248662 232.0374731469 -6.6858701723 -5.218778707 -0.0160163494
20978 310990.08 113.8446062649 34.0847510426 3776780.435651 762581.651829 56.7511377763 -0.2608969942 0.8547789094 232.1888606196 -6.5437043566 -5.0541826748 0.0067694596
20979 310990.21 113.8445971801 34.0847452186 3776779.765956 762580.8309611002 56.7508063987 -0.1222882129 0.8904855608 232.3780093195 -6.3655633683 -4.9038318261 0.0106726638
20980 310990.34 113.8445883273 34.0847395788 3776779.117308 762580.0309451 56.7493707836 -0.0800738625 0.9542951096 232.5726941238 -6.2063450668 -4.734452028 -0.0203873825
20981 310990.48 113.8445790655 34.0847337147 3776778.442714 762579.1938689002 56.751836068 -0.148011085 0.8665194531 232.772745832 -6.0131663482 -4.5768284442 0.0453146946
20982 310990.52 113.8445764696 34.0847320756 3776778.2541309986 762578.9592285998 56.7534026112 -0.1996053903 0.8473204737 232.8297853277 -5.971365236 -4.5303412736 0.0431175652
20983 310990.66 113.844567511 34.0847264518 3776777.6069910014 762578.1493972 56.7565231212 -0.327079619 0.7744756834 233.0023569531 -5.848324132 -4.4098867111 0.0166059898
20984 310990.8 113.8445587195 34.0847209694 3776776.975963 762577.3545634 56.7566553634 -0.4604420045 0.739910245 233.1812535138 -5.7427650368 -4.303361075 -0.0135550172
20985 310990.95 113.8445494742 34.0847152504 3776776.317507 762576.5185545 56.7528182287 -0.3592696629 0.7375431048 233.3625465799 -5.6322334386 -4.1819094346 -0.0320231844
20986 310991.1 113.8445404347 34.0847096753 3776775.675557 762575.7010991998 56.7448307471 -0.1197229266 0.7160601673 233.5591760003 -5.5109967544 -4.072853879 -0.0630745326
20987 310991.25 113.8445315865 34.0847042638 3776775.052262998 762574.9008051999 56.7393222889 -0.023924185 0.7791456894 233.7109786918 -5.3944990563 -3.9378718375 0.0114811321
20988 310991.41 113.8445223616 34.0846986466 3776774.405165 762574.0663612 56.7449928206 -0.1782806449 0.769148822 233.8978729318 -5.2651903607 -3.8542824058 0.0310799159
20989 310991.57 113.8445133127 34.0846931749 3776773.774663 762573.2477204001 56.7462222222 -0.1889775567 0.7723279963 234.051763264 -5.1820011628 -3.7406487313 -0.0137251602
20990 310991.73 113.8445044206 34.0846878321 3776773.158867 762572.443159 56.7432412757 -0.2745563505 0.7745799734 234.2162236277 -5.0894028567 -3.6688263258 -0.0184565016
20991 310991.9 113.844495134 34.0846822735 3776772.51812 762571.6028433002 56.7413461767 -0.3904451207 0.7470968955 234.368020426 -5.0074192293 -3.5820306757 0.0003329371
20992 310992.03 113.8444881373 34.0846781154 3776772.038676 762570.9696364 56.7404815117 -0.4476208424 0.7831375093 234.4791077555 -4.9340279645 -3.5169389659 -0.0284648908
20993 310992.2 113.8444791529 34.0846728121 3776771.427028 762570.1564353 56.7330277758 -0.4152143732 0.7496427553 234.6358328673 -4.8183123058 -3.4239736533 -0.0463221363
20994 310992.38 113.8444698888 34.0846673538 3776770.797467 762569.3178781 56.723371271 -0.2544282027 0.6481188865 234.7711465716 -4.6883106598 -3.3080062543 -0.0367413197
20995 310992.56 113.8444608661 34.0846620799 3776770.188984 762568.5010484002 56.7197215334 -0.2041699596 0.702061162 234.9116183767 -4.5738883245 -3.2037657613 -0.0070337783
20996 310992.75 113.8444515717 34.0846566704 3776769.564757 762567.6595430998 56.7136416454 -0.1609988018 0.6802994907 235.042385839 -4.4490700959 -3.1213046203 -0.0239055343
20997 310992.94 113.8444425323 34.0846514241 3776768.959293 762566.8410856 56.7134130066 -0.1921748668 0.6339486038 235.1716199052 -4.3315696726 -3.0111104191 0.0212480127
20998 310993.14 113.8444333018 34.0846461033 3776768.345079 762566.005211 56.7114538867 -0.1472827989 0.6687553368 235.2873680122 -4.1969075996 -2.901911821 -0.0360909309
20999 310993.34 113.8444243671 34.0846409701 3776767.75244 762565.1960625999 56.7073629834 -0.0397745336 0.7394111229 235.4180367681 -4.0857303208 -2.8111696615 -0.0044891846
21000 310993.55 113.8444151773 34.0846357182 3776767.1459699986 762564.3637379 56.708652677 -0.1726874928 0.7855264929 235.531892886 -4.0095918504 -2.7543492049 -0.0021594435
21001 310993.76 113.8444061625 34.0846305809 3776766.55267 762563.5472114 56.7094882401 -0.2016343943 0.8118469178 235.6301797267 -3.9299038711 -2.6890119483 0.0016995825
21002 310993.98 113.8443969162 34.084625335 3776765.946719 762562.7096389 56.7077409383 -0.1819358893 0.843734926 235.6780034057 -3.839678255 -2.6272039976 -0.0294101788
21003 310994.2 113.8443878949 34.0846202164 3776765.35549 762561.8924568002 56.7034674128 -0.1159731865 0.7708667933 235.7484068256 -3.7474537947 -2.5565551182 -0.0005608796
21004 310994.22 113.844387085 34.0846197592 3776765.302666001 762561.8190868 56.7037099665 -0.117062732 0.7645499775 235.7512839906 -3.7400955745 -2.545749857 0.0107492501
21005 310994.45 113.8443778997 34.0846145781 3776764.704066002 762560.9869495998 56.7035536096 -0.127792341 0.6984836561 235.8131334155 -3.6404123123 -2.4788158773 -0.0118317548
21006 310994.69 113.8443685791 34.0846093243 3776764.097045 762560.1425476 56.7033003755 -0.119605829 0.6732015089 235.88699082 -3.54087184 -2.401293496 -0.0074348241
21007 310994.93 113.8443595238 34.0846042382 3776763.509326 762559.3221273002 56.7011395432 -0.1037154374 0.6310423825 235.9600366587 -3.4389058799 -2.3234127665 -0.0164545172
21008 310995.18 113.8443503775 34.0845991185 3776762.91764 762558.493401 56.7027947027 -0.1733817206 0.6150643549 236.0434371917 -3.3270904027 -2.2434781374 -0.0144256353
21009 310995.44 113.8443411839 34.084594004 3776762.326411 762557.6602906998 56.69911421 -0.2210175524 0.6756571174 236.1092752078 -3.1932671776 -2.1486484168 -0.0037002712
21010 310995.71 113.8443320796 34.0845889477 3776761.741871 762556.8352518 56.6962696146 -0.1715215382 0.6995123394 236.1752094411 -3.027712893 -2.0361324407 0.0016314616
21011 310996.0 113.8443228191 34.084583809 3776761.147792 762555.9960455998 56.6899180263 -0.0598831432 0.6958852818 236.271865914 -2.8708301702 -1.9331717179 -0.0250659277
21012 310996.3 113.8443136882 34.0845787633 3776760.564361 762555.1685149 56.6893715868 -0.2414505243 0.6887215224 236.3922119263 -2.7447378382 -1.8373350766 0.0096493836
21013 310996.62 113.8443044035 34.0845736691 3776759.97515 762554.3269327 56.6896678945 -0.3152192276 0.800306114 236.5635586746 -2.6122399288 -1.728333173 0.0055360208
21014 310996.95 113.8442953262 34.0845687025 3776759.400627 762553.5041009 56.6846372113 -0.1740026665 0.7593470116 236.7194692771 -2.4752344735 -1.6308922946 -0.0282155675
21015 310997.31 113.8442860386 34.0845636457 3776758.815565 762552.6621370999 56.6767778108 -0.0391651142 0.7456326095 236.8887496153 -2.2752335622 -1.4916529286 -0.0053277729
21016 310997.71 113.844276927 34.0845587288 3776758.24648 762551.8359884 56.6772859646 -0.0953677245 0.7996135226 237.0247118685 -1.9255402493 -1.2580264267 0.0018874107
21017 310998.2 113.8442677872 34.0845538327 3776757.679627 762551.0071731998 56.6772474926 -0.0334039595 0.7427503225 237.1702191972 -1.5490653125 -1.0120205711 -0.0048313715
21018 310998.83 113.844258628 34.0845490253 3776757.122562 762550.176295 56.6758651296 -0.0332546164 0.7743414677 237.3139782512 -1.1145670286 -0.724466989 -0.0169034822
21019 310999.97 113.8442495222 34.084544139 3776756.556883 762549.3505933002 56.6780013191 -0.0244364931 0.8031437216 237.4462280204 -0.4356910984 -0.289009639 -0.0074184025
21020 311017.43 113.8442408 34.084539671 3776756.0386190014 762548.5590136999 56.6933240844 0.4073814176 0.8123791945 237.6207674591 -1.1964777879 -0.7502750929 -0.0065188489
21021 311017.95 113.8442314875 34.084534786 3776755.472551 762547.7142122 56.6924028294 0.2997610643 0.7802980462 237.7816591178 -2.1176339364 -1.3278975829 -0.0066656656
21022 311018.31 113.8442220812 34.0845298896 3776754.904981 762546.8607973 56.6907270001 0.2217261724 0.8220374813 237.9338361661 -2.687887253 -1.675453896 -0.018176531
21023 311018.61 113.844212668 34.0845250212 3776754.340505 762546.0066508 56.6870127721 0.1465174719 0.8423241009 238.0603967264 -3.1002025135 -1.9150623396 -0.009406621
21024 311018.88 113.8442031112 34.084520093 3776753.7690160014 762545.1394241998 56.6774849892 0.2119636583 0.8020059929 238.2077939955 -3.4347819912 -2.1138144483 -0.0207512201
21025 311019.12 113.8441938125 34.084515332 3776753.216754 762544.2955186 56.6767430967 0.2487524069 0.8606047717 238.3397453704 -3.7229205821 -2.2781645783 -0.0240938377
21026 311019.35 113.8441842149 34.0845104341 3776752.648526 762543.4244382 56.6693433328 0.1583740616 0.7906117603 238.4881978977 -3.982936235 -2.456793202 -0.0497433013
21027 311019.44 113.8441802779 34.0845084287 3776752.415846 762543.0670987 56.667115286 0.1151463347 0.7611363612 238.5399983457 -4.0964456182 -2.4933053575 -0.0190774272
21028 311019.65 113.8441706872 34.0845035854 3776751.853692 762542.1964907 56.6730144964 0.0084004392 0.8272129352 238.6826308772 -4.3390601394 -2.6242948076 0.0143767647
21029 311019.85 113.8441610372 34.084498737 3776751.290826 762541.3204106998 56.6590551371 0.3491223941 0.7957197741 238.8628347518 -4.5620095328 -2.7640886254 -0.1231434778
21030 311020.04 113.8441514265 34.0844939361 3776750.733332 762540.4478186 56.6551885856 0.2650302365 0.7455856783 238.9831950787 -4.7695042804 -2.8560921099 0.0465694462
