21116 311029.26 113.8433041954 34.084172721 3776712.908085 762463.2090095 56.5711355852 -0.0223986877 0.4260005467 251.6677610348 -11.5032561 -3.8138929173 -0.0192100423
21117 311029.35 113.8432929449 34.0841696318 3776712.536336 762462.1797056 56.5696520051 -0.1254466696 0.4702911259 251.7987939649 -11.5609609752 -3.7872031347 -0.01552322
21118 311029.44 113.8432816425 34.084166552 3776712.165504 762461.1455799 56.5637245029 -0.0573519561 0.4330119848 251.9314946222 -11.6101018453 -3.7870111599 -0.0749965745
21119 311029.53 113.8432702924 34.0841634804 3776711.79546 762460.1070273 56.5565554574 0.0890861421 0.4477157242 252.0740676751 -11.6617152252 -3.7614925685 -0.0335605907
21120 311029.62 113.8432588954 34.0841604264 3776711.427243 762459.0640827 56.5541373091 0.0584022673 0.4564556102 252.2037509815 -11.7093973462 -3.7500463256 0.0051804265
21121 311029.71 113.8432474512 34.0841573838 3776711.060173 762458.0167556 56.5542333797 -0.0097706686 0.4450836857 252.3467160111 -11.756196356 -3.7316731566 0.0122862721
21122 311029.76 113.8432410735 34.0841556984 3776710.856748 762457.433055 56.5535033997 -0.0250721156 0.4151662272 252.4291881115 -11.7827323105 -3.7279295397 -0.0123425776
21123 311029.85 113.8432295551 34.0841526711 3776710.491181 762456.3788241 56.5501791816 -0.0656958693 0.3905356637 252.5831376657 -11.833007518 -3.7149986382 -0.0284802226
21124 311029.94 113.8432179878 34.0841496635 3776710.12768 762455.3200178002 56.5463749599 -0.1086534141 0.3743383321 252.724462394 -11.8845286069 -3.6845736686 -0.0352336171
21125 311030.03 113.843206371 34.0841466684 3776709.765435 762454.2566056999 56.5407404546 0.032623312 0.3420942885 252.877711088 -11.9381955877 -3.6766645617 -0.056487316
21126 311030.11 113.8431960053 34.0841440172 3776709.444574 762453.3076511 56.5343515128 0.2187490517 0.3090650322 253.0184327529 -11.977252159 -3.6559818634 -0.0468296239
21127 311030.19 113.843185606 34.0841413801 3776709.125193 762452.3555508 56.5332630221 0.1640950908 0.3032650086 253.1610757536 -12.0152165278 -3.6384539199 0.048691284
21128 311030.27 113.8431751687 34.0841387612 3776708.8077300014 762451.3998795998 56.5374908848 -0.1712802425 0.2957023514 253.3045821856 -12.0630786344 -3.6131870033 0.0692285719
21129 311030.35 113.8431646896 34.0841361526 3776708.491303 762450.4403185 56.5364297237 -0.4027757488 0.2511467766 253.4578940683 -12.1094062594 -3.603115247 -0.0540671935
21130 311030.43 113.8431541653 34.0841335582 3776708.176339 762449.4765447 56.527488946 -0.4754964528 0.2172155573 253.6168851658 -12.166883113 -3.5774195741 -0.1482279104
21131 311030.51 113.8431436006 34.0841309772 3776707.86276 762448.5089960998 56.5122155957 -0.2135282523 0.2028005478 253.7780008266 -12.2152648403 -3.5627443026 -0.2024753591
21132 311030.58 113.8431343224 34.0841287331 3776707.58987 762447.6592008 56.4984521009 0.2205021246 0.2007932509 253.9238802656 -12.2547800611 -3.5373428031 -0.1430297406
21133 311030.66 113.8431236877 34.0841261892 3776707.280232 762446.6850741 56.4909964278 0.6384507806 0.1786739368 254.0884678726 -12.2798488496 -3.5092257544 0.0151199604
21134 311030.74 113.8431130266 34.0841236668 3776706.9729 762445.7084463 56.5000922531 0.5934425123 0.1896534681 254.254840599 -12.3177689334 -3.4747474681 0.2088981448
21135 311030.82 113.843102335 34.0841211667 3776706.66797 762444.7289272 56.5149058439 0.3541323713 0.1931256349 254.4141493834 -12.3528097538 -3.444380538 0.1858073792
21136 311030.9 113.8430916027 34.0841186839 3776706.36486 762443.7455995998 56.5231266003 0.1943610389 0.2555105981 254.5748937918 -12.4039281036 -3.4237625546 0.0660689158
21137 311030.98 113.8430808289 34.0841162228 3776706.064046 762442.7583806 56.5238168472 0.1267858312 0.3121175354 254.7233206504 -12.452912229 -3.3874316459 -0.0144107815
21138 311031.06 113.8430700166 34.0841137784 3776705.764986 762441.7675414 56.5200368883 0.1537495252 0.3685128787 254.8509773705 -12.4952596107 -3.3727742295 -0.0614893509
21139 311031.14 113.843059162 34.0841113562 3776705.468279 762440.7727411998 56.516248825 0.1465649639 0.4932615806 254.971383573 -12.5459244328 -3.3388768845 -0.0295991172
21140 311031.22 113.8430482726 34.0841089441 3776705.1726089986 762439.7746884 56.5149578061 0.1329642915 0.4521985579 255.1006096138 -12.5847239957 -3.3461349279 0.0139754921
21141 311031.3 113.8430373494 34.0841065378 3776704.877495 762438.7734938002 56.5176739935 -0.0571128349 0.5159924402 255.2486162584 -12.6263071826 -3.323448966 0.0471909292
21142 311031.37 113.8430277562 34.0841044468 3776704.620789 762437.8941407 56.5165533293 0.0246719686 0.4799784402 255.3728956133 -12.6678778494 -3.3092849873 -0.0092153011
21143 311031.45 113.8430167573 34.0841020676 3776704.328486 762436.8858797 56.5139063876 0.124853548 0.384522571 255.5204424695 -12.7031622861 -3.2879522558 -0.0209021229
21144 311031.53 113.8430057226 34.0840997059 3776704.038042 762435.8742551998 56.5133522153 0.1298156587 0.3843229853 255.6547757762 -12.751701095 -3.2590483084 0.021167905
21145 311031.61 113.8429946483 34.084097365 3776703.749794 762434.8589073 56.5142638758 0.1413258801 0.3425359113 255.7871831653 -12.7940383899 -3.2348809347 0.011987813
21146 311031.69 113.8429835366 34.0840950378 3776703.462978 762433.8400668 56.5141956694 0.2157083173 0.3355864232 255.93232237 -12.8392001971 -3.214015503 0.0076088251
21147 311031.77 113.8429723864 34.0840927263 3776703.177801002 762432.8176204 56.5150923114 0.1628442375 0.3659267747 256.0837343788 -12.8843970557 -3.1907124771 0.0254087089
21148 311031.85 113.8429612002 34.0840904341 3776702.894669 762431.7917913 56.517660642 0.035598318 0.2942570622 256.2322119265 -12.9221908828 -3.165275757 0.0298854482
21149 311031.93 113.8429499749 34.0840881554 3776702.612944002 762430.7623091999 56.518861318 -0.135229666 0.3086508434 256.3827886385 -12.9797168022 -3.148764744 -0.013689557
21150 311032.01 113.8429387115 34.0840858988 3776702.333572 762429.7292405 56.513653486 0.0017673527 0.2381561404 256.5287595778 -13.0122428991 -3.1155719702 -0.0961454665
21151 311032.09 113.8429274035 34.0840836467 3776702.054579 762428.6920425 56.5052793035 0.1923871407 0.2530558005 256.6857542059 -13.0717258147 -3.0987971113 -0.0674286896
21152 311032.13 113.8429217355 34.0840825277 3776701.915826998 762428.1721346 56.5016221022 0.3101040696 0.2541373911 256.7588819515 -13.0872857342 -3.0830661216 -0.0542228247
21153 311032.21 113.8429103788 34.0840803091 3776701.640428 762427.1303318002 56.5027350765 0.3193833291 0.2072068368 256.9007628166 -13.121553754 -3.0523711475 0.1042233952
21154 311032.29 113.8428989879 34.0840781046 3776701.366514 762426.0853319998 56.5085381549 0.0586577009 0.2504530408 257.0537462736 -13.1518572119 -3.0302255316 0.0849763603
21155 311032.37 113.8428875582 34.0840759231 3776701.095044 762425.0366726 56.511691845 -0.0332766301 0.2994156837 257.1997144114 -13.2107389825 -2.9965819157 0.044061738
21156 311032.45 113.8428760892 34.0840737613 3776700.825665 762423.984331 56.5085703498 -0.1241974301 0.3295375586 257.3488357749 -13.247479781 -2.9738263534 -0.0747896751
21157 311032.53 113.84286458 34.0840716211 3776700.558575 762422.9282091998 56.4994030027 0.013353105 0.3510157487 257.4898301622 -13.29476639 -2.942048477 -0.1071768442
21158 311032.61 113.8428530346 34.0840694982 3776700.293317 762421.8686904998 56.4903788697 0.2277578518 0.3836484317 257.6274263439 -13.3376212186 -2.9193723965 -0.0403683862
21159 311032.69 113.8428414605 34.0840673974 3776700.030436 762420.8064479 56.4884739425 0.1798783219 0.4396530705 257.7659351166 -13.3691732455 -2.8876882188 0.0376868354
21160 311032.77 113.8428298554 34.0840653078 3776699.768721 762419.7413167 56.4909909051 0.1313273693 0.364749494 257.9236435955 -13.4042828552 -2.8770575594 0.0662291394
21161 311032.85 113.8428182172 34.0840632358 3776699.508862002 762418.6730720998 56.4933531676 -0.0634438506 0.3839951597 258.0778824605 -13.4429014658 -2.843922373 0.0266390068
21162 311032.9 113.8428109243 34.0840619523 3776699.347685 762418.0036211 56.4926739084 -0.0553589621 0.4170158058 258.181872902 -13.4739339093 -2.8244056954 -0.0096461018
21163 311032.98 113.8427992206 34.0840599194 3776699.092012 762416.9292048 56.4866204141 0.1117137879 0.4096376997 258.3408057311 -13.5281310612 -2.7864130847 -0.0870440057
21164 311033.06 113.8427874844 34.0840579137 3776698.839268 762415.8517122 56.4807597883 0.1486707599 0.4178210653 258.489825253 -13.5547551358 -2.7559004859 -0.0157771712
21165 311033.14 113.8427757216 34.0840559382 3776698.589801002 762414.7716551998 56.4813124351 0.0351042871 0.4808661446 258.6340563654 -13.5908061592 -2.7162976341 0.0346871065
21166 311033.22 113.8427639229 34.0840539826 3776698.342464 762413.6882374 56.4781578854 0.0150293592 0.4941731244 258.7898371169 -13.6335734231 -2.6985085969 -0.0577205493
21167 311033.3 113.8427520903 34.0840520426 3776698.096764 762412.6016300998 56.4728684677 0.2119458434 0.4193056858 258.9632899894 -13.67270354 -2.6753401791 -0.033354075
21168 311033.38 113.8427402292 34.0840501223 3776697.853173998 762411.5123316 56.4721629806 0.2152248644 0.3962464653 259.1399361189 -13.7006870696 -2.6459088604 0.046938661
21169 311033.46 113.8427283344 34.084048228 3776697.612381 762410.4198479 56.4752856344 0.13102489 0.3078453484 259.3177595238 -13.7410300009 -2.6084817523 0.0706052294
21170 311033.54 113.8427164089 34.0840463568 3776697.374079 762409.3244455998 56.4782038238 0.0234956829 0.2524841148 259.5046896708 -13.777394 -2.576859871 0.0376871598
21171 311033.62 113.8427044475 34.084044516 3776697.139059 762408.225641 56.4775303099 0.0765985089 0.2645115303 259.6893308489 -13.8229969969 -2.5231966401 -0.0234436846
21172 311033.7 113.8426924497 34.0840427093 3776696.907727 762407.1233701998 56.4730997477 0.2468278108 0.2542176568 259.8651789917 -13.864214575 -2.4859968203 -0.0461308146
21173 311033.78 113.8426804223 34.0840409312 3776696.6794980015 762406.0182814 56.4726432031 0.2572117595 0.3152775914 260.0420131213 -13.8950621866 -2.4389788094 0.0572065542
21174 311033.86 113.8426683645 34.0840391819 3776696.454387 762404.9102943002 56.475830324 0.067559192 0.366985814 260.2202060287 -13.9339011569 -2.4101477052 0.0417611492
21175 311033.94 113.842656272 34.0840374588 3776696.232092 762403.7990247 56.4775454365 -0.140645503 0.383041354 260.4031160195 -13.9744060923 -2.3652182369 0.0273822654
21176 311034.02 113.8426441439 34.0840357627 3776696.012696 762402.6843811999 56.4742802018 -0.1910814643 0.3546203796 260.5845259037 -14.015375551 -2.3362074336 -0.0728294183
21177 311034.1 113.8426319689 34.0840340925 3776695.796062 762401.5653259 56.4660628708 -0.1312977382 0.3523452186 260.7685080635 -14.0651704299 -2.2904850035 -0.1094603286
21178 311034.18 113.8426197586 34.0840324519 3776695.582618 762400.4429220002 56.4579367554 -0.0509066041 0.3409354979 260.9503870054 -14.0992937441 -2.2592432978 -0.0616741065
21179 311034.25 113.8426090464 34.0840310419 3776695.398612 762399.4581366 56.4539428456 -0.0480663563 0.3641630726 261.1145093657 -14.1347905563 -2.2090008782 -0.0417811561
21180 311034.31 113.8425998428 34.0840298518 3776695.242897 762398.6119711 56.4506266611 -0.0105181521 0.3506961128 261.2499084407 -14.1644666425 -2.1881475188 -0.0458052435
21181 311034.38 113.8425890819 34.0840284829 3776695.063329 762397.6225564998 56.4481999064 -0.0307395426 0.355138325 261.4256479608 -14.2070881888 -2.1499237679 -0.0038571389
21182 311034.45 113.8425782975 34.0840271382 3776694.886389 762396.6309047 56.4449915998 -0.0292175502 0.3592519538 261.6016722796 -14.2358511306 -2.1120688213 -0.0379146045
21183 311034.52 113.8425674878 34.0840258165 3776694.71194 762395.6368396998 56.4423090406 0.03233155 0.3327944949 261.7792328383 -14.2584982813 -2.0727535931 -0.0181049801
21184 311034.59 113.8425566531 34.0840245213 3776694.540357 762394.6403853 56.4395402921 -0.0065578953 0.3349407022 261.954972824 -14.2937799779 -2.0336432375 -0.0769366204
21185 311034.66 113.8425457951 34.0840232515 3776694.3715449986 762393.6417041 56.4363764133 0.0825818327 0.3543210863 262.1406928472 -14.3297124453 -1.9922004549 -0.0242992488
21186 311034.73 113.8425349148 34.0840220126 3776694.2060980015 762392.6408691 56.4343693638 0.0634141303 0.3790775339 262.3121952845 -14.3590167953 -1.9377169185 -0.0143658292
21187 311034.8 113.8425240114 34.0840208001 3776694.043529 762391.6378223002 56.432000732 0.168923384 0.3503411341 262.4844548642 -14.3794412733 -1.9114289486 0.0138886198
21188 311034.87 113.8425130871 34.0840196123 3776693.883635 762390.6327659 56.4320909753 0.1716925564 0.4566562499 262.6637933166 -14.4131369338 -1.8522179751 0.0363826996
21189 311034.94 113.8425021431 34.0840184549 3776693.727077 762389.6257939 56.4331480069 0.1824525031 0.4581648675 262.8414311852 -14.4360476659 -1.8191833817 0.0274119085
21190 311034.97 113.842497446 34.0840179643 3776693.660556 762389.1935875 56.4339060821 0.1918072111 0.4572527682 262.9222557427 -14.4511427171 -1.8068769385 0.0465498619
21191 311035.04 113.8424864767 34.0840168402 3776693.507633 762388.184175 56.4361678073 0.09066845 0.4405369653 263.1070321596 -14.4693043461 -1.7571220425 0.043034245
21192 311035.11 113.842475492 34.0840157451 3776693.357869 762387.1732579 56.4370056037 0.0327077194 0.4501813142 263.2858032319 -14.4983023215 -1.7200143521 -0.0056267656
21193 311035.18 113.8424644873 34.0840146764 3776693.210993 762386.1604098 56.4361846959 0.0029511199 0.4231814047 263.4549959923 -14.5274287751 -1.6752490024 -0.0098255295
21194 311035.25 113.8424534641 34.0840136323 3776693.066804 762385.1457701002 56.4333972065 -0.0590116983 0.3953172449 263.6224271082 -14.54958147 -1.6401592137 -0.0310173572
21195 311035.32 113.8424424254 34.0840126133 3776692.925356 762384.1296329 56.4314768314 -0.0667750195 0.3859524865 263.7863830018 -14.5684037568 -1.5909647049 -0.0224334432
21196 311035.39 113.8424313673 34.0840116215 3776692.786882 762383.1116116 56.4285978377 -0.1364452213 0.3955319936 263.929722629 -14.5945466265 -1.5525929434 -0.0302714097
21197 311035.46 113.8424202924 34.0840106553 3776692.651196 762382.0919666998 56.4242658559 -0.1112182154 0.4383158055 264.0695346058 -14.609346207 -1.5086608852 -0.040548757
21198 311035.53 113.8424092034 34.0840097116 3776692.517979 762381.0709439998 56.420105245 -0.1028187596 0.4017926243 264.1906688586 -14.6317725203 -1.4827901536 -0.0273770453
21199 311035.6 113.8423980996 34.0840087828 3776692.386374 762380.0485145 56.4148130473 -0.026793516 0.4659828493 264.3173204724 -14.6469316984 -1.452776958 -0.0576734823
21200 311035.67 113.8423869859 34.0840078782 3776692.25743 762379.0250939 56.4105229145 0.1585881769 0.4717583735 264.4266623876 -14.6602348736 -1.4191358325 -0.0385154763
21201 311035.74 113.8423758626 34.08400699 3776692.130285 762378.0007329 56.4098123936 0.1658291006 0.4482347058 264.5351260377 -14.674764839 -1.3946928057 0.0358270954
21202 311035.81 113.8423647351 34.084006118 3776692.004921 762376.9759354 56.4120652098 0.1485954273 0.4550638714 264.6426999619 -14.6740282742 -1.3693374138 0.0531703231
21203 311035.88 113.8423535975 34.0840052606 3776691.881161 762375.9501629 56.4149926091 0.1130997644 0.4232850486 264.7550066421 -14.6914746436 -1.3494883576 0.0479353397
21204 311035.95 113.8423424574 34.0840044204 3776691.759297 762374.9241039002 56.4180885898 0.0270329687 0.3734983197 264.8654419919 -14.6916332514 -1.3160514478 0.0654613431
21205 311036.02 113.842331316 34.0840035945 3776691.639012 762373.8978895 56.4194035856 -0.0888434548 0.3515759869 264.984329902 -14.6910440401 -1.2988015966 0.0047134482
21206 311036.09 113.8423201719 34.084002786 3776691.520661 762372.8713654 56.417349156 -0.0519757586 0.3117934349 265.1017226419 -14.6910789466 -1.2615314839 -0.0371704587
21207 311036.16 113.8423090309 34.0840019975 3776691.404533 762371.8450606 56.4145496152 0.0059374404 0.2936390184 265.2184511042 -14.683442816 -1.2374779412 -0.0231930966
21208 311036.23 113.8422978995 34.0840012314 3776691.290907 762370.8195826998 56.412380998 0.0931370687 0.3094046481 265.3400483337 -14.6715557746 -1.1893008456 -0.0223508487
21209 311036.3 113.8422867832 34.0840004882 3776691.179869 762369.7954201 56.4124762779 0.1005201905 0.2942326881 265.452239658 -14.6462998782 -1.1665740997 0.0439947239
21210 311036.37 113.8422756812 34.083999762 3776691.070759 762368.7725274998 56.4160537422 0.0054647324 0.3480147545 265.586754164 -14.6311805458 -1.1360776674 0.063794103
21211 311036.44 113.8422645918 34.0839990598 3776690.9643480014 762367.7507274002 56.4203554876 -0.0387406134 0.2948389762 265.7158184305 -14.6121286863 -1.1032335037 0.0424947923
21212 311036.51 113.8422535112 34.0839983764 3776690.860032 762366.7296762 56.422491909 -0.1033112788 0.2992632405 265.8594734812 -14.5908671502 -1.063288473 0.0594326055
21213 311036.58 113.8422424384 34.0839977178 3776690.7584980014 762365.7092733001 56.4209273448 -0.058149084 0.2750658021 265.9904337235 -14.5801657435 -1.0240115604 0.0175756261
21214 311036.65 113.8422313795 34.0839970802 3776690.65933 762364.6900841 56.4174329722 0.0071451483 0.2826369244 266.1295561181 -14.5773702174 -0.9833996708 -0.0201073113
21215 311036.72 113.842220332 34.0839964674 3776690.562933998 762363.6718742 56.4147440856 0.021336679 0.249048187 266.256307117 -14.5420087533 -0.9535717837 -0.0250901527
21216 311036.79 113.8422093001 34.0839958746 3776690.468805 762362.6550455 56.4147337144 0.0993764327 0.2504416784 266.3885158351 -14.5258103746 -0.9218370687 0.0329567167
21217 311036.86 113.8421982821 34.0839953055 3776690.377347 762361.6394225 56.4176565232 0.0394330853 0.2616109734 266.5210831805 -14.5236042888 -0.8810935892 0.0555225539
21218 311036.93 113.8421872791 34.0839947553 3776690.28802 762360.6251324002 56.4187320368 0.1171018609 0.2132047054 266.6692711455 -14.4940263493 -0.852580074 0.0176571644
21219 311037.0 113.842176292 34.0839942279 3776690.201261 762359.6122404 56.4222888425 0.1416520279 0.1873720267 266.8163063936 -14.4733424422 -0.8135096043 0.0893517004
21220 311037.07 113.8421653242 34.0839937259 3776690.117375 762358.6010488 56.427054055 0.0318019741 0.2587352492 266.9590894565 -14.4481000835 -0.7762228983 0.0661671034
21221 311037.14 113.8421543704 34.083993252 3776690.036645 762357.5910627 56.4303558404 0.0261303987 0.1997597699 267.0980334532 -14.4385666788 -0.738345633 0.0444718582
21222 311037.21 113.84214343 34.083992798 3776689.958156 762356.5822478002 56.431590098 0.0236118351 0.1960258645 267.2570935419 -14.4155101514 -0.702810782 0.0221318135
21223 311037.25 113.8421371841 34.0839925482 3776689.914386 762356.0062872 56.4318469381 0.0603656395 0.179358471 267.3588986469 -14.4111618183 -0.6817090691 0.0196101172
21224 311037.32 113.8421262662 34.0839921318 3776689.84013 762354.9994380998 56.4324184982 0.0515687714 0.141319262 267.5222912333 -14.3827011298 -0.6406207833 0.0323115081
21225 311037.39 113.8421153632 34.0839917428 3776689.768948 762353.9938831 56.4347126726 0.0196269278 0.1042958019 267.691405509 -14.3704108934 -0.598739865 0.0417922408
21226 311037.46 113.8421044775 34.0839913787 3776689.700580002 762352.9898418002 56.4357511299 0.0967110377 0.1536914171 267.863602532 -14.3414049322 -0.5489399606 0.0058877237
21227 311037.53 113.8420936094 34.0839910486 3776689.636028 762351.987324 56.4366895715 0.121637722 0.1609065678 268.0286253687 -14.3187787088 -0.5005949436 0.041741859
21228 311037.6 113.8420827649 34.0839907438 3776689.574332 762350.986907 56.4394754898 0.1157643106 0.2155032492 268.192434358 -14.2806350007 -0.4615030288 0.0682795875
21229 311037.67 113.8420719429 34.0839904732 3776689.516509 762349.9884686 56.443774689 0.1089031013 0.3403236673 268.3463514048 -14.254494458 -0.3960734658 0.0754119699
21230 311037.75 113.8420596029 34.0839901949 3776689.453917 762348.8498762 56.4463068061 0.1992254645 0.2988833859 268.5264752819 -14.2184358268 -0.3686031547 0.0288180656
21231 311037.83 113.8420472949 34.0839899462 3776689.394707 762347.7141521998 56.4518917576 0.1834178357 0.3807040621 268.7232031866 -14.184758942 -0.3212353003 0.111700928
21232 311037.91 113.8420350242 34.0839897292 3776689.339099 762346.5817757 56.4574908922 0.203800143 0.3436075739 268.930203819 -14.1336083097 -0.2834622991 0.0752661878
21233 311037.93 113.8420319618 34.0839896805 3776689.3258300014 762346.2991441 56.4596057096 0.2300778104 0.3379938832 268.9839027795 -14.129350262 -0.2657295318 0.1215339096
21234 311038.01 113.8420197362 34.08398951 3776689.2754980014 762345.1707885 56.4669089913 0.1005965809 0.3270003686 269.1792579652 -14.0825410385 -0.2162554368 0.083243791
21235 311038.09 113.8420075452 34.0839893755 3776689.229257 762344.0455175998 56.4717899216 0.093602577 0.2715205846 269.3734517595 -14.0460341684 -0.166740757 0.0570818324
21236 311038.17 113.8419953892 34.0839892764 3776689.187031 762342.9233657 56.4751480166 0.1277671291 0.2459663128 269.5641820763 -14.0018771302 -0.1164344593 0.0600493461
21237 311038.25 113.8419832706 34.0839892111 3776689.148647 762341.8045636 56.4791807002 0.0681373182 0.2848799406 269.7598116219 -13.9619389218 -0.071820094 0.0532288564
21238 311038.33 113.8419711889 34.0839891843 3776689.1146410014 762340.6890481 56.4822196988 0.1208538186 0.2982889493 269.9451452067 -13.911188439 -0.0182702316 0.043484038
21239 311038.41 113.8419591448 34.0839891908 3776689.084422 762339.5768969 56.4860361768 0.0569762889 0.3293565117 270.1467694436 -13.8757918551 0.0243977596 0.0413774286
21240 311038.49 113.841947141 34.0839892345 3776689.058442 762338.4683655 56.4898610664 0.0123362966 0.3173638884 270.3451889886 -13.8301814202 0.0817736507 0.0740737992
21241 311038.57 113.8419351799 34.0839893096 3776689.03604 762337.3636645002 56.4942761734 -0.1346542542 0.3186586661 270.5521411666 -13.772055954 0.1225768533 0.0604397729
21242 311038.63 113.8419262336 34.083989388 3776689.021766002 762336.5373479 56.4949517539 -0.1007711276 0.2958822527 270.7049167719 -13.7404850243 0.1573069629 0.0124666889
21243 311038.71 113.8419143407 34.0839895218 3776689.006065 762335.4387657 56.4933398515 -0.0192303842 0.2142678848 270.9224665112 -13.6941170305 0.200994725 -0.0184456172
21244 311038.79 113.8419024924 34.0839896897 3776688.99426 762334.3441999 56.4923966397 0.0022043391 0.2111333499 271.119721846 -13.6435158598 0.2544584593 0.032182622
21245 311038.87 113.8418906939 34.083989895 3776688.986731 762333.2541221 56.4956009798 -0.1290239336 0.3196836796 271.2861614235 -13.5874907117 0.3131277363 0.0599911389
21246 311038.95 113.8418789428 34.0839901373 3776688.983433998 762332.1683076002 56.4965424687 0.0277696656 0.2965881891 271.4145811636 -13.5295682324 0.3494741025 0.0042946057
21247 311039.03 113.8418672405 34.083990399 3776688.982427 762331.0869275 56.4971248694 0.0582752298 0.3092367283 271.5343735511 -13.4736894645 0.3683770086 0.0378523926
21248 311039.11 113.8418555891 34.0839906733 3776688.9829339986 762330.0102180998 56.4986887528 0.1858704368 0.3259925443 271.6555752782 -13.4062506468 0.3969639805 0.050683591
21249 311039.19 113.8418439847 34.0839909675 3776688.985768 762328.9377883 56.5031452524 0.0752679769 0.3571476584 271.7684749947 -13.3607990494 0.420484983 0.097710774
21250 311039.27 113.8418324186 34.0839912801 3776688.990757 762327.8688311 56.5077391686 0.0371729982 0.3110194099 271.8682994048 -13.3189797469 0.4461233543 0.0712466983
21251 311039.35 113.8418208854 34.0839916058 3776688.997269 762326.8028843 56.510650171 0.0155030835 0.3386319446 271.9797873715 -13.2844640188 0.4656463817 0.0249766172
21252 311039.39 113.84181513 34.0839917757 3776689.001347 762326.2709113002 56.5111845415 0.023693268 0.3393344419 272.0354171277 -13.2688206164 0.4775426669 0.0156982119
21253 311039.47 113.8418036422 34.0839921285 3776689.010992 762325.2090678002 56.5112945465 0.123442813 0.3042278505 272.1397984565 -13.2347934228 0.5010944265 0.0237418699
21254 311039.55 113.8417921864 34.0839924966 3776689.0224089986 762324.1501277 56.513265308 0.112088651 0.3186160827 272.2481570529 -13.1952400432 0.5259633583 0.057693959
21255 311039.63 113.8417807587 34.083992886 3776689.036276 762323.0937205999 56.5167512605 0.0414286728 0.304443477 272.3484735133 -13.1697018858 0.5511001335 0.0586894576
21256 311039.71 113.8417693589 34.0839932894 3776689.051755 762322.0398423 56.5208199965 -0.0742531377 0.3132552624 272.455411128 -13.1364616176 0.5725980274 0.0638048028
21257 311039.79 113.8417579836 34.0839937136 3776689.069611 762320.9881645001 56.5206624353 -0.0067361174 0.3316945715 272.5553171251 -13.1061716527 0.601792112 -0.0155497169
21258 311039.87 113.8417466322 34.0839941525 3776689.089164 762319.938646 56.5190590071 0.2258334036 0.3379823235 272.6649122728 -13.0795475063 0.6197722895 0.0180654141
21259 311039.95 113.8417353115 34.0839946073 3776689.110555 762318.891912 56.5193792107 0.3584019382 0.3454326279 272.7720865842 -13.0398543429 0.6434700072 0.0430334954
21260 311040.03 113.841724022 34.0839950778 3776689.133771 762317.8480127 56.5253801588 0.3612844106 0.3442425879 272.8886337328 -13.0044702105 0.6667149388 0.1290229785
21261 311040.11 113.8417127696 34.0839955629 3776689.158707 762316.8074886998 56.5362002626 -0.014094141 0.3708117573 273.0137231752 -12.9653343057 0.6914692531 0.1519306528
21262 311040.19 113.8417015497 34.0839960644 3776689.185547 762315.769922 56.5429457426 -0.0971941152 0.3122209878 273.150053813 -12.9233468888 0.7100491923 0.0682911737
21263 311040.27 113.8416903627 34.0839965838 3776689.214446 762314.7353377 56.542563986 -0.0506935598 0.2941497506 273.2847334097 -12.8828280989 0.744506562 -0.0451829265
21264 311040.3 113.8416861822 34.0839967842 3776689.225944 762314.3486974 56.5408813534 -0.0228648 0.2995264342 273.339470998 -12.8481870834 0.7496323313 -0.0559809263
21265 311040.38 113.8416750711 34.0839973318 3776689.258183 762313.3210404002 56.5376511998 0.24257499 0.2578846348 273.4733152621 -12.7846733261 0.777451113 0.0183144707
21266 311040.46 113.8416640299 34.0839978994 3776689.292806 762312.2997613002 56.5406728033 0.2640653844 0.3207538796 273.6021685775 -12.6923396395 0.8131237298 0.1018445153
21267 311040.54 113.8416530628 34.0839984891 3776689.330078 762311.285263 56.5487370612 0.1880815455 0.3331062521 273.7386887225 -12.6050286081 0.8275133135 0.1129940545
21268 311040.62 113.8416421709 34.0839990935 3776689.36918 762310.2776708 56.5577288354 0.0016255146 0.3574305926 273.8915629266 -12.5254303587 0.8550180303 0.1005897754
21269 311040.7 113.8416313644 34.0839997185 3776689.410781 762309.2778865 56.5638569621 -0.1227550903 0.3020381977 274.0398282474 -12.4232415817 0.883241184 0.0980828041
21270 311040.79 113.8416193059 34.0840004393 3776689.459809 762308.1622105 56.567681822 -0.2293854584 0.3003894092 274.2145683812 -12.3189041127 0.9132667975 0.0410855615
21271 311040.88 113.841607358 34.0840011849 3776689.511865 762307.0566688002 56.5677614054 -0.2404028971 0.2268185187 274.3830983848 -12.1938853533 0.9335221234 0.0120739588
21272 311040.97 113.8415955203 34.08400195 3776689.566367 762305.9612383002 56.5656049317 -0.1599226058 0.2189368199 274.5573114727 -12.0850202011 0.9645064826 -0.0183398746
21273 311041.06 113.8415837956 34.0840027422 3776689.624166 762304.8761584002 56.5636688657 -0.1058041416 0.2465468035 274.7349980799 -11.9633229474 0.9931986275 -0.0031188781
21274 311041.14 113.8415734658 34.0840034638 3776689.677709 762303.9201045 56.563990212 -0.1166804632 0.2602757839 274.8969769428 -11.8635709723 1.0176936983 0.039433092
21275 311041.23 113.8415619537 34.0840042987 3776689.740797 762302.8545236 56.5656014597 -0.0438682981 0.2532772754 275.0840803742 -11.7403957529 1.0489057227 0.0430772609
21276 311041.32 113.8415505605 34.0840051514 3776689.80617 762301.7998646 56.5668471791 0.0526230979 0.2283841708 275.290937396 -11.6153994313 1.0674250764 0.0525394205
21277 311041.41 113.8415392907 34.08400603 3776689.8747269986 762300.7565306 56.5700170212 0.0653928198 0.2114222042 275.5033980609 -11.4860452523 1.1061788536 0.0701194093
21278 311041.5 113.8415281502 34.0840069318 3776689.946187998 762299.7250524 56.5749160284 -0.0489476265 0.1895645229 275.7261090084 -11.3514012739 1.1297200934 0.0524165975
21279 311041.59 113.8415171381 34.0840078595 3776690.020853 762298.7053606 56.5781473862 -0.0644702249 0.2095944177 275.9456358743 -11.2187882902 1.1645351452 0.0304240052
21280 311041.68 113.8415062563 34.084008815 3776690.098949 762297.6976065 56.5802215394 0.0702166475 0.2015484257 276.1583475102 -11.090136834 1.199430712 0.0319434231
21281 311041.78 113.8414943125 34.0840099032 3776690.189037 762296.5913884 56.5825022645 0.1731890107 0.1889972071 276.3927246764 -10.9436781549 1.2273510959 0.0627753212
21282 311041.88 113.8414825279 34.0840110177 3776690.282453 762295.4997805002 56.5897983192 0.0715139034 0.2030024103 276.6222535782 -10.7958907031 1.2549208171 0.1153143175
21283 311041.98 113.8414708956 34.0840121558 3776690.378876 762294.4221718 56.5974816596 0.0311309638 0.1856797096 276.844616669 -10.6593018852 1.2796578893 0.0707212584
21284 311042.0 113.8414685871 34.0840123857 3776690.398458998 762294.2082946 56.5987201668 0.0302423243 0.1803667921 276.8883914541 -10.6353480788 1.2831008766 0.0790831008
21285 311042.1 113.8414571404 34.0840135433 3776690.49753 762293.1477592 56.6014109263 0.1298226063 0.1582272824 277.087526537 -10.4957911796 1.3026090132 0.03994823
21286 311042.2 113.8414458485 34.0840147207 3776690.5991879986 762292.1014649002 56.6050867252 0.1809934316 0.1320870782 277.2299051082 -10.3472924551 1.317553186 0.0789357079
21287 311042.3 113.8414347116 34.0840159087 3776690.702425 762291.0694336 56.6120616514 0.066818383 0.1842250722 277.3534371911 -10.206722344 1.3268017275 0.0953813606
21288 311042.4 113.8414237229 34.084017103 3776690.806749 762290.0510788 56.6190291522 -0.0831996104 0.2071825373 277.4647195038 -10.0714209832 1.3321472357 0.0898190775
21289 311042.5 113.8414128844 34.0840182956 3776690.91126 762289.0465953 56.6232339432 -0.1679477218 0.1678476564 277.5763066903 -9.9369547866 1.3213045048 0.0517257948
21290 311042.61 113.8414011391 34.0840196025 3776691.026124 762287.9580256 56.625210817 -0.156234402 0.1734834352 277.6914962562 -9.7769121772 1.3324896187 0.0303819057
21291 311042.72 113.8413895912 34.0840209102 3776691.141594 762286.8876850002 56.6235964158 0.0280030988 0.1517510166 277.7875614356 -9.606165238 1.3216875272 -0.0048371145
21292 311042.83 113.8413782458 34.0840222122 3776691.256944998 762285.8360582 56.6243671551 0.0682712509 0.1919944195 277.8698784479 -9.4319760857 1.3229126651 0.052258137
21293 311042.94 113.8413671091 34.084023506 3776691.371932 762284.8037208 56.6316999551 -0.1609185725 0.2108259162 277.9402683082 -9.2563315161 1.3017354049 0.102548634
21294 311043.05 113.8413561765 34.0840247856 3776691.485858 762283.7902855 56.6371814199 -0.3130391293 0.2879036017 278.024295949 -9.0873385774 1.2925008599 0.041746809
21295 311043.16 113.8413454466 34.084026061 3776691.599836 762282.795572 56.6354331607 -0.1817002896 0.2968476314 278.0978007317 -8.9134795425 1.2769751638 -0.025107093
21296 311043.26 113.8413358763 34.0840272056 3776691.702283 762281.9083428001 56.6316763917 -0.0167563528 0.3270854924 278.1686997185 -8.7504338579 1.2620246981 -0.025910281
21297 311043.38 113.8413246268 34.0840285655 3776691.8243059986 762280.8653858 56.6312802453 0.0300505395 0.315858863 278.2427053346 -8.5471985149 1.2485901566 0.051556402
21298 311043.5 113.8413136458 34.084029904 3776691.944651 762279.8473007 56.6371874372 -0.0944268175 0.3292033619 278.3268033429 -8.3399187878 1.23156761 0.0711443155
21299 311043.62 113.8413029313 34.0840312205 3776692.063229 762278.8538856 56.6420344813 -0.0508392049 0.2578956291 278.4357785398 -8.130178727 1.208833954 0.0584238329
21300 311043.75 113.8412916325 34.0840326182 3776692.189325 762277.8062632 56.6426179763 0.0028964952 0.2091916104 278.5677521612 -7.8994278836 1.1910907533 0.0175374449
21301 311043.88 113.8412806595 34.0840340032 3776692.314847 762276.7887689 56.644970947 -0.0370718209 0.2531111629 278.6920333106 -7.6737082696 1.1837396914 0.0552792485
21302 311044.02 113.8412692102 34.0840354773 3776692.449029 762275.7270174 56.6522443006 -0.2145941633 0.2799693596 278.8453932114 -7.429351421 1.1529744567 0.0490063354
21303 311044.16 113.8412581165 34.0840369214 3776692.580807 762274.6981923 56.655632765 -0.2207323019 0.204797667 279.0415014187 -7.2020966014 1.1344953218 0.0217693523
21304 311044.3 113.8412473504 34.0840383575 3776692.712527 762273.6996438 56.6572061004 -0.1615815507 0.1860776047 279.2024462974 -6.9980573601 1.1335519406 0.0109306914
21305 311044.45 113.841236147 34.0840398827 3776692.853021 762272.6604362 56.6587936645 -0.0766412777 0.2533456163 279.4008387601 -6.7924965544 1.1239536934 0.0080396176
21306 311044.6 113.8412252825 34.0840413942 3776692.992859 762271.6525636 56.6605315776 -0.0457868367 0.2688810219 279.5965434308 -6.5776458929 1.1123693252 0.0268351621
21307 311044.64 113.8412224439 34.0840417918 3776693.029694 762271.3892287 56.6613800023 -0.0269828869 0.2684610368 279.6471544729 -6.5203834365 1.0947036343 0.0327701455
21308 311044.8 113.8412112795 34.0840433798 3776693.1772550014 762270.3534364002 56.6672760155 -0.0768578401 0.222146872 279.8357219324 -6.3805592169 1.1018125381 0.0192714727
21309 311044.96 113.8412002806 34.0840449806 3776693.326653 762269.3328770002 56.6687485119 -0.0122042632 0.2522892184 279.9743473087 -6.3099284872 1.1123761501 0.0229232481
21310 311045.12 113.8411894077 34.0840465943 3776693.4778160006 762268.3239219 56.6724969614 -0.1629979531 0.3016816396 280.0654447265 -6.2506686244 1.1194952055 0.0301353961
21311 311045.28 113.8411786276 34.0840482029 3776693.628647 762267.3235493 56.6727555273 -0.3157793667 0.2227186482 280.1598819559 -6.2032251146 1.1096050527 0.0105486654
21312 311045.44 113.8411679298 34.0840498139 3776693.779954 762266.3307595998 56.6701006815 -0.318711726 0.2104286234 280.2385015996 -6.1528789233 1.1209503031 -0.0065857897
21313 311045.61 113.8411566617 34.0840515321 3776693.941698 762265.284992 56.6644414104 -0.175896237 0.2401591915 280.3204840795 -6.1047098126 1.1076885503 -0.0347639543
21314 311045.78 113.8411454978 34.0840532473 3776694.103379 762264.2488471 56.6543189082 0.3434278127 0.2658409281 280.4398150062 -6.0415426539 1.1180213689 -0.0146556086
21315 311045.95 113.8411343548 34.0840549728 3776694.266252 762263.2146073001 56.6529691806 0.8182341467 0.178712324 280.5896445571 -6.1054799094 1.1336761675 -0.0131347348
21316 311046.12 113.8411230556 34.084056759 3776694.43546 762262.1657495998 56.6540294746 1.1646006843 0.247591542 280.7617343925 -6.1909627104 1.1915194094 0.0969345753
21317 311046.28 113.8411122367 34.0840585048 3776694.601418 762261.1613691 56.6730794292 0.833587319 0.2919341013 280.9093318969 -6.3236961368 1.2192738063 0.1317672491
21318 311046.38 113.8411053539 34.0840596191 3776694.7074050014 762260.5223830999 56.68197094 0.6680747545 0.2719426414 281.0205245116 -6.4120199556 1.2429027367 0.0853866658
21319 311046.54 113.8410941358 34.0840614613 3776694.883043 762259.48085 56.6910538655 0.4079481447 0.2111626769 281.1561070711 -6.5637255862 1.2946308569 0.0598548543
21320 311046.69 113.841083371 34.0840632391 3776695.052692 762258.4813663 56.6930114906 0.3523434275 0.1622365018 281.3174009763 -6.7082293067 1.3414178769 0.0352608117
21321 311046.84 113.8410723658 34.0840650957 3776695.230469 762257.4594365 56.693460647 0.2536168108 0.1987772449 281.4657509147 -6.865820037 1.3974371299 -0.0080291828
21322 311046.99 113.8410611135 34.0840670183 3776695.414937998 762256.4144935 56.6913484354 0.1527280131 0.1613882241 281.6221698515 -7.0087809284 1.4348066272 0.0153003791
21323 311047.13 113.8410503755 34.084068867 3776695.592528 762255.4172619 56.6912843194 0.1248836411 0.1426601681 281.7733851089 -7.1499781791 1.4950633073 -0.0082497463
21324 311047.27 113.8410394317 34.0840707872 3776695.7775199986 762254.4008191 56.6871797387 0.2288470373 0.1961743609 281.912837187 -7.2814082693 1.5439492219 -0.0469007579
21325 311047.41 113.8410282982 34.0840727639 3776695.96829 762253.3666699 56.6852642912 0.3377671409 0.2171235757 282.0919995473 -7.3971331247 1.5923879448 0.003118649
21326 311047.55 113.8410169781 34.0840748007 3776696.165266 762252.3151172 56.6868336853 0.4510106641 0.1770626858 282.2502419871 -7.5244145997 1.6340763853 0.0035430511
21327 311047.68 113.8410062984 34.0840767408 3776696.3531410014 762251.3229929 56.6877020551 0.5637700842 0.1378306742 282.4306424031 -7.6355964862 1.6792223242 0.0263151034
