2290 308456.14 113.8442431774 34.084303567 3776729.842621 762549.5080711 56.6803833377 0.3343458599 0.8330264205 59.986571971 8.0163183971 4.5800206507 0.0391401497
2291 308456.25 113.8442527231 34.0843081461 3776730.375347 762550.3753534 56.6858354639 0.2805430161 0.8001144975 59.7689120029 8.0125496126 4.6301565022 0.0671605597
2292 308456.36 113.8442622671 34.0843127667 3776730.912661 762551.2423433 56.6911192527 0.179813525 0.7259054327 59.5516155037 8.0088041167 4.670224123 0.0141114643
2293 308456.47 113.8442718138 34.0843174239 3776731.454047 762552.1094705998 56.6925891247 0.1633445653 0.6481370616 59.3516603353 8.0078342145 4.7018166788 0.0139598358
2294 308456.58 113.8442813611 34.0843221198 3776731.999732 762552.9765351 56.6939902566 0.1647841842 0.6916669555 59.181136893 8.0124481225 4.7384348722 0.0179610827
2295 308456.69 113.8442909175 34.0843268446 3776732.548641002 762553.8443515 56.6940432182 0.2018758163 0.7150706507 59.0038484626 8.0189378862 4.7707707323 -0.0131652928
2296 308456.8 113.8443004768 34.0843316061 3776733.101636 762554.7123196998 56.6941699274 0.2846701975 0.6948141417 58.8209957085 8.0186073448 4.8115498407 0.0074487217
2297 308456.91 113.8443100386 34.0843364008 3776733.658321 762555.5804114002 56.6972101033 0.2883638118 0.7192562248 58.6394737282 8.0269038867 4.8387994755 0.0292716341
2298 308457.02 113.8443196025 34.0843412295 3776734.21878 762556.4486035998 56.7014419222 0.2699581136 0.7620780444 58.4564110929 8.0253984607 4.8767861778 0.042999084
2299 308457.05 113.8443222109 34.0843425534 3776734.372406 762556.6853617 56.702415905 0.264751434 0.7653220282 58.4140432258 8.0265015275 4.890137569 0.0287863845
2300 308457.16 113.8443317757 34.0843474335 3776734.938579 762557.5534738002 56.7044530297 0.2848804358 0.7843515982 58.2404058803 8.0299503994 4.9257844357 0.0191078137
2301 308457.27 113.8443413407 34.0843523498 3776735.508765 762558.4214914001 56.7076905267 0.1875684374 0.7756853396 58.079660102 8.0282124902 4.9643625675 0.0336118641
2302 308457.38 113.8443509143 34.0843573006 3776736.082807 762559.2901923 56.7116840063 0.0483391558 0.7614344047 57.9278102038 8.0379593413 4.9989091447 0.0307341692
2303 308457.49 113.844360496 34.0843622816 3776736.660221 762560.1595495 56.713596168 -0.028835555 0.7643200285 57.7668239503 8.044905748 5.0277534406 -0.0010780399
2304 308457.6 113.8443700877 34.0843673003 3776737.241839 762561.0297147 56.7099609133 0.0682210191 0.7877648879 57.6212675062 8.0513516674 5.0630406105 -0.0565618702
2305 308457.71 113.8443796854 34.0843723542 3776737.827376 762561.9003263002 56.7066528164 0.1061260763 0.743107119 57.4697695185 8.0543675517 5.1010731204 -0.0052653944
2306 308457.82 113.8443892869 34.0843774392 3776738.416385 762562.7711917 56.7075646864 0.0210541833 0.708960056 57.3101287131 8.0593657227 5.1286365351 0.0052054194
2307 308457.93 113.8443988956 34.0843825578 3776739.00914 762563.6426143 56.7076403992 0.1736941976 0.688236597 57.1478143332 8.0656714423 5.1700141916 -0.0265799738
2308 308458.04 113.844408509 34.0843877142 3776739.606098002 762564.514363 56.7036922425 0.4922481145 0.6742862718 57.003553442 8.0705895409 5.2087286428 -0.0216418987
2309 308458.14 113.8444172472 34.0843924313 3776740.152054 762565.3066486998 56.705491541 0.5461446933 0.6239659486 56.8584887981 8.0652576614 5.2346011369 0.0677139641
2310 308458.25 113.8444268538 34.0843976511 3776740.756025 762566.1775623 56.717116327 0.2328430282 0.6177226574 56.696672418 8.0635746211 5.2631148044 0.1001408248
2311 308458.36 113.8444364679 34.0844028997 3776741.363222 762567.049091 56.7232270623 0.0415237107 0.6518140498 56.5297785836 8.0702725147 5.2963888905 0.0071690835
2312 308458.47 113.844446089 34.084408183 3776741.974286 762567.9211441998 56.7224875661 0.0659307597 0.6535695763 56.3848428776 8.072577175 5.3339166179 -0.0409583024
2313 308458.58 113.8444557177 34.0844135018 3776742.5893089985 762568.7938053 56.7172333142 0.29562697 0.631018444 56.2443177767 8.0797913091 5.3626046197 -0.0323898866
2314 308458.69 113.8444653468 34.0844188503 3776743.207622 762569.666399 56.7182935514 0.3362106833 0.6103508134 56.1070262368 8.0805328386 5.3922602498 0.0454468477
2315 308458.8 113.844474977 34.0844242271 3776743.829078 762570.5390142 56.7248206902 0.2415807016 0.6083475966 55.9798147082 8.0836441333 5.4200228924 0.0773457734
2316 308458.91 113.8444846073 34.0844296336 3776744.453837 762571.411539 56.7289825324 0.2082211936 0.5899512978 55.8556568597 8.0863484134 5.4535754044 0.0218297722
2317 308459.02 113.84449424 34.0844350606 3776745.080874 762572.2842257 56.730493159 0.2391849814 0.5689686435 55.7157769429 8.0834810724 5.4729453579 0.0208275423
2318 308459.13 113.8445038611 34.0844405181 3776745.711272 762573.1557511998 56.7332468955 0.2866054384 0.5274789529 55.5881488002 8.0743362846 5.508153283 0.0268597884
2319 308459.24 113.8445134777 34.0844460005 3776746.344425 762574.0267829002 56.7354843188 0.3318328578 0.5105894183 55.4552266252 8.0727211208 5.5293789638 0.0363159131
2320 308459.28 113.8445169729 34.0844479989 3776746.575185 762574.3433396 56.7369181402 0.2887040055 0.5153621302 55.4055905851 8.0703584505 5.5332501351 0.0337101776
2321 308459.39 113.8445265799 34.0844535107 3776747.211572 762575.2133976999 56.7426248062 0.2224265096 0.4985430788 55.2705410856 8.0631320316 5.5569923025 0.0562977829
2322 308459.5 113.8445361862 34.0844590476 3776747.850732 762576.0833038 56.746598972 0.0846520877 0.5211527903 55.1292563976 8.0669259783 5.5854878441 0.0019332308
2323 308459.61 113.8445457858 34.0844646095 3776748.492659 762576.9525154 56.7479893062 0.0829075058 0.5080318935 54.990178928 8.0508513244 5.6119111156 0.0205315767
2324 308459.72 113.8445553821 34.084470197 3776749.137419 762577.8213524 56.7488218835 0.1009765115 0.5618935111 54.8602233532 8.0580587802 5.6325417747 -0.0103850164
2325 308459.83 113.8445649763 34.084475807 3776749.784674 762578.6899157 56.7474707505 0.2074009896 0.5488961774 54.7215776241 8.0523963882 5.6606120448 -0.0075225818
2326 308459.94 113.8445745617 34.0844814406 3776750.43452 762579.5576007 56.7485823762 0.1504688262 0.5929007937 54.5849790383 8.0427139 5.6783156834 0.0356681833
2327 308460.05 113.8445841377 34.0844870976 3776751.0869309986 762580.4243351 56.7527563665 0.1395743915 0.5791221902 54.4604646337 8.0354331906 5.7125704497 0.0420295587
2328 308460.16 113.844593712 34.0844927789 3776751.742045 762581.2908406 56.7532292651 0.1795394261 0.6405138027 54.3337474342 8.0368993252 5.7286080954 -0.0136257939
2329 308460.27 113.8446032801 34.084498479 3776752.399231 762582.1567183002 56.7535548369 0.1904667782 0.6312784865 54.2096257887 8.0230575818 5.7538682076 0.0346629918
2330 308460.32 113.8446076244 34.0845010798 3776752.699021 762582.5498294 56.7554033296 0.1612893303 0.6376664181 54.1565020117 8.0193099815 5.7665813208 0.0368582808
2331 308460.43 113.8446171805 34.0845068132 3776753.359869 762583.4144931 56.7580993893 0.1638134481 0.65783854 54.0240115038 8.0208853367 5.7839821801 0.0070602034
2332 308460.54 113.8446267284 34.0845125708 3776754.023378 762584.2783291 56.7582245441 0.2320259522 0.6155799161 53.8875722997 8.0114591434 5.8133132472 0.0207720134
2333 308460.65 113.8446362629 34.0845183534 3776754.68964 762585.1408438 56.760599846 0.146234339 0.6102958553 53.7541053928 8.0004128094 5.8324622772 0.0367091968
2334 308460.76 113.8446457843 34.0845241593 3776755.358438 762586.0020811 56.7646771148 0.0466443406 0.5183847594 53.616871453 7.9857099798 5.8630713828 0.0166153907
2335 308460.87 113.844655295 34.0845299929 3776756.03029 762586.862244 56.7636865042 0.3007553531 0.4555276486 53.4868869331 7.9806278036 5.8853579186 -0.0346760801
2336 308460.98 113.8446648004 34.0845358473 3776756.7044339986 762587.7218614002 56.7619100828 0.5030712135 0.4650618201 53.3550894936 7.9728594614 5.9040177522 0.004597701
2337 308461.09 113.8446742862 34.0845417158 3776757.380091 762588.5796133998 56.7708668867 0.2522070745 0.4848795827 53.2167880454 7.9566808601 5.921151095 0.1261412207
2338 308461.2 113.8446837548 34.0845476046 3776758.05796 762589.435719 56.7823757054 -0.0841931108 0.5144594244 53.0645745694 7.9521561497 5.9464627706 0.0350848573
2339 308461.31 113.844693224 34.0845535188 3776758.738645 762590.2918064 56.7800729405 0.0493229917 0.5404826395 52.9073517804 7.9498025616 5.9753772292 -0.070625148
2340 308461.36 113.8446975241 34.0845562178 3776759.049229 762590.6805181998 56.7769899256 0.1609552872 0.5557189399 52.8468000037 7.9460839606 5.9921119313 -0.0687020288
2341 308461.47 113.8447069712 34.0845621756 3776759.734701 762591.5344289001 56.7743761214 0.277595591 0.5484244791 52.7146849103 7.9278269722 6.0103408538 0.0350003848
2342 308461.58 113.8447164006 34.0845681547 3776760.422498 762592.3866327 56.7824404156 0.0911741685 0.5035713789 52.5564914542 7.9138546509 6.0358496363 0.0790008561
2343 308461.69 113.8447258211 34.0845741572 3776761.1128589986 762593.2379519 56.7884056671 -0.0265803096 0.5371180367 52.3918568848 7.9131113735 6.0565102873 0.0244813653
2344 308461.8 113.8447352363 34.0845801845 3776761.805959 762594.0886906 56.7856544601 0.0703429531 0.5741463994 52.2413251762 7.9030492724 6.0940278 -0.0517217667
2345 308461.91 113.8447446378 34.0845862412 3776762.502287002 762594.9380859 56.7822772292 0.1782112993 0.5588678224 52.1153305293 7.8900953232 6.1129966316 -0.0194024242
2346 308462.02 113.8447540297 34.0845923192 3776763.200959 762595.7865204002 56.7845524782 0.1053993724 0.5523769102 51.9738239246 7.8846609888 6.1359868641 0.0208284532
2347 308462.13 113.844763407 34.0845984233 3776763.902479 762596.6335359998 56.788582175 0.0409984099 0.5487605824 51.8414199295 7.8733343196 6.1573796211 0.011429571
2348 308462.23 113.8447719221 34.0846039932 3776764.542505 762597.4025801999 56.7901376281 0.0618746955 0.5715619726 51.7216301655 7.8621248944 6.1824857812 -0.0087239916
2349 308462.33 113.844780427 34.0846095785 3776765.18422 762598.1706373 56.7911909157 0.1135898969 0.6044686004 51.605942747 7.8595489272 6.1936978707 0.0195279286
2350 308462.41 113.8447872237 34.0846140553 3776765.698519 762598.7843851 56.7922914177 0.0733447593 0.5747074592 51.502527103 7.8407537285 6.2071110362 0.0137637379
2351 308462.51 113.8447957016 34.0846196681 3776766.343211 762599.5498678002 56.7947074808 0.0454068973 0.6158996641 51.3874552586 7.8308094516 6.2288606124 0.0235472383
2352 308462.61 113.8448041683 34.0846252887 3776766.988735 762600.3142825 56.7966530994 0.0319778332 0.5874448341 51.2580321574 7.8105601739 6.2385860387 -0.0092408434
2353 308462.72 113.8448134518 34.0846314934 3776767.701185 762601.1523265 56.7981255474 0.0767792458 0.5865375498 51.1313029047 7.7901053454 6.2588289599 0.0058788516
2354 308462.83 113.844822713 34.0846377091 3776768.414799 762601.9882618 56.7979259379 0.1456086576 0.5897251664 50.9957236346 7.768188425 6.2638481791 -0.0246197393
2355 308462.94 113.8448319424 34.0846439363 3776769.129608 762602.8212361998 56.8010665011 0.1689060621 0.5681326658 50.8581481839 7.7403882695 6.2779742254 0.0306370664
2356 308463.05 113.8448411446 34.0846501717 3776769.845265 762603.6516676998 56.8053940525 0.1016158391 0.5821067336 50.6989812554 7.7159653876 6.2849066865 0.0070312839
2357 308463.16 113.8448503213 34.0846564123 3776770.561419 762604.4797306 56.8091364885 0.0807229392 0.5861783242 50.5175978253 7.6842007632 6.3049545919 0.0226225603
2358 308463.27 113.8448594619 34.0846626703 3776771.279419 762605.3044064 56.8097841591 0.130797672 0.6327586806 50.3454681051 7.6585438879 6.3136333196 -0.0012435195
2359 308463.38 113.8448685648 34.0846689429 3776771.99894 762606.1255618 56.8101983387 0.2567279001 0.5944797265 50.1708201352 7.6179407405 6.3350372337 0.0020003517
2360 308463.45 113.8448743364 34.0846729432 3776772.457723001 762606.6461254002 56.8126615649 0.3315329538 0.588222832 50.0601223958 7.6055124472 6.340902894 0.0384318186
2361 308463.56 113.8448833798 34.0846792348 3776773.1792 762607.4617291 56.8182006022 0.2436905304 0.5991880389 49.8706085385 7.5729096394 6.3473170707 0.073948654
2362 308463.67 113.8448923836 34.0846855386 3776773.90193 762608.2736317 56.8259245241 0.0161314709 0.6294660943 49.6867541375 7.5420587419 6.3609875155 0.0635371521
2363 308463.78 113.8449013523 34.0846918573 3776774.626225 762609.0822439 56.8294042582 0.0061409585 0.6587595523 49.5067664826 7.508661987 6.3810549781 -0.0167677446
2364 308463.89 113.8449102866 34.0846981928 3776775.352304 762609.8876244002 56.8263032911 0.2274311092 0.6679534559 49.3409646472 7.4801617786 6.3951142085 -0.0306683763
2365 308464.0 113.8449191811 34.0847045412 3776776.079702 762610.6892961998 56.8274125652 0.1928484991 0.6424839491 49.1828476027 7.442982002 6.4067388624 0.0522396245
2366 308464.11 113.8449280351 34.0847108979 3776776.807911 762611.4872033001 56.8355798395 -0.0053017393 0.64074565 49.0294188753 7.4127339413 6.413000111 0.0628798061
2367 308464.22 113.8449368602 34.0847172663 3776777.537357 762612.2824029 56.8373639351 0.0552971847 0.6455289669 48.8817509511 7.3857269297 6.4273391087 -0.021568759
2368 308464.33 113.844945652 34.0847236448 3776778.267832 762613.074505 56.8339783819 0.3592015602 0.5959381215 48.7545747624 7.3543917866 6.4361973479 -0.0188781408
2369 308464.44 113.8449544072 34.0847300295 3776778.9988980014 762613.8632021 56.8368358705 0.4456687658 0.5959103281 48.6431390438 7.3300605909 6.4360224773 0.0738757477
2370 308464.53 113.8449615478 34.0847352488 3776779.596481 762614.5064074 56.8445115695 0.2922792577 0.6350276794 48.5386845126 7.3151361401 6.4269853751 0.1272096998
2371 308464.64 113.8449702469 34.0847416282 3776780.326822 762615.2899385998 56.8560051732 -0.0198178052 0.6641763054 48.4001655352 7.2828155767 6.4319194367 0.0782949214
2372 308464.75 113.8449789147 34.0847480166 3776781.058072 762616.0705596998 56.8601255473 -0.1027474592 0.7002788508 48.2648858493 7.2583806672 6.4453902493 -0.0030979426
2373 308464.86 113.8449875544 34.0847544162 3776781.790499 762616.8485443002 56.8562529255 0.0048610124 0.7046111514 48.1304112968 7.2350191176 6.4550739642 -0.0705499728
2374 308464.97 113.8449961548 34.0847608254 3776782.5238910015 762617.6228619 56.8535607001 0.167627161 0.6625411593 47.9972574579 7.1984297123 6.4711885043 0.0054900551
2375 308465.08 113.8450047251 34.0847672393 3776783.257732 762618.3943935998 56.8562950427 0.1234371471 0.695984145 47.8292236938 7.1828547327 6.4673823819 0.0215815746
2376 308465.19 113.8450132594 34.0847736608 3776783.992316 762619.1625809 56.8601253536 0.0774739811 0.6664730961 47.647610295 7.1376105762 6.4872769291 0.0547151022
2377 308465.3 113.8450217496 34.0847801018 3776784.728951 762619.9266339 56.8631636202 0.0810992204 0.6493494697 47.4913834433 7.1107492289 6.4988852985 0.0075132894
2378 308465.41 113.8450302084 34.0847865529 3776785.466623 762620.6877578 56.8634890662 0.0864824507 0.6193683668 47.3231300181 7.0768348371 6.5106602457 0.0047373597
2379 308465.52 113.8450386333 34.0847930107 3776786.2049629986 762621.445725 56.8669239404 -0.1248056164 0.6451314355 47.1600294394 7.0589250842 6.5122033205 0.0521286606
2380 308465.55 113.845040926 34.0847947723 3776786.406352 762621.6519793002 56.8679457605 -0.1926463694 0.645725238 47.1160059579 7.0491888581 6.5104749807 0.0305404572
2381 308465.66 113.8450493095 34.0848012418 3776787.145885 762622.4060893 56.8684762185 -0.1554748718 0.6560143493 46.9541772469 7.0194332692 6.5303124225 -0.0352490253
2382 308465.77 113.8450576607 34.0848077246 3776787.886803 762623.1571763002 56.8616014114 0.2612061862 0.6116793103 46.7929534602 6.9978764336 6.5466567685 -0.072236149
2383 308465.88 113.8450659725 34.0848142196 3776788.628972 762623.9045899998 56.8581111254 0.5667674499 0.6024941189 46.631205113 6.9543795606 6.5493683295 0.0320619144
2384 308465.99 113.8450742388 34.0848207182 3776789.371426 762624.6477917 56.8703824598 0.3069162966 0.5520004971 46.4609880403 6.9183779475 6.5532584071 0.1680380712
2385 308466.1 113.8450824764 34.0848272382 3776790.116182 762625.3882753 56.8834325056 -0.0675555114 0.5282566475 46.2733949496 6.8873120441 6.5699351388 0.0760700114
2386 308466.21 113.8450906861 34.0848337848 3776790.863811 762626.1260973002 56.883323187 0.0417812633 0.461553848 46.0924639843 6.8616637733 6.5885974476 -0.0367552916
2387 308466.32 113.8450988617 34.0848403474 3776791.61314 762626.8607271998 56.8762694653 0.3745738235 0.4054760395 45.9261910996 6.8355916229 6.6078558234 -0.0352883442
2388 308466.43 113.8451069991 34.0848469193 3776792.363394 762627.5917931 56.876637347 0.4654003146 0.3744438556 45.7562704938 6.8050428596 6.6098861486 0.0877133435
2389 308466.5 113.8451121623 34.0848511031 3776792.840971 762628.0556119 56.8838916039 0.3372581961 0.3855629188 45.6444194559 6.7926422065 6.6115540933 0.1328500538
2390 308466.61 113.8451202537 34.0848576925 3776793.593061 762628.7823809 56.8946994515 -0.0051291996 0.4507393315 45.4708689733 6.770407561 6.633332123 0.0851605
2391 308466.72 113.8451283292 34.0848642997 3776794.347069 762629.5076274 56.8974830098 -0.2904001712 0.5292231146 45.2932546694 6.7604162946 6.6481627083 0.0132895092
2392 308466.83 113.8451363842 34.0848709348 3776795.104124 762630.2308901 56.8922336474 -0.2539676731 0.5554958368 45.1188085722 6.7370313415 6.6831865276 -0.0657682867
2393 308466.94 113.8451444235 34.0848775971 3776795.864164 762630.9526269 56.882054911 0.0076255412 0.6271503413 44.9478585634 6.7315216106 6.7052605262 -0.081255888
2394 308467.05 113.8451524413 34.0848842772 3776796.62613 762631.6723176 56.8764679236 0.2061977411 0.592339913 44.7717261968 6.6981648989 6.7384708589 -0.0079223634
2395 308467.16 113.8451604197 34.0848909691 3776797.389294 762632.3883309 56.8796918327 0.0696478152 0.5937595022 44.6110099715 6.6867850697 6.7530309022 0.0676167649
2396 308467.27 113.8451683852 34.0848976735 3776798.153813 762633.1031214001 56.8821950713 -0.0443110561 0.6315479383 44.431934732 6.6702009492 6.7707862279 0.0180181308
2397 308467.38 113.8451763234 34.0849044036 3776798.9211120014 762633.8153013 56.8807704449 0.0683177286 0.6536979822 44.2986207471 6.6462109678 6.7925330051 -0.02689151
2398 308467.49 113.8451842503 34.084911152 3776799.690412998 762634.5263924 56.8767584357 0.2321761274 0.6245689818 44.1797023314 6.6389491126 6.8118028887 -0.0128930534
2399 308467.6 113.8451921563 34.0849179172 3776800.461533 762635.2354910999 56.877549123 0.1471590493 0.6334080969 44.0854425267 6.6255550278 6.822346809 0.0561186811
2400 308467.71 113.8452000567 34.0849246899 3776801.233467 762635.9440614 56.8824992152 -0.0182231174 0.6442808952 43.9874100081 6.6184454848 6.8325078302 0.0463491378
2401 308467.82 113.8452079469 34.0849314796 3776802.007252 762636.6516239998 56.881967701 0.031490222 0.7113553902 43.9024809997 6.6151936119 6.8499041764 -0.0215398586
2402 308467.93 113.8452158289 34.0849382818 3776802.782418 762637.3584018 56.8777946597 0.1895756979 0.681281906 43.8132960088 6.6034998441 6.8615591179 -0.0095662025
2403 308468.04 113.8452236934 34.0849450961 3776803.558868 762638.0635212 56.8774804296 0.2211199533 0.7406399939 43.7287939524 6.5927573259 6.8681993284 0.030132847
2404 308468.15 113.8452315563 34.084951914 3776804.335718 762638.7684789002 56.8825683538 0.1626734707 0.7292457493 43.6244783072 6.5846991213 6.8812131413 0.0564610867
2405 308468.26 113.8452393951 34.0849587554 3776805.115121 762639.4711453 56.884910237 0.1305817047 0.7059809935 43.532693518 6.5675152891 6.9085395515 0.0067202881
2406 308468.37 113.8452472299 34.0849656056 3776805.895487 762640.1734068 56.8853313429 0.1076905188 0.749794816 43.4218074531 6.5703980114 6.9014837594 0.0178839163
2407 308468.48 113.8452550529 34.0849724685 3776806.677233 762640.8745492 56.8871349851 0.1105497051 0.7811939873 43.294157008 6.5493934629 6.9270400453 0.0281463177
2408 308468.59 113.8452628594 34.0849793513 3776807.461144 762641.5741024 56.887820825 0.216601388 0.7966946842 43.1473085345 6.5424703683 6.9441148955 0.0075793262
2409 308468.7 113.8452706466 34.0849862525 3776808.247042 762642.2718136999 56.8874540962 0.276467487 0.7875654074 42.9900165474 6.5175947207 6.9652569421 0.0185467907
2410 308468.79 113.845277 34.0849919137 3776808.891648 762642.8409626 56.8910176502 0.1740351096 0.7900992497 42.8657897448 6.506980716 6.9799540923 0.0771025552
2411 308468.9 113.8452847494 34.0849988481 3776809.681133 762643.5350865 56.8969619228 -0.0614738945 0.7789084798 42.7103482925 6.4907872984 7.0026604752 0.0344526861
2412 308469.01 113.8452924805 34.0850058076 3776810.473364 762644.2274370998 56.8973433068 -0.13552823 0.7527707554 42.571410684 6.4748643301 7.0255116693 -0.0068359848
2413 308469.12 113.8453001972 34.085012794 3776811.268544 762644.91838 56.8933861144 -0.0092511871 0.7377795319 42.4484240708 6.4655079727 7.0436846141 -0.0402522309
2414 308469.23 113.8453078936 34.0850198044 3776812.066332 762645.6073716 56.8895919602 0.2604636941 0.7003565243 42.3355069576 6.4464796059 7.0690674507 -0.0143600238
2415 308469.34 113.8453155797 34.0850268262 3776812.865355 762646.2953749001 56.8901339509 0.4352034942 0.6354544085 42.2050974092 6.436957664 7.076902007 0.045766857
2416 308469.45 113.8453232386 34.0850338618 3776813.665838 762646.9808247 56.8988216659 0.3284668143 0.6046779317 42.0787189036 6.4148111318 7.0939319626 0.0966073113
2417 308469.56 113.8453308845 34.0850409078 3776814.467454 762647.6650408001 56.9082471067 0.1819639681 0.6046859888 41.9433324893 6.4079394779 7.1013911634 0.0632868405
2418 308469.67 113.845338511 34.0850479677 3776815.270553 762648.3474210999 56.9131335206 0.2288567326 0.6305154441 41.8207851351 6.3863711317 7.1214579014 0.0205259917
2419 308469.78 113.8453461258 34.0850550432 3776816.075349 762649.0286791 56.9142022459 0.3940117721 0.6498140333 41.6934425188 6.3828354636 7.1321031446 -0.0051560963
2420 308469.89 113.8453537206 34.0850621306 3776816.881427 762649.7080428002 56.9194914233 0.2967240144 0.6803374076 41.564969301 6.3601689346 7.1461975557 0.1050504578
2421 308470.0 113.8453612942 34.085069231 3776817.6888910006 762650.3854167 56.9307305915 -0.0049117809 0.7200644738 41.431086961 6.3485727739 7.1566854045 0.0846450324
2422 308470.11 113.8453688526 34.0850763487 3776818.498224 762651.0613396 56.9339539418 -0.0788353184 0.7631619573 41.2956558854 6.3382554659 7.1872815432 -0.0176525876
2423 308470.22 113.8453763953 34.0850834862 3776819.3097230014 762651.7357425 56.9295552541 -0.0178524289 0.7990718614 41.16948305 6.3262749034 7.2008790377 -0.0394950395
2424 308470.33 113.845383919 34.0850906413 3776820.123129 762652.4083364 56.9288982386 -0.0003158998 0.7833669621 41.0477851426 6.3031712756 7.2254907447 0.027830605
2425 308470.44 113.8453914238 34.0850978169 3776820.938756 762653.0791176 56.9290518323 0.103325309 0.7829178467 40.9259627588 6.2980857489 7.2376766248 -0.0109795322
2426 308470.55 113.8453989212 34.0851050047 3776821.755716 762653.7491878 56.9278971953 0.2367224371 0.7985200978 40.7913985232 6.2815880096 7.2584445209 0.0031377987
2427 308470.66 113.8454063964 34.0851122093 3776822.574492 762654.4171521999 56.9305587327 0.2458403247 0.8351839403 40.6739938666 6.2698741486 7.2666205355 0.0536644623
2428 308470.77 113.8454138595 34.0851194255 3776823.394521 762655.0839628 56.9362930134 0.2134363018 0.8288834568 40.5457191496 6.2565356484 7.2866860449 0.0384721874
2429 308470.88 113.8454213016 34.0851266625 3776824.216803 762655.7487678 56.9394327356 0.2645694647 0.8653555708 40.4299939546 6.2436795704 7.3003684 0.0232298681
2430 308470.99 113.8454287345 34.0851339103 3776825.040255 762656.4126973002 56.942520258 0.2026098172 0.8877658689 40.2960230004 6.2284749807 7.3159366254 0.0528775101
2431 308471.1 113.8454361432 34.0851411738 3776825.8653980014 762657.0743354 56.949528602 0.0167536925 0.8978945334 40.1773755138 6.2064115436 7.3293106164 0.0602238583
2432 308471.21 113.8454435447 34.0851484522 3776826.692166 762657.7352618 56.9521801658 -0.0024686452 0.8728522721 40.0488890189 6.2038983242 7.3491179061 -0.01187575
2433 308471.22 113.8454442163 34.0851491148 3776826.7674260014 762657.7952261999 56.9520213185 0.0178021182 0.8587922835 40.038099681 6.1983654495 7.3509283379 -0.0191142739
2434 308471.33 113.8454515887 34.0851564203 3776827.597136 762658.4533913 56.9496452995 0.1252264018 0.825980913 39.9379903309 6.1771024303 7.3740491454 -0.0103094771
2435 308471.44 113.845458958 34.0851637346 3776828.427806 762659.1112363002 56.9505750835 0.0272724559 0.8288454497 39.8220905557 6.1790088002 7.3812967305 0.0246281817
2436 308471.55 113.845466311 34.0851710637 3776829.260081 762659.7675247 56.9545514034 -0.1233558246 0.8404654724 39.7191504761 6.1666579925 7.4037252644 0.0316565109
2437 308471.66 113.845473656 34.0851784082 3776830.094047 762660.4230345 56.9544649702 -0.0009675495 0.8380022293 39.613450065 6.1628512368 7.4162672899 -0.0487617206
2438 308471.77 113.8454809875 34.0851857715 3776830.930053 762661.0772386 56.9477775237 0.4088312909 0.8320237407 39.5157797237 6.1454391586 7.4349775667 -0.0445071098
2439 308471.88 113.8454883016 34.0851931424 3776831.766867 762661.729813 56.950048198 0.557418726 0.7931804766 39.4175953134 6.1279376388 7.4349556522 0.1040666807
2440 308471.99 113.8454955929 34.0852005201 3776832.604376 762662.3802611 56.9642065326 0.252462201 0.7887579402 39.3142505622 6.1077930901 7.4447073091 0.1357325151
2441 308472.1 113.8455028717 34.0852079095 3776833.4431550014 762663.0295130998 56.9749604696 0.0788488884 0.7676503598 39.2064555008 6.1041631935 7.455968275 0.0519677342
2442 308472.21 113.84551014 34.0852153146 3776834.283645 762663.6777559 56.9760034541 0.0663525524 0.7455596887 39.0956260087 6.0919291893 7.4787961344 -0.0203277045
2443 308472.32 113.8455173963 34.085222734 3776835.125696 762664.3248426998 56.9742396222 0.0593333524 0.7636977745 38.9809056129 6.0871037217 7.4809990003 0.0057773134
2444 308472.43 113.8455246368 34.085230165 3776835.9689839985 762664.970431 56.9769771611 -0.0182111391 0.8148955904 38.8620404734 6.0678517774 7.5004460276 0.0289965785
2445 308472.54 113.8455318622 34.0852376109 3776836.813897 762665.6145794 56.9778475612 0.1063371567 0.869229255 38.72195754 6.0589452675 7.5181734318 -0.0148358225
2446 308472.55 113.8455325186 34.0852382885 3776836.8907800014 762665.6730916 56.9776421441 0.1295605208 0.8754965669 38.7081187307 6.0577788537 7.5179253836 -0.0206596691
2447 308472.66 113.845539722 34.0852457516 3776837.737539 762666.3151644 56.9760687267 0.2434167127 0.9251367334 38.5487873823 6.0312999344 7.5316545879 0.0065057745
2448 308472.77 113.8455468991 34.0852532257 3776838.585451 762666.9547605 56.9810750531 0.1154194313 0.9515661969 38.3876429186 6.0150801947 7.5417831338 0.0891274877
2449 308472.88 113.8455540478 34.085260716 3776839.435093 762667.5916934 56.9870240912 0.0626049462 0.9956406279 38.217355327 5.9878280227 7.5675441352 0.0148218544
2450 308472.99 113.8455611747 34.0852682262 3776840.286882 762668.2265545998 56.9850568408 0.2176227311 0.9945550428 38.0351410062 5.9750114195 7.5865552838 -0.0248646129
2451 308473.1 113.8455682655 34.0852757547 3776841.140618 762668.8580159 56.9857405852 0.3370798522 0.9397448588 37.8544428985 5.9298122741 7.6004867732 0.0580637572
2452 308473.21 113.8455753192 34.0852833018 3776841.996316 762669.4860019 56.9921904383 0.2429311863 0.9388145442 37.6473984197 5.9118106803 7.6140520142 0.0661134803
2453 308473.32 113.8455823444 34.0852908659 3776842.853818 762670.1112930998 56.9983933521 0.1701621783 0.9316932016 37.4034242552 5.8675122667 7.6409737635 0.0444932042
2454 308473.43 113.8455893322 34.0852984538 3776843.713882 762670.7330676998 57.0018435558 0.0776231409 0.9903214047 37.1563104437 5.8487791973 7.6563948723 0.020617329
2455 308473.51 113.8455943943 34.0853039838 3776844.340597 762671.1833869 57.0048322706 0.0041551895 0.9901347046 36.9703822816 5.8312557879 7.677419289 0.0583048788
2456 308473.62 113.8456013083 34.0853116166 3776845.205452 762671.7982033001 57.0053654034 0.0169951506 0.9814211191 36.7260182072 5.7795280279 7.7116030486 -0.0203400898
2457 308473.73 113.8456081883 34.0853192729 3776846.072823 762672.4098134 57.0028160177 0.1723334637 0.9716320745 36.4784934236 5.7557450877 7.7275713764 -0.0113013693
2458 308473.84 113.845615023 34.0853269512 3776846.942521 762673.0171651 57.0050382409 0.1081998054 0.9702555619 36.26375692 5.7113544548 7.7569526598 0.048859975
2459 308473.95 113.8456218198 34.0853346517 3776847.814574 762673.6209484 57.0096837711 0.0211131304 0.931821176 36.081665616 5.6916781609 7.7684495043 0.0367350381
2460 308474.06 113.8456285886 34.0853423707 3776848.688624 762674.2220989 57.0101358825 0.041271447 0.9462860809 35.9088914967 5.664831508 7.7889895269 -0.013482293
2461 308474.17 113.8456353332 34.0853501068 3776849.564494 762674.8209511999 57.0102143437 0.0558453118 0.9627851647 35.7413973454 5.6500528321 7.7968286703 0.0058147073
2462 308474.28 113.8456420467 34.0853578575 3776850.441917 762675.416888 57.0120797651 0.0373967767 0.968249201 35.5837177419 5.6193290121 7.8251389504 0.034280212
2463 308474.39 113.8456487327 34.0853656237 3776851.320982 762676.0102423 57.0135860862 -0.0080180364 0.9741097726 35.4241677015 5.6053884011 7.8319966165 0.0103132638
2464 308474.41 113.845649946 34.0853670362 3776851.480864 762676.1179121998 57.0133183152 0.0178343807 0.9654758813 35.3933307795 5.5987381476 7.8300091082 -0.0137413705
2465 308474.52 113.8456565977 34.08537482 3776852.361794 762676.7080337 57.0126130739 0.1587608472 0.9278844847 35.2486784044 5.5662570595 7.8561381819 0.0028099004
2466 308474.63 113.8456632243 34.0853826158 3776853.243994 762677.2958165 57.0134327942 0.2541193353 0.9398726031 35.1194568836 5.5603184246 7.8575529974 0.0189505441
2467 308474.74 113.8456698311 34.0853904176 3776854.126813 762677.8817369002 57.0167795578 0.218305469 0.9160532883 34.9833702653 5.5297154579 7.8720876721 0.0497268644
2468 308474.85 113.8456764099 34.08539823 3776855.01073 762678.4650493 57.0225543492 0.1793221796 0.9462527065 34.8526289653 5.5173605424 7.8729951063 0.0615003955
2469 308474.96 113.845682973 34.0854060492 3776855.895357 762679.0468886999 57.0262020398 0.2244315425 0.9714204423 34.7080161066 5.4963044489 7.8877594211 0.0221950064
2470 308475.07 113.8456895049 34.0854138809 3776856.7813019985 762679.6258138 57.0287910104 0.2454446904 1.0120420705 34.572805529 5.4794551664 7.8981711877 0.0436500677
2471 308475.18 113.8456960074 34.0854217224 3776857.668253 762680.2019808 57.0338819707 0.1168937664 0.9943104344 34.4295988639 5.446442076 7.9112044437 0.0605011585
2472 308475.29 113.8457024842 34.0854295756 3776858.556438 762680.7757497 57.0386133566 -0.0944882595 1.0404211299 34.2816253772 5.4352168482 7.9174293245 0.0411031168
2473 308475.4 113.8457089428 34.0854374407 3776859.445901002 762681.3477942 57.0405154647 -0.2310719016 1.0586959476 34.1249947715 5.4117954981 7.9388773004 -0.011097464
2474 308475.51 113.8457153729 34.0854453268 3776860.337613 762681.9171493 57.0350246811 -0.0874504568 1.0995267502 33.9795787635 5.3908399723 7.9545071707 -0.0707493761
2475 308475.53 113.8457165409 34.0854467619 3776860.499881 762682.0205578 57.0336871641 -0.0263492301 1.0812592148 33.9511131379 5.3953698661 7.9563544991 -0.0611387891
2476 308475.64 113.8457229399 34.0854546655 3776861.3934660014 762682.5869877 57.0290444307 0.1617699151 1.0261289962 33.8003878214 5.3589663838 7.9738101652 -0.0143804798
2477 308475.75 113.8457293076 34.0854625821 3776862.2884019986 762683.150483 57.029571522 0.191770552 1.0151599052 33.6486910573 5.3407681626 7.9786116916 0.0379956633
2478 308475.86 113.8457356493 34.0854705067 3776863.1841629986 762683.71155 57.035687536 0.098417663 0.9696052312 33.4884544024 5.3069797621 7.9934194573 0.0560463459
2479 308475.97 113.8457419624 34.0854784444 3776864.081306 762684.269941 57.0386009412 0.0442811475 0.9804562002 33.3360581789 5.2917370483 7.9993476147 0.0167810378
2480 308476.08 113.8457482496 34.0854863958 3776864.979902 762684.8258933 57.0388588877 0.1358080479 0.9192289238 33.1861214714 5.2633000162 8.0186430963 0.0090518789
2481 308476.19 113.8457545055 34.085494363 3776865.8801690014 762685.3789016 57.0389909567 0.2870405439 0.9065480519 33.03403899 5.2431206203 8.029015525 -0.0056356362
2482 308476.3 113.8457607367 34.0855023346 3776866.780865 762685.9296232 57.0428618602 0.2982657986 0.7964925543 32.8710975196 5.2125541048 8.0364254557 0.0786234695
2483 308476.41 113.8457669242 34.0855103211 3776867.683092 762686.4762618 57.0508768037 0.194553241 0.7881056942 32.7223237672 5.1875870873 8.0465780256 0.0767039056
2484 308476.52 113.8457730956 34.0855183152 3776868.586136 762687.021391 57.0549428975 0.1525516433 0.7303522151 32.5600882586 5.169733993 8.0603400136 0.0282375257
2485 308476.58 113.845776448 34.0855226803 3776869.0791839985 762687.3174482 57.0564888194 0.1481045256 0.7153587475 32.4801184454 5.1546351333 8.0629651203 0.0298022079
2486 308476.69 113.8457825703 34.085530692 3776869.984049 762687.8579877 57.0595339434 0.2060408693 0.7107670643 32.3427901702 5.1371613114 8.0761077711 0.0259055676
2487 308476.8 113.845788672 34.0855387106 3776870.889626 762688.3966045 57.0620756131 0.2544021815 0.6924590151 32.1938226694 5.1101534278 8.0845415806 0.0258869255
2488 308476.91 113.8457947446 34.0855467383 3776871.796129 762688.9325026999 57.0649941359 0.2783247134 0.679130206 32.0458052466 5.0855742836 8.0895504851 0.0468051393
2489 308477.02 113.845800791 34.0855547717 3776872.703206 762689.4659681999 57.0718704015 0.1772652704 0.6764831363 31.89962775 5.0642549218 8.0973856401 0.0592683242
2490 308477.13 113.8458068203 34.0855628514 3776873.615376 762689.9977162 57.0733189285 0.092775562 0.7314571856 31.7573467445 5.0468795222 8.1134677407 0.0245120875
2491 308477.24 113.8458128261 34.0855709437 3776874.528893 762690.5272451 57.0725056035 0.1004336463 0.6888743744 31.6137604371 5.0146622036 8.1273215728 0.0184729474
2492 308477.35 113.8458188022 34.0855790493 3776875.4437980014 762691.0539963 57.0709568188 0.1511223359 0.7404841998 31.468867592 5.0032376386 8.1424599644 0.0112204052
2493 308477.46 113.8458247585 34.0855871606 3776876.359291 762691.5788982 57.0693786871 0.1822829231 0.7238969738 31.3115134414 4.9810884692 8.1479597534 0.0373132658
2494 308477.57 113.8458306786 34.0855952843 3776877.27606 762692.1004269 57.070546939 0.0662235536 0.7631116196 31.1648483424 4.9499069176 8.1594012995 0.0445176505
2495 308477.68 113.8458365772 34.0856034179 3776878.193872 762692.6199334002 57.0701552443 0.0271259607 0.7580018263 31.0131121451 4.9305750165 8.1717635049 0.0262930976
2496 308477.7 113.8458376469 34.0856048978 3776878.360859 762692.7141248 57.0699825063 0.0109343539 0.769033704 30.9864092492 4.9299641297 8.1702241896 0.0230447427
2497 308477.81 113.8458435109 34.0856130461 3776879.280218 762693.2303915 57.0673266603 0.1063173145 0.7691271225 30.8339061375 4.9047222313 8.1818042782 0.0010118872
2498 308477.92 113.8458493454 34.0856212079 3776880.200999 762693.7438966999 57.0636176104 0.1710028296 0.7181654717 30.6873946847 4.8811565603 8.1997401423 0.0148743435
2499 308478.03 113.8458551487 34.0856293773 3776881.12255 762694.2544922 57.0636541014 0.1361901188 0.7019604334 30.5449993777 4.8499764723 8.2019115492 0.0418221113
2500 308478.14 113.8458609222 34.0856375239 3776882.041485 762694.7624055 57.066644989 0.2169297596 0.6575048321 30.4093681995 4.8352926177 8.2173809528 0.0311405758
2501 308478.25 113.8458666696 34.0856456797 3776882.961376 762695.2678841 57.0674917996 0.3271108906 0.6546341825 30.2686677451 4.8126141277 8.2189794727 0.0186165906
2502 308478.36 113.8458723934 34.0856538408 3776883.881801 762695.7711625998 57.0706191212 0.3306180399 0.6499247987 30.1205320924 4.7924633137 8.2264485022 0.0690183723
2503 308478.47 113.845878089 34.0856620083 3776884.802852 762696.2718209 57.077928531 0.1160800487 0.6988592306 29.9718048428 4.7647308243 8.2362987769 0.0540082896
2504 308478.58 113.8458837641 34.085670184 3776885.724771 762696.7705563002 57.0823437748 -0.0514428099 0.7085756115 29.8182540738 4.7514622094 8.2430660491 0.0467942746
2505 308478.69 113.8458894065 34.0856783749 3776886.648287 762697.2662284 57.0822958695 -0.008112543 0.6616550724 29.6831802963 4.719448725 8.2665660762 -0.0207205515
2506 308478.8 113.8458950193 34.085686583 3776887.573637 762697.7591185 57.0769054238 0.2397151574 0.6537814725 29.5648452265 4.710100655 8.2760243418 -0.0366107881
2507 308478.86 113.8458980751 34.0856910606 3776888.078405998 762698.0274321998 57.0754710622 0.2945977015 0.6299083905 29.4996213254 4.698761233 8.2747005328 0.0159990714
2508 308478.97 113.8459036498 34.085699273 3776889.004129 762698.5167901 57.0811754204 0.1746062925 0.5594640789 29.394585101 4.6665869267 8.2822465608 0.0989752113
2509 308479.08 113.8459092084 34.085707487 3776889.929997 762699.0046535998 57.0869902838 0.0921817815 0.5938052966 29.2790476365 4.6677698708 8.2794318258 0.0271754126
2510 308479.19 113.8459147551 34.0857157011 3776890.855845 762699.4914158002 57.0862940587 0.163311773 0.5775389027 29.1545117996 4.6340840733 8.2918897538 -0.0035861839
2511 308479.3 113.8459202732 34.0857239246 3776891.782655 762699.9755039002 57.0873060394 0.1517402342 0.6229505273 29.0495656125 4.6226432261 8.2971445869 0.0416181614
2512 308479.41 113.8459257758 34.0857321521 3776892.709875 762700.4581551 57.0893540448 0.0200548769 0.6371714589 28.9220979512 4.6042260671 8.3013912112 0.0317832955
2513 308479.52 113.845931253 34.0857403901 3776893.638192 762700.9384288 57.0922242943 -0.1250589485 0.6252891778 28.7938745426 4.5866467295 8.3155998552 0.0297009121
2514 308479.63 113.8459367077 34.0857486387 3776894.567630002 762701.4165872 57.0907398257 -0.1007389086 0.6092850624 28.6727846369 4.5638554354 8.3269399242 -0.0413029754
2515 308479.74 113.8459421427 34.0857569001 3776895.4984370014 762701.8928949 57.0843866887 0.034538151 0.6064421606 28.548478466 4.5570863748 8.3364084422 -0.0370162093
2516 308479.85 113.8459475533 34.0857651672 3776896.429819002 762702.3669290999 57.0819443874 0.1090948877 0.5850914683 28.4225728982 4.5250856428 8.3416288045 0.0206016825
2517 308479.96 113.8459529419 34.0857734414 3776897.361921 762702.8389088 57.0842809323 0.08356856 0.6433643941 28.2931790632 4.5150922851 8.3495728001 0.028021055
2518 308480.07 113.8459583111 34.0857817223 3776898.294724 762703.3090753 57.0845849467 0.159829165 0.5930179713 28.1548557368 4.4890836139 8.3584327911 0.0109587498
2519 308480.08 113.8459587972 34.0857824759 3776898.379612 762703.3516239 57.0847125463 0.1660911245 0.5955802543 28.1435240258 4.4856131182 8.3608229491 0.0187422789
2520 308480.19 113.8459641282 34.0857907705 3776899.313829 762703.8182259 57.0862047048 0.1371872764 0.6177451629 28.0077778243 4.4676019873 8.3646784666 0.0274384024
2521 308480.3 113.8459694432 34.0857990694 3776900.2484949986 762704.2833321998 57.0883307159 0.1068870975 0.610067933 27.8596383049 4.4480291687 8.3719689207 0.0414861749
2522 308480.41 113.8459747261 34.0858073797 3776901.184343 762704.7454343 57.0912677366 0.0778283101 0.6440914117 27.7279324401 4.4203777621 8.3892742763 0.0063039926
2523 308480.52 113.8459799881 34.0858156996 3776902.121199 762705.2055813002 57.0906683262 0.0864212035 0.617502985 27.6006965982 4.4052448753 8.391960477 0.0083424178
2524 308480.63 113.8459852227 34.0858240272 3776903.058831 762705.6631798 57.0921760518 -0.0221435865 0.6603102371 27.4769834398 4.3836068654 8.3995264673 0.0386327821
2525 308480.74 113.8459904441 34.0858323597 3776903.996982 762706.1195331998 57.0942499992 -0.0487955085 0.7120325962 27.3512975705 4.3740493029 8.4066153545 0.0111457135
2526 308480.85 113.8459956456 34.0858407006 3776904.936016 762706.5740261999 57.0922021372 0.0239233953 0.7758413763 27.2258551121 4.3546378409 8.4156030955 -0.0267852732
2527 308480.96 113.8460008193 34.0858490515 3776905.876076 762707.0259306999 57.0900405645 0.1841171031 0.7609117637 27.1085222426 4.3314537126 8.4240858878 0.0131536024
2528 308481.07 113.8460059673 34.0858574093 3776906.816842 762707.4754268002 57.0914968215 0.2303178358 0.7774535586 26.9922879109 4.3133256196 8.4296377551 0.0312133192
2529 308481.18 113.8460110929 34.0858657713 3776907.758019 762707.9228566998 57.0956061566 0.2449516566 0.7694149374 26.8780939137 4.2895188142 8.4339058568 0.0609842939
2530 308481.29 113.8460161966 34.0858741392 3776908.699792 762708.3682311 57.1015832527 0.1676268787 0.7775710773 26.7654191115 4.2746911066 8.442089387 0.0343639056
2531 308481.32 113.8460175844 34.0858764219 3776908.956691 762708.4893186998 57.1024580216 0.1926956421 0.764902599 26.7315181907 4.2677776605 8.4413035001 0.0308980753
2532 308481.43 113.846022661 34.0858847953 3776909.899014 762708.9321811999 57.1062470935 0.2134284453 0.7562527377 26.6136131372 4.2476244687 8.445601933 0.0471151853
2533 308481.54 113.846027713 34.0858931742 3776910.841869 762709.3727525 57.1098354068 0.2975740445 0.7587488826 26.4952639104 4.2253604249 8.4503997528 0.0262337766
2534 308481.65 113.8460327423 34.0859015591 3776911.785345 762709.8112165999 57.1127826041 0.3285692324 0.7421344255 26.3758732081 4.211715615 8.4571737715 0.0463271924
2535 308481.76 113.8460377465 34.0859099467 3776912.729043 762710.247343 57.1204630425 0.1415648732 0.778295615 26.2581049353 4.1908594861 8.4622209028 0.0730951003
2536 308481.87 113.8460427294 34.0859183397 3776913.673292 762710.6814917 57.1276575848 -0.0456830535 0.7648198538 26.1339442237 4.1750598776 8.4685952591 0.0415839575
2537 308481.98 113.8460476899 34.0859267445 3776914.618798998 762711.1135406998 57.1287901048 0.0108888854 0.7278080057 26.01177026 4.1497380761 8.4850665366 -0.0158351099
2538 308482.09 113.8460526265 34.0859351571 3776915.565104 762711.5433496998 57.1257827925 0.1714570699 0.7452335287 25.8858741912 4.1368033122 8.4814439065 -0.0035044219
2539 308482.2 113.8460575373 34.0859435682 3776916.51118 762711.9707834001 57.1269237883 0.1643580968 0.7401392936 25.759571853 4.1085526866 8.4780161947 0.0541825187
2540 308482.31 113.8460624098 34.0859519733 3776917.456479 762712.3947020002 57.1330726091 0.0632756754 0.7319851111 25.6257057105 4.0757091385 8.4733258792 0.0587707631
2541 308482.42 113.846067251 34.0859603731 3776918.401124 762712.8157527 57.1357263513 0.1149370097 0.6963999692 25.4842662987 4.0429551651 8.4653913995 0.0132524196
2542 308482.48 113.8460698773 34.0859649514 3776918.915964 762713.0440917 57.1362023065 0.1560334145 0.7114780552 25.410060667 4.0350490642 8.4550032591 0.0121037142
2543 308482.59 113.8460746589 34.085973327 3776919.857764 762713.4597077 57.138290355 0.1875107239 0.6877539866 25.2709794466 3.9955477873 8.437690062 0.0340370322
2544 308482.7 113.8460793987 34.085981692 3776920.798289 762713.8714947 57.1426485851 0.1211748781 0.6722521443 25.1323052205 3.9591217351 8.4279670092 0.046249083
2545 308482.81 113.8460841061 34.0859900404 3776921.736879 762714.2803429 57.147630211 -0.0739001685 0.7050607915 24.9792889166 3.9411871161 8.414425138 0.0316568601
2546 308482.92 113.8460887766 34.0859983774 3776922.67411 762714.6858175 57.1514105918 -0.2221808849 0.7267967104 24.8370837605 3.9035385867 8.4016013111 0.0096321769
2547 308483.03 113.8460934134 34.086006709 3776923.610655002 762715.088198 57.1493198965 -0.1240769657 0.7630711002 24.6939072157 3.8763884743 8.394706535 -0.0306650046
2548 308483.14 113.8460980199 34.0860150384 3776924.5468730014 762715.4877903 57.1436515152 0.0648136744 0.7435241444 24.5559085401 3.8450909467 8.3921684657 -0.0355362728
2549 308483.25 113.8461025881 34.0860233564 3776925.48174 762715.8838765002 57.1429319829 0.0778247713 0.7745171889 24.4109297299 3.8199025492 8.3827042524 0.0269450176
2550 308483.36 113.8461071242 34.0860316625 3776926.41519 762716.2770406 57.1475379989 0.0173276818 0.7363624375 24.2646382151 3.7880114477 8.3693390839 0.0461136912
2551 308483.47 113.8461116241 34.0860399712 3776927.348837 762716.6668513 57.1500517009 -0.0028240132 0.7394507993 24.1354907069 3.7610840813 8.3772452928 0.0135792517
2552 308483.58 113.8461161015 34.0860482801 3776928.282462 762717.054583 57.1496121474 0.0865199228 0.6965949024 24.0183105578 3.7436626038 8.3768858405 0.0022107143
2553 308483.61 113.8461173175 34.086050546 3776928.53705 762717.1598534002 57.1498140143 0.1226963738 0.678719356 23.986217444 3.7335473434 8.3729813915 0.0177934731
2554 308483.72 113.8461217544 34.0860588528 3776929.470326 762717.5438500999 57.1511523528 0.2137987545 0.6903701715 23.8792789126 3.7125723715 8.365266751 0.0132534712
2555 308483.83 113.8461261729 34.0860671545 3776930.402995 762717.9261651 57.1537149493 0.252231826 0.6646974463 23.7599160192 3.6914621091 8.3628580586 0.0539440776
2556 308483.94 113.8461305644 34.0860754495 3776931.334843 762718.3060085 57.1602476649 0.0282408104 0.707213553 23.6360531714 3.6738405779 8.3634128198 0.0746054071
2557 308484.05 113.846134929 34.0860837373 3776932.265832 762718.6833967 57.1656461321 0.0318569502 0.6625648296 23.5029793155 3.6465199809 8.3587443272 0.0229317863
2558 308484.16 113.8461392587 34.0860920264 3776933.196865 762719.0575466999 57.1647057589 0.2876300886 0.6944093669 23.3824936394 3.6226495973 8.35770892 -0.0411647444
2559 308484.27 113.8461435661 34.0861003104 3776934.127282 762719.429658 57.1630719975 0.5387344951 0.647699196 23.2544286413 3.5941600118 8.3444252277 0.0485376812
2560 308484.39 113.84614822 34.0861093332 3776935.140581 762719.8314803 57.1782277878 0.2185406416 0.5905820493 23.1341514609 3.5638477145 8.3405176255 0.145859102
2561 308484.51 113.8461528467 34.0861183566 3776936.153874 762720.2307885 57.1862236532 0.2045135726 0.5484340672 22.9886869012 3.5499826715 8.3472131959 -0.0019755506
2562 308484.63 113.846157445 34.086127382 3776937.167315 762720.6274644 57.183003094 0.5544137488 0.5274262255 22.8615440609 3.5172492432 8.3330237415 -0.0122457825
2563 308484.75 113.8461620112 34.086136395 3776938.179304 762721.0212207 57.1911727171 0.5479563074 0.5455565539 22.7168410982 3.4979210973 8.3256490478 0.1364572929
2564 308484.87 113.846166542 34.0861454008 3776939.1904010014 762721.4117247 57.2064565467 0.3834771189 0.5481842903 22.5446371076 3.4674898349 8.3267140251 0.108882744
2565 308484.9 113.8461676688 34.0861476526 3776939.4431879986 762721.5088074 57.2093896624 0.3223809827 0.5705735352 22.4957047214 3.4623944882 8.3272210562 0.0948326517
2566 308485.02 113.8461721563 34.0861566588 3776940.454215 762721.8953159002 57.2178860512 0.1794809148 0.6028665677 22.3137089708 3.4356922362 8.3287987705 0.0541731537
2567 308485.14 113.8461766114 34.0861656927 3776941.468235 762722.2787409 57.2215978624 -0.0559493061 0.647185314 22.1470060534 3.4102712699 8.3515934844 0.0497232524
2568 308485.26 113.8461810424 34.0861747604 3776942.485941998 762722.6598465 57.2214371888 -0.0313783732 0.6403186855 21.9733062559 3.3989656795 8.3882142317 0.0050849284
2569 308485.38 113.8461854509 34.0861838575 3776943.506853 762723.0387769 57.2160056746 0.0564571146 0.6615698938 21.8075922353 3.376229867 8.4116745991 -0.0318131879
2570 308485.5 113.8461898331 34.08619298 3776944.5305160014 762723.4152041 57.2133831736 0.0937809534 0.631414922 21.6417627999 3.3551577373 8.436621312 0.023927794
2571 308485.61 113.8461938319 34.0862013665 3776945.471512 762723.7584977 57.2161744861 -0.0204753383 0.6438433624 21.4984029399 3.3432955647 8.4558005629 0.0433920251
2572 308485.72 113.8461978101 34.0862097697 3776946.414308 762724.0998451002 57.2154553635 -0.0064878597 0.6552590634 21.3529724301 3.3237977821 8.464946847 -0.0018108048
2573 308485.83 113.8462017589 34.0862181876 3776947.358663 762724.4384241 57.2125167139 0.0602188903 0.6311508376 21.2228225717 3.294573425 8.4791303825 0.003124369
2574 308485.94 113.8462056893 34.0862266069 3776948.303122 762724.775308 57.2110347953 -0.0162561109 0.6627714967 21.0810661837 3.2824082116 8.474771913 0.028808093
2575 308486.05 113.8462095949 34.0862350167 3776949.246474 762725.1099271 57.21360707 -0.1567777507 0.7187517137 20.9454171552 3.2621095275 8.4704012336 0.0462176376
2576 308486.07 113.8462103027 34.0862365444 3776949.417829 762725.1705619 57.213848168 -0.1835724224 0.7171881925 20.9186569346 3.2582789853 8.4690601629 0.0264084383
2577 308486.19 113.8462145279 34.0862457088 3776950.44574 762725.5323542 57.2104560696 -0.147982726 0.7760526645 20.7601030168 3.2331171093 8.4677154957 -0.0381789428
2578 308486.31 113.8462187068 34.0862548507 3776951.471031 762725.8899475002 57.2056230959 -0.0531106031 0.781467907 20.6122461882 3.1898365332 8.4337563396 0.0248960289
2579 308486.43 113.8462228438 34.0862639761 3776952.494385 762726.2437196998 57.2043799944 0.0129409781 0.7829063778 20.4606636815 3.1554939871 8.4293903486 -0.0040457464
2580 308486.55 113.8462269338 34.08627308 3776953.515229 762726.5932201998 57.2035844605 0.0617176757 0.7462832455 20.3144375832 3.1241937127 8.3999330597 0.0292655142
2581 308486.67 113.8462309819 34.0862821598 3776954.533298 762726.9389301 57.203890658 0.0716730739 0.765181319 20.154224975 3.0911992165 8.3783241086 0.0297762165
2582 308486.79 113.8462349865 34.0862912155 3776955.5485769985 762727.2806904998 57.2057612762 0.1914285108 0.7335341433 20.0074524134 3.0575456122 8.3561580816 0.0285472013
2583 308486.91 113.8462389475 34.0863002498 3776956.561365 762727.6184946 57.2070337804 0.2096109696 0.7566275746 19.8526053463 3.024809169 8.3309590045 0.0452800057
2584 308487.03 113.8462428689 34.0863092584 3776957.571208 762727.9527234 57.2116457345 0.0675410482 0.7206662133 19.6919258564 2.9840417973 8.3125125832 0.0598315211
2585 308487.15 113.8462467381 34.0863182413 3776958.57805 762728.2822132 57.2168925237 0.0486178771 0.7233535378 19.5436093645 2.9599174726 8.2962212372 0.0229727372
2586 308487.24 113.8462496204 34.086324964 3776959.331531 762728.5275598002 57.2159800371 0.0775186828 0.7180755889 19.4210548964 2.9417959481 8.2817873808 0.0006415954
2587 308487.36 113.8462534191 34.0863339073 3776960.33381 762728.8506585 57.216020613 0.042352372 0.6967614669 19.2910221323 2.8994596779 8.2553666638 0.055124199
2588 308487.48 113.8462571799 34.0863428253 3776961.333179 762729.1703446 57.2195263365 0.0220147018 0.6746484459 19.1497280902 2.8742333355 8.2305103792 0.0374585455
2589 308487.6 113.8462609037 34.0863517212 3776962.329996 762729.486668 57.2206026148 0.0143255399 0.6330979464 19.0170178606 2.8402522496 8.217976725 0.0103437889
2590 308487.72 113.8462645881 34.0863605912 3776963.323847 762729.7994398002 57.2203918211 -0.0090126548 0.663547867 18.877516079 2.8145543278 8.1841923184 0.008194686
2591 308487.84 113.8462682368 34.0863694356 3776964.314758 762730.1089928 57.2218308514 0.0062962644 0.5991942854 18.7411054411 2.7778292818 8.1631044084 0.031923485
2592 308487.96 113.8462718392 34.0863782594 3776965.3032620014 762730.4143391999 57.2227134174 0.0625919171 0.6047571763 18.6028523204 2.7536318105 8.1508791135 0.0070538701
2593 308488.08 113.8462754072 34.0863870566 3776966.288728 762730.7165845998 57.2217696933 0.1107768831 0.6133964126 18.4595463793 2.7231706559 8.1166984031 0.0286119806
2594 308488.2 113.8462789277 34.0863958288 3776967.271303 762731.0145258 57.2253045374 -0.0235922765 0.621861099 18.3093447128 2.6910934547 8.0953194185 0.0521608131
2595 308488.32 113.8462824058 34.0864045767 3776968.251064 762731.308628 57.2281328198 0.0198271442 0.6915447181 18.1588495963 2.6709854635 8.0694572056 0.0152197549
2596 308488.43 113.846285567 34.0864125727 3776969.146577 762731.5757962 57.2273415159 0.1303018918 0.737763452 18.0078676511 2.6397620381 8.0510084805 4.29831e-05
2597 308488.55 113.8462889673 34.0864212725 3776970.120803 762731.8628589001 57.2283333838 0.1331420565 0.6935890182 17.8534750098 2.5930128753 8.0278398503 0.0628264831
2598 308488.67 113.8462923243 34.0864299448 3776971.09186 762732.1460114998 57.2351028304 -0.1537715042 0.7423870587 17.6880862664 2.5781745634 8.0008950757 0.0689192492
2599 308488.79 113.8462956472 34.0864385935 3776972.060226 762732.4260895002 57.2374280794 -0.2685816018 0.7847845799 17.5112503601 2.5417565068 7.9850600013 -0.0003209115
2600 308488.91 113.8462989204 34.086447224 3776973.026429 762732.7016343 57.2344653001 -0.1373122874 0.7313442213 17.3564970498 2.4972657255 7.9674943125 -0.0201767496
2601 308489.03 113.8463021512 34.0864558315 3776973.989977 762732.9733289 57.2295842161 0.0048238519 0.7000731562 17.1845981946 2.4713285796 7.9412660943 -0.0281695981
2602 308489.16 113.846305604 34.086465125 3776975.030223 762733.2634066 57.2291817851 0.0229081678 0.6878718484 17.0055282948 2.4338868452 7.9095262371 0.0511442389
2603 308489.29 113.8463089996 34.0864743827 3776976.06636 762733.5483102 57.2332695015 0.07514933 0.6515530273 16.8199702011 2.3928903847 7.8834364274 0.0188770213
2604 308489.42 113.8463123433 34.0864836034 3776977.09825 762733.8285415998 57.2338500293 0.1083887204 0.6283549323 16.6323961974 2.3584661588 7.8463167684 0.0115053312
2605 308489.55 113.84631564 34.0864927821 3776978.125353 762734.1045563002 57.2368991757 0.0919748287 0.6397654534 16.4410858829 2.3244392894 7.8127772214 0.0549544494
2606 308489.68 113.8463188783 34.0865019183 3776979.147591002 762734.3753183002 57.2407960361 0.1786308202 0.6520648044 16.2720867659 2.2826175313 7.7718312445 0.0430885049
2607 308489.81 113.8463220644 34.0865110105 3776980.164818 762734.6413915 57.2443779996 0.2600499997 0.6071240289 16.084819874 2.2470805614 7.7350372499 0.021693767
2608 308489.94 113.8463251956 34.0865200602 3776981.177181 762734.9025234 57.2490498209 0.2094563591 0.570965004 15.9009457803 2.202479912 7.6998744761 0.0614935281
2609 308490.07 113.8463282744 34.0865290595 3776982.183819 762735.1589703 57.2571173813 0.0393834087 0.5695765063 15.716380382 2.172411714 7.6560445831 0.0859223208
2610 308490.2 113.8463312866 34.0865380129 3776983.185195 762735.4094184 57.261655366 0.0276299037 0.5414272092 15.5404638288 2.1252946284 7.6272855036 0.0148702588
2611 308490.33 113.8463342479 34.086546925 3776984.181851 762735.6552889 57.2588524986 0.1650259158 0.5306338235 15.362121566 2.0944345297 7.5824834332 0.0004467734
2612 308490.46 113.846337163 34.0865557892 3776985.173076 762735.8970423002 57.2611320568 0.0556642835 0.4959479252 15.1776100655 2.0518039797 7.5446445276 0.056484433
2613 308490.59 113.8463400255 34.0865646069 3776986.158999 762736.1340883 57.2659350261 -0.047020916 0.513318404 15.0399888417 2.0219065133 7.5054490766 0.0416059582
2614 308490.72 113.8463428468 34.0865733793 3776987.139789 762736.3674694998 57.2662883392 0.0250065697 0.4659649415 14.9060639 1.9917113714 7.4697125827 -0.0037220907
2615 308490.73 113.8463430622 34.0865740523 3776987.215035 762736.3852785 57.266169413 0.0157045018 0.4526166483 14.8962946948 1.9925138647 7.4665410497 0.0051989291
2616 308490.86 113.8463458355 34.0865827781 3776988.1905309986 762736.6143661998 57.2636810224 0.0994970171 0.4291473288 14.8069512319 1.9612704722 7.4242796392 0.0200694465
2617 308491.0 113.8463487931 34.0865921157 3776989.2344 762736.8585816 57.2664042246 0.0027229001 0.4313864302 14.6948894917 1.9370525332 7.3771863185 0.0340003174
2618 308491.14 113.8463517079 34.0866014009 3776990.272342 762737.0990061 57.2693202831 0.0441780299 0.4086031068 14.6187663042 1.911843289 7.3341611917 0.0273838204
2619 308491.28 113.8463545915 34.0866106296 3776991.303942 762737.3367256 57.2691784296 0.0830944415 0.4053004276 14.5169371213 1.8933229771 7.2890780675 0.0078931977
2620 308491.42 113.8463574367 34.0866198004 3776992.329009 762737.5710771 57.2722029742 0.0296247455 0.4245516867 14.4399118683 1.8687369441 7.2439074827 0.0564532185
2621 308491.56 113.8463602518 34.0866289103 3776993.347242 762737.8028373 57.2771060634 -0.0562098633 0.4406853768 14.3317433441 1.8414060529 7.1978463829 0.0274114431
2622 308491.7 113.8463630161 34.0866379636 3776994.359065 762738.0300791998 57.2772343364 0.1109176827 0.4072193806 14.2445745979 1.8111409362 7.1457712049 -0.0110181673
2623 308491.84 113.8463657538 34.086646951 3776995.363497 762738.2550706 57.2758370312 0.1776256847 0.4618885845 14.0802260857 1.7937879873 7.0917158009 0.00337924
2624 308491.98 113.8463684341 34.0866558676 3776996.359930998 762738.4749810002 57.2823136272 0.0129475547 0.4697666688 13.9076362347 1.7355128669 7.0378667755 0.1039022093
2625 308492.12 113.8463710512 34.0866647036 3776997.347261 762738.6893106998 57.289546106 -0.1808328692 0.5365670369 13.7242990089 1.7174496162 6.9705486288 0.0308816961
2626 308492.23 113.8463730693 34.0866715831 3776998.115924 762738.8543761 57.2902676538 -0.0660486852 0.5231645819 13.5757746583 1.6753780828 6.9145440477 0.0073158817
2627 308492.38 113.8463757513 34.0866808742 3776999.153925 762739.0732881 57.2899736864 0.0113187742 0.6038304929 13.3967544304 1.6372339784 6.8321035633 0.0032058203
2628 308492.53 113.8463783768 34.0866900526 3777000.179268 762739.2873338 57.2910577459 -0.0755704328 0.648548274 13.1868915247 1.5881105723 6.7532832659 0.0422090833
2629 308492.68 113.846380917 34.0866991212 3777001.192213 762739.493838 57.2988037048 -0.2192955979 0.669722009 13.0177919794 1.5496863091 6.6707085624 0.0396756536
2630 308492.83 113.8463834007 34.0867080858 3777002.193468 762739.695445 57.2970203469 -0.1662986806 0.6528592478 12.8131365268 1.5013067346 6.595252947 -0.0286813601
2631 308492.98 113.8463858073 34.0867169453 3777003.182865 762739.8902580999 57.296732951 -0.1425648726 0.6732148028 12.6445268854 1.4700064284 6.5141959569 0.033405115
2632 308493.14 113.8463883298 34.0867262829 3777004.225615 762740.0943016999 57.2981411386 -0.2784323635 0.6762982063 12.4440001106 1.4260747848 6.4445737594 0.0010103531
2633 308493.3 113.8463907771 34.0867355161 3777005.256579 762740.2917135998 57.2950143497 -0.1117073748 0.6312274318 12.2832390577 1.3882836327 6.3671006559 0.0016659718
2634 308493.46 113.8463931736 34.0867446383 3777006.275106 762740.4847853002 57.2920246068 -0.058443361 0.660769805 12.0872836115 1.3593364711 6.2947362231 -0.0243964871
2635 308493.62 113.8463955037 34.0867536512 3777007.281324 762740.6720662 57.2903076178 -0.0283559699 0.67581973 11.9127338773 1.3193050656 6.2133902194 0.0577950673
2636 308493.69 113.8463964991 34.0867575587 3777007.717528 762740.7518968 57.2930291733 -0.1368494563 0.6688781236 11.8370414163 1.2971854783 6.1798505942 0.0518158542
2637 308493.85 113.8463987317 34.0867664113 3777008.705709 762740.9306594 57.2941011107 -0.0672366514 0.6010284155 11.6706321818 1.256838671 6.1064454882 0.000191976
2638 308494.02 113.8464010396 34.086775692 3777009.741593 762741.115062 57.2930756621 -0.005078095 0.6235733646 11.5617971527 1.2353820306 6.0174223239 0.0169031665
2639 308494.19 113.8464032895 34.0867848312 3777010.761619 762741.2945404 57.2929246463 0.0744601546 0.6401699542 11.4369609958 1.2015199886 5.9251612787 0.0306166452
2640 308494.36 113.8464054674 34.0867938337 3777011.766291002 762741.4678058 57.2983892448 0.0637325988 0.6460739953 11.337573194 1.1765460467 5.8346039617 0.0368354897
2641 308494.53 113.8464076069 34.0868026978 3777012.755509 762741.6379437 57.2982433569 0.1085015019 0.6615418156 11.2060391155 1.1410552412 5.745389122 0.0067446792
2642 308494.71 113.8464098 34.0868119374 3777013.78654 762741.8118616 57.3040356534 -0.0062493973 0.6785471262 11.0916327584 1.1079816732 5.6607820158 0.0575866082
2643 308494.89 113.8464119577 34.0868210438 3777014.802697 762741.9829383 57.3073840104 0.0355087111 0.786394158 10.9582220949 1.0918661923 5.5818054124 0.0126389377
2644 308495.07 113.8464140419 34.0868300228 3777015.804517 762742.1476082 57.3091039173 0.1590994287 0.7500025792 10.8545629169 1.0628306689 5.4958160826 0.0100479669
2645 308495.25 113.846416087 34.0868388717 3777016.791808 762742.3090797 57.3078233432 0.4199726708 0.7909799784 10.7258240344 1.0407178956 5.4194008508 0.0185386304
2646 308495.44 113.846418191 34.086848082 3777017.819346 762742.4748725998 57.31478706 0.3795826074 0.7541429634 10.5526651251 0.9980007719 5.3522667907 0.0527236453
2647 308495.63 113.8464202234 34.0868571691 3777018.833044002 762742.6344346 57.3223081911 0.2505603905 0.726880376 10.3928780101 0.9693381046 5.2774068645 0.0606591248
2648 308495.76 113.846421592 34.0868633156 3777019.5186769986 762742.7417960998 57.3293251442 0.1686248126 0.6847243559 10.2585880655 0.9523967257 5.2328646032 0.0525758648
2649 308495.95 113.8464235267 34.0868722059 3777020.510277 762742.8929370998 57.3326638322 0.2340795512 0.6699053658 10.117940487 0.9251145328 5.1656230695 0.037520594
2650 308496.15 113.8464255017 34.0868814367 3777021.539765 762743.0467506 57.3354657739 0.4352697576 0.6345391021 9.9418237335 0.8960885343 5.0919615381 0.0331613944
2651 308496.35 113.846427405 34.0868905403 3777022.554953 762743.1943411998 57.3408028576 0.4611721059 0.6163051369 9.7869800733 0.8735064201 5.0165157987 0.0493814273
2652 308496.55 113.8464292607 34.0868995149 3777023.555709 762743.3379321998 57.3481259523 0.4472652343 0.6247793997 9.6134480646 0.8521289148 4.9502923444 0.0728021874
2653 308496.76 113.8464311404 34.0869088128 3777024.592394 762743.4827391 57.359780916 0.189592919 0.5394290834 9.4520677869 0.8226794832 4.8925951391 0.0344165987
2654 308496.97 113.8464329621 34.0869179868 3777025.61519 762743.6225734998 57.3653539186 0.1252957973 0.4980618762 9.2898360524 0.7861677701 4.7905874251 0.0591317366
2655 308497.19 113.8464347239 34.0869269926 3777026.6191589986 762743.7574047 57.3768021278 -0.268507293 0.4447027534 9.1386748547 0.683149003 4.2849664648 0.0196968226
2656 308497.44 113.8464364289 34.086935927 3777027.615056 762743.887206 57.3751704712 -0.3088340363 0.3069260879 8.994211648 0.5789606743 3.6379380899 0.0186370661
