21409 311055.76 113.8401462348 34.0843189638 3776721.02598 762171.1593894 56.83333873 0.3458338203 0.344365299 294.1225587134 -11.3258896819 5.0709321223 0.0321430344
21410 311055.85 113.8401351793 34.084323094 3776721.455952 762170.1258116 56.8352035452 0.489040369 0.3256460266 294.2767351677 -11.3484340201 5.1148986149 0.045710242
21411 311055.86 113.8401339493 34.0843235554 3776721.504002 762170.0108071 56.8358053565 0.4285436915 0.3303761891 294.2913592709 -11.3534700798 5.1222020964 0.0656969233
21412 311055.95 113.8401228667 34.0843277309 3776721.938939 762168.9745863002 56.8401134126 0.4318713585 0.2598223156 294.4401063457 -11.377611597 5.1697676686 0.0771360945
21413 311056.03 113.8401129937 34.084331469 3776722.3284309986 762168.0514085002 56.8455926031 0.3048784732 0.2382460763 294.5837307275 -11.4029741664 5.1982037119 0.0558645328
21414 311056.11 113.8401030988 34.0843352371 3776722.721206 762167.1261100002 56.8490111595 0.2992686047 0.1913765928 294.7440520532 -11.4253060764 5.249681436 0.0253459197
21415 311056.19 113.8400931852 34.0843390397 3776723.117753 762166.1989816 56.8497202788 0.4416262044 0.145478768 294.9107701518 -11.4467729378 5.2972249873 0.0185876403
21416 311056.27 113.8400832567 34.0843428807 3776723.518529 762165.2703646999 56.8511656532 0.4937912441 0.1482257569 295.0671867923 -11.4564579703 5.3516043598 0.0238962468
21417 311056.35 113.8400733134 34.0843467596 3776723.923467 762164.3402609 56.8560158173 0.3571754389 0.150781062 295.2269547477 -11.475304472 5.4015529874 0.0666430604
21418 311056.43 113.8400633557 34.0843506729 3776724.332189 762163.4087127 56.8627420245 0.2178674771 0.2045260217 295.3941158081 -11.5013833266 5.4538565062 0.0694341155
21419 311056.51 113.8400533813 34.0843546256 3776724.74524 762162.4755088 56.8649882358 0.211527215 0.234126943 295.5741908343 -11.5182343443 5.5082800575 -0.0272214142
21420 311056.59 113.8400433917 34.0843586156 3776725.162393 762161.5407840002 56.8624557825 0.4235647047 0.2147902784 295.7528892915 -11.5339291419 5.5592045361 -0.0299845987
21421 311056.65 113.8400358896 34.0843616308 3776725.477758999 762160.8387589002 56.8616714003 0.5229202885 0.2179850951 295.8893493856 -11.5488664541 5.5952243211 0.0174712323
21422 311056.73 113.8400258781 34.0843656833 3776725.901785 762159.9018242 56.8661269257 0.4886309835 0.2206708698 296.0657773554 -11.5539240502 5.6435927891 0.1059263275
21423 311056.81 113.8400158559 34.0843697715 3776726.329755 762158.9637829 56.8748181807 0.3291139882 0.2018364549 296.2461449313 -11.571883128 5.6938525342 0.1008331386
21424 311056.89 113.8400058155 34.0843739006 3776726.762219 762158.0239466998 56.8791916594 0.3425899271 0.2443608638 296.4311420864 -11.5885497395 5.7547405623 0.0223302897
21425 311056.97 113.8399957603 34.0843780716 3776727.199289 762157.0826046 56.8802631088 0.3829735545 0.2299287077 296.6083137509 -11.6067856416 5.8103743824 0.0031945547
21426 311057.05 113.839985692 34.0843822809 3776727.640581 762156.1399348001 56.8813240482 0.5056897005 0.2564280966 296.7862566224 -11.6166509233 5.8621688082 0.0234609425
21427 311057.13 113.8399756121 34.0843865318 3776728.086451 762155.1960752 56.8844840182 0.5973447189 0.3347956748 296.9628519102 -11.634833062 5.9263748089 0.0369695676
21428 311057.21 113.8399655226 34.0843908196 3776728.536396 762154.2512071 56.8895583404 0.7397062726 0.3498958407 297.1545250318 -11.6472458476 5.9655427317 0.0963537385
21429 311057.29 113.8399554248 34.0843951453 3776728.9905300015 762153.3054571 56.8981538974 0.800604349 0.2966456933 297.3401376553 -11.6583652485 6.025425275 0.0937063051
21430 311057.37 113.8399453146 34.0843995034 3776729.448223 762152.3584624 56.911177624 0.6786913553 0.1784601316 297.5298598848 -11.6811506987 6.064120249 0.18818102
21431 311057.4 113.8399415229 34.0844011438 3776729.620536 762152.0032889 56.9164197035 0.6073266676 0.1691643042 297.6003395144 -11.6687882336 6.0770263269 0.1789965298
21432 311057.48 113.8399314015 34.0844055554 3776730.084141 762151.0550966 56.9286581548 0.3551163019 0.2292910076 297.7816039559 -11.68251842 6.1494193682 0.120540569
21433 311057.56 113.8399212661 34.0844100099 3776730.5524699986 762150.1054735 56.9335536324 0.1871223757 0.2454921395 297.964317199 -11.719698859 6.2065219068 -0.0106058707
21434 311057.64 113.8399111191 34.0844145106 3776731.02589 762149.1546421 56.929990747 0.3673638541 0.3716315588 298.1267660481 -11.7103338907 6.2715737935 -0.086900339
21435 311057.72 113.8399009624 34.0844190638 3776731.505122 762148.2027551999 56.9279267667 0.3268888877 0.6201484291 298.2664645781 -11.7304164078 6.3437564639 0.012532064
21436 311057.8 113.8398908002 34.0844236569 3776731.988764 762147.2502392 56.9316765089 0.1471533623 0.8063245226 298.4123320389 -11.7355497876 6.3874196566 0.0834208811
21437 311057.88 113.8398806163 34.0844282849 3776732.476219 762146.2956039001 56.9332973389 -0.127402832 0.9524404765 298.5979129492 -11.7520720939 6.4280873161 -0.0522767956
21438 311057.96 113.8398704065 34.0844329474 3776732.9674410014 762145.3384751 56.9291377766 0.0061238428 1.0015964471 298.8109664965 -11.8044891898 6.498306519 -0.0592021637
21439 311058.04 113.8398601844 34.0844376504 3776733.463125 762144.3800811998 56.9214636842 0.1473741953 0.9853866698 299.0379837239 -11.8012201375 6.5490429369 -0.1153734749
21440 311058.08 113.8398550693 34.0844400197 3776733.712931 762143.9004571 56.918653897 0.2931416466 0.9480438517 299.1430051257 -11.8106274035 6.5766281288 -0.0649875622
21441 311058.16 113.8398448282 34.0844447912 3776734.216167 762142.940105 56.9160161857 0.6644095447 0.8472377938 299.3644422998 -11.8148797054 6.6525552671 0.0363613218
21442 311058.24 113.8398345823 34.0844496042 3776734.724003 762141.979183 56.9243299374 0.5466248865 0.6864834654 299.5825184674 -11.8354105183 6.6933596902 0.1605495144
21443 311058.32 113.839824326 34.0844544554 3776735.236049 762141.0171744 56.9374286225 0.2723638275 0.6177918709 299.8095238573 -11.8461620966 6.7629027412 0.1390454701
21444 311058.4 113.8398140604 34.0844593628 3776735.754304 762140.0541386 56.9436270073 0.0184272993 0.5199282034 300.0248721431 -11.8551183932 6.8320187478 -0.0146855477
21445 311058.48 113.8398037773 34.0844643191 3776736.277943 762139.0893334 56.9416060438 -0.0325519222 0.4855612926 300.2091177297 -11.8844556669 6.9084316038 -0.0707426403
21446 311058.56 113.8397934847 34.0844693287 3776736.807468 762138.1234885 56.9326597219 0.0773355279 0.5145112688 300.3314228844 -11.8910060336 6.9756969408 -0.158101604
21447 311058.64 113.8397831774 34.084474383 3776737.341918 762137.1561465998 56.9239532715 0.2645249994 0.706927538 300.4278645456 -11.9116151192 7.0346758457 -0.0870473846
21448 311058.72 113.8397728543 34.0844794753 3776737.880551 762136.1872336 56.921847662 0.3415925954 0.8684812458 300.5144714548 -11.9355181016 7.0740098811 0.037315741
21449 311058.8 113.8397625088 34.0844845937 3776738.422019 762135.216167 56.9246464791 0.2928394052 0.887228562 300.6236739943 -11.9563788022 7.1030859421 0.0259613959
21450 311058.88 113.8397521338 34.0844897334 3776738.965779 762134.2423125998 56.9293557769 0.3798039271 0.835809918 300.7484477328 -11.9919601109 7.1359386142 0.086060962
21451 311058.91 113.8397482381 34.0844916677 3776739.170441 762133.8766255998 56.9312065644 0.1943551053 0.8533097494 300.7884100686 -11.9898177431 7.1512598735 0.0351237921
21452 311058.99 113.8397378349 34.0844968521 3776739.719082 762132.9000297 56.9342974089 0.2320727626 0.7567368324 300.9112337906 -12.0250841149 7.2085876745 0.0403391048
21453 311059.07 113.8397274145 34.0845020595 3776740.270233 762131.9217768002 56.9345552735 0.153365529 0.6877902016 301.0314264995 -12.0451424735 7.2403010173 -0.0291040722
21454 311059.15 113.8397169848 34.0845073023 3776740.825296 762130.9425542 56.9315377409 0.2865235424 0.6535221739 301.1442788697 -12.0566626447 7.3002963181 -0.0685160467
21455 311059.23 113.839706538 34.0845125799 3776741.384171 762129.9616463 56.9305616422 0.2500597421 0.6194099186 301.24643067 -12.0852719204 7.3508430949 0.0164073002
21456 311059.31 113.8396960738 34.0845178887 3776741.946464 762128.9790378 56.9313677205 0.2115422244 0.6034917798 301.3606301933 -12.1000843962 7.3864410326 0.0148348717
21457 311059.39 113.8396855915 34.0845232307 3776742.5123910015 762127.9946486 56.9329980165 0.1441382656 0.6174501076 301.4844980417 -12.1184298551 7.4335141347 0.0096140926
21458 311059.47 113.839675088 34.084528609 3776743.082301999 762127.0081983 56.9309469266 0.2956040002 0.5820797655 301.6211737491 -12.1400684475 7.4871095667 -0.0425430675
21459 311059.55 113.8396645683 34.0845340206 3776743.655863 762126.0201425998 56.9304156732 0.4002404746 0.5450525054 301.7548467325 -12.1573440887 7.5366801831 0.0180765747
21460 311059.62 113.839655355 34.0845387867 3776744.161141 762125.1547104998 56.9339182842 0.358331914 0.573308372 301.866386807 -12.1703677473 7.5854054624 0.0634862879
21461 311059.69 113.8396461344 34.0845435808 3776744.669501 762124.2885201002 56.9389581988 0.2138122621 0.6019041653 301.983180309 -12.1819214753 7.6239147708 0.066025676
21462 311059.75 113.8396382193 34.0845477122 3776745.107677 762123.5449121 56.9404901825 0.1939969013 0.6419278002 302.0890286563 -12.2008791191 7.6647698392 -0.0347723499
21463 311059.82 113.8396289791 34.0845525612 3776745.622087002 762122.6767385 56.9397896798 0.4202679986 0.6298462074 302.218505225 -12.2057585503 7.7116563938 -0.0169300376
21464 311059.89 113.8396197269 34.084557439 3776746.139659 762121.8073731 56.9408328338 0.3188961492 0.686677287 302.3518887902 -12.2200641047 7.7653281174 0.049025861
21465 311059.96 113.8396104681 34.084562344 3776746.660239 762120.9373159 56.9433420114 0.340768463 0.6037965149 302.4920015975 -12.2280183503 7.8007841817 0.0279168971
21466 311060.03 113.8396011977 34.0845672749 3776747.183662 762120.0660978 56.9473417811 0.2102277301 0.6148367195 302.6420883752 -12.2449382889 7.8492643307 0.0688254396
21467 311060.1 113.8395919415 34.084572228 3776747.709581 762119.1961325 56.9527270431 0.0390511293 0.5982303933 302.7966926531 -12.2390751188 7.8919371255 0.040199242
21468 311060.17 113.8395826745 34.0845772131 3776748.239024 762118.3250627 56.9518479463 0.1521047655 0.5459914966 302.9567652623 -12.2586832308 7.9434527397 -0.0794950388
21469 311060.24 113.8395733996 34.0845822342 3776748.772449 762117.4531554 56.9482582249 0.3018923413 0.4978529535 303.1187504669 -12.2686360834 8.0061525886 -0.0718527354
21470 311060.31 113.8395641228 34.0845872874 3776749.309419 762116.580975 56.9474359695 0.4404028285 0.4832722151 303.281790016 -12.2683298672 8.0545289869 0.0135531175
21471 311060.38 113.8395548475 34.0845923743 3776749.850142 762115.7088329 56.9537247168 0.3055100012 0.4970324358 303.4476981099 -12.2636892298 8.1086410083 0.0857650029
21472 311060.45 113.8395455692 34.0845974948 3776750.39459 762114.8363002 56.9613551172 0.2362840634 0.484892924 303.6237409135 -12.2691812587 8.1578609874 0.0830444685
21473 311060.47 113.8395429182 34.0845989637 3776750.5508 762114.5869885 56.9634749116 0.1780666465 0.50756281 303.6751444459 -12.2687961838 8.1740474653 0.0780324163
21474 311060.54 113.8395336357 34.0846041342 3776751.100779 762113.7139149 56.9662907598 0.2840250587 0.5738064002 303.8622187182 -12.2732587787 8.2444693943 -0.0022331662
21475 311060.61 113.8395243548 34.0846093437 3776751.655093 762112.840877 56.9666605312 0.4576597208 0.5390865468 304.0464914881 -12.2705910771 8.3005276289 -0.0119292798
21476 311060.68 113.8395150734 34.0846145878 3776752.2132440014 762111.9676878002 56.9689718019 0.5379431022 0.5759338952 304.2330546199 -12.2626917266 8.3574334668 0.0229915456
21477 311060.75 113.8395057972 34.0846198688 3776752.775496 762111.0948605 56.976514874 0.4999794806 0.5614637907 304.4126544683 -12.2661919634 8.4186756782 0.1049254783
21478 311060.82 113.839496518 34.0846251814 3776753.341258 762110.221653 56.9852040969 0.2002283688 0.5759693583 304.6030301393 -12.2706631107 8.4685444847 0.0834605614
21479 311060.89 113.8394872393 34.0846305298 3776753.91099 762109.3483863 56.9893892678 0.2678141859 0.4964741915 304.7946039455 -12.2613306244 8.5198547517 -0.0149882184
21480 311060.96 113.839477956 34.0846359167 3776754.484985 762108.4745793 56.9917580895 0.2574345984 0.4551972176 304.9836774462 -12.2796655813 8.5924579292 -0.0112698354
21481 311061.03 113.8394686765 34.0846413412 3776755.063162 762107.6010035998 56.993416681 0.1599765272 0.4381147585 305.1618018406 -12.2698900444 8.6456317587 0.0018428859
21482 311061.1 113.8394593679 34.0846468056 3776755.645689 762106.7246226 56.9939357005 0.0752315921 0.4454918918 305.3387624221 -12.273158621 8.704657463 -0.0156044795
21483 311061.12 113.8394567089 34.0846483736 3776755.812881 762106.4742561 56.9937522849 0.1344888126 0.4327399824 305.392762184 -12.2665799696 8.7174191341 -0.0220585
21484 311061.19 113.8394474006 34.0846538881 3776756.40097 762105.5977525 56.9923115792 0.176845536 0.437013757 305.5735333873 -12.269297366 8.7791904044 -0.038773317
21485 311061.26 113.839438091 34.0846594385 3776756.993042 762104.7210120999 56.9905805318 0.2258607671 0.4164051315 305.7579478286 -12.2717015398 8.8338100899 -0.0176621453
21486 311061.33 113.8394287851 34.0846650248 3776757.5891059986 762103.8444968001 56.9910778515 0.2851019776 0.4346680706 305.9403872708 -12.2649951389 8.8956212041 0.0074971404
21487 311061.4 113.8394194829 34.0846706496 3776758.18946 762102.9682136 56.9939605771 0.2750046864 0.4256693494 306.1250066655 -12.2642602766 8.9592284692 0.0261041245
21488 311061.47 113.8394101802 34.0846763082 3776758.793546 762102.0917718002 56.9968664488 0.2893840424 0.3833309865 306.3075420243 -12.2609804043 9.0067676495 0.0486077678
21489 311061.54 113.8394008797 34.0846820029 3776759.401658 762101.2154278002 56.9995588148 0.3034660477 0.4188108075 306.4888805182 -12.2582827227 9.0700788626 0.0182638028
21490 311061.61 113.8393915845 34.084687736 3776760.014044 762100.3394472 57.0015784632 0.3956623559 0.3631985733 306.6769539508 -12.254370055 9.124536323 -0.0068377403
21491 311061.68 113.8393822897 34.0846935051 3776760.630427 762099.4634024998 57.0049141897 0.3138792974 0.3150623914 306.8576578839 -12.2544700426 9.1793061584 0.0672284154
21492 311061.75 113.8393729972 34.0846993075 3776761.250505 762098.5874657 57.0085842116 0.1609398009 0.3179593409 307.043160389 -12.2455007202 9.2323597897 0.0304826451
21493 311061.77 113.8393703439 34.0847009719 3776761.428404 762098.3373321998 57.0101163928 0.1165005733 0.3284972154 307.0997403636 -12.2392685814 9.2506664702 0.0723092225
21494 311061.84 113.8393610557 34.0847068226 3776762.053866 762097.4616402 57.0118581345 -0.0419881584 0.3055908425 307.2904182175 -12.2463498712 9.3145826881 -0.0304717967
21495 311061.91 113.8393517684 34.0847127108 3776762.683482 762096.5859133 57.0064745275 0.1900677912 0.1879793129 307.4815957693 -12.2374491674 9.3691999193 -0.0969638832
21496 311061.98 113.8393424847 34.0847186366 3776763.317273 762095.7104071 57.0018155286 0.3829501627 0.2348062966 307.6692750535 -12.2269417099 9.4326678726 -0.0230459721
21497 311062.05 113.8393332176 34.0847246016 3776763.955466 762094.8363123002 57.0047845896 0.3320591922 0.277614813 307.8462789774 -12.2071096048 9.4961781378 0.1223810865
21498 311062.12 113.8393239613 34.0847305951 3776764.596855 762093.9631303 57.010694623 0.1975416241 0.251942479 308.0153023383 -12.1979744227 9.5287423542 0.0560762174
21499 311062.19 113.839314709 34.0847366255 3776765.242346 762093.0901987 57.0159474202 0.1556194781 0.3504009736 308.193355075 -12.1934044324 9.6078454331 0.0655382834
21500 311062.26 113.8393054614 34.0847426918 3776765.891826 762092.2175931998 57.0174666634 0.0340760529 0.3699890114 308.3489761836 -12.1927527992 9.6505513912 -0.0062238787
21501 311062.33 113.8392962157 34.0847487896 3776766.544816 762091.3450688 57.0139670148 0.1683974256 0.4273291253 308.5019611406 -12.1834808176 9.7079893819 -0.0788632509
21502 311062.4 113.8392869773 34.0847549198 3776767.2014129986 762090.4731098 57.0120405601 0.3243161504 0.4203355584 308.6297212966 -12.1821595915 9.7509157259 -0.0385977385
21503 311062.47 113.8392777411 34.0847610773 3776767.861047 762089.6012785998 57.01237801 0.3146152988 0.5102478027 308.7547716088 -12.1746309118 9.7907979012 0.0223792049
21504 311062.54 113.8392685126 34.084767262 3776768.523721 762088.7300736 57.0162389306 0.317593813 0.5660366119 308.8738593647 -12.1660051616 9.8354678294 0.0537885237
21505 311062.61 113.8392592828 34.0847734704 3776769.189018 762087.8586653002 57.020099829 0.2931967844 0.5586681535 309.0065253619 -12.1706504258 9.8701264823 0.0379362942
21506 311062.68 113.8392500565 34.0847797021 3776769.856924 762086.9875203 57.0253021875 0.2097618074 0.6028252559 309.139104544 -12.1591649408 9.9083334456 0.080434647
21507 311062.75 113.8392408336 34.0847859605 3776770.5277910014 762086.1166008002 57.0290947678 0.197180181 0.6044115718 309.2695149608 -12.1577684421 9.9500400681 0.0053358219
21508 311062.82 113.8392316114 34.0847922457 3776771.201632 762085.2456654 57.0301499153 0.3250740862 0.5649027234 309.3984367412 -12.1667931854 9.9983759824 0.0048599173
21509 311062.89 113.8392223953 34.0847985556 3776771.878228 762084.3752194998 57.0317939399 0.243877022 0.5876774552 309.5185288675 -12.1453242197 10.0317922712 0.0139064602
21510 311062.96 113.839213186 34.0848048905 3776772.55762 762083.5053236 57.0353955515 0.3053494647 0.6064273734 309.6390651212 -12.1359028966 10.0693020825 0.0588353125
21511 311063.03 113.8392039798 34.0848112537 3776773.240164 762082.6356222 57.0381259341 0.2373211981 0.640306447 309.7596916337 -12.1414311609 10.1223476885 0.0059508442
21512 311063.1 113.8391947768 34.0848176434 3776773.925653 762081.7661394 57.0381767154 0.4237146298 0.6368448413 309.8883062366 -12.1253610096 10.1497439007 0.0205734216
21513 311063.14 113.8391895201 34.0848213072 3776774.318762 762081.2694552 57.0393733242 0.4513481127 0.6263254098 309.9586934833 -12.1241044113 10.1710728234 0.0307951626
21514 311063.21 113.8391803283 34.0848277345 3776775.008451 762080.4008849 57.0453435499 0.3864720556 0.6552809995 310.0879847504 -12.1161033431 10.2124532755 0.1060998363
21515 311063.28 113.839171144 34.0848341846 3776775.700688 762079.5329436 57.0522222845 0.2800673212 0.6509776914 310.2171327636 -12.1015540268 10.2502706257 0.0876251506
21516 311063.35 113.8391619661 34.0848406565 3776776.395365 762078.6655277 57.0562015213 0.3468335347 0.6652958586 310.3549768478 -12.093294939 10.281946695 0.0168097698
21517 311063.42 113.8391528015 34.0848471535 3776777.092861 762077.7992582 57.0593461357 0.4366062244 0.6920557201 310.4920775247 -12.072247592 10.3262219551 0.0612301235
21518 311063.49 113.8391436585 34.0848536674 3776777.7922910014 762076.9349316 57.0646894015 0.3037192314 0.6413921336 310.6182004379 -12.0452267544 10.3338557362 0.06871543
21519 311063.56 113.8391345336 34.0848601946 3776778.493247 762076.0722290998 57.0718631912 0.1596656061 0.6592274409 310.7613656098 -12.0150535258 10.362693693 0.0617593315
21520 311063.63 113.8391254292 34.0848667402 3776779.196288 762075.2113713 57.075541879 -0.054046921 0.6155948714 310.8980484216 -11.9927765001 10.3942914762 0.0075515176
21521 311063.7 113.8391163443 34.084873296 3776779.900511 762074.3522818001 57.073257626 -0.0611140988 0.5286192838 311.0495261863 -11.957251393 10.4000007297 -0.0597546321
21522 311063.77 113.8391072908 34.0848798637 3776780.6061410015 762073.496051 57.0706561282 -0.0111316121 0.4848083027 311.1972020385 -11.9135976636 10.4321595083 -0.0273004012
21523 311063.84 113.8390982663 34.0848864453 3776781.313392 762072.6424611 57.0692085717 -0.0680786854 0.4672626437 311.3465527694 -11.8831754357 10.4527387484 -0.0342369894
21524 311063.87 113.8390944089 34.0848892685 3776781.6168 762072.277572 57.0680481 0.0035635623 0.4228560641 311.4078027148 -11.8548056941 10.4506204418 -0.0390174023
21525 311063.94 113.8390854327 34.0848958647 3776782.325792 762071.4283944 57.0680468008 0.0491399895 0.4137958039 311.5605853357 -11.8061208445 10.4632182371 0.035854324
21526 311064.01 113.8390764859 34.0849024743 3776783.036341 762070.5818943002 57.0697581079 0.1626989815 0.429858423 311.7260700876 -11.7779825759 10.4954764459 0.0011981944
21527 311064.08 113.8390675721 34.084909096 3776783.748326 762069.7384029 57.0706416154 0.3801526902 0.4750786734 311.8882167936 -11.7172602587 10.5130568048 0.0637041518
21528 311064.15 113.8390587016 34.0849157326 3776784.462067 762068.8988613002 57.0794544024 0.3028059291 0.5045959666 312.0402956633 -11.6579800103 10.5286579471 0.1731058216
21529 311064.22 113.8390498673 34.0849223778 3776785.1768620014 762068.0626345 57.08913384 0.0501437337 0.5284724763 312.1886101822 -11.621368232 10.545875816 0.1214881218
21530 311064.29 113.8390410639 34.0849290355 3776785.89312 762067.2292208 57.0949341636 -0.2124849992 0.5162064506 312.3380083985 -11.5759231758 10.562630632 0.0723820978
21531 311064.36 113.8390322886 34.084935699 3776786.610096 762066.3983888002 57.0942309769 -0.3614788436 0.4186408512 312.4925899559 -11.549937008 10.5680064399 -0.0724130215
21532 311064.43 113.8390235361 34.0849423682 3776787.327758 762065.5696371 57.0871025547 -0.2792993676 0.3355974366 312.6624344947 -11.5129478061 10.5889113199 -0.1306958791
21533 311064.5 113.8390148182 34.0849490506 3776788.046978 762064.7440511 57.07711301 -0.1464667737 0.2724739042 312.8172195101 -11.4677457702 10.6028965061 -0.1456257945
21534 311064.55 113.8390086117 34.084953831 3776788.561556 762064.1562202 57.0717039918 -0.0111486669 0.2716289599 312.9275719935 -11.4283876997 10.6202541569 -0.1071925334
21535 311064.62 113.8389999601 34.0849605316 3776789.282965 762063.3366956 57.0704343384 0.1546720128 0.2796837601 313.0727056431 -11.3737926734 10.6357594731 0.0192185253
21536 311064.69 113.8389913441 34.0849672443 3776790.005811 762062.5204106 57.0744245257 0.0721763033 0.319214793 313.2182810845 -11.3307166508 10.6555045685 0.0810043744
21537 311064.76 113.8389827628 34.084973963 3776790.729407 762061.7073252 57.079283162 0.004300945 0.3382917537 313.3794554357 -11.2844795589 10.6630032564 0.034159931
21538 311064.83 113.8389742162 34.0849806938 3776791.454437 762060.8974029 57.0824242979 -0.0334255384 0.3518013016 313.5399282203 -11.241691517 10.6845363682 0.0380006061
21539 311064.9 113.8389657022 34.0849874328 3776792.1804660014 762060.0904596999 57.0823516101 0.0197103184 0.3223186259 313.7005669462 -11.2022952727 10.6947747252 -0.0373831968
21540 311064.97 113.838957222 34.0849941835 3776792.907876 762059.2866058 57.0817485154 0.1005484053 0.3281367587 313.8593715095 -11.1518483023 10.7161908136 -6.31418e-05
21541 311065.04 113.8389487761 34.0850009445 3776793.636521 762058.4858941 57.0810689339 0.1520698671 0.3336982293 314.0124910174 -11.1096850177 10.7271139414 -0.0081499969
21542 311065.11 113.8389403597 34.085007711 3776794.365846 762057.6878817 57.083126219 0.0749083929 0.3587254736 314.1713814496 -11.0691917929 10.7420869718 0.0501067451
21543 311065.18 113.838931979 34.0850144881 3776795.0964339986 762056.893138 57.0863429019 -0.039755328 0.4057862295 314.3200620891 -11.0190586104 10.7615721733 0.0253940957
21544 311065.21 113.8389283975 34.0850173966 3776795.410027 762056.5534598002 57.0872312868 -0.0409831909 0.4058930237 314.3850432723 -11.002381106 10.7715745898 0.0239959628
21545 311065.28 113.8389200583 34.085024193 3776796.1428620014 762055.7624895 57.0857401565 0.0951022446 0.4442792578 314.544438211 -10.9652697338 10.7910828015 -0.0608749913
21546 311065.35 113.8389117508 34.0850310046 3776796.877478 762054.9743910999 57.0845592637 0.2802141142 0.428480465 314.6989231256 -10.9260929913 10.8181099031 0.0029734619
21547 311065.42 113.8389034736 34.0850378206 3776797.612651998 762054.1890848002 57.0882672621 0.250280068 0.4023737945 314.8568756977 -10.8883997957 10.8143122961 0.0685857041
21548 311065.49 113.838895226 34.0850446478 3776798.349148 762053.4064717 57.0952993147 0.0892435996 0.421123366 315.0176113278 -10.8483372958 10.8461531128 0.1113087478
21549 311065.56 113.8388870085 34.0850514872 3776799.087079 762052.6266051999 57.1001123115 -0.0922616047 0.3876963655 315.1811051178 -10.8109011112 10.8615947011 0.0221051578
21550 311065.63 113.8388788151 34.0850583394 3776799.82649 762051.8489168 57.098629781 0.0613660197 0.3457662992 315.3484046302 -10.775789755 10.8820814728 -0.0439938426
21551 311065.7 113.8388706559 34.0850652102 3776800.568046 762051.0743358 57.096159176 0.1568628337 0.3273165007 315.4976091783 -10.7283999647 10.9075772702 -0.0205584524
21552 311065.77 113.8388625278 34.0850720896 3776801.310646 762050.3025959 57.0962389801 0.2499396962 0.2888365927 315.651057883 -10.6910481818 10.9160235211 0.0252031097
21553 311065.84 113.838854428 34.0850789808 3776802.054621 762049.5334362 57.1002294775 0.1806089646 0.2851529494 315.8057898436 -10.6537431312 10.9410699651 0.1018413327
21554 311065.91 113.8388463582 34.085085883 3776802.799904 762048.7670160999 57.1041823961 0.0972545102 0.2804200567 315.9629963647 -10.6164882854 10.9536485671 0.057465766
21555 311065.98 113.8388383145 34.0850927957 3776803.546407 762048.0029738002 57.1073093675 0.1524352512 0.190262313 316.1385125516 -10.5824946706 10.9677984507 0.0147681162
21556 311066.05 113.8388302991 34.0850997213 3776804.294428 762047.2414964002 57.1106083067 0.0660225539 0.1065124989 316.3033667368 -10.5439512955 10.9899766664 0.0578161739
21557 311066.12 113.8388223128 34.0851066612 3776805.0440980014 762046.4826655 57.1135668382 -0.0207378219 0.1041296039 316.4671145232 -10.5061037923 11.0175552506 0.0337995298
21558 311066.19 113.8388143607 34.0851136199 3776805.79595 762045.7269345998 57.1129591782 0.0119151666 0.0592843917 316.6175271249 -10.4595141007 11.0467201878 -0.0362739153
21559 311066.26 113.8388064369 34.0851205937 3776806.54954 762044.9737734002 57.1099260151 0.1555562366 0.0692280522 316.7731293966 -10.4203473418 11.0691087348 -0.0330325814
21560 311066.33 113.8387985453 34.0851275797 3776807.304574 762044.2235428998 57.1099580219 0.1945528718 0.0788785011 316.9176558667 -10.3816238235 11.0825035414 0.0367390103
21561 311066.4 113.8387906829 34.0851345745 3776808.06066 762043.4759844 57.1138438722 0.0842420545 0.0873146496 317.0675628237 -10.3438536948 11.0974710409 0.0590560382
21562 311066.47 113.8387828497 34.0851415825 3776808.818286 762042.7310878 57.1174127599 -0.0522771252 0.1505211763 317.2162195723 -10.2950257718 11.1201917524 0.0295377577
21563 311066.54 113.8387750417 34.0851486037 3776809.577444 762041.9884721 57.1170466626 0.0625314376 0.141803742 317.3592599258 -10.2715374343 11.141337875 -0.0380033755
21564 311066.58 113.8387705907 34.085152622 3776810.01196 762041.5650883 57.1160116857 0.0626179317 0.1600083002 317.442705138 -10.2503790987 11.1518890099 -0.0493019869
21565 311066.65 113.8387628252 34.0851596618 3776810.773285 762040.8263406998 57.1152905943 0.1480537947 0.1287211739 317.5706687013 -10.2179852794 11.168077169 0.0273186053
21566 311066.72 113.8387550834 34.0851667101 3776811.535618 762040.0897484 57.1172511959 -0.0012370129 0.1623409825 317.7012705852 -10.1828308877 11.1863505474 0.0425838675
21567 311066.79 113.8387473677 34.08517377 3776812.299307 762039.3555425998 57.1184753319 -0.0116498038 0.152786145 317.8307765362 -10.1503379023 11.1999246579 0.0083134801
21568 311066.86 113.8387396697 34.085180841 3776813.0642699986 762038.6229241998 57.1174323708 0.0342826562 0.1151311289 317.9645069379 -10.1322384602 11.2170281815 -0.0239859454
21569 311066.93 113.8387319948 34.0851879223 3776813.830435 762037.8924185 57.1161085702 0.1067490411 0.0989892647 318.0944013544 -10.0970958589 11.2334144074 -0.0081433324
21570 311067.0 113.8387243428 34.0851950156 3776814.597999 762037.1639856 57.1165294358 0.1311163342 0.1118310656 318.2273241035 -10.0708823898 11.2584362266 0.0297684265
21571 311067.07 113.8387167152 34.085202122 3776815.367061 762036.4377588 57.1176845152 0.158683534 0.1324300297 318.3631922753 -10.0343822254 11.2701961698 0.0151928439
21572 311067.14 113.8387091116 34.085209242 3776816.137712002 762035.7137164002 57.1194704613 0.2547754612 0.1429294507 318.5081056604 -10.0063854536 11.292850864 0.0280628579
21573 311067.21 113.8387015338 34.0852163756 3776816.909929 762034.992005 57.123613962 0.2453276762 0.1244165919 318.6529117756 -9.972039393 11.3143948021 0.0904499011
21574 311067.28 113.8386939784 34.0852235206 3776817.683478 762034.2723396 57.1276124185 0.213778645 0.1107542149 318.8119821329 -9.9437240928 11.3325072642 0.0426983261
21575 311067.31 113.8386907465 34.0852265884 3776818.015630998 762033.9644529 57.1297058854 0.2070873771 0.1197467941 318.8877794401 -9.932677284 11.352011161 0.074598521
21576 311067.38 113.838683228 34.0852337559 3776818.791768 762033.248118 57.1338682463 0.1401318764 0.1001997596 319.0647083497 -9.8885305377 11.3675727437 0.0408536597
21577 311067.45 113.8386757322 34.0852409435 3776819.570187 762032.5338236 57.137401972 0.1329988703 0.1204809098 319.2548837398 -9.8613880215 11.412914366 0.0507536705
21578 311067.52 113.8386682675 34.0852481571 3776820.351577 762031.8223096 57.1384860547 0.0650200007 0.1208832161 319.4298587197 -9.8168073059 11.45042761 0.0108591725
21579 311067.59 113.838660827 34.0852553916 3776821.135353 762031.1129755002 57.138593426 0.1081394122 0.1097768911 319.6189476503 -9.791642172 11.4834956157 -0.0018832246
21580 311067.66 113.8386534159 34.085262649 3776821.921732 762030.4062762 57.1389587382 0.0145870506 0.1837760088 319.8023245605 -9.7437618328 11.5222423982 0.0043919822
21581 311067.73 113.8386460291 34.0852699302 3776822.710824 762029.7017565998 57.1384089729 0.0735162323 0.2169721462 319.9902423829 -9.7237629854 11.5562766328 -0.0483463816
21582 311067.8 113.838638666 34.0852772396 3776823.503107 762028.9993335998 57.1361159105 0.1444061323 0.2724654333 320.1811882153 -9.6846208985 11.6097857532 -0.023723236
21583 311067.87 113.8386313296 34.0852845727 3776824.298085 762028.2993047 57.1354422867 0.0990770353 0.3182248586 320.3611013264 -9.6584209598 11.6438312411 -3.88078e-05
21584 311067.93 113.8386250597 34.0852908763 3776824.981553 762027.7009258 57.1358413184 0.117710792 0.3626091348 320.5137871966 -9.6288479231 11.6709273283 -0.0298366223
21585 311068.0 113.8386177691 34.0852982533 3776825.7815230014 762027.004983 57.1376729803 0.1418035446 0.3428438695 320.6761969104 -9.5948730045 11.7100972445 0.0350070359
21586 311068.07 113.8386104948 34.0853056535 3776826.584105 762026.3104826 57.1399226459 0.0485806793 0.3633190161 320.8391264685 -9.5772046343 11.7440387627 0.004791367
21587 311068.14 113.838603242 34.0853130765 3776827.389283 762025.6178946998 57.1410297118 0.0715732169 0.3416685418 321.0139952871 -9.5502409548 11.7819810014 0.00258075
21588 311068.21 113.8385960064 34.0853205245 3776828.197262 762024.9268174 57.1401501587 0.0683571892 0.3227233008 321.187382125 -9.5229900208 11.815983244 -0.022344356
21589 311068.28 113.8385887921 34.0853279941 3776829.00771 762024.2376434 57.1395239504 0.2031539694 0.2587694574 321.3671534924 -9.4977551313 11.8529920133 0.0009025956
21590 311068.35 113.8385816007 34.0853354904 3776829.821178 762023.5504965 57.140705457 0.1002421945 0.3155926657 321.5410925972 -9.4598792823 11.9065004197 0.0525707074
21591 311068.42 113.8385744361 34.0853430135 3776830.637676 762022.8657437 57.1406422425 0.1876925589 0.2908655653 321.7028248738 -9.429291957 11.9318289861 -0.0120613957
21592 311068.49 113.8385672918 34.0853505623 3776831.457086 762022.1827868 57.1424072962 0.2323482398 0.296445258 321.8646103262 -9.407892632 11.9854441148 0.0612134785
21593 311068.56 113.8385601698 34.0853581307 3776832.2787339985 762021.5018285 57.145623276 0.0481357636 0.3521831661 322.0183958746 -9.3783453089 12.0012388871 0.0253653803
21594 311068.61 113.8385550928 34.0853635514 3776832.867282 762021.0163279 57.1472199094 0.0468329843 0.3500879256 322.1216047073 -9.3656850793 12.0296480904 -0.0061522876
21595 311068.68 113.8385480012 34.0853711623 3776833.69371 762020.3380422 57.1477888664 0.1565668011 0.3809867258 322.2774553539 -9.337523656 12.0721233321 -0.0180982799
21596 311068.75 113.8385409284 34.0853787934 3776834.522439 762019.6614348 57.1478557633 0.0666201996 0.3829786444 322.4257762318 -9.3127699759 12.1040723801 0.0002100634
21597 311068.82 113.8385338693 34.0853864457 3776835.353556 762018.9860321998 57.1481356416 0.0406608953 0.3426243119 322.5796689992 -9.2996430408 12.1384910242 -0.0146148321
21598 311068.89 113.8385268288 34.0853941175 3776836.186882 762018.3122763 57.1469476922 0.1414174877 0.3252663006 322.7321430092 -9.2654235302 12.1775362971 -0.0216771144
21599 311068.96 113.8385198048 34.0854018107 3776837.022626 762017.6399808001 57.1468810681 0.2468062219 0.2755728476 322.8886299963 -9.2482261507 12.2025418073 -0.0012358317
21600 311069.03 113.838512797 34.0854095199 3776837.860191 762016.9691365 57.1497035725 0.276681174 0.2166973533 323.0583089408 -9.2249986456 12.2286435419 0.0809695892
21601 311069.1 113.8385058113 34.0854172482 3776838.699934 762016.3002771 57.155303874 0.248441923 0.1629811816 323.2225851551 -9.1910747973 12.2635398936 0.0709672553
21602 311069.17 113.8384988491 34.0854249988 3776839.542197 762015.6335136 57.1612862665 0.1625452618 0.1289704682 323.3869335874 -9.1659360599 12.303348923 0.080084933
21603 311069.24 113.8384919095 34.0854327723 3776840.38707 762014.9687605 57.164878767 0.0767453802 0.1233630225 323.5385760457 -9.1299868647 12.339129305 0.0356606591
21604 311069.31 113.8384849921 34.0854405703 3776841.234722 762014.3059923 57.1656054668 0.1243600077 0.184904225 323.693511948 -9.1035559814 12.3801616457 -0.0081376583
21605 311069.38 113.8384781028 34.0854483964 3776842.085567 762013.6457256 57.1644630535 0.0869782039 0.2871198736 323.8412057338 -9.0658923431 12.4224302966 -0.0210500083
21606 311069.45 113.8384712385 34.0854562444 3776842.93889 762012.9877042 57.1637810199 0.1435907222 0.3368978831 323.9808849446 -9.0351785515 12.4478860857 0.0011827051
21607 311069.52 113.8384643922 34.0854641149 3776843.794768 762012.3312758 57.1641680002 0.0093355807 0.5320920988 324.1311815144 -9.0101361746 12.4934825379 0.0035482614
21608 311069.59 113.8384575711 34.0854720087 3776844.653303 762011.6770954 57.1638185419 -0.0277258296 0.5268703082 324.277145167 -8.9860652543 12.5281865781 0.0021570999
21609 311069.66 113.8384507619 34.0854799205 3776845.51385 762011.0239678002 57.1622705236 -0.1260661368 0.5765084538 324.4527103291 -8.9721867038 12.5599171255 -0.0623196257
21610 311069.73 113.8384439736 34.0854878507 3776846.376506 762010.3727020002 57.15795408 0.2483313549 0.5419767844 324.6411140039 -8.9382414922 12.5763218108 -0.0933266209
21611 311069.8 113.8384372037 34.0854958038 3776847.241746 762009.7230789 57.1565378252 0.4377298512 0.5653974811 324.8265409603 -8.9110757288 12.6204663957 0.0440134316
21612 311069.87 113.8384304649 34.0855037766 3776848.109252 762009.076254 57.1612288514 0.404266405 0.5931118535 324.9997565149 -8.8657462386 12.6509571135 0.1256829555
21613 311069.94 113.8384237561 34.0855117719 3776848.979327 762008.4321339001 57.1708182646 0.258690794 0.61480593 325.1643566094 -8.8271310726 12.6904785321 0.1575148371
21614 311069.97 113.8384208887 34.0855152052 3776849.352997 762008.1567822 57.1744141895 0.246607636 0.635109414 325.2370644352 -8.8159242967 12.7034327719 0.1095975375
21615 311070.04 113.8384142158 34.0855232346 3776850.226951 762007.5158752 57.1799934572 0.1764869559 0.6484019604 325.4011729991 -8.7853547663 12.7567407803 0.0479289818
21616 311070.11 113.838407564 34.0855312917 3776851.104029 762006.8768321 57.181076061 0.2137983751 0.5124516745 325.5669811984 -8.759895026 12.7708715345 -0.0191295159
21617 311070.18 113.8384009283 34.0855393623 3776851.982656 762006.2392303002 57.182735661 0.3665336723 0.4017259699 325.7434977493 -8.7356460923 12.7979815534 0.0416805914
21618 311070.25 113.8383943113 34.0855474526 3776852.863516001 762005.6032953 57.1859226227 0.2966313261 0.250548025 325.9142878444 -8.712612747 12.8337262621 0.0343465832
21619 311070.32 113.8383877123 34.0855555555 3776853.745814 762004.9689825 57.1896908842 0.3648193553 0.0694845009 326.0974323626 -8.6864829713 12.8442749951 0.0759553265
21620 311070.39 113.8383811409 34.0855636796 3776854.630546 762004.3371541 57.1962375529 0.3363569161 -0.0176764637 326.2697946105 -8.641018225 12.8860050223 0.0854244582
21621 311070.46 113.8383746015 34.0855718219 3776855.517371 762003.7082265002 57.2035561344 0.3255879968 -0.1946153681 326.4261583057 -8.6038726219 12.9085587905 0.1205321112
21622 311070.53 113.8383680894 34.0855799768 3776856.4056730014 762003.0817826 57.210611796 0.1301285988 -0.1587943933 326.5917081367 -8.5643526155 12.9272823849 0.087108854
21623 311070.6 113.8383616146 34.0855881484 3776857.295916 762002.4587216 57.2162086293 0.0731668962 -0.2373242985 326.738180753 -8.5213474786 12.9448802658 0.0412937457
21624 311070.65 113.8383570087 34.0855939918 3776857.932584 762002.0154114 57.2197540086 -0.0269486187 -0.2957740069 326.8414627829 -8.4887594766 12.9599212284 0.0335771249
21625 311070.72 113.8383505842 34.0856021845 3776858.825296 762001.3969395 57.2188480468 0.0621220316 -0.2821146224 326.9763750292 -8.4543598871 12.9885259027 -0.0162521684
21626 311070.79 113.8383441888 34.0856103832 3776859.718751 762000.7811319 57.2162392344 0.1235750903 -0.1540982512 327.1176692461 -8.4096222432 12.9680374653 -0.0225043275
21627 311070.86 113.838337833 34.0856185905 3776860.6132620014 762000.1689544001 57.2195695676 0.0710750381 -0.0700571649 327.2459941237 -8.3496932225 12.9989075277 0.1481168933
21628 311070.93 113.8383315115 34.0856268067 3776861.508849 761999.5599181 57.221469231 -0.22850729 0.144789317 327.3472886843 -8.317517636 13.024943487 0.0082158182
21629 311071.0 113.8383252233 34.0856350291 3776862.405213 761998.9539423998 57.2185959527 0.0384388124 0.2453814998 327.453407557 -8.2752031599 13.0190581556 -0.0921242943
21630 311071.07 113.8383189543 34.0856432438 3776863.300771 761998.3497586 57.2171908645 0.2887534258 0.2752679332 327.5864261001 -8.2604742107 13.013815529 0.0007967385
21631 311071.14 113.838312707 34.0856514499 3776864.195429 761997.747602 57.2205001451 0.3446163448 0.3246636824 327.743382994 -8.2209115035 12.9967215888 0.0526714965
21632 311071.21 113.838306487 34.0856596526 3776865.0897800014 761997.1479766999 57.2300060056 0.331705238 0.310049551 327.9050584547 -8.1831359725 13.0005615844 0.1597287082
21633 311071.28 113.8383003055 34.0856678576 3776865.984487 761996.5519020002 57.2402725993 0.0760378834 0.4227066683 328.05842598 -8.1272645166 13.0134082834 0.120251197
21634 311071.35 113.838294166 34.0856760696 3776866.880073 761995.9596915 57.2446744516 0.3311034938 0.4420883288 328.2231464281 -8.0683567621 13.0225063922 -0.0114435639
21635 311071.36 113.8382932921 34.0856772441 3776867.008174 761995.8753773002 57.2453470025 0.379606895 0.4511092202 328.247814737 -8.0604550339 13.029096928 0.0365367496
21636 311071.43 113.8382872001 34.085685463 3776867.904656 761995.2875162 57.2494882028 0.3628895351 0.3482501861 328.3997344126 -8.0082873684 13.0162129054 0.0795216337
21637 311071.5 113.8382811348 34.0856936785 3776868.800822 761994.7021434 57.2569616288 0.3654908334 0.253348831 328.5636028791 -7.9729305294 13.0258006491 0.128209656
21638 311071.57 113.8382750934 34.0857018993 3776869.697642 761994.1189550002 57.2653163439 0.1989599407 0.0732723576 328.7275514537 -7.9532444328 13.0303950593 0.1125720596
21639 311071.64 113.8382690715 34.0857101195 3776870.594442 761993.5375693 57.2721187798 0.0646120978 -0.027420562 328.9259322679 -7.9133629432 13.0289923703 0.0679178195
21640 311071.71 113.8382630877 34.0857183543 3776871.492965 761992.9596575 57.2762196194 -0.0548101229 -0.1320876203 329.1116427957 -7.8547806671 13.0614370418 0.018618728
21641 311071.78 113.8382571416 34.085726608 3776872.393672 761992.3851768002 57.2758682612 -0.045256694 -0.2597929934 329.2669877116 -7.8074701371 13.087533401 -0.0557084991
21642 311071.85 113.8382512314 34.085734881 3776873.2966269986 761991.8139381 57.2724202806 0.1051952909 -0.376862863 329.4015268521 -7.7745050021 13.1355346569 -0.0566460714
21643 311071.92 113.8382453391 34.0857431634 3776874.200665 761991.244333 57.2695769975 0.4010515531 -0.4332755222 329.5560913736 -7.7606773631 13.1304289213 -0.0196759479
21644 311071.99 113.8382394671 34.0857514551 3776875.105781 761990.6765705 57.2729139626 0.5926611413 -0.4788178233 329.7311611874 -7.7212591624 13.152218784 0.0983685472
21645 311072.06 113.8382336237 34.0857597579 3776876.012204 761990.1114122 57.2839566981 0.5021230721 -0.5172138438 329.9107990375 -7.68206212 13.1667169915 0.2007874252
21646 311072.07 113.8382327915 34.0857609446 3776876.141768 761990.0309109 57.2861295259 0.4622338942 -0.5158093749 329.9340582793 -7.6738231875 13.1739754779 0.2256890512
21647 311072.14 113.838226987 34.085769268 3776877.050585 761989.4692879 57.2992253406 0.0644835304 -0.4365459753 330.0820582045 -7.6227604941 13.226374848 0.1840491014
21648 311072.21 113.8382212112 34.0857776165 3776877.962255 761988.9102268 57.304026708 -0.0278015622 -0.3654212803 330.2093722818 -7.5958851986 13.253875254 -0.0121959197
21649 311072.28 113.8382154582 34.0857859966 3776878.877487 761988.353181 57.3004283626 0.1236288752 -0.174593369 330.3253734366 -7.5584211324 13.3171648913 -0.0709472721
21650 311072.35 113.8382097262 34.0857943995 3776879.79531 761987.7980074 57.29530071 0.1732913252 -0.1014395086 330.4203631529 -7.5525185773 13.3388977447 -0.0509186772
21651 311072.42 113.8382039974 34.0858028165 3776880.71471 761987.2430745999 57.2940818407 0.1537207355 0.0242931264 330.5312496617 -7.5421110316 13.3699047134 0.0121379959
21652 311072.49 113.8381982808 34.0858112529 3776881.63628 761986.6892186998 57.29377452 0.1494353758 0.0941126649 330.6350894462 -7.5271657404 13.3929497047 -0.0003832369
21653 311072.56 113.838192565 34.0858197067 3776882.559794 761986.1353801999 57.294360484 0.2393748677 0.08110952 330.7592383619 -7.5284610667 13.4203687801 0.0353232924
21654 311072.63 113.8381868597 34.0858281769 3776883.485158 761985.5824625 57.2973748036 0.1899827324 0.0413300763 330.8858037009 -7.5106649397 13.4480220077 0.066591384
21655 311072.7 113.8381811651 34.0858366677 3776884.4128269986 761985.0304625 57.3010012349 0.2235306313 0.0697071373 331.0187985104 -7.4900095762 13.4852566754 0.0416186761
21656 311072.77 113.8381754928 34.0858451837 3776885.343351 761984.4804505998 57.3038927876 0.234556778 -0.0027719606 331.1304091116 -7.4744923879 13.5215941893 0.0394476945
21657 311072.84 113.8381698307 34.0858537163 3776886.275746 761983.9313295 57.3073135009 0.1455552093 0.039281809 331.2610443766 -7.4555268517 13.5494370354 0.0354272324
21658 311072.85 113.8381690237 34.085854937 3776886.409148 761983.8530513 57.3076590058 0.1612828689 0.0481474103 331.2799961505 -7.4452948955 13.5537712119 0.0329747109
21659 311072.92 113.8381633838 34.0858634974 3776887.344684 761983.3058937 57.3080994412 0.1532909698 0.0163387989 331.4066926092 -7.4202661442 13.5881661323 -0.0002958761
21660 311072.99 113.8381577553 34.0858720781 3776888.282496 761982.7597192 57.3072916726 0.1618358216 -0.0173197852 331.5365866582 -7.4174363049 13.6261331925 -0.0158424511
21661 311073.06 113.8381521461 34.085880683 3776889.223057 761982.2152602 57.30624511 0.1703763363 0.0315856439 331.6666381811 -7.3851748158 13.6615037114 -0.0136437688
21662 311073.13 113.8381465605 34.0858893156 3776890.166742 761981.6728926 57.3055461412 0.3076082737 0.0520141197 331.8032971737 -7.368136809 13.6874725322 -0.0061799085
21663 311073.2 113.838140993 34.0858979699 3776891.112881 761981.1321340002 57.3068709467 0.5107816077 0.105742486 331.9417746149 -7.345346292 13.7216779291 0.0336248935
21664 311073.27 113.83813545 34.0859066444 3776892.061332 761980.5935693001 57.3132674452 0.4458398873 0.107151132 332.0820846679 -7.2983188638 13.7601727845 0.1676343818
21665 311073.34 113.8381299254 34.085915335 3776893.01161 761980.0566528002 57.3236742318 0.323280599 0.1314031092 332.2206172163 -7.2798409292 13.7807668772 0.1500783215
21666 311073.41 113.8381244204 34.0859240483 3776893.964469 761979.5214806999 57.3315559169 0.2121875238 0.1955025342 332.3722949308 -7.2447402688 13.8279541152 0.0882098847
21667 311073.48 113.8381189386 34.0859327833 3776894.919787 761978.9883809 57.3352086935 0.197938166 0.2083313051 332.5229023004 -7.2182719548 13.8467441075 0.0226710637
21668 311073.54 113.8381142541 34.0859402868 3776895.740483002 761978.5327015 57.3361550942 0.2920202803 0.1891629266 332.654854267 -7.1971407148 13.8731824057 -0.0092565675
21669 311073.61 113.8381088112 34.0859490626 3776896.7004269985 761978.0030658002 57.3372276323 0.2834966821 0.2235040299 332.797034304 -7.1582626374 13.9212963988 0.0455020816
21670 311073.68 113.8381033932 34.0859578568 3776897.662482 761977.4756787 57.3403634299 0.0912373022 0.2747401737 332.9457012276 -7.1319589713 13.9485154037 0.0600883485
21671 311073.75 113.8380979984 34.0859666725 3776898.626974 761976.9503614 57.3425885029 0.1125799818 0.2577737417 333.0931744849 -7.1047838869 13.9736383074 -0.0065308271
21672 311073.82 113.8380926203 34.0859755104 3776899.593977 761976.4265255998 57.3424210856 0.2019216503 0.2744696982 333.257045702 -7.0876020394 14.0187925663 0.0013579694
21673 311073.89 113.8380872667 34.0859843684 3776900.563285 761975.9048901 57.3430512864 0.2273844473 0.2205223924 333.4146607658 -7.0502995654 14.0400247364 0.0241662661
21674 311073.96 113.8380819315 34.085993244 3776901.534584 761975.3848951998 57.3478918923 0.107088364 0.1773316372 333.5841167624 -7.0265828108 14.0802178468 0.0970671866
21675 311074.03 113.8380766219 34.0860021428 3776902.508519 761974.8671877 57.3521145061 -0.1263270825 0.1712218312 333.7463806057 -6.9867461499 14.1174787654 0.0103559122
21676 311074.1 113.8380713429 34.0860110655 3776903.485185 761974.352237 57.3501028204 -0.085976978 0.0951201263 333.9066764272 -6.9532828165 14.1494499097 -0.0604918455
21677 311074.17 113.8380660874 34.0860200129 3776904.464661 761973.8393829 57.3453351576 -0.030260303 0.0898784399 334.0650809612 -6.9185756374 14.1950883894 -0.0702895334
21678 311074.21 113.8380630966 34.086025136 3776905.025526 761973.5474271999 57.3419702947 0.0237007676 0.0874427283 334.1546576096 -6.8985660767 14.2110536807 -0.085979137
21679 311074.28 113.8380578816 34.0860341192 3776906.009082 761973.0382061999 57.3366814097 0.2190303426 0.1203287561 334.3110924355 -6.8653544719 14.257546035 -0.046328851
21680 311074.35 113.8380526983 34.0860431247 3776906.99518 761972.5318374 57.3361473316 0.2295403282 0.1968949521 334.4676649598 -6.8254883635 14.2874370504 0.0271355007
21681 311074.42 113.8380475391 34.0860521487 3776907.983399 761972.0276351 57.3382634046 0.3595104402 0.2255132855 334.6285253238 -6.791096314 14.3086397465 0.0598361207
21682 311074.49 113.8380424068 34.0860611934 3776908.97399 761971.525849 57.3459545132 0.1690512653 0.2482764815 334.7883842777 -6.7588238474 14.3536245137 0.1311618706
21683 311074.56 113.8380372961 34.0860702571 3776909.966739 761971.0260082 57.3512592157 0.0588140645 0.1893799178 334.9435356606 -6.7270162809 14.3786834073 0.0728770682
21684 311074.63 113.8380322052 34.0860793398 3776910.961639 761970.5279329 57.3537084972 0.0659925304 0.0687838321 335.1009448276 -6.7054768242 14.4040355579 -0.0059585037
21685 311074.7 113.8380271317 34.0860884455 3776911.9591519986 761970.0313975002 57.3515662346 0.0733723946 0.0383995568 335.2685318303 -6.679995402 14.4477223276 -0.0388616836
21686 311074.77 113.8380220844 34.0860975696 3776912.958764 761969.5372156 57.3478799462 0.163441398 -0.103911802 335.4212941238 -6.6521460574 14.4664579645 -0.0719467032
21687 311074.84 113.8380170572 34.0861067135 3776913.960634 761969.0448329 57.3446512194 0.4124890481 -0.1173739137 335.5743956287 -6.6127200881 14.5054664946 -0.0278411333
21688 311074.88 113.8380142005 34.0861119466 3776914.534049 761968.7649274 57.3449705765 0.4575648012 -0.0937681485 335.6601325184 -6.5835164606 14.5129501742 0.0233364831
21689 311074.95 113.8380092227 34.0861211179 3776915.539083 761968.27702 57.3508819388 0.5348715354 -0.0751826918 335.8102384687 -6.5563136617 14.5429977704 0.1343170346
21690 311075.02 113.8380042768 34.0861303062 3776916.54609 761967.7920123 57.3624868672 0.4300774509 -0.0317208587 335.9577735885 -6.5077997321 14.5711340475 0.1893622284
21691 311075.09 113.8379993621 34.0861395032 3776917.554133 761967.3098534 57.3750252984 0.1800406893 0.0286181942 336.1101702933 -6.4724513417 14.5949429055 0.1362809678
21692 311075.16 113.8379944777 34.086148718 3776918.56423 761966.8304421 57.3831064878 0.0395890156 0.050500038 336.2614498321 -6.4275461549 14.6234295903 0.0683329953
21693 311075.23 113.8379896137 34.086157954 3776919.576733 761966.3528455 57.3839108497 -0.1040864771 0.0416164848 336.4156861017 -6.4129213939 14.6638774257 -0.0441783637
21694 311075.3 113.837984775 34.0861672092 3776920.591433 761965.8775269 57.3781437734 -0.0026379925 0.00573797 336.5595300938 -6.3741170826 14.6867514127 -0.0988269781
21695 311075.37 113.8379799558 34.0861764806 3776921.607982 761965.4039579 57.3710826645 0.1643016236 -0.0266700809 336.7116914736 -6.3560182681 14.7146242264 -0.0975669467
21696 311075.44 113.8379751619 34.0861857701 3776922.626597 761964.9326731 57.3663041554 0.3532540676 0.0614805071 336.8721238327 -6.3022992159 14.7420493913 -0.0301946212
21697 311075.51 113.8379704014 34.0861950744 3776923.6469519986 761964.4644174 57.3706395449 0.2980574561 0.0351136367 337.0341349282 -6.2649704564 14.7688753481 0.1357632472
21698 311075.57 113.8379663418 34.0862030617 3776924.522937998 761964.0649481 57.3792203367 -0.0239979149 0.0489939599 337.1701097517 -6.2369874598 14.7865172473 0.1424925211
21699 311075.64 113.8379616336 34.086212398 3776925.546977 761963.601436 57.3844989957 -0.0986066585 0.034587884 337.3293587064 -6.1970027183 14.8239331259 0.027361501
21700 311075.71 113.8379569516 34.0862217586 3776926.573776 761963.1402606 57.383737063 -0.088530717 -0.0198252872 337.4825216398 -6.1679173769 14.8630262205 -0.0445675114
21701 311075.78 113.8379522892 34.0862311332 3776927.602176 761962.6808487 57.3782822555 0.146123546 -0.1063251946 337.6441319498 -6.1444345299 14.8716019361 -0.0916192909
21702 311075.85 113.8379476541 34.0862405237 3776928.632413 761962.2239108002 57.374766225 0.3362657697 -0.0102432948 337.8067240883 -6.0898832478 14.8981426806 -0.0022162616
21703 311075.92 113.8379430603 34.0862499258 3776929.664043 761961.7707536998 57.3767070025 0.291445465 0.0547450887 337.9595874173 -6.0403025677 14.9117864663 0.0833241138
21704 311075.99 113.8379385029 34.086259341 3776930.697223 761961.3209189 57.3817423619 0.2646763893 0.0800505896 338.1092432285 -5.9870210109 14.9397392926 0.0980613565
21705 311076.06 113.8379339742 34.0862687626 3776931.731176 761960.8737165 57.3862971598 0.2715336233 0.0872762267 338.2803125163 -5.9516554185 14.9324373751 0.0869295666
21706 311076.13 113.8379294764 34.086278189 3776932.765749 761960.4293463002 57.3946431754 0.2630279769 0.0462594178 338.4628502744 -5.9051649346 14.9382781174 0.1373048917
21707 311076.2 113.8379250099 34.0862876184 3776933.800744 761959.9878605 57.4016858526 0.1435554421 0.0004652773 338.6539481635 -5.8709034908 14.9458467722 0.0865295931
21708 311076.25 113.8379218443 34.0862943565 3776934.540389 761959.6747896 57.4049521647 0.1856099658 -0.042123558 338.7845339475 -5.829552293 14.9600515822 0.0810458405
21709 311076.32 113.837917448 34.0863037907 3776935.576093 761959.2397664002 57.4088262999 0.2528692268 -0.0616512806 338.962093909 -5.7747220013 14.956827381 0.0420953422
21710 311076.39 113.8379130958 34.0863132275 3776936.612189 761958.8088091 57.4126185831 0.3567741441 -0.0810288816 339.127884617 -5.7094551504 14.9559616729 0.0692363499
21711 311076.46 113.837908789 34.0863226639 3776937.648361 761958.3820453 57.4196542026 0.2190608587 -0.043382962 339.2859745848 -5.6561783476 14.9499847801 0.1335517774
21712 311076.53 113.8379045216 34.0863321 3776938.68461 761957.958924 57.4274223158 -0.0619493656 0.0126502545 339.4401418923 -5.6056607479 14.9645980369 0.1066126128
21713 311076.6 113.837900292 34.0863415365 3776939.720986 761957.5392851 57.4288873691 -0.1596471303 0.052549182 339.6065653917 -5.5688498715 14.9577528026 -0.03724066
21714 311076.67 113.8378960979 34.0863509728 3776940.757434 761957.1229304 57.4243526151 0.0473958936 0.1218174119 339.7741228961 -5.5061544846 14.9546182897 -0.0665934919
21715 311076.74 113.8378919449 34.0863604069 3776941.793747 761956.7103801 57.4204292223 0.2051408269 0.11075016 339.9370218663 -5.4618882882 14.9473214862 0.003527216
21716 311076.81 113.8378878286 34.0863698342 3776942.829401002 761956.3012356998 57.4238307355 0.0341109145 0.1281690557 340.0955736055 -5.3928409412 14.9338157591 0.1266762746
21717 311076.88 113.8378837471 34.0863792552 3776943.86445 761955.8953248 57.4289096268 -0.2048089876 0.1496507797 340.2702207864 -5.36500839 14.9241125448 0.0264316441
21718 311076.92 113.8378814291 34.086384641 3776944.456199 761955.6646810998 57.4287464945 -0.2001415445 0.1468864398 340.3706700884 -5.3352620866 14.9350503318 -0.0275287217
21719 311076.99 113.8378774079 34.0863940618 3776945.4913699985 761955.2643379002 57.4261980681 -0.1759280366 0.0135491787 340.545424849 -5.2863373657 14.924030693 -0.0344295342
21720 311077.06 113.8378734158 34.0864034802 3776946.526357 761954.866694 57.4226877475 -0.1779815193 -0.0148431921 340.7238906311 -5.238551745 14.9223142205 -0.007816085
21721 311077.13 113.8378694642 34.0864128964 3776947.561199 761954.4727848001 57.4186266502 -0.1999882122 -0.0638104264 340.8945448825 -5.1799500093 14.9183512572 -0.0466678683
21722 311077.2 113.8378655467 34.0864223117 3776948.596024 761954.0820356 57.4144142205 -0.0369115443 -0.0879463637 341.0739650533 -5.1334782671 14.9157670954 -0.0538444603
21723 311077.27 113.8378616729 34.0864317258 3776949.630835 761953.6953273001 57.4113308378 0.0681622915 -0.0781243935 341.2453160302 -5.0800406073 14.9154055089 -0.0169084729
21724 311077.34 113.8378578409 34.0864411367 3776950.6653949986 761953.3124872 57.4116132325 0.0937855357 0.0268189513 341.4277300696 -5.0197083267 14.9140121177 0.0264002578
21725 311077.41 113.8378540594 34.0864505456 3776951.69986 761952.9343131 57.4149770476 0.0681545627 0.0810701206 341.5970824611 -4.9484127806 14.9064557572 0.0538040238
21726 311077.48 113.8378503192 34.0864599501 3776952.733948 761952.5599668 57.4194058124 -0.0380825631 0.1606582172 341.7755671818 -4.9015266561 14.9040353412 0.0526711831
21727 311077.55 113.8378466211 34.0864693512 3776953.767775 761952.1895181 57.4206467234 -0.0557832993 0.1881546321 341.9481933675 -4.8470001552 14.8959382921 -0.0148145862
21728 311077.58 113.8378450478 34.0864733784 3776954.210664 761952.0318298 57.4204524374 0.0008275154 0.1663730911 342.0244971225 -4.8289171864 14.8915694132 -0.0021148656
21729 311077.65 113.8378413989 34.0864827725 3776955.2438300014 761951.6659398002 57.4189244937 0.0961724937 0.1484804751 342.213176982 -4.7864284267 14.8830902375 -0.0335636251
21730 311077.72 113.8378377886 34.0864921596 3776956.276311 761951.3036409002 57.4186194474 0.1486934646 0.1342479858 342.4002567378 -4.7398400001 14.8685028017 0.023896018
21731 311077.79 113.8378342213 34.086501539 3776957.308062 761950.9453415 57.4221783085 0.0004971107 0.1275972861 342.591927433 -4.6703459667 14.8600269777 0.0638459979
21732 311077.86 113.8378306977 34.0865109138 3776958.33941 761950.5910879001 57.4246573001 -0.0596294838 0.0454275356 342.7753049083 -4.6193524208 14.8569503328 0.0072909735
21733 311077.93 113.8378272148 34.086520284 3776959.370351 761950.2406054 57.4231692338 0.0108931462 0.0745879308 342.9633064566 -4.5562230318 14.8422696081 -0.0294812631
21734 311078.0 113.8378237749 34.0865296493 3776960.40085 761949.8941047 57.4212409481 0.313579674 0.0548216408 343.156951303 -4.5082897369 14.8347316481 -0.0343534503
21735 311078.07 113.8378203774 34.0865390009 3776961.429946 761949.5515705999 57.4232550589 0.472507489 0.0822638448 343.3567117542 -4.4480422232 14.819305991 0.084862888
21736 311078.14 113.8378170344 34.0865483378 3776962.457557 761949.2141095998 57.4323519245 0.440878675 0.1092652933 343.5440827389 -4.379541991 14.7946116028 0.154188541
21737 311078.21 113.8378137327 34.0865576667 3776963.484378 761948.8804798998 57.444124137 0.2247014695 0.1080363341 343.7355176985 -4.3236413326 14.7840930608 0.1868857183
21738 311078.25 113.8378118656 34.0865629953 3776964.070933 761948.691653 57.4502912378 0.0483198894 0.112944288 343.8455446285 -4.2888538202 14.7871284815 0.1418464118
21739 311078.32 113.8378086305 34.0865723144 3776965.096835 761948.3642096998 57.4575985549 -0.2403975368 0.0701125595 344.0244000309 -4.2432155751 14.7778162195 0.0257350317
21740 311078.39 113.8378054324 34.0865816306 3776966.122519002 761948.0401949 57.4548906311 -0.1740760778 0.0955948267 344.1825235492 -4.1822791717 14.7722903994 -0.083554311
21741 311078.46 113.8378022815 34.0865909422 3776967.147811 761947.7205466 57.4486814225 -0.0382484821 0.1196810485 344.3055744915 -4.1275427234 14.7622010435 -0.0848491452
21742 311078.53 113.8377991603 34.0866002394 3776968.1715690014 761947.4036868 57.443149088 0.1313790327 0.1400765537 344.4210447302 -4.0935346348 14.7287458926 -0.067427615
21743 311078.6 113.837796072 34.0866095206 3776969.193643 761947.0899156998 57.4436179772 0.1821722024 0.2255636773 344.5344075654 -4.0543085884 14.7062741724 0.064510273
21744 311078.67 113.8377930175 34.086618784 3776970.213834 761946.7793204002 57.4490720294 0.0532078765 0.2833896272 344.6451746726 -4.0062811892 14.6713313755 0.0878750128
21745 311078.74 113.8377899897 34.0866280295 3776971.232104 761946.4712475 57.4549488574 -0.011761048 0.2395735978 344.7669939365 -3.9779290878 14.6497387771 0.0695678917
21746 311078.81 113.837786985 34.0866372566 3776972.248394 761946.1653577 57.458684898 -0.0614291184 0.2449742371 344.8892610174 -3.9397524407 14.6157733659 0.0410279374
21747 311078.88 113.8377840086 34.0866464681 3776973.263021 761945.8621369002 57.4594626576 -0.0312747573 0.1675542565 345.0083888292 -3.9115528582 14.5970906159 -0.0080600579
21748 311078.95 113.8377810574 34.0866556606 3776974.275598998 761945.5612892 57.4594602184 0.050052633 0.0779767213 345.1283514094 -3.8706370161 14.5615755475 0.0179446204
21749 311079.02 113.837778138 34.0866648315 3776975.2858730014 761945.26346 57.4597131377 0.0637724558 0.0300257228 345.2446724331 -3.8315743224 14.5271387423 -0.0318704124
21750 311079.04 113.8377773068 34.0866674481 3776975.574119 761945.1786453 57.459413073 0.2354441747 -0.000348438 345.2844519708 -3.8299304507 14.5167490058 -0.0148628162
21751 311079.11 113.8377744234 34.086676597 3776976.582036 761944.8841949998 57.4615363991 0.1836507635 -0.0112323124 345.3955191527 -3.7708250672 14.4919436453 0.0931023932
21752 311079.18 113.8377715763 34.0866857249 3776977.587721 761944.5931647 57.467364219 -0.0044676239 -0.0409915113 345.4970483931 -3.7358712795 14.4623812147 0.0917485675
21753 311079.25 113.8377687555 34.0866948365 3776978.591662 761944.3046164 57.4721871316 -0.1164445445 -0.0559225893 345.6046674376 -3.692297515 14.433136628 0.0465746751
21754 311079.32 113.8377659621 34.0867039327 3776979.5939589986 761944.018652 57.4736065287 -0.1544227113 -0.120622304 345.7112712364 -3.669444887 14.4025366035 -0.0250970833
21755 311079.39 113.8377631865 34.0867130143 3776980.594683 761943.7343665998 57.4726367062 -0.0446825506 -0.1699894674 345.8408760984 -3.6418431913 14.3871405939 -0.0151054548
21756 311079.46 113.83776044 34.0867220828 3776981.594030998 761943.4528095998 57.4700599154 -0.0198618071 -0.101186588 345.9756209327 -3.5940551248 14.3680777351 -0.0250829572
21757 311079.53 113.8377577322 34.0867311404 3776982.592269 761943.174856 57.4690073868 0.0560971005 -0.1459301353 346.0985960719 -3.5431396925 14.3501524339 0.0056340227
21758 311079.6 113.8377550555 34.0867401855 3776983.589205 761942.8998201998 57.4699468696 0.048253878 -0.1395127274 346.2143747815 -3.5091249202 14.3264735479 0.026106501
21759 311079.67 113.8377524027 34.0867492186 3776984.584858 761942.6270313001 57.4715037337 0.1212677609 -0.1018980174 346.3435874447 -3.4791275715 14.3064493096 0.0191530625
21760 311079.74 113.8377497807 34.0867582397 3776985.579269 761942.3571120999 57.4744287711 0.167378979 -0.021811854 346.4831762327 -3.4323006953 14.2904125145 0.0628223734
21761 311079.81 113.8377471936 34.0867672512 3776986.572692 761942.0904548 57.4767950084 0.2625157308 -0.1136379478 346.6224649262 -3.3876890184 14.2765769056 0.0321324021
21762 311079.82 113.8377468254 34.0867685373 3776986.714485 761942.0524859 57.4770545084 0.2999402725 -0.1520962713 346.6387800023 -3.3909781129 14.2722594756 0.025820736
21763 311079.89 113.8377442644 34.086777531 3776987.706006 761941.7882894 57.4822071595 0.2411481643 -0.1327450348 346.7825270442 -3.3532536957 14.2481324856 0.0963225134
21764 311079.96 113.8377417392 34.0867865099 3776988.695975 761941.5274451 57.4895412186 0.0431194803 -0.0961084114 346.9209671732 -3.302061316 14.2217019701 0.0725609946
21765 311080.03 113.8377392436 34.0867954792 3776989.6849589986 761941.2693669002 57.4938184768 -0.0605386713 -0.205758945 347.0687756909 -3.2665234997 14.2115008844 0.0472645091
21766 311080.1 113.8377367697 34.0868044428 3776990.67336 761941.0133015 57.494095345 -0.1171293706 -0.2413211803 347.2268761743 -3.2289182742 14.1989041809 -0.0153462416
21767 311080.17 113.8377343318 34.0868133968 3776991.6608 761940.7605912 57.4925230732 -0.2199910811 -0.2205856225 347.3673770612 -3.1771186777 14.1854263788 -0.0128857181
21768 311080.24 113.8377319282 34.08682234 3776992.647119 761940.5110894 57.4895304879 -0.2602534005 -0.2123075097 347.5209575134 -3.1360666094 14.1538516323 -0.0358525136
21769 311080.31 113.8377295604 34.0868312762 3776993.632756 761940.2649116998 57.4874808267 -0.3089002988 -0.1734787556 347.6666246451 -3.082219361 14.1538340266 -0.0332819294
21770 311080.38 113.8377272295 34.0868402039 3776994.617546 761940.0221604 57.4817001279 -0.1862442222 -0.0724492293 347.8120911202 -3.0462271155 14.144167551 -0.1238401807
21771 311080.45 113.83772493 34.0868491232 3776995.6014769985 761939.7823369 57.4744991707 0.2287875771 -0.0504919786 347.9671814504 -3.0064401285 14.127285692 -0.0820008823
21772 311080.52 113.8377226606 34.0868580275 3776996.5838230015 761939.5453398002 57.4734656559 0.5423220889 -0.0391331313 348.1325704482 -2.9625929158 14.0878517431 0.0829204516
21773 311080.55 113.8377216958 34.0868618402 3776997.004473 761939.4445 57.4768772516 0.5596823312 -0.020013993 348.213086675 -2.9563416493 14.0986159003 0.1490744192
21774 311080.62 113.8377194696 34.0868707238 3776997.984635 761939.2115612 57.4904778814 0.3352831215 -0.0182343371 348.407635361 -2.9130119049 14.0701052852 0.2099993038
21775 311080.69 113.8377172833 34.0868796034 3776998.964462002 761938.9823101 57.5020910213 0.1529445356 -0.0826865059 348.6218346584 -2.8552109139 14.066125465 0.0751714434
21776 311080.76 113.8377151342 34.0868884828 3776999.944347 761938.756502 57.5084646726 0.1431164575 -0.172451045 348.846525577 -2.7994753051 14.0718934392 0.0637816339
21777 311080.83 113.837713029 34.086897358 3777000.923893 761938.5347573 57.5114426566 -0.008608346 -0.1750861788 349.0741811531 -2.7409810337 14.067717355 0.0259696538
21778 311080.9 113.8377109729 34.0869062284 3777001.903028 761938.3175605 57.5100090224 0.0977664162 -0.1914465213 349.2923381756 -2.6728588326 14.0508249542 -0.0389190894
21779 311080.97 113.8377089667 34.0869150963 3777002.88201 761938.1049764 57.5090380544 0.2457767724 -0.1583270589 349.5062949782 -2.6030365159 14.050658779 -0.0110452343
21780 311081.04 113.8377070045 34.0869239564 3777003.86024 761937.8964846998 57.510054512 0.3484032419 -0.138638765 349.7288342173 -2.5576444806 14.0315783197 0.0446818899
21781 311081.12 113.8377048109 34.0869340716 3777004.977175 761937.6627587 57.5171682518 0.2051754438 -0.0874122929 350.0009218845 -2.4835912739 14.0240519434 0.139553456
21782 311081.14 113.8377042711 34.0869365991 3777005.256279 761937.6051203 57.5194444302 0.1545091147 -0.1055387539 350.0703654324 -2.4765042104 14.0201219681 0.1168862962
21783 311081.22 113.8377021453 34.0869467054 3777006.372386 761937.3776821998 57.528386943 -0.1445828064 -0.1646614953 350.3536872964 -2.4153232838 14.0214345927 0.0930185331
21784 311081.3 113.8377000806 34.0869568088 3777007.48834 761937.1558880998 57.5312414207 -0.201684086 -0.1976114999 350.6315555188 -2.3348676836 14.0150061879 -0.0466450246
21785 311081.38 113.8376980767 34.0869669127 3777008.604492 761936.9397079 57.5239823377 0.1310161179 -0.3458858848 350.9014611481 -2.281006371 14.0087220899 -0.1227768554
21786 311081.46 113.8376961296 34.0869770105 3777009.720122 761936.7287960999 57.5191767253 0.4908891882 -0.4313377186 351.1671848066 -2.2088875892 14.0034343814 0.0355958405
21787 311081.54 113.8376942416 34.0869870915 3777010.834031 761936.5233861 57.5242536422 0.4625929493 -0.3961567093 351.4474512701 -2.1239553862 13.958830204 0.1428203167
21788 311081.62 113.8376924188 34.0869971705 3777011.9478940014 761936.3240053002 57.5367151555 0.2304839334 -0.5020590672 351.709003324 -2.0599741556 13.9714496556 0.2025427768
21789 311081.7 113.837690651 34.0870072459 3777013.06149 761936.1297186 57.5428188602 0.2255532534 -0.417133573 351.9596713978 -1.9866025124 13.9842712616 0.0193626763
21790 311081.72 113.8376902215 34.0870097632 3777013.339759 761936.0822982 57.5429197298 0.2746343489 -0.3527554287 352.017500988 -1.96438959 13.9634755454 -0.0057811538
21791 311081.8 113.8376885428 34.0870198427 3777014.45404 761935.8962213 57.5439242255 0.4805021594 -0.2991512444 352.1883618809 -1.8970656565 13.9776476468 0.0555979274
