22283 311114.7 113.8400598804 34.0908003746 3777440.090872 762143.1865619002 58.3044175031 0.0492077117 -0.1953074703 63.929597833 15.2072612337 7.4621427552 0.0031363968
22284 311114.76 113.8400697743 34.0908043943 3777440.562364 762144.087671 58.3024041634 0.2239461391 -0.2076469029 64.0913986385 15.2312275842 7.4125739336 -0.0502318014
22285 311114.82 113.8400796855 34.0908083924 3777441.031505 762144.9904361 58.3007681416 0.3087421296 -0.2511465066 64.2438513598 15.2663427507 7.385480746 -0.0219368264
22286 311114.88 113.8400896128 34.0908123698 3777441.498391001 762145.8947516 58.299931353 0.362486559 -0.2100159902 64.4034757152 15.2938402788 7.3395260714 -0.0088257979
22287 311114.94 113.8400995531 34.0908163217 3777441.962485 762146.80035 58.3016268834 0.4351893326 -0.1374268551 64.5513397516 15.3108772952 7.285292934 0.0550217528
22288 311115.0 113.8401095047 34.0908202484 3777442.423813 762147.7070594 58.3074849732 0.4117490831 -0.1156892779 64.7073139799 15.3198677515 7.2399065866 0.1055182642
22289 311115.06 113.8401194618 34.0908241509 3777442.882458 762148.6143588 58.3172023324 0.2142864003 -0.0807620261 64.8673320059 15.3242176965 7.1931701915 0.1556020842
22290 311115.12 113.8401294261 34.0908280274 3777443.338241 762149.5224033 58.3271062318 -0.077149766 -0.0679785553 65.0340435773 15.3374838679 7.1461256467 0.1166018022
22291 311115.18 113.8401393999 34.090831879 3777443.791289 762150.4313999 58.3305635443 -0.2045971327 -0.0628726305 65.1826110252 15.3507145533 7.1055566549 -0.0078826528
22292 311115.24 113.840149382 34.0908357068 3777444.24172 762151.3412433 58.3278000616 -0.2086625629 -0.0757292914 65.3455237369 15.3665062031 7.0587327689 -0.0741060903
22293 311115.3 113.8401593695 34.0908395087 3777444.689278 762152.2516584 58.3224723544 -0.1586883354 -0.0347541682 65.4874606429 15.3725202821 7.0110880162 -0.0808707994
22294 311115.36 113.8401693627 34.0908432835 3777445.13385 762153.1626833 58.3176577296 -0.1502700261 0.0519932217 65.6266730436 15.381984488 6.957157378 -0.0759727173
22295 311115.42 113.8401793605 34.0908470304 3777445.575345 762154.0742175998 58.3127210056 -0.0514297133 0.0987610547 65.7454734462 15.3890232541 6.9089981806 -0.0689735449
22296 311115.48 113.8401893597 34.0908507528 3777446.01411 762154.9859635 58.30975769 0.1383525165 0.1597710805 65.867999529 15.3851963149 6.8627449675 -0.0152024604
22297 311115.54 113.8401993579 34.0908544573 3777446.450899 762155.8976599 58.3094351254 0.3673310304 0.1632266489 66.0028721201 15.3769284321 6.8364735906 0.0204503475
22298 311115.6 113.8402093501 34.0908581405 3777446.885302 762156.8088824998 58.3144757235 0.3757891968 0.1715716014 66.1501007806 15.3720705936 6.7931611371 0.1505209586
22299 311115.66 113.8402193355 34.0908618022 3777447.317301 762157.7195356998 58.3265632875 0.0289343597 0.0957014488 66.3095125276 15.3617377912 6.7557918482 0.2258970128
22300 311115.72 113.8402293201 34.0908654414 3777447.746807 762158.6301883 58.3349849787 -0.19467359 0.0154920861 66.4562705509 15.364061642 6.7113874231 0.0815214002
22301 311115.78 113.8402393075 34.0908690592 3777448.173944 762159.541156 58.3362702234 -0.2354199773 -0.1316109284 66.6112095886 15.3648614146 6.6727528078 -0.0396046018
22302 311115.84 113.8402492957 34.0908726549 3777448.598629 762160.4522698001 58.3330605067 -0.2113928557 -0.2322410282 66.7424102814 15.3631137037 6.6427076633 -0.071287053
22303 311115.9 113.8402592822 34.0908762273 3777449.020721 762161.3633009 58.3269041637 -0.0886661766 -0.2715070341 66.8890637162 15.3612089748 6.5961264237 -0.1063809195
22304 311115.96 113.8402692715 34.0908797682 3777449.439328 762162.2746923 58.3202965865 0.0420907716 -0.2560341215 67.0077655888 15.367905812 6.5379859182 -0.0919863579
22305 311116.02 113.8402792632 34.0908832803 3777449.854751 762163.1863918002 58.3155125296 0.117009662 -0.1533611162 67.1320509208 15.3743664964 6.4809217575 -0.0450979242
22306 311116.08 113.840289257 34.0908867674 3777450.267389 762164.0983538 58.3147169268 0.147046579 -0.0289373027 67.2523871785 15.373136083 6.4269020979 0.0190266511
22307 311116.15 113.8403009122 34.0908908037 3777450.745258 762165.1620247 58.3197141597 0.0989148221 0.0359329082 67.405614084 15.3629931352 6.3768059945 0.0905564389
22308 311116.22 113.8403125588 34.090894815 3777451.220322 762166.2249771998 58.327901707 0.0677759748 -0.0700635027 67.5715251728 15.3498726754 6.3419343654 0.1083177921
22309 311116.29 113.8403242027 34.090898806 3777451.693121 762167.2877436 58.3334155772 -0.0900985532 -0.0641900516 67.7668340373 15.3612208704 6.3018140592 0.055225199
22310 311116.36 113.8403358426 34.0909027627 3777452.162113 762168.3502524998 58.3360143825 -0.1720639464 -0.1746012185 67.9443429063 15.340362517 6.2369416007 0.0219728381
22311 311116.43 113.8403474837 34.0909066877 3777452.627592 762169.4129661998 58.3354799896 -0.2075107152 -0.2394323882 68.1204247119 15.3470812655 6.1903302244 -0.0198950695
22312 311116.5 113.8403591293 34.0909105725 3777453.088617 762170.4762154 58.3291719621 -0.1341245644 -0.2307685241 68.2778209518 15.3607017444 6.1173599287 -0.1084962779
22313 311116.57 113.8403707728 34.090914421 3777453.545601 762171.5393853 58.3240097929 0.0869227332 -0.2099977308 68.4497832089 15.3439037774 6.0669356379 -0.0683346974
22314 311116.64 113.8403824153 34.0909182264 3777453.99781 762172.6025952 58.3223858951 0.1409710921 -0.0773709819 68.6121412329 15.3503440643 5.9945261443 0.0215645753
22315 311116.71 113.8403940567 34.0909219918 3777454.445576 762173.6658216999 58.324720026 0.0725650979 0.0099703135 68.786506054 15.3463930326 5.9393717381 0.055252174
22316 311116.78 113.8404056903 34.0909257239 3777454.889623 762174.7284358002 58.3294543279 0.0537878853 0.0761725819 68.9695130615 15.3314778154 5.8904088703 0.0670743702
22317 311116.85 113.8404173211 34.0909294239 3777455.330098 762175.7908946 58.3338669939 0.0144496535 0.0761413903 69.1826914606 15.3335400241 5.8379079061 0.0480074119
22318 311116.86 113.8404189829 34.09092995 3777455.392751 762175.9427021 58.3342338139 -0.0167138538 0.075110482 69.2130315863 15.3363821451 5.8308157462 0.0340395646
22319 311116.93 113.8404306093 34.0909336109 3777455.828882 762177.0048717 58.3358664112 0.0308396661 0.0188890514 69.4240766044 15.3265458382 5.7749740576 0.0114716535
22320 311117.0 113.8404422327 34.090937234 3777456.26081 762178.0668800998 58.3382891379 0.0388365165 -0.0985908111 69.6425759683 15.3209129233 5.7087351646 0.0388757775
22321 311117.07 113.8404538529 34.0909408185 3777456.688446 762179.1287109 58.3409783747 -0.0582919965 -0.1590402017 69.8533413116 15.3185960681 5.6491797554 0.0494941186
22322 311117.14 113.8404654731 34.0909443625 3777457.111586 762180.1906693 58.342485399 -0.0725488105 -0.1374120131 70.0776355526 15.32053828 5.5765077363 0.0074833281
22323 311117.21 113.8404770976 34.0909478568 3777457.529223 762181.253176 58.3424952794 -0.0488843174 -0.1908821663 70.2774914464 15.325825655 5.5064737492 -0.0064780526
22324 311117.28 113.8404887213 34.0909513099 3777457.94228 762182.3157417 58.3435437065 -0.1202686808 -0.2364146331 70.4768236353 15.3217455004 5.4378655304 0.0212057378
22325 311117.35 113.8405003437 34.090954724 3777458.351004 762183.3782966 58.3447938804 -0.2350365047 -0.20634132 70.6739445536 15.3275738165 5.3872114023 -0.0016134993
22326 311117.42 113.8405119656 34.0909581045 3777458.756005 762184.4409165998 58.3432099596 -0.2899966783 -0.2645974226 70.8874188707 15.319339492 5.3345987877 -0.0554321065
22327 311117.46 113.8405186067 34.0909600196 3777458.985597 762185.0481785998 58.3412803756 -0.3266634106 -0.2840856327 71.0085652727 15.3295082044 5.2975861235 -0.0586822482
22328 311117.53 113.8405302278 34.0909633422 3777459.384163 762186.1108991 58.3363964902 -0.3160457511 -0.3495240055 71.2187638788 15.3138537816 5.2402192341 -0.10876624
22329 311117.6 113.8405418489 34.0909666238 3777459.778192 762187.1737486002 58.3302443111 -0.1672077121 -0.3562674368 71.4059357093 15.3185283108 5.172589785 -0.0723353067
22330 311117.67 113.8405534736 34.0909698665 3777460.167906 762188.2370531998 58.3262589918 -0.1931007612 -0.3556924764 71.5917431554 15.3415471503 5.1138353653 -0.014469478
22331 311117.74 113.8405650896 34.0909730705 3777460.553306 762189.2996750999 58.3239780152 -0.2599541949 -0.3518639697 71.7514880871 15.3027102758 5.0533630934 -0.0273034477
22332 311117.81 113.8405767039 34.0909762422 3777460.935114 762190.3622278002 58.3230091697 -0.1027339434 -0.394717099 71.9248052422 15.3094580731 4.9984361785 0.0088007478
22333 311117.88 113.8405883189 34.0909793821 3777461.313389 762191.4249563002 58.3207491599 -0.2668249261 -0.3215523715 72.0886045752 15.3176886717 4.9537367761 -0.0431475085
22334 311117.95 113.840599925 34.0909824915 3777461.688269 762192.4869555 58.3168345913 -0.024218613 -0.3724118483 72.2527153434 15.2903594338 4.9066845708 -0.0812118767
22335 311118.02 113.8406115276 34.0909855682 3777462.059503 762193.5487278001 58.3177800532 -0.1869600565 -0.3134552121 72.3879409663 15.298994221 4.8573138979 0.0565010884
22336 311118.09 113.8406231258 34.090988616 3777462.427521 762194.6101813002 58.3163444521 -0.4004417094 -0.2636397788 72.5169814547 15.28980793 4.8027084603 -0.0566167264
22337 311118.16 113.8406347203 34.0909916344 3777462.792269 762195.6713858001 58.3112174626 -0.2126573283 -0.2777086541 72.6253669222 15.2781995702 4.7603964067 -0.0883753553
22338 311118.23 113.8406463103 34.0909946332 3777463.154832 762196.7322373 58.3053000011 -0.1558298737 -0.2166424798 72.7414712108 15.2788668802 4.7314499171 -0.0678485098
22339 311118.3 113.8406578909 34.0909976065 3777463.514533 762197.7922975002 58.3000848684 -0.0824146745 -0.1532319024 72.8409190651 15.2613035285 4.6934091547 -0.0600997813
22340 311118.37 113.8406694608 34.0910005576 3777463.871746 762198.8514420999 58.299818214 -0.0871800396 -0.1548685141 72.9505386537 15.2454306813 4.6603426333 0.0083481171
22341 311118.44 113.8406810223 34.091003488 3777464.226649 762199.9098673002 58.3000949454 -0.1394461149 -0.1022427527 73.0595238027 15.2412257979 4.63083071 -0.0026062054
22342 311118.51 113.8406925755 34.0910063965 3777464.579089 762200.9675969 58.2992550945 -0.0974734135 -0.1208483533 73.1799705938 15.2275230625 4.5908369536 -0.0202154881
22343 311118.58 113.8407041189 34.091009285 3777464.9292910006 762202.0244814998 58.2993105752 -0.1522763943 -0.1231995562 73.3010578058 15.2127795524 4.5633898751 0.0054696445
22344 311118.65 113.8407156549 34.0910121504 3777465.276905 762203.0807604998 58.2989070742 -0.2235194763 -0.0916587953 73.4335302512 15.2064800008 4.5131234417 -0.0083744716
22345 311118.72 113.8407271872 34.091014985 3777465.621098001 762204.1367939 58.2964334087 -0.2420146503 -0.049192989 73.5584019759 15.2056104807 4.4658207989 -0.0755933417
22346 311118.79 113.840738716 34.091017793 3777465.962327 762205.1925748 58.2907124497 -0.0522818219 -0.0584497478 73.694999559 15.1941952474 4.4156979008 -0.0828680684
22347 311118.82 113.8407436572 34.0910189889 3777466.107728 762205.6451075 58.288404014 -0.0042327543 -0.0609381171 73.748090087 15.1964320533 4.4156436043 -0.078227214
22348 311118.89 113.8407551747 34.091021763 3777466.445168 762206.6999616 58.2859890293 0.1092666187 0.0051656928 73.8961502303 15.1729329886 4.3840377712 -0.0230033476
22349 311118.96 113.8407666872 34.0910245088 3777466.779457 762207.75443 58.2891405644 -0.0142420424 0.0070037161 74.0498422305 15.1714464601 4.3261980981 0.073179489
22350 311119.03 113.8407781919 34.0910272281 3777467.1107769986 762208.8082664 58.2935987841 -0.3219154399 -0.0477433161 74.2003388573 15.1717662291 4.2978593366 0.0410067217
22351 311119.1 113.8407896902 34.0910299216 3777467.439226 762209.8615885 58.2914237445 -0.1594183836 -0.071571768 74.3650982681 15.1665801077 4.2446726814 -0.09735211
22352 311119.17 113.8408011867 34.0910325823 3777467.764018 762210.9148502 58.2864648495 0.0033009989 -0.1740538782 74.5158204004 15.1525093537 4.2029775456 -0.0607396549
22353 311119.24 113.8408126728 34.0910352184 3777468.086063 762211.9672239 58.2864931468 -0.1250814375 -0.1701008879 74.6787692417 15.1350413778 4.1528770165 0.0511859935
22354 311119.31 113.8408241547 34.0910378199 3777468.4042589986 762213.0193248 58.2874224 -0.3081828307 -0.133250833 74.824028198 15.1435761543 4.1047132973 -0.0370243398
22355 311119.38 113.840835638 34.0910403897 3777468.718937998 762214.0716421 58.2824765928 -0.2431681766 -0.1236169663 74.9731487077 15.1422774934 4.0540269908 -0.0947534904
22356 311119.45 113.8408471177 34.0910429309 3777469.0304269986 762215.1237206998 58.2763357246 -0.0811982764 -0.0947165621 75.1183505056 15.134857835 4.0141221995 -0.0810722392
22357 311119.49 113.8408536742 34.0910443706 3777469.207043 762215.7246353001 58.2738369722 -0.0357978342 -0.0650194474 75.2036948035 15.1215792271 3.9824861483 -0.0450855495
22358 311119.56 113.840865143 34.0910468664 3777469.513478 762216.7758465002 58.2725190418 -0.0291315852 -0.0165229019 75.3374602185 15.1191072021 3.9335953613 0.0179475989
22359 311119.63 113.8408766065 34.0910493369 3777469.817083 762217.826647 58.2736110091 -0.0637406626 -0.0248766507 75.4805260525 15.1122055274 3.901449767 0.0058999493
22360 311119.7 113.8408880623 34.0910517836 3777470.118022 762218.8768147 58.272843387 0.0187515659 -0.0586402632 75.6190443326 15.0953435762 3.8621671315 -0.0049828988
22361 311119.77 113.8408995111 34.0910542098 3777470.416679 762219.9263942 58.2731954083 0.1222594274 -0.0908282557 75.7731005224 15.0873699169 3.8323538836 0.0158989409
22362 311119.84 113.840910955 34.0910566069 3777470.712093 762220.9756116 58.2751006009 0.0113264589 -0.1693881074 75.9093982877 15.0867646297 3.7787146196 0.0631559545
22363 311119.91 113.8409223872 34.0910589825 3777471.005096 762222.0238121 58.2787573365 -0.1613584269 -0.2115905288 76.0574274762 15.0710426324 3.7483640005 0.0358578692
22364 311119.98 113.8409338161 34.0910613287 3777471.294819 762223.0717991998 58.2791779535 -0.3219310299 -0.2456567736 76.1962263641 15.0706718507 3.6984774775 -0.0754396601
22365 311120.05 113.8409452427 34.0910636527 3777471.582073 762224.1196428002 58.2734797737 -0.2368503025 -0.3117751962 76.3405622699 15.0665443395 3.6706754168 -0.1060327184
22366 311120.12 113.8409566642 34.0910659493 3777471.866271 762225.1671007 58.2672180906 -0.2640236814 -0.2553794691 76.4741064458 15.0563132725 3.6097230617 -0.098919866
22367 311120.19 113.8409680818 34.0910682156 3777472.147103 762226.2142946002 58.2616888546 -0.2240409015 -0.2351811912 76.6005887761 15.0562822524 3.5734487805 -0.0811798203
22368 311120.21 113.8409713433 34.0910688587 3777472.226854 762226.5134431 58.260305752 -0.224426798 -0.207234473 76.6433834092 15.0508769471 3.5605592114 -0.0721316047
22369 311120.28 113.8409827564 34.0910710902 3777472.503808 762227.5603303 58.2551569557 -0.0912089935 -0.1527087436 76.769778065 15.0479860344 3.5150554605 -0.0590795899
22370 311120.35 113.8409941652 34.0910732984 3777472.778164 762228.606887 58.2527853856 -0.0540178252 -0.0878894398 76.9233805786 15.0396032004 3.4752874186 -0.0039429572
22371 311120.42 113.8410055655 34.0910754812 3777473.049688 762229.6527349 58.2528963015 -0.1283307165 -0.1032064349 77.0761821685 15.0175151482 3.4346153217 0.0300737628
22372 311120.49 113.8410169623 34.0910776405 3777473.31859 762230.6983391999 58.254925821 -0.2723776373 -0.0721032348 77.2410287934 15.025523483 3.3940721643 0.0181974211
22373 311120.56 113.8410283575 34.0910797713 3777473.584321 762231.743882 58.252115096 -0.3828630211 -0.1050150733 77.3869817258 15.0225793306 3.3509053586 -0.0669850529
22374 311120.63 113.841039752 34.09108188 3777473.847605 762232.7894205 58.2455145093 -0.2012033764 -0.1549472231 77.5472498664 15.0260516554 3.3209411076 -0.1099480236
22375 311120.7 113.8410511428 34.0910839581 3777474.107483 762233.8347222 58.2389703486 -0.16260484 -0.1252412877 77.6992368513 15.0180558829 3.2560463648 -0.0704262692
22376 311120.77 113.8410625271 34.0910860073 3777474.364128 762234.8795125 58.2346324837 -0.1166832478 -0.105593192 77.8562537408 15.0004429587 3.221648852 -0.0592157137
22377 311120.84 113.8410739101 34.0910880226 3777474.617015 762235.9242813 58.2338331919 -0.1718622828 -0.0679019399 78.0100123568 15.0116942182 3.1604111626 -1.4055e-06
22378 311120.91 113.8410852888 34.0910900115 3777474.866968 762236.9687385998 58.2314424506 -0.2868962361 -0.0078921433 78.1710441713 15.0018967452 3.1319023862 -0.0416867597
22379 311120.94 113.8410901637 34.0910908568 3777474.973292 762237.4162275 58.2299602255 -0.1982920887 0.0118699799 78.2473209334 15.0014553049 3.1133843354 -0.0504289135
22380 311121.01 113.8411015391 34.0910928042 3777475.218628 762238.4605061 58.2256811382 -0.111536512 0.0588229578 78.412984695 15.0029554538 3.0619084473 -0.0742173712
22381 311121.08 113.841112906 34.0910947214 3777475.460589 762239.5040956 58.2213803502 0.0301521797 0.0535155313 78.5895738934 14.9846728588 3.0173631854 -0.0394209536
22382 311121.15 113.8411242647 34.0910966062 3777475.698931 762240.5470221 58.2213371787 -0.0323082444 0.0544624324 78.7579208124 14.9723999701 2.9647787189 0.0343888196
22383 311121.22 113.8411356225 34.0910984631 3777475.93417 762241.5899571 58.2232187744 -0.2382666841 0.0706525778 78.9415422554 14.9830367154 2.9269302471 0.001870269
22384 311121.29 113.8411469771 34.0911002891 3777476.165977 762242.6326859 58.2212556349 -0.3551172946 -0.0185181274 79.1220072452 14.9735043906 2.8749479881 -0.0461159124
22385 311121.36 113.8411583296 34.0911020901 3777476.395009 762243.675305 58.2161900997 -0.4091983665 -0.0510596436 79.3224426286 14.971891469 2.8378931015 -0.1544308719
22386 311121.43 113.8411696803 34.0911038581 3777476.620365 762244.7178599 58.2080012066 -0.270298738 -0.1170049129 79.5124064105 14.9734711005 2.7782457695 -0.1257298828
22387 311121.5 113.8411810317 34.0911055917 3777476.841907 762245.7605835 58.2003185162 -0.3473952861 -0.1135607615 79.6999192836 14.9736606684 2.7298173597 -0.0967039669
22388 311121.57 113.8411923782 34.0911072898 3777477.0595019986 762246.8029623 58.1934514204 -0.2232595431 -0.0662425504 79.8838232226 14.9655813442 2.6622639915 -0.1089054588
22389 311121.64 113.8412037221 34.0911089509 3777477.272979 762247.8452115 58.1894639041 -0.224869636 -0.0185415794 80.0714720995 14.9609705069 2.6164292442 -0.0439081328
22390 311121.71 113.8412150634 34.0911105793 3777477.482819 762248.8873269 58.1861437392 -0.2743591049 0.1073950947 80.2662841095 14.9607629418 2.5516382372 -0.0511843511
22391 311121.78 113.8412264017 34.0911121675 3777477.688199 762249.9292888 58.1818120759 -0.144680091 0.1262183827 80.4501225179 14.9511480585 2.497903059 -0.0782844635
22392 311121.85 113.8412377355 34.0911137272 3777477.890399 762250.9709253 58.1773816878 0.0367965527 0.109164985 80.6346652561 14.9404418602 2.4551595769 -0.0677291805
22393 311121.92 113.8412490617 34.0911152606 3777478.089669 762252.0119428 58.1758104404 0.2600350089 0.0980159217 80.8254315626 14.9289522518 2.418941586 0.0053812153
22394 311121.99 113.8412603784 34.0911167645 3777478.285626998 762253.0521655 58.1792840092 0.159699112 0.1303881513 81.0247648987 14.9134024539 2.355828551 0.1093843631
22395 311122.06 113.8412716808 34.0911182333 3777478.477663 762254.0911817 58.1883822214 -0.2548066623 0.1119645717 81.2055948794 14.8968853405 2.3049877629 0.1637072163
22396 311122.13 113.8412829799 34.0911196728 3777478.666438 762255.1299888 58.1896863086 -0.5402589188 0.0860340667 81.369137167 14.9062784875 2.2535646724 -0.0446987828
22397 311122.2 113.8412942779 34.0911210802 3777478.851642 762256.1687885 58.1797022698 -0.3719736525 -0.0486252147 81.500167768 14.9021520744 2.215194549 -0.1733505318
22398 311122.22 113.841297505 34.0911214796 3777478.90425 762256.4655101999 58.176124719 -0.3005446203 -0.0019625683 81.5460970882 14.9009103443 2.2129807501 -0.1865091345
22399 311122.29 113.8413087992 34.0911228557 3777479.0859800014 762257.5040516999 58.1650170647 -0.1345622049 0.0427527731 81.6811897205 14.8991070432 2.1542775055 -0.1140207116
22400 311122.36 113.8413200791 34.0911242061 3777479.264818 762258.5413574 58.1601149291 -0.1063360537 0.0528792895 81.8006730076 14.8644752495 2.1258201837 -0.0015597297
