22670 311141.73 113.8441949483 34.0906444302 3777433.408607 762525.4607934 57.5966238044 -0.3630114422 0.8235758424 121.7348182944 10.3675901483 -6.4357977988 0.0031054981
22671 311141.82 113.8442050693 34.0906391966 3777432.853827 762526.4114443002 57.5924321106 -0.5336103643 0.7838430562 121.9110534414 10.374088812 -6.4552793655 -0.0731105282
22672 311141.91 113.8442151758 34.0906339339 3777432.2957730014 762527.3608518002 57.580773307 -0.2307600265 0.6199424303 122.0589176794 10.3612174159 -6.5033112889 -0.0997804446
22673 311142.0 113.8442252718 34.0906286457 3777431.7348589986 762528.3093591 57.5691653667 0.1327856389 0.642246993 122.214133022 10.3402927503 -6.5434026914 -0.0735089614
22674 311142.09 113.8442353469 34.0906233224 3777431.169998 762529.2560506 57.5679062745 0.1376784212 0.6504157944 122.3462549613 10.3280614224 -6.5775722896 0.0908020516
22675 311142.15 113.8442420578 34.090619762 3777430.792131 762529.8866746 57.572378871 -0.0690868701 0.6875508328 122.4393479946 10.3131597941 -6.591769158 0.0854323378
22676 311142.24 113.844252122 34.0906143911 3777430.221964 762530.8325059 57.575668361 -0.2728509341 0.7107634061 122.5804631647 10.3224409505 -6.6349497025 -0.0109306162
22677 311142.33 113.8442621966 34.0906089932 3777429.648825 762531.7793828 57.5687061641 -0.2203358572 0.6602488285 122.735273667 10.3316308708 -6.6697388954 -0.1251975602
22678 311142.42 113.8442722768 34.0906035665 3777429.072502 762532.7268719 57.5576688843 -0.057686062 0.6154445933 122.8738023064 10.3396925409 -6.7064349692 -0.1098396595
22679 311142.51 113.8442823586 34.0905981079 3777428.492643 762533.6745971999 57.5511216726 -0.0711518393 0.5814063398 123.0091558513 10.3384866263 -6.7515035952 -0.0247155415
22680 311142.6 113.8442924476 34.0905926187 3777427.909416 762534.623082 57.5485320902 -0.0659074384 0.6409626718 123.1504671534 10.350942755 -6.787671851 -0.0154690061
22681 311142.69 113.8443025424 34.0905870933 3777427.322176 762535.5722223001 57.5441892752 0.1392176166 0.5688521034 123.2914759797 10.35638261 -6.8234210934 -0.0664992907
22682 311142.78 113.8443126436 34.0905815423 3777426.7321129986 762536.5220289001 57.5408622287 0.3655371935 0.6044055539 123.4486386799 10.3497852104 -6.8633343739 0.0301788912
22683 311142.87 113.8443227332 34.0905759559 3777426.138091 762537.4708683002 57.5458866535 0.1585984302 0.5955539107 123.5835381427 10.3391102497 -6.9088240367 0.1090901025
22684 311142.96 113.844332825 34.0905703423 3777425.541065 762538.4199975 57.5529392418 -0.2198150231 0.578623045 123.7136177547 10.3514924837 -6.931580361 0.0519318904
22685 311143.05 113.8443429291 34.0905646974 3777424.940589 762539.3703686 57.5498041753 -0.4408707306 0.5788524656 123.8579326556 10.3666588874 -6.9823263117 -0.1226811916
22686 311143.07 113.8443451771 34.0905634372 3777424.806515 762539.5818218002 57.5473389039 -0.3648174914 0.5840005491 123.8917067008 10.3629161674 -6.9843604579 -0.1390603919
22687 311143.15 113.844354173 34.0905583762 3777424.267993 762540.4280596 57.5338996612 -0.1801412447 0.6120512638 124.0174729476 10.370174469 -7.0285480623 -0.1926576754
22688 311143.23 113.8443631703 34.0905532909 3777423.726774 762541.2745034002 57.5211229809 0.1908409997 0.5852581583 124.1517878804 10.3700089967 -7.0585619626 -0.1265391715
22689 311143.31 113.8443721644 34.0905481812 3777423.182845 762542.1207272 57.5192151945 0.0843653707 0.6049389224 124.272893617 10.3573551309 -7.0976399321 0.0586438923
22690 311143.39 113.8443811536 34.0905430468 3777422.636157 762542.9665673 57.5262220781 -0.1742340456 0.641628075 124.3999711621 10.3626783946 -7.1335238163 0.089406547
22691 311143.47 113.8443901468 34.0905378873 3777422.086694 762543.8128669001 57.5283716926 -0.3802656122 0.6603259596 124.5251760174 10.3732809924 -7.164955714 -0.0380047837
22692 311143.55 113.8443991479 34.0905327042 3777421.534627 762544.6599660999 57.5204691021 -0.2649449128 0.6523531266 124.6623475651 10.3733983764 -7.1940952434 -0.1468543237
22693 311143.63 113.8444081498 34.090527492 3777420.979347 762545.5072231 57.5089868046 -0.0332675038 0.6519986597 124.7987926654 10.3735576852 -7.2399058597 -0.1400905336
22694 311143.71 113.8444171491 34.0905222527 3777420.421036 762546.3543313 57.5001382642 0.0698817208 0.5989071202 124.9159689634 10.369321283 -7.2674455995 -0.0703500686
22695 311143.79 113.8444261481 34.0905169925 3777419.860417 762547.2014694 57.4993138816 -0.042270895 0.6312906658 125.0458657121 10.369563365 -7.2995578968 0.0262924438
22696 311143.87 113.8444351491 34.0905117058 3777419.296862 762548.0488808 57.4989767708 -0.0741152245 0.6055316861 125.1779341828 10.3767737837 -7.3401288813 -0.0311648191
22697 311143.95 113.844444155 34.0905063979 3777418.730963 762548.8968066 57.495548564 -0.0090871589 0.5402479954 125.3270256553 10.3771986051 -7.3680568016 -0.0436716122
22698 311143.96 113.8444452809 34.0905057328 3777418.660046 762549.0028118 57.4950686395 0.0003327383 0.5326793719 125.3453297871 10.3784860472 -7.3719343574 -0.0462280318
22699 311144.04 113.8444542813 34.0905003973 3777418.091072 762549.8503193002 57.4935641596 -0.0552943105 0.5298681496 125.4839872122 10.3730315412 -7.4084227121 0.0001656604
22700 311144.12 113.8444632672 34.090495041 3777417.519746 762550.6965493 57.4923004247 -0.1799066994 0.4664135497 125.6163447581 10.3632794328 -7.4484289716 -0.0312100064
22701 311144.2 113.8444722534 34.0904896617 3777416.945881 762551.5428789002 57.4874920119 -0.116714649 0.4438656232 125.7523003095 10.3625471962 -7.4766924626 -0.0952690274
22702 311144.28 113.8444812358 34.0904842561 3777416.369073 762552.3889340998 57.4803762054 0.0153964603 0.4511313226 125.8929010209 10.362271493 -7.5154583224 -0.1012518279
22703 311144.36 113.8444902143 34.0904788255 3777415.789496 762553.2347127 57.4757079994 0.0389071986 0.4163215743 126.0376524217 10.3535550855 -7.5442911382 -0.0312089496
22704 311144.44 113.8444991862 34.0904733733 3777415.207495 762554.0799426999 57.4761434831 -0.1081501118 0.4205258548 126.1859643443 10.3512903038 -7.5797978837 0.0169790865
22705 311144.52 113.8445081525 34.0904678908 3777414.622121 762554.9247503 57.4753114302 -0.280526252 0.5085352913 126.3317227184 10.3332896541 -7.6228030413 -0.0399240742
22706 311144.6 113.8445171085 34.0904623773 3777414.033277 762555.7687053 57.4702075813 -0.2402540064 0.6378225478 126.4836262229 10.3269922974 -7.6695633099 -0.093498754
22707 311144.68 113.8445260579 34.0904568322 3777413.440904 762556.612156 57.4601393621 0.0311789109 0.6109583275 126.6386010277 10.319215507 -7.7048979972 -0.1504888869
22708 311144.76 113.8445350007 34.0904512673 3777412.846331 762557.4550465 57.453496309 0.2081125309 0.6048083045 126.80045473 10.313079075 -7.733882839 -0.027154775
22709 311144.77 113.8445361174 34.0904505706 3777412.771876 762557.5603021998 57.4530832833 0.229244004 0.6075745696 126.823428558 10.3054455536 -7.7340957996 -0.0289760739
22710 311144.85 113.8445450404 34.0904449802 3777412.174422 762558.4014526 57.4559386997 0.1556154993 0.5793955826 126.982885914 10.2859630166 -7.7696564607 0.0418849708
22711 311144.93 113.8445539528 34.0904393719 3777411.574948 762559.2416746998 57.4612704935 -0.025116724 0.4628032894 127.1664636448 10.282179785 -7.7887523135 0.0429138732
22712 311145.01 113.8445628609 34.0904337435 3777410.973231 762560.0815670999 57.4607455702 0.1216878143 0.3277190278 127.3701989773 10.2732876888 -7.8351508871 -0.0280499659
22713 311145.09 113.8445717447 34.0904280859 3777410.368215 762560.9192971998 57.4589615697 0.1228153554 0.2173002505 127.5495736933 10.2298187497 -7.8599963796 -0.0172156989
22714 311145.17 113.8445806126 34.0904223989 3777409.759885 762561.7556588 57.4590657437 0.081201013 0.1557501376 127.718823873 10.2159394823 -7.9092557565 0.018143114
22715 311145.25 113.8445894598 34.0904166886 3777409.148926 762562.590173 57.4622011641 -0.1457651141 0.1518883467 127.8781582016 10.2039954219 -7.9326556729 0.0503053036
22716 311145.33 113.844598291 34.0904109511 3777408.534902 762563.423298 57.4604754606 -0.3020357918 0.2945853687 128.0493003232 10.1740053176 -7.9783485181 -0.111868107
22717 311145.41 113.8446071013 34.0904051766 3777407.916725 762564.2546076 57.4533161065 -0.1514704555 0.3934074153 128.1952135144 10.1564805521 -8.0305914919 -0.0870461391
22718 311145.49 113.8446158992 34.0903993771 3777407.295733 762565.0848498 57.4426708724 0.2206926144 0.3801419326 128.3398412467 10.1426342526 -8.0514339448 -0.1381627715
22719 311145.57 113.8446246837 34.090393562 3777406.672979 762565.9139111999 57.4408875899 0.2389369106 0.4359194842 128.4879489958 10.1243459063 -8.0744481151 0.0630417655
22720 311145.65 113.8446334531 34.0903877319 3777406.048518 762566.7416126998 57.4469607212 -0.0433734105 0.4986712285 128.6519083597 10.1064080706 -8.094601009 0.0750729801
22721 311145.73 113.8446422114 34.0903818825 3777405.421892 762567.5683539001 57.4516028883 -0.1927427373 0.3884201969 128.82795387 10.1054707146 -8.1230981962 0.0293447411
22722 311145.81 113.8446509603 34.0903760112 3777404.792817 762568.3942914002 57.4481338784 -0.1702406869 0.3520150405 129.0073473269 10.0809584512 -8.161215299 -0.103560052
22723 311145.89 113.844659688 34.0903701074 3777404.16007 762569.2183787 57.4413824352 -0.1524397385 0.3439323629 129.1546388366 10.056424503 -8.2054933489 -0.0922402357
22724 311145.97 113.8446683953 34.0903641777 3777403.524396 762570.0406644 57.4364905302 -0.234135774 0.449891113 129.2963692325 10.0353348985 -8.2451411087 -0.0421677855
22725 311146.05 113.8446770807 34.0903582203 3777402.885602 762570.8610043002 57.4327202216 -0.3306878782 0.6891971332 129.4447280559 10.0093311152 -8.2807810004 -0.058624474
22726 311146.13 113.8446857503 34.0903522323 3777402.243368 762571.6799898002 57.4250454502 -0.2887719331 0.8493698252 129.5918089132 9.9923055255 -8.3177784513 -0.1241360858
22727 311146.21 113.8446944082 34.0903462225 3777401.598675 762572.4979561998 57.41480246 0.0335876025 0.8165819874 129.7473736657 9.9796602477 -8.3407548663 -0.0920328063
22728 311146.28 113.8447019798 34.0903409541 3777401.033476 762573.2133302 57.409729912 0.1549911492 0.808010554 129.8770669277 9.973923782 -8.3534557011 -0.0321616638
22729 311146.36 113.8447106165 34.0903349202 3777400.386058 762574.0294174 57.4130826006 0.0021300751 0.738482679 130.0182678523 9.9538241662 -8.380476481 0.0961941744
22730 311146.44 113.8447192477 34.0903288745 3777399.73733 762574.8450243 57.4172096811 -0.2743648541 0.6279339899 130.1738989927 9.9530344841 -8.3943208497 0.0220516413
22731 311146.52 113.8447278675 34.0903228083 3777399.08628 762575.6596551 57.4152987497 -0.2835720133 0.4782281635 130.3192467232 9.9425850203 -8.427917806 -0.0688862637
22732 311146.6 113.8447364734 34.0903167176 3777398.432486 762576.4730735 57.4055680428 -0.0387148637 0.4462724357 130.4477871438 9.9096737641 -8.4622335024 -0.1605334148
22733 311146.68 113.8447450581 34.0903105972 3777397.775338 762577.2846225002 57.3966583488 0.2135513023 0.4880006273 130.5500719801 9.8939792017 -8.4966645893 -0.0978106988
22734 311146.76 113.8447536239 34.0903044591 3777397.1161730015 762578.0944829 57.395680041 0.1803581697 0.6166087345 130.6556154881 9.8712782312 -8.5204057331 0.0456163089
22735 311146.84 113.8447621714 34.090298304 3777396.455088 762578.902703 57.402493489 -0.0958904127 0.6957426768 130.7603685141 9.8623202326 -8.5446926039 0.0835119211
22736 311146.92 113.8447707132 34.090292135 3777395.792429 762579.7104491 57.4053682275 -0.2882892718 0.77595773 130.886981394 9.8536859212 -8.5639576327 -0.020496732
22737 311147.0 113.844779249 34.0902859477 3777395.127735 762580.5176901999 57.4009267352 -0.2867079656 0.7791796205 131.0143836582 9.8428537369 -8.5888609292 -0.0972740425
22738 311147.08 113.8447877776 34.0902797396 3777394.460712 762581.3243297 57.3909765519 -0.0597797773 0.8181543926 131.1403473328 9.8291225852 -8.6182199322 -0.1351154581
22739 311147.1 113.844789907 34.0902781842 3777394.29357 762581.5257531998 57.3887117878 -0.0311708128 0.8429209232 131.1712036991 9.8232303734 -8.6258514358 -0.1125812905
22740 311147.18 113.8447984132 34.0902719483 3777393.623405 762582.3304143002 57.3821520917 0.1166351887 0.855877669 131.2906571694 9.8037085704 -8.6558679406 -0.0561914472
22741 311147.26 113.8448069136 34.0902656972 3777392.951538 762583.1345841999 57.3818852818 0.143548764 0.8376936552 131.4200004576 9.8025651432 -8.67498562 0.0252358591
22742 311147.34 113.8448154056 34.0902594289 3777392.27774 762583.9380383 57.3851688169 0.0042967476 0.797802541 131.5530909142 9.7910404139 -8.7006439491 0.0392325569
22743 311147.42 113.844823895 34.0902531385 3777391.601478 762584.7413164 57.3868075497 -0.0930335054 0.6856295553 131.6989826122 9.7880308149 -8.7313119597 0.0024705838
22744 311147.5 113.8448323806 34.0902468277 3777390.922953 762585.5443068001 57.3866761997 -0.2283899462 0.6002254801 131.8526692971 9.7877825244 -8.7631592448 -0.0233703916
22745 311147.58 113.8448408609 34.0902404873 3777390.24112 762586.3469006 57.381712825 -0.3433836169 0.5474717307 132.0067577368 9.7729514653 -8.8102083706 -0.0983295219
22746 311147.66 113.8448493306 34.0902341149 3777389.555709 762587.1486085998 57.3722320236 -0.1871326218 0.4894380738 132.1562106416 9.7689049203 -8.8549713267 -0.1394169047
22747 311147.74 113.8448577921 34.0902277101 3777388.866679 762587.9496721 57.3620267883 -0.0198213072 0.5091870014 132.3047849305 9.7524654462 -8.8929660866 -0.1044902193
22748 311147.82 113.8448662399 34.0902212763 3777388.1744019985 762588.7495481 57.3556546401 0.2394801122 0.5879477766 132.4562191689 9.7392051865 -8.9339503598 -0.0498169187
22749 311147.9 113.8448746768 34.0902148141 3777387.478944 762589.5485173 57.3566239271 0.2882850242 0.6431685884 132.6295313123 9.7277210785 -8.9703030149 0.0488256107
22750 311147.92 113.8448767836 34.0902131956 3777387.304747 762589.7480433 57.3574301572 0.2823669339 0.6405114473 132.6754895231 9.7186638236 -8.9741941823 0.0409937288
22751 311148.0 113.8448852038 34.090206701 3777386.605656 762590.5455641998 57.3635392189 0.2045930273 0.5710629182 132.8502757471 9.7094993674 -9.0185259785 0.09544039
22752 311148.08 113.8448936129 34.0902001804 3777385.903637 762591.3421417 57.3688607058 0.0181504155 0.5292732949 133.0235503539 9.6952669794 -9.0591233043 0.0437526968
22753 311148.16 113.8449020123 34.09019363 3777385.1982949986 762592.1379076998 57.370118578 -0.1730754303 0.4607489287 133.1894620066 9.69040587 -9.102357766 -0.0122897543
22754 311148.24 113.8449104069 34.0901870516 3777384.489832 762592.9333311998 57.3665864943 -0.3584118506 0.450179113 133.3697507302 9.6849124696 -9.1451246541 -0.0863227278
22755 311148.32 113.8449187873 34.0901804362 3777383.777228 762593.7275502 57.3568069823 -0.2760676844 0.5099638709 133.5444012159 9.6633940191 -9.2014619249 -0.1588749861
22756 311148.4 113.8449271508 34.0901737798 3777383.06003 762594.5203393 57.3437285805 -0.0910414467 0.6357548681 133.7078613933 9.641540433 -9.2548387365 -0.1741037349
22757 311148.48 113.8449354904 34.0901670863 3777382.33865 762595.3110354998 57.3351885406 0.186104309 0.7417219842 133.8431037839 9.6160941334 -9.3025297572 -0.0595780146
22758 311148.56 113.844943822 34.0901603698 3777381.614697 762596.1010591999 57.3357378505 0.1317333186 0.8914591269 133.9934595726 9.6134326942 -9.3225363291 0.054557876
22759 311148.64 113.844952144 34.090153632 3777380.888365 762596.890264 57.3404765828 -0.0260563 0.8825455503 134.1515611781 9.6023667633 -9.3508246684 0.0669359886
22760 311148.72 113.844960467 34.0901468754 3777380.15994 762597.6796281 57.3421159321 0.0005460275 0.8083103318 134.3273573453 9.6009267236 -9.382754936 -0.0132351381
22761 311148.73 113.8449615074 34.0901460293 3777380.068716 762597.7782975 57.3421283504 -0.0227464967 0.8057215487 134.3482143408 9.6031825473 -9.3862849428 -0.0043245844
22762 311148.81 113.8449698225 34.0901392447 3777379.337168 762598.5670148 57.3384524165 0.0008075243 0.6843068873 134.5052152768 9.5906353631 -9.4212241755 -0.0929754394
22763 311148.89 113.8449781261 34.090132433 3777378.602576 762599.3547522 57.3345597293 0.0998351038 0.5776152188 134.6527966472 9.5768756715 -9.4694874518 -0.0272633613
22764 311148.97 113.8449864154 34.0901255965 3777377.865206 762600.1412461 57.3329742672 0.016996675 0.5474770857 134.7940198054 9.5580897796 -9.4991515025 -0.0059315936
22765 311149.05 113.8449946894 34.0901187295 3777377.124397 762600.9264216998 57.3340368858 -0.13854333 0.5280377478 134.9338402238 9.5398819756 -9.5392078146 -0.001915274
22766 311149.13 113.8450029556 34.0901118299 3777376.379968 762601.710978 57.3322550226 -0.1962846361 0.5642167867 135.0728054501 9.5315819103 -9.581063734 -0.0542428641
22767 311149.21 113.8450112119 34.0901048999 3777375.632128 762602.4947116 57.3258161023 -0.0133464491 0.5575321115 135.2176257725 9.5208132189 -9.6203584228 -0.1096775939
22768 311149.29 113.8450194606 34.0900979455 3777374.881562 762603.2778248 57.3190993993 0.2006777097 0.5029261629 135.362875131 9.509950528 -9.6506937378 -0.0503042539
22769 311149.37 113.8450276992 34.0900909702 3777374.128659 762604.060063 57.318835414 0.1502010225 0.4683473318 135.5057528055 9.5001618282 -9.680558599 0.0273322445
22770 311149.45 113.845035927 34.090083971 3777373.373069002 762604.8413890002 57.3232182264 -0.0327276032 0.4884276471 135.6503414043 9.486824204 -9.7168543858 0.0457864939
22771 311149.5 113.8450410646 34.0900795817 3777372.899167 762605.329318 57.3240636699 -0.0692401614 0.4898373898 135.7448185636 9.4815996462 -9.7430113137 -0.00269288
22772 311149.58 113.845049278 34.0900725341 3777372.138171 762606.1094528001 57.3204676453 -0.0740694952 0.4607435442 135.8787869611 9.4695617134 -9.7820555955 -0.0825085816
22773 311149.66 113.8450574796 34.0900654576 3777371.373932 762606.8885895001 57.3146579033 0.0647983827 0.5313824088 135.9976497649 9.4535169851 -9.8270248273 -0.0588621768
22774 311149.74 113.8450656664 34.0900583517 3777370.606393 762607.6664529998 57.3113313261 -0.0090886109 0.6649448679 136.0998556849 9.4426860386 -9.8649540997 -0.0242984865
22775 311149.82 113.8450738454 34.0900512206 3777369.836045 762608.4436771999 57.3102040328 -0.0447314692 0.6974486106 136.2161728076 9.4349315605 -9.8979259103 -0.0168986813
22776 311149.9 113.845082028 34.0900440712 3777369.063668 762609.2212920998 57.3083723104 -0.1977252801 0.6253182547 136.3444294477 9.4485125985 -9.9192318753 -0.0284081193
22777 311149.98 113.8450902126 34.0900369008 3777368.288964 762609.9991534002 57.3037853623 -0.0853741459 0.6098964692 136.4787524174 9.4373809674 -9.9533828544 -0.0860389741
22778 311150.06 113.8450983893 34.090029705 3777367.511422 762610.7763625 57.29769082 0.0040699025 0.6051994395 136.6256108756 9.4380218024 -9.9905174935 -0.0898060017
22779 311150.14 113.8451065522 34.0900224812 3777366.730751 762611.5523841998 57.2925737174 0.4382688201 0.5175836349 136.7770377784 9.4145487913 -10.0321358167 -0.0288958313
22780 311150.22 113.8451146999 34.0900152296 3777365.946943 762612.3270843 57.2932800883 0.5316476511 0.5702303752 136.9285128624 9.3910428962 -10.0671291506 0.0583396614
22781 311150.29 113.8451218071 34.0900088601 3777365.25835 762613.0029890002 57.3021791484 0.4820294168 0.5863668569 137.0486649589 9.3644323676 -10.0937865279 0.1932097609
22782 311150.37 113.8451299199 34.0900015561 3777364.468639 762613.7746388002 57.314996615 -0.1209342055 0.6463931562 137.2082268694 9.3600827348 -10.1340773616 0.111910402
22783 311150.45 113.8451380264 34.0899942226 3777363.675636 762614.5457923 57.3183583282 -0.3185325558 0.5797585954 137.3838994973 9.3568169695 -10.1896425525 -0.0374695406
22784 311150.53 113.8451461298 34.0899868589 3777362.879272 762615.3167566 57.3089638092 -0.3769468978 0.4962665274 137.5586293633 9.3481775066 -10.2315512565 -0.2052852313
22785 311150.61 113.8451542237 34.0899794643 3777362.079464 762616.0869321 57.2929256363 -0.1738359654 0.4546254316 137.7256558795 9.3320498504 -10.270178274 -0.207710884
22786 311150.69 113.8451623014 34.0899720356 3777361.275826 762616.8557183002 57.2784229191 0.1668090099 0.4453612304 137.8888872115 9.3060878961 -10.3151495468 -0.1336798769
22787 311150.77 113.8451703597 34.0899645764 3777360.468753 762617.6228151999 57.2749141706 0.2519176701 0.4476717317 138.0412268954 9.2923131747 -10.3511696475 0.0685271556
22788 311150.85 113.8451784 34.0899570919 3777359.658818 762618.3883249002 57.280968721 0.1465171981 0.4495719872 138.2001087156 9.2721871766 -10.3816492543 0.0882053949
22789 311150.93 113.8451864296 34.0899495787 3777358.845679 762619.1529361 57.2875058642 -0.0051144163 0.5057687953 138.3694324003 9.2635825643 -10.4347263027 0.0442838079
22790 311151.01 113.8451944416 34.0899420322 3777358.028801 762619.9160229998 57.2882643882 -0.0144637998 0.4339757012 138.5404686074 9.2308705077 -10.48458746 -0.0298892748
22791 311151.08 113.8452014501 34.0899354071 3777357.311587 762620.5836068002 57.2860168265 -0.1354121872 0.3585787585 138.6935383929 9.2397684982 -10.5141403742 -0.0417026461
22792 311151.16 113.8452094422 34.089927805 3777356.488493 762621.3450317 57.2824770473 -0.4399085094 0.4279380762 138.8530813875 9.210218022 -10.5703694682 -0.0699209185
22793 311151.24 113.8452174175 34.0899201694 3777355.661623 762622.1050071998 57.2697853968 -0.3159402447 0.4397598375 139.0278387333 9.1911141645 -10.5987905649 -0.2195972378
22794 311151.32 113.8452253777 34.0899124947 3777354.830385 762622.8637127 57.2535471171 -0.0563373567 0.498213997 139.2025905577 9.1750405246 -10.6647182175 -0.1935613656
22795 311151.4 113.845233317 34.0899047908 3777353.995843 762623.6205681999 57.242224182 0.3376275164 0.4688524401 139.3716536982 9.1501107452 -10.6884072195 -0.0403575812
22796 311151.48 113.8452412351 34.0898970632 3777353.158627 762624.3755466999 57.2488782005 0.0838247373 0.4965603663 139.5489695604 9.1236683797 -10.7264130916 0.1515338637
22797 311151.56 113.8452491385 34.0898893114 3777352.318682 762625.1292477 57.2591622733 -0.2053663448 0.4445307464 139.7358810048 9.1193938254 -10.7666684682 0.0749056042
22798 311151.64 113.8452570299 34.0898815277 3777351.475162 762625.8819330998 57.2577402163 -0.1423694203 0.4294523318 139.938543353 9.0932377871 -10.813667571 -0.1031163345
22799 311151.72 113.8452648975 34.0898737038 3777350.627132 762626.6325508 57.2483041258 0.1150494038 0.4289065062 140.1207232008 9.0613147993 -10.8678999088 -0.1295596642
22800 311151.79 113.8452717593 34.089866831 3777349.882049 762627.2873564998 57.2412641281 0.1878930458 0.433409722 140.26053054 9.0354785277 -10.9021930959 -0.0668483016
22801 311151.87 113.845279578 34.0898589492 3777349.027459 762628.0336341999 57.2401910033 0.0827792015 0.5219354983 140.4082384167 9.0145506615 -10.9413442273 0.0127644225
22802 311151.95 113.845287381 34.0898510393 3777348.169718 762628.7785493 57.2396548046 -0.0255674416 0.528046224 140.5746305287 8.9982934154 -10.9759490374 -0.0428714435
22803 311152.03 113.8452951783 34.0898431044 3777347.309183 762629.5230139 57.2364711259 0.0123629741 0.4715334866 140.7539697795 8.9886665255 -11.012815788 -0.0135770925
22804 311152.11 113.8453029568 34.0898351418 3777346.4455160014 762630.2658316 57.2346490156 -0.0246376088 0.4993668613 140.9286397151 8.9569072397 -11.0529912007 -0.0300657992
22805 311152.19 113.8453107145 34.0898271462 3777345.57815 762631.0068312 57.2331656925 0.019367177 0.4990984248 141.095494811 8.9459094599 -11.1077029133 -0.0295909941
22806 311152.27 113.8453184512 34.0898191235 3777344.707705002 762631.7459716 57.229215743 0.1317636148 0.5084678179 141.2681042705 8.9110222907 -11.1347787039 -0.0784590512
22807 311152.34 113.8453251987 34.0898120777 3777343.943146 762632.3907625 57.2286117049 0.2014586052 0.4635657145 141.4058200531 8.8928608015 -11.1695393782 -0.0004036355
22808 311152.41 113.8453319351 34.0898050133 3777343.176486 762633.0345882 57.2304288084 -0.0730700202 0.4298678321 141.5479695834 8.8802270089 -11.2027581714 0.0503931
22809 311152.48 113.8453386604 34.089797933 3777342.408026 762633.6774337 57.2311550938 -0.344020102 0.4322072528 141.7004159078 8.8632047259 -11.2293557668 -0.0444525268
22810 311152.54 113.8453444172 34.0897918469 3777341.747416 762634.2277781002 57.2265280774 -0.3445904408 0.416110806 141.8444010335 8.8545258067 -11.2567417332 -0.1318478649
22811 311152.61 113.8453511169 34.0897847224 3777340.973991001 762634.8684035 57.215807165 -0.1592815357 0.4818632808 142.0086213858 8.8204441555 -11.3079000637 -0.1890487148
22812 311152.68 113.8453577876 34.0897775671 3777340.197079 762635.506441 57.2036990095 0.1212360565 0.6116052476 142.1494287213 8.7807739266 -11.3544846834 -0.1608572415
22813 311152.75 113.8453644293 34.0897703872 3777339.417362 762636.1418733002 57.1988641685 0.2034848069 0.7508280308 142.282753282 8.7437070788 -11.3916717091 -0.0092462666
22814 311152.82 113.845371049 34.0897631921 3777338.635897 762636.7753281 57.2036782662 -0.0180605996 0.8939624163 142.4220779405 8.7302437832 -11.4087848804 0.0911967324
22815 311152.89 113.8453776575 34.0897559782 3777337.852311 762637.407805 57.2085907701 -0.2852227003 0.9271011178 142.5825099794 8.7139195964 -11.4438613611 0.0115097215
22816 311152.96 113.845384264 34.0897487496 3777337.067096 762638.0401354998 57.2046722211 -0.201091251 0.7382767418 142.7530721416 8.7176684486 -11.4497030863 -0.1077165438
22817 311153.03 113.8453908648 34.089741504 3777336.279981 762638.6719978001 57.1974524977 -0.1393082016 0.6691307573 142.9327750545 8.6959513575 -11.492474642 -0.1420467432
22818 311153.1 113.8453974435 34.0897342228 3777335.488853 762639.3019353001 57.1896024011 0.0610571923 0.4767486613 143.0921392735 8.6855513932 -11.521530859 -0.1355520272
22819 311153.17 113.8454040013 34.0897269178 3777334.695033 762639.930013 57.1863683211 0.0002451311 0.4856899177 143.2504730359 8.6434441464 -11.5719725628 -0.0248427392
22820 311153.19 113.8454058692 34.089724827 3777334.467814 762640.1089399002 57.1859082561 0.0267949485 0.4974402278 143.2928559299 8.6239096497 -11.5715836593 -0.0385769562
22821 311153.26 113.8454123911 34.0897174877 3777333.670094 762640.7338101999 57.1863143742 -0.0164375319 0.4644273733 143.4161102443 8.6007032013 -11.6132754611 -0.003192504
22822 311153.33 113.8454188903 34.0897101276 3777332.870004 762641.3566449 57.1877010679 -0.1594709005 0.6409726232 143.548327481 8.5670885907 -11.6560960011 0.00739859
22823 311153.4 113.8454253674 34.0897027424 3777332.067082 762641.9775173 57.1857072385 -0.130638352 0.6761260178 143.660216492 8.5482002308 -11.6806050759 -0.0826996958
22824 311153.47 113.8454318343 34.0896953433 3777331.262579 762642.5974926999 57.1820816463 0.0148141349 0.7384482172 143.8104149612 8.5274718473 -11.7077060923 -0.0777886087
22825 311153.54 113.8454382866 34.0896879274 3777330.45618 762643.2161686 57.1801274307 -0.0035303313 0.7238160023 143.952491285 8.5126081898 -11.7340427267 -0.0409546427
22826 311153.61 113.8454447264 34.0896805014 3777329.648639 762643.8337234 57.1798760602 -0.0282122708 0.6756807797 144.1046404181 8.488850037 -11.7470484806 -0.0171883863
22827 311153.68 113.8454511458 34.0896730573 3777328.839024 762644.4494542 57.1813609963 -0.1678949275 0.6595705672 144.2547697897 8.4601848475 -11.7862166121 -0.0042668855
22828 311153.75 113.8454575487 34.0896655977 3777328.0276480014 762645.0637069 57.1791546512 -0.1648490013 0.5798946862 144.4055475454 8.4398899331 -11.8031557585 -0.0869065021
22829 311153.82 113.8454639321 34.0896581212 3777327.21435 762645.6762145002 57.1759589193 -0.1054994822 0.5451391701 144.5595933378 8.4086234836 -11.8339019632 -0.06194627
22830 311153.89 113.8454702892 34.0896506238 3777326.398652 762646.2863542 57.1729402086 -0.1139286238 0.5314215007 144.7087689383 8.3756370134 -11.8627322289 -0.0562880847
22831 311153.9 113.8454711959 34.0896495514 3777326.281975 762646.3733859998 57.1727495855 -0.1070878246 0.5298871733 144.7298014118 8.376192668 -11.867458716 -0.0428670731
22832 311153.97 113.845477528 34.089642033 3777325.463894998 762646.9812856 57.1701766923 -0.1317666777 0.5370697466 144.8854921233 8.3436400384 -11.900301067 -0.0497961592
22833 311154.04 113.8454838372 34.0896345001 3777324.644141 762647.5871193 57.1668597553 -0.0453336078 0.5603172084 145.0431597719 8.3132358432 -11.9204559172 -0.0937828693
22834 311154.11 113.8454901324 34.0896269657 3777323.824187998 762648.1916563001 57.1635508426 0.1355983006 0.5917198017 145.2136776154 8.2801933111 -11.9575501732 -0.0449444243
22835 311154.18 113.8454964015 34.0896194113 3777323.001958 762648.7938533 57.1614036569 0.1739185583 0.6304279693 145.3752926963 8.2491545022 -11.9785395053 -0.0167217356
22836 311154.25 113.8455026427 34.0896118428 3777322.178074 762649.3935066998 57.1650506901 0.0610220516 0.639188751 145.5367099433 8.2074362167 -12.004322141 0.0815221514
22837 311154.32 113.8455088619 34.0896042566 3777321.352174 762649.9911941999 57.1688970718 -0.2245094833 0.6387904719 145.6893963942 8.1892805604 -12.0392544221 0.0285524234
22838 311154.39 113.8455150601 34.0895966552 3777320.524542 762650.5869868 57.1665049251 -0.168367363 0.663060719 145.8631139639 8.1497715418 -12.0573947633 -0.1024831372
22839 311154.46 113.8455212403 34.0895890309 3777319.694312 762651.1811849 57.1602733256 -0.1031381113 0.6034639002 146.0234659282 8.1353923245 -12.0971265701 -0.0991848489
22840 311154.53 113.8455273965 34.089581394 3777318.862635 762651.7732082 57.154991731 -0.2006713279 0.5885104318 146.1836269922 8.0950947788 -12.1139858332 -0.0689731246
22841 311154.6 113.8455335269 34.0895737377 3777318.028722 762652.3629093 57.1516931849 -0.2547598314 0.5782805393 146.3236181961 8.0637091151 -12.1442456801 -0.0698461001
22842 311154.67 113.8455396352 34.0895660635 3777317.192779 762652.9506308001 57.146698405 -0.2114293768 0.5837056863 146.4688181589 8.04043761 -12.1771514546 -0.1161782863
22843 311154.74 113.8455457261 34.0895583737 3777316.355055 762653.5367903 57.1392281037 -0.0076895574 0.512597215 146.62164682 8.0173289109 -12.1948569978 -0.1009709837
22844 311154.81 113.8455517992 34.089550673 3777315.516075 762654.1213369998 57.1351552755 0.2048835758 0.4695442462 146.7839038023 7.9886415211 -12.2101521356 -0.0179103517
22845 311154.88 113.8455578463 34.0895429584 3777314.675486 762654.7035306 57.1376938401 0.194871008 0.4180478624 146.9338460627 7.9524789526 -12.2356917311 0.0910141489
22846 311154.95 113.8455638691 34.0895352312 3777313.83344 762655.2835163 57.1428792337 0.1634326904 0.4337447547 147.0811253373 7.9232647625 -12.2508829416 0.0698355456
22847 311155.02 113.8455698649 34.0895274863 3777312.989355 762655.8610619 57.1480629388 0.1416692 0.3910976688 147.2278318266 7.8905669083 -12.2847571662 0.0721427191
22848 311155.09 113.8455758388 34.089519733 3777312.144285 762656.436614 57.1508506956 -0.0849998712 0.4086276849 147.376013841 7.8607717788 -12.2979296583 0.030221252
22849 311155.16 113.8455817831 34.0895119668 3777311.297708 762657.0094761999 57.152828142 -0.2641770241 0.4274456576 147.5135935855 7.8179492685 -12.31964961 -0.006508428
22850 311155.23 113.8455877034 34.0895041842 3777310.449243 762657.5801681 57.149299318 -0.4076981592 0.4471166168 147.6432692932 7.7937614401 -12.3494196575 -0.1105410639
22851 311155.3 113.8455936015 34.0894963889 3777309.5993160014 762658.1488526 57.1388468407 -0.3360591189 0.4486808462 147.7766976491 7.7621960887 -12.3684375573 -0.1839168205
22852 311155.35 113.8455978005 34.0894908158 3777308.991632 762658.5537824002 57.1305087339 -0.1771180026 0.443262563 147.8743065771 7.7432881451 -12.3730338492 -0.1630911605
22853 311155.42 113.8456036615 34.0894830083 3777308.140254 762659.1190849 57.1212737355 0.0960062142 0.4651124119 148.0219669017 7.7119440906 -12.3823475793 -0.1076732951
22854 311155.49 113.8456094933 34.0894751944 3777307.28809 762659.6817036 57.1200901642 0.1826500304 0.5073658133 148.1700135487 7.6701193274 -12.3986011944 0.0623503585
22855 311155.56 113.8456152929 34.089467377 3777306.435456 762660.2413586 57.1267661713 -0.005257515 0.469085171 148.3151024606 7.6333867061 -12.3934141109 0.1049246167
22856 311155.63 113.8456210668 34.0894595571 3777305.582476 762660.7986560998 57.1339834789 -0.1838307298 0.5266194788 148.4685666039 7.5896296242 -12.4032186903 0.0694872474
22857 311155.7 113.8456268062 34.0894517243 3777304.727976002 762661.3528055998 57.134889246 -0.3093754095 0.549660809 148.6035710142 7.5530767276 -12.4206408616 -0.0764758228
22858 311155.77 113.8456325219 34.0894438848 3777303.872681 762661.90478 57.1287305411 -0.1672511257 0.5154625815 148.7519407484 7.5108585286 -12.4386587074 -0.1187712002
22859 311155.84 113.8456382092 34.0894360401 3777303.016729 762662.4541569 57.1214100812 -0.2722124035 0.5785607658 148.8839392503 7.4804422027 -12.4438549939 -0.1080417595
22860 311155.91 113.8456438663 34.0894281947 3777302.1606230014 762663.000746 57.1152671278 -0.2549221341 0.6586466913 149.0232638277 7.4306371398 -12.4410518482 -0.1011942757
22861 311155.98 113.8456494907 34.0894203436 3777301.30379 762663.5443281 57.1092144027 -0.2567439939 0.6748714795 149.1571089592 7.3948568651 -12.4511152541 -0.1089346061
22862 311156.05 113.8456550905 34.0894124873 3777300.446328 762664.0856613001 57.1036458388 -0.1753575518 0.6857100201 149.2967199071 7.3644198325 -12.4463232482 -0.0574315303
22863 311156.08 113.8456574823 34.0894091182 3777300.078589 762664.3169161 57.1019458603 -0.2373685261 0.7339337612 149.3585950685 7.3520521766 -12.4544097553 -0.0696626041
22864 311156.15 113.8456630373 34.0894012547 3777299.220209 762664.8541382 57.0995272985 -0.1469024298 0.7725250203 149.5019772213 7.3076316233 -12.4584274918 -0.0426891911
22865 311156.22 113.8456685629 34.0893933891 3777298.361526 762665.3886479 57.0972592914 -0.1825654496 0.8490563038 149.6560307115 7.2645345354 -12.4652317947 -0.0563335825
22866 311156.29 113.845674054 34.0893855205 3777297.502415 762665.9199788 57.0936198896 0.1281187732 0.7529140701 149.7979246962 7.2203185889 -12.4582678304 -0.0696835633
22867 311156.36 113.845679521 34.089377649 3777296.642928 762666.4490915 57.0921967691 0.2167511854 0.8213196247 149.94433926 7.1873902013 -12.4802320577 0.03032572
22868 311156.43 113.8456849483 34.0893697788 3777295.783467 762666.9745444 57.0952351438 0.0101317765 0.8236243975 150.079695494 7.137356023 -12.4636297653 0.0602755924
22869 311156.5 113.8456903524 34.0893619104 3777294.924165 762667.4978426 57.0992386472 -0.1756426558 0.757849228 150.2337243158 7.1129716986 -12.4595474556 0.0287865123
22870 311156.57 113.8456957281 34.0893540403 3777294.064594 762668.0185271 57.09951624 -0.2970955449 0.7227507217 150.3897677017 7.0655840198 -12.4687789431 -0.03803212
22871 311156.64 113.8457010739 34.0893461674 3777293.204635 762668.536451 57.0948278746 -0.2231634905 0.6539886541 150.5495639078 7.0307951843 -12.4725612081 -0.094147529
22872 311156.71 113.8457063878 34.0893382932 3777292.344443 762669.0514390002 57.0871708384 -0.0731219914 0.5692046475 150.7110340026 6.9854959017 -12.479194659 -0.1052842099
22873 311156.78 113.8457116693 34.0893304197 3777291.484254 762669.5634399 57.0823642248 0.0660611668 0.5216831188 150.8660474143 6.9437199658 -12.4676267553 -0.0369776201
22874 311156.82 113.8457146708 34.089325922 3777290.992835 762669.8544832 57.0823610714 0.0556142196 0.5416611552 150.9564870471 6.912665807 -12.4706038215 0.0263881075
22875 311156.9 113.8457206313 34.0893169256 3777290.009766 762670.4326420998 57.08647375 -0.0905317805 0.6020800833 151.1241046335 6.8487387464 -12.4702478141 0.0492400144
22876 311156.98 113.8457265472 34.0893079265 3777289.0262980014 762671.0066979 57.0873297555 0.0533024437 0.6304164349 151.3039570807 6.8065512152 -12.4818475703 -0.0158532175
22877 311157.06 113.8457324208 34.0892989287 3777288.042855 762671.5768342 57.0870732311 0.1010590104 0.6044067766 151.4772351134 6.7516918901 -12.4645470838 0.0124860164
22878 311157.14 113.8457382525 34.0892899386 3777287.060165 762672.1430886999 57.0915890047 -0.10154835 0.6262601534 151.6492560475 6.7113324107 -12.4707937946 0.0658989734
22879 311157.22 113.8457440394 34.0892809483 3777286.07733 762672.7052020001 57.0953514436 -0.4735531754 0.5893103503 151.8107607939 6.6570279945 -12.4637191201 -0.0256043506
22880 311157.3 113.8457497955 34.0892719582 3777285.094444 762673.2644716 57.0891147563 -0.4245752942 0.5916887189 151.9931764736 6.6243529824 -12.4740425605 -0.1386029668
22881 311157.38 113.8457555039 34.0892629626 3777284.110825 762673.8193495 57.0771711534 -0.2009691541 0.5423846751 152.1496909729 6.5607055261 -12.4753773142 -0.152754445
22882 311157.46 113.8457611769 34.0892539694 3777283.127373 762674.3709555 57.0672321729 0.0769297668 0.4878978876 152.3084234658 6.5220588 -12.4698610183 -0.0644457895
22883 311157.53 113.8457661032 34.0892461045 3777282.267229 762674.850137 57.0688900435 -0.0507759908 0.4902011133 152.4353266827 6.4781430186 -12.4594239848 0.08977497
22884 311157.61 113.8457716982 34.0892371267 3777281.28529 762675.3944899 57.0755600818 -0.3341484357 0.4831728779 152.6011938122 6.4392072597 -12.4468980369 0.0323888768
22885 311157.69 113.8457772585 34.0892281467 3777280.303022 762675.9356503 57.074062977 -0.275712253 0.4695085701 152.7788648171 6.3918503226 -12.4596583869 -0.0811948406
22886 311157.77 113.8457827741 34.0892191671 3777279.320678 762676.4726866998 57.0667681238 -0.0011296535 0.4187471084 152.9423350366 6.3451519078 -12.4563610076 -0.1189918314
22887 311157.85 113.8457882461 34.0892101918 3777278.3387 762677.0056735 57.0626921505 0.1162025219 0.325363541 153.097731358 6.2887030767 -12.4380729996 -0.0184479615
22888 311157.93 113.845793679 34.0892012257 3777277.357652 762677.5350331998 57.0671222154 -0.1331804855 0.3140257319 153.2598078781 6.2515683666 -12.4330048161 0.0843922003
22889 311158.01 113.8457990706 34.0891922619 3777276.376746 762678.0605665 57.0703087524 -0.4349103926 0.2480666825 153.4254525167 6.2028729802 -12.4262365872 -0.0240667596
22890 311158.09 113.8458044397 34.0891832969 3777275.395642 762678.5840299 57.0654973723 -0.337819117 0.1619144925 153.6136330656 6.1755754786 -12.4336865532 -0.1057108338
22891 311158.17 113.8458097687 34.089174328 3777274.41401 762679.1037995 57.0560462531 -0.0549904396 0.057279918 153.7841979807 6.1160365286 -12.4279032265 -0.1247139492
22892 311158.25 113.8458150504 34.0891653632 3777273.4327050014 762679.6191872 57.0519774184 0.0714794251 0.1405187809 153.9510814791 6.0589822219 -12.4263345462 -0.0002761858
22893 311158.27 113.8458163616 34.089163122 3777273.187361 762679.7471845 57.0526210274 0.0433743145 0.2111318289 153.993306039 6.0347085022 -12.4266495916 0.0414842208
22894 311158.35 113.8458215693 34.0891541564 3777272.205785 762680.2557471999 57.0569378454 -0.1469738812 0.3680526335 154.1486453164 5.9739521483 -12.4325846902 0.0189163563
22895 311158.43 113.8458267403 34.0891451925 3777271.2243 762680.760914 57.0577652976 0.0179724751 0.3352014132 154.3150602509 5.9405059209 -12.4282000937 -0.0041138654
22896 311158.51 113.8458318751 34.0891362343 3777270.243349 762681.2627174 57.058397999 -0.1908670158 0.4381698221 154.4748779061 5.8871313858 -12.4169048848 -0.0163166912
22897 311158.59 113.8458369711 34.0891272822 3777269.26298 762681.7609181 57.0588129358 -0.2172412267 0.4344531908 154.6299878844 5.8475392706 -12.4090091921 -0.0091911127
22898 311158.67 113.8458420385 34.0891183323 3777268.282789 762682.2564774 57.0544417901 -0.2019761822 0.3552646898 154.7842713717 5.8225326462 -12.4022496366 -0.103353611
22899 311158.75 113.8458470797 34.0891093886 3777267.303209 762682.7495986 57.0490389504 -0.0223430037 0.301378283 154.9517210421 5.791750258 -12.398534695 -0.0511846285
22900 311158.83 113.8458520797 34.0891004515 3777266.324257 762683.2388984 57.0477614598 0.0443970372 0.2812002553 155.1137516467 5.7351900371 -12.383601965 -0.0172344546
22901 311158.91 113.8458570355 34.0890915159 3777265.345358999 762683.7241048 57.0494547607 0.1122822023 0.2997272494 155.2693249044 5.6887840229 -12.3888705999 -0.0190894254
22902 311158.99 113.8458619496 34.0890825823 3777264.36658 762684.2054602 57.0506292256 0.2534330327 0.2571665804 155.4110667466 5.6387180205 -12.3814376573 -0.0006675874
22903 311159.03 113.8458643944 34.0890781181 3777263.877443 762684.4449995 57.052437664 0.2721994598 0.2866345934 155.4806243565 5.6239191473 -12.3751995344 0.0576310659
22904 311159.11 113.8458692453 34.0890691998 3777262.9002 762684.9204697 57.0590047771 0.12343208 0.3132237064 155.6107709419 5.5711212815 -12.3654962199 0.1085198973
22905 311159.19 113.8458740622 34.0890602868 3777261.92345 762685.3927816999 57.0653320188 -0.153341975 0.312115779 155.7335947414 5.5457376402 -12.3587759346 0.0521107798
22906 311159.27 113.8458788529 34.0890513768 3777260.946969 762685.8626702 57.0640155477 -0.0714046627 0.3689847613 155.8689814677 5.5040461275 -12.3639448553 -0.0608195664
22907 311159.35 113.84588361 34.0890424674 3777259.970469 762686.3294502 57.0572052058 0.161033607 0.3784901806 155.9908539895 5.4715910824 -12.3540696389 -0.099019582
22908 311159.43 113.8458883357 34.0890335634 3777258.994483999 762686.7933189998 57.0541088805 0.492737978 0.4339140397 156.1196094854 5.423592278 -12.3451709932 0.0405175715
22909 311159.51 113.8458930226 34.0890246692 3777258.019487 762687.2535776 57.0632206937 0.3282085054 0.4691331135 156.2371526138 5.3928815458 -12.3252321859 0.153676613
22910 311159.59 113.8458976809 34.0890157845 3777257.045479 762687.7111574998 57.0757697374 0.0932873751 0.5290128557 156.3726253342 5.3537660075 -12.3242873997 0.1086291877
22911 311159.67 113.8459023087 34.0890069018 3777256.071607 762688.1659191998 57.0817190064 0.0588794069 0.5234857234 156.5012456159 5.3258543314 -12.3259955698 0.0043988793
22912 311159.75 113.8459069106 34.0889980246 3777255.098272 762688.6182716999 57.0808367198 0.2738947163 0.523125254 156.637225984 5.2912265552 -12.3138561953 -0.0477720105
22913 311159.83 113.8459114785 34.0889891516 3777254.125334 762689.0674718 57.0808363771 0.4560278748 0.5537408027 156.766185256 5.2490285657 -12.3073226717 0.0221893692
22914 311159.85 113.8459126146 34.0889869358 3777253.882347 762689.1792258002 57.0814069388 0.534335273 0.5418256945 156.7964626086 5.2370014107 -12.293020096 0.0313215958
22915 311159.93 113.8459171425 34.0889780747 3777252.910615 762689.6246983 57.089067365 0.4924371342 0.5314429364 156.9344513095 5.2032224037 -12.2879493348 0.1331560915
22916 311160.01 113.8459216371 34.0889692243 3777251.93999 762690.0670579 57.1010188023 0.2957951436 0.5530749495 157.0733751324 5.1662410257 -12.2709860573 0.1689099922
22917 311160.09 113.8459260958 34.0889603751 3777250.969398998 762690.5061037 57.1118283374 0.0011308117 0.5786153419 157.2116258265 5.1261564506 -12.2687143814 0.0710243467
22918 311160.17 113.8459305208 34.0889515278 3777249.998942 762690.9420367 57.1152645145 -0.027564605 0.5789793559 157.3591810976 5.0911976113 -12.267117312 -0.0127889789
22919 311160.25 113.8459349143 34.0889426825 3777249.028615 762691.3750465 57.1139201028 -0.0126755037 0.5784417869 157.5005479887 5.0505837803 -12.2653745092 -0.042899999
22920 311160.33 113.8459392729 34.0889338429 3777248.058836 762691.8048185002 57.1132329339 -0.1481993135 0.5958130395 157.6354206396 5.0114858163 -12.2544741827 0.0150233979
22921 311160.41 113.845943599 34.0889250076 3777247.089448 762692.2315845 57.1129107066 -0.3665578203 0.6316437242 157.7755602256 4.977025704 -12.2465360717 -0.0412999546
22922 311160.49 113.8459478926 34.0889161717 3777246.119915 762692.6553396998 57.1069513028 -0.359238763 0.6142816585 157.9279181869 4.9384040821 -12.252130659 -0.110264512
22923 311160.57 113.8459521634 34.0889073416 3777245.15096 762693.0769814 57.0982636781 -0.2234627055 0.6343465982 158.0977065742 4.9122949168 -12.2397096386 -0.1147874353
22924 311160.62 113.8459548081 34.0889018226 3777244.545285 762693.3382368 57.09459987 -0.196763147 0.7518074283 158.1946577036 4.861764047 -12.2497441166 -0.0482031733
22925 311160.7 113.8459589971 34.0888929902 3777243.57586 762693.7523236 57.0905348072 -0.2179730715 0.8828956433 158.3326544958 4.8036016515 -12.2387509057 -0.0330236937
22926 311160.78 113.8459631524 34.088884162 3777242.606826 762694.1632981999 57.0873286184 -0.1792014639 0.8984863061 158.4725960746 4.7819893488 -12.2392262619 -0.0833311817
22927 311160.86 113.8459672815 34.0888753394 3777241.638341 762694.571825 57.0837625694 -0.0858569576 0.9666838812 158.6128404749 4.7447757332 -12.2285542226 -0.038415704
22928 311160.94 113.8459713791 34.0888665255 3777240.6707440014 762694.9774258998 57.0805792231 -0.0241626177 1.0101879667 158.7530119209 4.7118798909 -12.2206610074 -0.0520358636
22929 311161.02 113.8459754514 34.0888577249 3777239.704557 762695.3806386999 57.0803112742 0.1272361263 0.8569855482 158.8888026959 4.6915343636 -12.194876418 0.0027562024
22930 311161.1 113.8459795054 34.088848929 3777238.738838 762695.7821578 57.080317433 0.2959336915 0.8393227866 159.0324454354 4.655385884 -12.1864299682 -0.0003656321
22931 311161.18 113.8459835171 34.0888401392 3777237.773701 762696.1797418002 57.0833174363 0.4638699941 0.7585957163 159.152073693 4.6037682893 -12.1666956336 0.0607894613
22932 311161.26 113.845987497 34.0888313653 3777236.810229 762696.5743488001 57.0924388347 0.31257603 0.6811486538 159.2644198463 4.5796059697 -12.1465927888 0.1498206096
22933 311161.34 113.8459914454 34.0888226042 3777235.848115 762696.9660121 57.1031132517 0.123967912 0.7259948824 159.3797640543 4.5287039238 -12.1219407755 0.0988721584
22934 311161.42 113.8459953597 34.088813847 3777234.88633 762697.3545066 57.1090229238 -0.1127153901 0.7814530754 159.497671242 4.5003192854 -12.1266545945 0.0522342437
22935 311161.49 113.8459987578 34.0888061902 3777234.04534 762697.6919337 57.1106013712 -0.2010052823 0.8445888865 159.604535602 4.4582245448 -12.1240543155 -0.0041808902
22936 311161.57 113.8460026084 34.0887974456 3777233.084798 762698.0745126 57.1080826866 -0.3696312138 0.8226125561 159.6964175928 4.4384842726 -12.1055645838 -0.0447138401
22937 311161.65 113.8460064391 34.088788711 3777232.125314 762698.4552198001 57.1024369039 -0.2459774427 0.9043538631 159.8133144194 4.4033822531 -12.100845245 -0.0761320358
22938 311161.73 113.8460102449 34.0887799841 3777231.166617 762698.8336078 57.0938263191 -0.0173957577 0.8347328798 159.9442967714 4.3873995985 -12.0783418753 -0.1270050831
22939 311161.81 113.8460140398 34.0887712728 3777230.209635 762699.2109355 57.088945481 0.30520042 0.6428222625 160.1013803857 4.3658107688 -12.0569092287 -0.0352662815
22940 311161.89 113.8460178039 34.0887625752 3777229.254074 762699.5853747 57.0915217931 0.5664133972 0.5652146966 160.2443016062 4.3186749717 -12.0429863915 0.0692611379
22941 311161.97 113.84602153 34.0887538874 3777228.299523 762699.9562877 57.1000725925 0.5633386203 0.4630284278 160.3925202896 4.2787083573 -12.0324039504 0.1255911381
22942 311162.05 113.8460252202 34.0887452167 3777227.346761 762700.3238199998 57.1145638442 0.2781481039 0.3115488336 160.5422630368 4.2353235051 -12.0053103272 0.188056025
22943 311162.13 113.8460288814 34.0887365573 3777226.395189 762700.6886504 57.1267311676 -0.1595652052 0.324960874 160.6852693612 4.1930538888 -12.0098731896 0.0799410786
22944 311162.21 113.8460324968 34.0887278998 3777225.4437 762701.0492403002 57.1278197067 -0.2379048295 0.2520458633 160.8076165577 4.149540276 -11.9997439462 -0.0627288584
22945 311162.29 113.8460360895 34.0887192491 3777224.492915 762701.407709 57.1214701915 -0.151993663 0.2268861652 160.9492511812 4.1304801317 -11.986870227 -0.1211977667
22946 311162.37 113.8460396467 34.0887106033 3777223.542585 762701.7628888 57.1135816742 0.029848161 0.2650225 161.084256436 4.0774120687 -11.9873651166 -0.0790325174
22947 311162.45 113.8460431697 34.0887019715 3777222.593711 762702.1148741 57.1137459651 -0.0571679482 0.2110891364 161.2229268102 4.0551604863 -11.9558123543 0.0557782188
22948 311162.53 113.8460466667 34.0886933527 3777221.646227 762702.4644109 57.1183618782 -0.1578805533 0.2094813579 161.3680891297 4.0033049204 -11.9462548212 0.0315044496
22949 311162.61 113.8460501286 34.0886847385 3777220.699151 762702.8106951 57.1173068369 0.1621121585 0.159018845 161.5082811481 3.9780903271 -11.9468663831 -0.0482415692
22950 311162.69 113.8460535665 34.0886761347 3777219.753173 762703.1547339002 57.11434088 0.5458262252 0.1478757242 161.6714848623 3.935533195 -11.9148264282 -0.0188127191
22951 311162.77 113.8460569623 34.0886675424 3777218.808357 762703.4948438002 57.120624315 0.4923843972 0.1602530399 161.8075496884 3.8896690592 -11.9067569187 0.1511885601
22952 311162.85 113.8460603199 34.0886589668 3777217.865306 762703.8313770002 57.1343371347 0.2046938456 0.2127018001 161.9403062962 3.848253728 -11.8858904752 0.1484570224
22953 311162.94 113.8460640544 34.088649323 3777216.804674 762704.2060123 57.1433299976 -0.2019515709 0.2241632616 162.0820591173 3.8095508559 -11.8776394023 0.0279735523
22954 311163.03 113.8460677627 34.0886396906 3777215.745236 762704.5781996 57.1438572612 -0.454279019 0.2519196751 162.2511965652 3.7803083576 -11.8619267567 -0.0430634167
22955 311163.12 113.8460714337 34.088630049 3777214.684685 762704.9469629001 57.1363200946 -0.4225675418 0.2661070969 162.4111626736 3.7336178813 -11.8668913486 -0.1317623237
22956 311163.21 113.8460750675 34.0886204175 3777213.625156 762705.3122678002 57.1242674654 -0.1214193732 0.2368966547 162.5784343163 3.6994079651 -11.8465239876 -0.1316210875
22957 311163.28 113.8460778658 34.0886129391 3777212.802426 762705.5937662 57.1179683749 0.1765417646 0.286106171 162.7120877689 3.6620698933 -11.8281504354 -0.0754343414
22958 311163.37 113.8460814179 34.0886033471 3777211.747073 762705.9514026998 57.1195764896 0.3054563381 0.3094509868 162.8763559049 3.6119146527 -11.7842947378 0.0813034883
22959 311163.46 113.8460849221 34.0885937899 3777210.695451 762706.3045100998 57.1310297139 0.0808077834 0.2915610132 163.0478711616 3.5621790132 -11.7426114234 0.1300579117
22960 311163.55 113.8460883789 34.0885842703 3777209.6478949985 762706.6531228 57.139499316 -0.1038304597 0.3122946091 163.2205624412 3.5088488675 -11.6924386712 0.0437093824
22961 311163.64 113.8460917827 34.0885747851 3777208.60401 762706.9967348 57.1395615442 -0.1217955085 0.3175441103 163.3873960463 3.4548304829 -11.6501819537 -0.041473639
22962 311163.73 113.8460951341 34.0885653468 3777207.5652 762707.3353711 57.1366008846 -0.1242491747 0.3340078197 163.5506653461 3.3994780077 -11.5832099595 -0.0399712663
22963 311163.82 113.846098426 34.0885559639 3777206.532382 762707.6683361002 57.1347588608 -0.1497595105 0.411930705 163.7153303254 3.3331183551 -11.5086450874 -0.0158978209
22964 311163.91 113.846101655 34.088546649 3777205.50695 762707.9952755 57.1339188125 -0.1229600163 0.4534543736 163.8812196417 3.275319944 -11.4179414356 -0.0106386186
22965 311164.0 113.8461048259 34.0885374121 3777204.490022 762708.3166246 57.133651739 -0.0849694139 0.4883003513 164.0656388289 3.2121059076 -11.3192645415 0.0007264801
22966 311164.09 113.8461079291 34.0885282619 3777203.482544998 762708.6314414 57.1340429559 -0.0542920726 0.43032388 164.2409926436 3.1491472389 -11.2162255569 -0.0146571326
22967 311164.14 113.8461096278 34.0885232185 3777202.927204 762708.8038888002 57.1347624743 -0.0574138203 0.4453286869 164.3486938392 3.1173001825 -11.1649333146 0.0071491905
22968 311164.23 113.8461126299 34.0885142033 3777201.934453 762709.1089606 57.1365235187 -0.057739415 0.4365355725 164.5339464996 3.0424599547 -11.0577752448 0.0183967155
22969 311164.32 113.8461155694 34.0885052738 3777200.951048 762709.4079850998 57.1382847261 -0.0446963757 0.3932766151 164.7235996806 2.9841497847 -10.9515854799 0.006154753
22970 311164.41 113.8461184426 34.0884964285 3777199.976815 762709.7006209 57.1392743513 0.1000928689 0.3675530928 164.9026459863 2.9098386421 -10.8478694968 0.0064948364
22971 311164.5 113.8461212506 34.0884876703 3777199.012079 762709.9869744 57.1406604601 0.127475169 0.3466638209 165.0957090303 2.8471073252 -10.7349413348 0.0355233509
22972 311164.6 113.8461242924 34.088478043 3777197.951494 762710.2976066 57.1470366903 -0.1010519152 0.3616859802 165.3091448711 2.7657774828 -10.62104993 0.0952143063
22973 311164.7 113.8461272534 34.0884685247 3777196.902792 762710.600437 57.1535100406 -0.3432035287 0.3699826281 165.4785134709 2.6965376002 -10.4986774187 0.0383183013
22974 311164.8 113.8461301408 34.0884591129 3777195.865728 762710.8961495 57.1527261566 -0.2549096172 0.3861428572 165.609863037 2.6371287487 -10.3811432731 -0.0585532499
22975 311164.9 113.8461329696 34.088449812 3777194.840821 762711.1860948001 57.1463606851 0.0549296372 0.3665511512 165.7539147288 2.5828910956 -10.2497878088 -0.0584311897
22976 311165.0 113.8461357382 34.088440632 3777193.829181 762711.4701199002 57.1464467887 0.1201319266 0.3056633611 165.9025438809 2.5284379751 -10.1194809226 0.0632688366
22977 311165.04 113.8461368299 34.0884369939 3777193.428238 762711.5821654 57.1494125389 0.0591377213 0.3208609507 165.9637661389 2.5063512647 -10.0602651592 0.0824064391
22978 311165.14 113.8461395056 34.0884279768 3777192.434432 762711.8571104 57.1571109798 -0.1234572114 0.4294275987 166.0991027262 2.4291676152 -9.9362580947 0.0389500698
22979 311165.24 113.8461421147 34.088419071 3777191.4528089985 762712.1255489 57.160472515 -0.1304254579 0.3910652391 166.2347930777 2.3875432994 -9.8112014376 0.0157989997
22980 311165.34 113.8461446757 34.0884102827 3777190.48409 762712.3891936 57.1611637035 -0.0959793108 0.4036714865 166.3836165414 2.3272647735 -9.6821122573 -0.0056584127
22981 311165.45 113.846147414 34.0884007459 3777189.432772 762712.6715173002 57.1613381486 -0.095629359 0.3905917465 166.5087719736 2.2680300492 -9.5476716594 0.0084714598
22982 311165.56 113.8461500858 34.08839135 3777188.396912 762712.9472758998 57.1637263382 -0.2388943103 0.3905205005 166.6490115742 2.2127611876 -9.4028675459 0.0202191105
22983 311165.67 113.8461526922 34.0883820965 3777187.3766910015 762713.2165423002 57.165274431 -0.2421422905 0.3848623449 166.7977557619 2.1530966634 -9.2662056739 0.0039594494
22984 311165.78 113.8461552294 34.0883729803 3777186.371539 762713.4790041 57.1633334933 -0.0163251835 0.3995216039 166.9506023674 2.0939736848 -9.1236963606 -0.0411252375
22985 311165.89 113.8461576956 34.0883640024 3777185.38154 762713.7344720998 57.1614606837 0.0422865335 0.408166075 167.1007301201 2.0394985109 -8.9837372019 0.0194219191
22986 311166.0 113.8461600987 34.0883551475 3777184.405025 762713.9837406002 57.1677951943 -0.2872250435 0.4082762528 167.2596211108 1.9882845495 -8.8714050701 0.0759885146
22987 311166.12 113.8461626496 34.0883456115 3777183.353313 762714.2487624 57.1722322972 -0.4261777476 0.399689811 167.4365357314 1.9307551824 -8.7531214933 -0.0240829575
22988 311166.13 113.8461628586 34.0883448227 3777183.266319 762714.2705049 57.172009184 -0.4062531632 0.3982639557 167.4510704236 1.9256088569 -8.7396865047 -0.0326032518
22989 311166.25 113.8461653382 34.0883354156 3777182.228723 762714.5285373002 57.1629744815 0.1485505735 0.425372769 167.651499584 1.8786532627 -8.6423274196 -0.1014268364
22990 311166.37 113.8461677387 34.0883261262 3777181.2039910015 762714.7789154998 57.1574282525 0.4894082016 0.4863553421 167.8301475821 1.8130076979 -8.5252411448 0.0225353339
22991 311166.49 113.846170075 34.088316957 3777180.192429 762715.0229813 57.1719412394 -0.027263886 0.4950027135 167.9844038939 1.7804927888 -8.4163835045 0.1666964524
22992 311166.61 113.8461723511 34.0883078958 3777179.192694002 762715.2611627 57.185013501 -0.517573682 0.5584935021 168.1357396851 1.7224844663 -8.3295666226 0.0106859322
22993 311166.73 113.8461745746 34.0882989341 3777178.203873 762715.4941792 57.180014302 -0.2362096257 0.5464638165 168.3034433102 1.6950188044 -8.227218461 -0.1043544889
22994 311166.85 113.8461767508 34.0882900763 3777177.226462 762715.7225077 57.168658697 0.2256704636 0.5111781543 168.4859137731 1.6499720149 -8.1328248336 -0.075612245
22995 311166.98 113.8461790346 34.0882806086 3777176.181644 762715.9626488001 57.1719238069 0.1467137834 0.5254672433 168.6539756025 1.5944817714 -8.018066985 0.085428171
22996 311167.11 113.8461812408 34.0882712701 3777175.150954 762716.1952378 57.1840291051 -0.2296811065 0.6232949313 168.8264704908 1.5429429979 -7.9152467902 0.0620147655
22997 311167.24 113.8461833877 34.0882620442 3777174.132612 762716.4219991 57.1849704385 -0.18853015 0.6156710008 168.9968119631 1.5114539774 -7.8211918275 -0.0443734915
22998 311167.32 113.8461846821 34.0882564227 3777173.512088 762716.5588996 57.180849866 0.0009174197 0.6091606508 169.1099927923 1.4809330628 -7.758720255 -0.0571126539
22999 311167.45 113.8461867343 34.0882473853 3777172.514427 762716.7763274 57.1770283254 0.2546345286 0.5786995225 169.3271522546 1.4328203371 -7.6576837625 0.0201606382
23000 311167.58 113.8461887174 34.088238469 3777171.530025 762716.9870113 57.1815896556 0.1591459772 0.6268811045 169.5670732532 1.3794444249 -7.5576430999 0.0350589892
23001 311167.72 113.8461907614 34.0882289975 3777170.484165 762717.205025 57.1898430847 -0.1566589417 0.6551544792 169.7905855335 1.3230078332 -7.4455489483 0.0458680196
23002 311167.86 113.8461927391 34.0882196523 3777169.452141002 762717.4165286998 57.1938405661 -0.3134547451 0.6525191194 169.9996792797 1.2890814522 -7.3530627526 -0.0036218077
23003 311168.0 113.8461946544 34.0882104299 3777168.433602 762717.6218991998 57.1908043707 -0.1833737439 0.6730045449 170.192772029 1.2368218971 -7.2603653996 -0.0536702976
23004 311168.14 113.8461964978 34.0882013232 3777167.427709 762717.8202638002 57.1842628326 0.0400746738 0.6736417377 170.3201141195 1.2040948863 -7.1589841681 -0.015678181
23005 311168.28 113.846198299 34.0881923507 3777166.436603 762718.0143243 57.1850406192 0.0207085147 0.6534589325 170.4688256706 1.170776984 -7.0412553251 0.0272441646
23006 311168.43 113.8462001616 34.0881829011 3777165.3927 762718.2155238001 57.1905399943 -0.0004759665 0.6288678377 170.5965744799 1.132796412 -6.9103366219 0.02250089
23007 311168.58 113.8462019653 34.0881736382 3777164.369371 762718.4107072 57.1903613806 0.1413675967 0.6085320057 170.7442337467 1.0938080289 -6.7660813953 -0.0105307852
23008 311168.59 113.8462020831 34.0881730274 3777164.301885 762718.4234791 57.1902772607 0.1402886755 0.6130881144 170.7538828274 1.0898133286 -6.7605985195 -0.0098593337
23009 311168.74 113.8462038123 34.0881639754 3777163.301775 762718.6111332 57.1926042587 -0.0268701793 0.5741402837 170.8590581852 1.0563070497 -6.6065282735 0.0460322062
23010 311168.9 113.8462055901 34.0881545531 3777162.260693 762718.8044203002 57.2016848335 -0.1451433235 0.6187846485 170.9927762563 1.0039674961 -6.4374172687 0.0368279406
23011 311169.06 113.8462072888 34.0881453757 3777161.246583 762718.9896437 57.2007428696 0.0725863647 0.6452597361 171.1057408424 0.9700253278 -6.268014657 -0.034587275
23012 311169.22 113.8462089303 34.088136447 3777160.259918 762719.1688183 57.1986280298 0.069967477 0.6487006473 171.2315092962 0.9277570976 -6.0946790809 0.0121993332
23013 311169.39 113.8462105976 34.0881272426 3777159.242734 762719.351231 57.2092332933 -0.2917801204 0.6059964925 171.3414233435 0.8856696535 -5.9037020784 0.0667916541
23014 311169.56 113.8462121958 34.0881183254 3777158.257241002 762719.5263694 57.2148520248 -0.2561716008 0.6022952831 171.4836958937 0.8436064626 -5.7184291136 -0.0175040696
23015 311169.74 113.8462137984 34.0881091826 3777157.246723002 762719.7026147 57.2068629321 0.0407656275 0.5867412872 171.6064033234 0.8115171118 -5.550620374 -0.0573998506
23016 311169.92 113.8462153505 34.0881002639 3777156.260945 762719.873508 57.2057418581 0.1108845201 0.5355398135 171.7477174766 0.7809213647 -5.429003828 0.0336162136
23017 311170.11 113.8462169075 34.0880910673 3777155.244336 762720.0457138 57.2163343402 -0.0378376036 0.5853948963 171.8704983601 0.7405713229 -5.3007056105 0.0309713711
23018 311170.3 113.8462184113 34.088082108 3777154.253935 762720.2122673 57.2188771265 0.0098790184 0.5458310543 172.0208830622 0.715692147 -5.141264849 -0.0021640355
23019 311170.4 113.8462191695 34.0880775152 3777153.746186 762720.2964745 57.2202750733 0.0480367148 0.548596946 172.1001336806 0.688666354 -5.0342792422 0.0129622938
23020 311170.61 113.846220675 34.0880682071 3777152.717078 762720.4642675 57.2260365179 -0.0334776279 0.5858586065 172.240706782 0.6405594942 -4.7861518583 0.0274047107
23021 311170.83 113.846222156 34.088058981 3777151.696997 762720.6295488002 57.2310267286 -0.1430007573 0.5149854589 172.388014641 0.6003016685 -4.5090073878 0.0066325883
23022 311171.06 113.8462235593 34.0880499481 3777150.698162 762720.7870511998 57.2362323022 -0.2330318122 0.5420180942 172.4943454156 0.538475346 -4.1908437968 0.0080486019
23023 311171.31 113.8462248903 34.0880408625 3777149.6933 762720.9380426998 57.2399622425 -0.2164836528 0.5386147699 172.6181166262 0.4889162864 -3.8205596753 -0.0131819848
23024 311171.59 113.846226202 34.0880317102 3777148.680969 762721.0874566998 57.2395248078 -0.0050774408 0.539150969 172.7136171625 0.427607697 -3.3784904209 0.0027115233
23025 311171.91 113.8462274747 34.0880226253 3777147.676033 762721.2330685002 57.2452377789 0.0169618764 0.5149331966 172.804011684 0.3503868624 -2.8712041927 0.0019316182
23026 311172.3 113.8462287734 34.0880135752 3777146.675018 762721.3809680998 57.2506969925 -0.060659558 0.5347463076 172.8862581443 0.2785770057 -2.2702797885 0.009902863
23027 311172.83 113.8462300832 34.0880045498 3777145.676778 762721.5298128 57.255272991 -0.1607685513 0.5135171224 172.9868823307 0.1828282007 -1.5521500284 0.003702269
23028 311173.96 113.8462313755 34.0879956017 3777144.687065 762721.6768097 57.248125908 -0.1327245723 0.4989044507 173.0914887626 0.0294002113 -0.2236822098 -0.0062935751
23029 311181.03 113.8462320105 34.0879960113 3777144.734161 762721.7341707 57.177917365 0.026963539 0.4912647031 173.1143341304 0.0164164105 0.0169584609 -0.0209932166
23030 311186.71 113.8462325368 34.0879872325 3777143.761263 762721.8099134 57.260208834 0.3677854773 0.532964015 173.2410885712 0.1443566481 -1.2162747743 -0.0101834771
23031 311187.3 113.8462338142 34.0879781228 3777142.753592 762721.9560329 57.2513079932 0.5991650631 0.5665353244 173.3807433421 0.2599203731 -2.2485868245 -0.0045435606
23032 311187.69 113.8462350817 34.0879689966 3777141.744052 762722.1012803002 57.2518757265 0.5287680806 0.5437487763 173.487038211 0.3247064995 -2.9325788571 0.0135827795
23033 311188.01 113.8462363177 34.0879598572 3777140.732964 762722.2436705999 57.2538392218 0.4191154921 0.5669511871 173.6185279012 0.3757186508 -3.4013906257 0.0030511643
23034 311188.29 113.8462375117 34.0879508208 3777139.733205002 762722.3818586 57.2565949382 0.4603747317 0.5005555499 173.7490806319 0.4150699758 -3.7671533013 0.0105104681
23035 311188.55 113.846238699 34.0879416074 3777138.713787 762722.5199818001 57.2560688481 0.4959977163 0.4502704803 173.9139797644 0.4378820866 -4.093896985 0.0056495574
23036 311188.79 113.8462398514 34.0879324512 3777137.700618 762722.6546975 57.2608398143 0.4281165194 0.3990816686 174.1119522665 0.4554428448 -4.3734151941 0.0316924502
23037 311189.02 113.8462409845 34.0879231022 3777136.666008998 762722.7882351999 57.2654884998 0.3610253843 0.4060613838 174.3447810393 0.4603000943 -4.6511495338 -0.0025299504
23038 311189.23 113.8462420242 34.087914046 3777135.663654 762722.9122373002 57.2648360832 0.4784215441 0.3601424931 174.5954755117 0.4655075159 -4.9094314905 0.0597971686
