23132 311199.73 113.8462199597 34.0870694288 3777041.873739 762723.4867619 57.3151902808 0.2495413008 0.2396825494 187.7325234726 -1.5856848876 -11.7179234411 0.0325328966
23133 311199.82 113.8462183876 34.0870599036 3777040.812622 762723.3710606 57.3151690792 0.2785718465 0.2926312383 187.9144904513 -1.6445885951 -11.7576098745 -0.003327539
23134 311199.91 113.8462167745 34.0870503551 3777039.748801002 762723.251637 57.3156225737 0.239231753 0.2925793354 188.1028658135 -1.6766095027 -11.7856992455 0.0554507498
23135 311200.0 113.8462151221 34.0870407843 3777038.682407 762723.1286656 57.3205345189 -0.1145673191 0.287051123 188.2886486868 -1.7233737177 -11.8171101656 0.0684708986
23136 311200.09 113.8462134245 34.0870311749 3777037.611615 762723.0016306 57.3196827024 -0.3182493796 0.2484399432 188.4680910417 -1.7700679453 -11.8584378105 -0.0610537009
23137 311200.18 113.8462116861 34.0870215272 3777036.536475 762722.870946 57.3086255975 -0.2131709551 0.2295572901 188.6468020966 -1.8081098552 -11.8983296816 -0.1636896293
23138 311200.22 113.8462108997 34.08701723 3777036.057564 762722.8116238002 57.3025793433 -0.1335936883 0.2235464388 188.7278606373 -1.8283167969 -11.9135994239 -0.1416387837
23139 311200.31 113.846209101 34.0870075446 3777034.9780730014 762722.6754930002 57.292306927 0.0253849593 0.2031202142 188.9093084258 -1.8678155081 -11.9412042198 -0.0548113518
23140 311200.4 113.8462072589 34.0869978342 3777033.895707 762722.5354324002 57.2900014454 0.0220677836 0.2344657495 189.0895571406 -1.9240729857 -11.9705313706 -0.0027385066
23141 311200.49 113.8462053677 34.0869881003 3777032.810596 762722.3909079002 57.2890360467 0.0423046967 0.24992152 189.2614821899 -1.9620626158 -12.0018761003 -0.0053729736
23142 311200.58 113.8462034377 34.0869783418 3777031.722658 762722.2428774 57.2882232331 0.1080098963 0.2224647083 189.4426289035 -2.00485484 -12.0281865123 -0.0065341233
23143 311200.67 113.8462014666 34.0869685557 3777030.631561 762722.0911341999 57.285188078 0.1957308481 0.2219248083 189.6187130439 -2.0460688118 -12.0610633933 -0.0456993546
23144 311200.76 113.8461994533 34.0869587478 3777029.537927 762721.9355662 57.2847505631 0.1187269532 0.2225860074 189.791326649 -2.0921988394 -12.0839173493 0.0411655097
23145 311200.85 113.8461974005 34.0869489206 3777028.442053 762721.7764118 57.2873596167 -0.0568647357 0.2461780462 189.9593344408 -2.1282298063 -12.1154281962 0.0137871557
23146 311200.94 113.846195304 34.0869390651 3777027.3429269986 762721.6133071 57.2834809832 -0.0271252826 0.2416285389 190.1243097464 -2.1779093966 -12.1447174447 -0.062368616
23147 311201.03 113.8461931652 34.0869291863 3777026.241101 762721.4463715 57.2767650709 -0.0409791242 0.2629701223 190.2791325746 -2.2133228476 -12.1794773794 -0.0629645366
23148 311201.04 113.8461929258 34.0869280869 3777026.118475 762721.4276584 57.276189601 -0.0329101032 0.263212337 190.29700646 -2.2167638073 -12.1854384756 -0.0535631098
23149 311201.13 113.8461907396 34.0869181892 3777025.0144300014 762721.2564043 57.2736825477 -0.2276854563 0.3021289272 190.4413666753 -2.2695078683 -12.2120042625 -0.0061940172
23150 311201.22 113.8461885168 34.0869082668 3777023.907555 762721.0818479002 57.2698742226 -0.2551534479 0.3062185465 190.5905550742 -2.2988626603 -12.247590594 -0.064958917
23151 311201.31 113.8461862606 34.0868983154 3777022.797377 762720.9042895002 57.2596832216 0.0076799266 0.2827403764 190.7535646146 -2.3372513636 -12.2778270102 -0.1172148458
23152 311201.39 113.8461842265 34.0868894523 3777021.808539 762720.7438854 57.2526224749 0.3339036963 0.268758428 190.9012696956 -2.3639185715 -12.2967670394 -0.030412518
23153 311201.47 113.8461821604 34.0868805745 3777020.817991 762720.5805598 57.2524505043 0.4713838754 0.2967283683 191.0486823462 -2.4079807427 -12.3177945278 0.0392281392
23154 311201.55 113.846180053 34.0868716877 3777019.826337 762720.4134592 57.2586495448 0.381628368 0.3021585541 191.1912650104 -2.4479131091 -12.326652971 0.1338055307
23155 311201.63 113.8461779171 34.0868627894 3777018.833341 762720.2437492 57.2688092506 -0.006355016 0.3904326593 191.3434186911 -2.4903392108 -12.3491553687 0.115280048
23156 311201.71 113.8461757374 34.0868538766 3777017.8386120014 762720.0700505 57.2717774734 -0.2160175419 0.5183430933 191.4853169172 -2.5415217572 -12.364314333 -0.0232554198
23157 311201.79 113.8461735214 34.086844947 3777016.841926 762719.8930454 57.2663169485 -0.2122254683 0.5177877032 191.6257779148 -2.576115047 -12.3985760681 -0.0996449915
23158 311201.87 113.8461712854 34.0868360025 3777015.843548 762719.7142441998 57.2545394124 0.1828909436 0.4455738753 191.7859165371 -2.5900628514 -12.4120653433 -0.1453296882
23159 311201.89 113.8461707231 34.0868337621 3777015.593466 762719.6692551 57.2517924784 0.2882207058 0.4537843027 191.8289493552 -2.6001008466 -12.4276733579 -0.1273111703
23160 311201.97 113.8461684526 34.0868247982 3777014.592833 762719.4873246 57.2455219766 0.5852014989 0.4884796057 191.9971026149 -2.6416644763 -12.4284120379 0.0071544908
23161 311202.05 113.8461661433 34.0868158365 3777013.592355 762719.3018088002 57.2574307751 0.2176558243 0.3388185243 192.1501953333 -2.6780422231 -12.4241542047 0.2495504015
23162 311202.13 113.8461638146 34.0868068681 3777012.591075 762719.1145189998 57.2726357887 -0.1735395058 0.2253195816 192.3049472411 -2.7074427412 -12.4547880408 0.1026110217
23163 311202.21 113.8461614391 34.0867978792 3777011.587397 762718.9229763 57.2694872776 -0.0407699422 0.1413088397 192.4500408294 -2.7677294245 -12.4778108544 -0.1015467929
23164 311202.29 113.8461590424 34.0867888806 3777010.582594 762718.7295029998 57.2612731913 0.3483375257 -0.0966229474 192.6109432561 -2.7553794846 -12.4858359422 -0.0680707831
23165 311202.37 113.8461566268 34.0867798699 3777009.576402 762718.5343201 57.2567922426 0.6054774041 -0.1117321868 192.7935493251 -2.8139474282 -12.5148746808 -0.0251598266
23166 311202.45 113.8461541584 34.0867708672 3777008.570961 762718.3342354 57.2625575094 0.6480717491 -0.2199180694 192.9507769624 -2.8585143117 -12.4778473751 0.1870947741
23167 311202.53 113.8461516591 34.0867618558 3777007.564474 762718.1313294001 57.2736044396 0.4098859525 -0.3116392343 193.1311979474 -2.893431729 -12.4932149217 0.0304483474
23168 311202.61 113.8461491271 34.0867528435 3777006.5577980014 762717.9254061 57.2846636195 0.2888825855 -0.3844507593 193.3074072819 -2.9344965138 -12.5116896499 0.1596597351
23169 311202.68 113.8461468793 34.0867449526 3777005.6763019986 762717.7422555 57.2891757507 0.0834167279 -0.1457678057 193.4677491476 -3.0029381637 -12.5112763846 0.012359688
23170 311202.76 113.846144249 34.0867359333 3777004.668605 762717.5272761 57.2894352144 0.3429113224 -0.0742467222 193.6273410069 -3.0577352622 -12.5226838192 0.0154472603
23171 311202.84 113.8461415905 34.0867269093 3777003.660302 762717.3097095998 57.2891490506 0.3108361334 0.0758730861 193.8141779225 -3.0879018407 -12.5050854172 0.0896624526
23172 311202.92 113.8461388851 34.0867178841 3777002.651758 762717.0878119002 57.2950047171 0.0844695138 0.2316432431 193.9605680201 -3.1411124174 -12.5112329836 0.0667287513
23173 311203.0 113.8461361435 34.0867088549 3777001.642667 762716.8625838 57.2987610595 -0.0534735799 0.3917921679 194.1184238121 -3.1856159118 -12.5325203801 0.0535572084
23174 311203.08 113.8461333736 34.08669981 3777000.63176 762716.6348 57.2986954302 -0.1504745498 0.4158640501 194.2864923605 -3.2054000603 -12.543027373 -0.0075059319
23175 311203.16 113.8461305825 34.0866907549 3776999.619672 762716.405079 57.293983276 -0.18167401 0.4343828511 194.4737831978 -3.2418887015 -12.5531867712 -0.0726247946
23176 311203.24 113.8461277552 34.086681693 3776998.606738 762716.1720446 57.2888845298 -0.112916824 0.3622140794 194.6534468966 -3.2889043584 -12.5572824686 -0.0255271515
23177 311203.32 113.8461248939 34.0866726299 3776997.593583 762715.9358688 57.2850138396 -0.2159701738 0.4060313536 194.8237384401 -3.3266129763 -12.5590428358 -0.0264900493
23178 311203.4 113.8461219902 34.0866635607 3776996.579637 762715.6958034 57.2817133572 -0.2425441121 0.3713821611 194.9948607639 -3.3764881918 -12.5677552979 -0.0319923808
23179 311203.48 113.8461190513 34.0866544886 3776995.5652870014 762715.452489 57.2771355109 -0.3390671185 0.3861009413 195.1636938911 -3.4107643365 -12.5688176412 -0.0475150454
23180 311203.5 113.8461183112 34.0866522204 3776995.311656 762715.3911622 57.2758966275 -0.3515303437 0.40719949 195.2083378682 -3.4237445561 -12.5709204199 -0.0543348975
23181 311203.58 113.8461153222 34.0866431414 3776994.296412002 762715.1432503002 57.2687292071 -0.1820098162 0.4228858492 195.3770657437 -3.478868678 -12.5850094295 -0.0966868918
23182 311203.66 113.8461122975 34.0866340554 3776993.280288 762714.892058 57.258194034 -0.0202396252 0.4246111783 195.5389895757 -3.5071654351 -12.5873841643 -0.1268092434
23183 311203.74 113.8461092403 34.086624969 3776992.26404 762714.6378724 57.2543689776 0.0933774073 0.438549137 195.6888469905 -3.5529118551 -12.5842768969 0.043366166
23184 311203.82 113.8461061488 34.0866158807 3776991.247495 762714.3805132 57.2565889694 0.0021493767 0.4830142856 195.8130249084 -3.587226537 -12.5975744737 0.0199406725
23185 311203.9 113.8461030284 34.0866067851 3776990.230061 762714.1205214001 57.2558294544 -0.0519332658 0.5131515453 195.9373806702 -3.6193044355 -12.604898105 -0.0053411238
23186 311203.98 113.8460998803 34.0865976865 3776989.2122269985 762713.8579773002 57.2551887306 -0.0395118151 0.5212295273 196.0488389114 -3.6480471711 -12.6091640031 -0.0190724993
23187 311204.06 113.8460967065 34.0865885803 3776988.1934879986 762713.5930806998 57.2519272715 -0.0888777374 0.5776570188 196.1532898266 -3.6818012039 -12.6247445788 -0.0504562203
23188 311204.14 113.8460935053 34.0865794724 3776987.174477 762713.3256529 57.2482080907 -0.0703215454 0.5733673011 196.2521240514 -3.704505756 -12.629150262 -0.0321087039
23189 311204.22 113.846090288 34.0865703558 3776986.154466 762713.0567728 57.2447734391 -0.0502764845 0.5971346697 196.3629682622 -3.729239298 -12.6387708634 -0.0364958696
23190 311204.3 113.8460870417 34.0865612333 3776985.133731 762712.7852415 57.2400677353 -0.0080903906 0.6224685532 196.4699161407 -3.7643269932 -12.6462762327 -0.0517294197
23191 311204.37 113.8460841858 34.0865532463 3776984.240008998 762712.5462324 57.2372840289 0.089265635 0.555989549 196.5719819154 -3.7736705738 -12.6550287689 -0.012756325
23192 311204.45 113.8460809011 34.0865441166 3776983.218373 762712.271173 57.2400825052 -0.1883425672 0.5426847353 196.6870739796 -3.8119854442 -12.6579592094 0.081949339
23193 311204.53 113.8460775943 34.0865349846 3776982.196421 762711.9940774002 57.2403488783 -0.2895936362 0.5287361364 196.8180081844 -3.8291065538 -12.6644269506 -0.0463828848
23194 311204.61 113.8460742554 34.0865258457 3776981.173622 762711.7140319 57.2325080102 -0.0245029288 0.5414677676 196.9761210458 -3.8822766711 -12.6659657318 -0.1075192276
23195 311204.69 113.8460708828 34.0865167081 3776980.150886 762711.4308759 57.2242653882 0.1424015274 0.5513896014 197.1237464264 -3.9091528426 -12.6602923079 -0.0503485011
23196 311204.77 113.8460674764 34.0865075795 3776979.129058 762711.1445763 57.2243147865 0.0943533467 0.6074943183 197.2679174302 -3.9593093601 -12.6428202858 0.0583756071
23197 311204.85 113.8460640351 34.0864984588 3776978.108009 762710.8550275 57.2281652214 -0.0090133423 0.6600123298 197.3959285673 -3.9883731081 -12.6380854863 0.0520542428
23198 311204.93 113.8460605677 34.0864893401 3776977.087131 762710.5630566998 57.2305302443 -0.1039253539 0.7068397692 197.5455248319 -4.01815722 -12.6429570146 0.001421358
23199 311205.01 113.8460570818 34.0864802273 3776976.066852 762710.2693587 57.2282238528 0.0631301294 0.6450501331 197.7115452195 -4.0332800414 -12.6251785552 -0.0195872696
23200 311205.09 113.8460535732 34.0864711264 3776975.047834 762709.9735316 57.227230194 2.33657e-05 0.649435643 197.8711736614 -4.0660161867 -12.6063146283 -0.0202740814
23201 311205.17 113.8460500333 34.0864620428 3776974.030649 762709.6747644 57.2280739862 0.0626848267 0.5266123814 198.0133603555 -4.0945355521 -12.5878617177 0.0347929575
23202 311205.2 113.8460487027 34.0864586394 3776973.649531 762709.5624252 57.2279119659 0.0546192988 0.5214881116 198.0678146826 -4.0973292656 -12.5808010053 -0.0112802913
23203 311205.28 113.8460451328 34.0864495758 3776972.634489 762709.2608199002 57.2291121809 0.0260560517 0.5541259333 198.2195928408 -4.1452804832 -12.5511498925 0.0656875964
23204 311205.36 113.8460415342 34.0864405331 3776971.621704 762708.9565071 57.2312815534 -0.0960618432 0.5038280272 198.3646883835 -4.1621533536 -12.5216259378 0.0258128674
23205 311205.44 113.8460379137 34.0864315052 3776970.610505 762708.6501212 57.2331541954 -0.2004587647 0.4815111747 198.512047154 -4.1997073354 -12.5070704542 0.0184319715
23206 311205.52 113.8460342651 34.0864224965 3776969.601355 762708.341083 57.2315978538 -0.3358477557 0.507139324 198.6455034249 -4.223308736 -12.4727090774 -0.040018227
23207 311205.6 113.8460305929 34.0864135089 3776968.594487998 762708.0298005 57.2262460589 -0.2474829051 0.5096447151 198.7729352979 -4.253138749 -12.4504257862 -0.0830535374
23208 311205.68 113.8460269003 34.0864045368 3776967.589294 762707.7165804 57.2202728353 -0.2537764701 0.5277179953 198.8808856633 -4.2675754241 -12.4223412923 -0.0639715889
23209 311205.76 113.8460231923 34.0863955853 3776966.586346 762707.4018823 57.2162638968 -0.3237567197 0.59371112 198.991693025 -4.2934073891 -12.3938294398 -0.0371723998
23210 311205.84 113.8460194636 34.0863866495 3776965.585082 762707.0852229998 57.2118312968 -0.2057619982 0.5623168925 199.0887297081 -4.3123483413 -12.3774286961 -0.0643665358
23211 311205.92 113.8460157295 34.0863777272 3776964.585304 762706.7680173 57.2052706461 -0.1155924733 0.5434709354 199.2008648999 -4.3150698078 -12.354453379 -0.0764386679
23212 311205.98 113.8460129219 34.0863710478 3776963.836825 762706.5294316999 57.2023597015 0.0510447555 0.5267355211 199.2861913394 -4.3234203083 -12.3306815942 -0.026032113
23213 311206.06 113.8460091701 34.0863621608 3776962.840916 762706.2104859 57.2036349056 0.2299226415 0.4978323159 199.3997478873 -4.3425828938 -12.3107788349 0.059730517
23214 311206.14 113.8460054102 34.0863532934 3776961.847161 762705.8907356 57.2070172615 0.2576317168 0.4151560105 199.5101163599 -4.3513594281 -12.2777525571 0.071556147
23215 311206.22 113.8460016399 34.0863444491 3776960.85595 762705.5699476999 57.2126771379 0.2403775067 0.4217731752 199.6339154824 -4.3663700569 -12.2430305238 0.0935889108
23216 311206.3 113.8459978485 34.086335627 3776959.867148 762705.2471459 57.2199411383 0.0777953722 0.3896516543 199.7471050278 -4.3945512789 -12.2169319114 0.0942685064
23217 311206.38 113.8459940416 34.0863268246 3776958.880492 762704.9228475002 57.2235708348 -0.1468998505 0.3902199967 199.8620675068 -4.4104149032 -12.1888947389 0.0184000832
23218 311206.46 113.845990217 34.0863180402 3776957.895786 762704.5968618 57.2229100298 -0.1333465654 0.3660103918 199.9821301419 -4.4373212403 -12.1671007923 -0.0130317235
23219 311206.54 113.8459863763 34.0863092749 3776956.913157 762704.2693394 57.2204914028 -0.2686525096 0.4112502044 200.1051829671 -4.4472563015 -12.1388283194 -0.0235055815
23220 311206.62 113.8459825167 34.0863005278 3776955.932494 762703.9400010002 57.2162408531 -0.1900925121 0.4354661033 200.2376241347 -4.4764322379 -12.1088652692 -0.037258369
23221 311206.7 113.8459786357 34.0862918007 3776954.954003 762703.6086305 57.2130015325 -0.2184085941 0.477130256 200.3583558695 -4.4960073159 -12.0876809775 -0.0248848061
23222 311206.78 113.8459747384 34.086283093 3776953.977631 762703.2757011 57.2091515548 -0.2192450248 0.5090213901 200.4881749482 -4.5160706179 -12.0598920604 -0.033878294
23223 311206.84 113.8459718018 34.0862765773 3776953.246982 762703.0246944 57.2071299553 -0.2576273292 0.5183212853 200.5821979169 -4.5345854781 -12.0330777761 -0.0317421069
23224 311206.92 113.8459678749 34.0862679065 3776952.274617 762702.688912 57.204909781 -0.3166909149 0.5106828228 200.7142715214 -4.5494516193 -12.0110479029 -0.0010792742
23225 311207.0 113.8459639339 34.0862592531 3776951.304146 762702.3517701002 57.2006434817 -0.287822364 0.4817106024 200.8610704811 -4.5657183738 -11.9819496882 -0.0639916137
23226 311207.08 113.845959968 34.0862506169 3776950.335529 762702.0122841998 57.1952789649 -0.2560328982 0.4515880983 201.000687759 -4.5866784806 -11.9570450371 -0.0463330146
23227 311207.16 113.8459559807 34.0862419997 3776949.368954 762701.6707549 57.1909481753 -0.2617756666 0.4286386466 201.1473561302 -4.6146642923 -11.928171642 -0.020840445
23228 311207.24 113.8459519731 34.0862334064 3776948.404987 762701.3272839001 57.1867601806 -0.1906526407 0.3949852568 201.2960518409 -4.6253582564 -11.8891912984 -0.0386453393
23229 311207.32 113.845947944 34.0862248345 3776947.443344 762700.9817578 57.1822934188 -0.0517306431 0.3571181533 201.4543087202 -4.6643326684 -11.8625323426 -0.0577445422
23230 311207.4 113.8459438953 34.0862162901 3776946.484695 762700.6343358002 57.1800709125 0.0723656675 0.3116817968 201.6125706881 -4.6742291596 -11.8213843235 -0.0053417336
23231 311207.48 113.8459398288 34.0862077703 3776945.528728 762700.2852013998 57.1818796229 -0.0453312162 0.2902040119 201.7797831098 -4.7095923664 -11.7919785453 0.0542786607
23232 311207.56 113.8459357401 34.0861992787 3776944.575843 762699.9339214001 57.1842480078 -0.1502577068 0.2472772599 201.9422724865 -4.7321428324 -11.7433228714 0.0447737737
23233 311207.64 113.8459316291 34.0861908096 3776943.625393 762699.5805114 57.1847355804 -0.3272240983 0.2773787904 202.1081011789 -4.7594553412 -11.716502526 -0.0141328417
23234 311207.67 113.8459300797 34.0861876401 3776943.26966 762699.4472526 57.1841460457 -0.3211474197 0.2551539454 202.1643568979 -4.7708257179 -11.7071852572 -0.0051703233
23235 311207.75 113.84592593 34.0861792044 3776942.32281 762699.0901679 57.1772495853 -0.2329382664 0.3830614383 202.318565531 -4.8038876352 -11.666459877 -0.0693303818
23236 311207.83 113.8459217512 34.0861707965 3776941.378979 762698.7303124 57.1708857194 -0.0570443513 0.4337570447 202.4647657228 -4.8332759936 -11.6308484034 -0.0358873867
23237 311207.91 113.8459175563 34.0861624114 3776940.43764 762698.3689029 57.1667553335 0.1258817509 0.4850814299 202.6181163571 -4.8457776737 -11.601147142 -0.0124419966
23238 311207.99 113.8459133435 34.0861540536 3776939.49928 762698.005747 57.1668814374 0.1379004704 0.5404938119 202.7791018744 -4.8631595811 -11.5611114561 0.0545096868
23239 311208.07 113.845909117 34.086145724 3776938.564007 762697.6412533001 57.1720151138 -0.0412055554 0.4868969436 202.9473218535 -4.8836925549 -11.5279936789 0.0725644406
23240 311208.15 113.8459048788 34.0861374201 3776937.631563 762697.2755869002 57.176635962 -0.2259279911 0.4616249886 203.1241553579 -4.9019860864 -11.5043507802 0.0657023405
23241 311208.24 113.8459000812 34.0861281073 3776936.585718 762696.8613899 57.1755168308 -0.3179186478 0.3889230406 203.3152675449 -4.9412490702 -11.4600595886 -0.0570396194
23242 311208.33 113.8458952554 34.0861188233 3776935.542993 762696.4445071998 57.1692690989 -0.3228584939 0.325654376 203.4995797657 -4.9586928255 -11.423090173 -0.0654094125
23243 311208.42 113.8458903994 34.0861095715 3776934.503761 762696.0247266 57.1619856022 -0.2803008674 0.3198208005 203.6917726748 -5.0042197405 -11.3838950182 -0.06058041
23244 311208.5 113.8458860559 34.0861013756 3776933.583035 762695.6490047 57.156866964 -0.2126142661 0.3321956244 203.8664835922 -5.0201612704 -11.3486218612 -0.0283655966
23245 311208.59 113.8458811415 34.0860921864 3776932.550591 762695.2236474 57.1521143848 -0.2539333616 0.3344929 204.082039977 -5.054631324 -11.3018423256 -0.0160619277
23246 311208.68 113.8458761965 34.0860830295 3776931.521673002 762694.7953601 57.1496069646 -0.4006442962 0.398636255 204.3069334802 -5.0936834989 -11.265867044 -0.0209578278
23247 311208.77 113.8458712104 34.0860739087 3776930.496645 762694.3631653001 57.1442686431 -0.3596803999 0.430182674 204.5241317002 -5.1342465584 -11.2203771579 -0.0428785915
23248 311208.86 113.8458661949 34.0860648205 3776929.475165 762693.9281545 57.1369378781 -0.2787525943 0.490442965 204.7531344172 -5.1598861765 -11.1790258651 -0.0664628504
23249 311208.95 113.8458611445 34.0860557663 3776928.457363 762693.4898137 57.1290261149 -0.0811562202 0.5281665437 204.9801163886 -5.1968955769 -11.1400956424 -0.0629789869
23250 311209.04 113.8458560604 34.0860467507 3776927.443761 762693.0482401 57.1247091517 -0.0111750723 0.5788964614 205.2104510903 -5.2294945547 -11.0892083707 -0.0067188223
23251 311209.13 113.8458509535 34.0860377735 3776926.434358 762692.604451 57.1271572579 -0.1434280868 0.5365726006 205.4469544191 -5.2492603189 -11.0379872971 0.0685600413
23252 311209.22 113.8458458171 34.0860288342 3776925.429084 762692.1578169 57.1299106851 -0.2883228114 0.5340935857 205.6789128671 -5.294229486 -10.9902397654 0.0163489685
23253 311209.25 113.8458440986 34.0860258607 3776925.094678 762692.0083285 57.1291841678 -0.2495775393 0.5331733875 205.7567927975 -5.2948746892 -10.9892767056 -0.0249693571
23254 311209.34 113.8458389175 34.0860169661 3776924.094253 762691.557429 57.1241815789 -0.1440117013 0.4592159081 205.9877219461 -5.3311021921 -10.9425613946 -0.0646321378
23255 311209.43 113.8458337093 34.0860081072 3776923.097724 762691.1039154 57.1198051237 -0.0697519936 0.4867146743 206.2110670235 -5.3601040905 -10.8943514404 -0.0230456638
23256 311209.52 113.8458284589 34.085999289 3776922.105595 762690.6463841998 57.118586489 -0.0947311853 0.5165436566 206.4140257316 -5.4064403346 -10.8373433476 0.014061986
23257 311209.61 113.8458231853 34.0859905023 3776921.116908 762690.1866041998 57.1191319609 -0.1381218587 0.5360866176 206.6249218676 -5.4202561877 -10.8101269584 0.0378791779
23258 311209.7 113.8458178838 34.0859817497 3776920.131933002 762689.7241546 57.119165861 -0.1064319754 0.5532772041 206.8370815843 -5.4565223405 -10.7642521115 0.0203849008
23259 311209.79 113.8458125519 34.0859730303 3776919.150567 762689.2587871 57.1177697908 -0.0960586298 0.5839471317 207.0371921721 -5.4829407716 -10.7266034548 -0.0164518772
23260 311209.88 113.8458071964 34.0859643426 3776918.1726480015 762688.7911410999 57.1163589014 -0.1781473566 0.5809714539 207.2293119861 -5.5046782648 -10.6839861944 0.0052761631
23261 311209.97 113.8458018156 34.0859556873 3776917.198272 762688.3210643 57.11532107 -0.2462207932 0.6422762061 207.4089850829 -5.5324914316 -10.6462016327 -0.0108647855
23262 311210.03 113.8457982134 34.0859499341 3776916.55053 762688.0062319002 57.1133903731 -0.2339318853 0.6648855515 207.5318236189 -5.550419532 -10.6237709319 -0.0304531872
23263 311210.12 113.8457927838 34.085941324 3776915.581037998 762687.531511 57.108331101 -0.1123363704 0.6648543904 207.705413121 -5.5751850905 -10.5881381694 -0.0479387001
23264 311210.21 113.8457873392 34.0859327429 3776914.6147300014 762687.0553056998 57.1055033626 -0.0531973022 0.6521250206 207.8887579165 -5.5892387485 -10.5539727432 -0.0023788367
23265 311210.3 113.845781873 34.0859241948 3776913.652024 762686.5770103 57.1063950546 -0.0560594165 0.6427091287 208.0660360033 -5.6158809179 -10.5133838988 0.0219026494
23266 311210.39 113.8457763876 34.085915675 3776912.692414 762686.0968553 57.1066868985 -0.096234126 0.6490256533 208.246310637 -5.6318551431 -10.4775113664 -0.0088194256
23267 311210.48 113.8457708793 34.0859071854 3776911.736093 762685.6144868 57.1066908296 -0.1646580131 0.6270466881 208.4143091445 -5.6542639322 -10.4383572616 0.0088422109
23268 311210.57 113.8457653504 34.0858987219 3776910.782617 762685.1301384 57.1063365135 -0.2256064619 0.6402152628 208.5745632105 -5.6843996314 -10.4137184567 0.0117501554
23269 311210.66 113.8457597921 34.0858902848 3776909.831997 762684.6429918 57.1028126776 -0.1823613237 0.6633289568 208.7267755167 -5.7129510499 -10.3822724894 -0.0279685137
23270 311210.75 113.8457542172 34.085881866 3776908.883359 762684.1542559 57.0985681322 -0.1093955394 0.7010835394 208.8888097301 -5.7232852008 -10.3639984536 -0.0345987854
23271 311210.84 113.8457486147 34.0858734682 3776907.936982 762683.6629098002 57.0955876205 -0.0072890931 0.7076310137 209.0411135286 -5.7541175583 -10.3308165262 -0.0210049672
23272 311210.91 113.8457442432 34.085866947 3776907.202033 762683.2794265002 57.0943879429 0.0755569496 0.6893621711 209.1635863074 -5.7555770671 -10.3165922377 0.0067176501
23273 311211.0 113.8457386057 34.0858585818 3776906.259194 762682.7847418 57.0963328155 0.0041527305 0.6862615761 209.3226500363 -5.793581735 -10.2881280498 0.0553636555
23274 311211.09 113.8457329492 34.0858502398 3776905.318873 762682.2882396998 57.0993513865 -0.1991725726 0.6831644244 209.4814154905 -5.8114430713 -10.277284537 0.0538383616
23275 311211.18 113.8457272673 34.0858419192 3776904.380855 762681.7893185002 57.0995348804 -0.3102186304 0.6416841331 209.636730596 -5.8462659016 -10.2454115625 -0.0039835611
23276 311211.27 113.8457215592 34.0858336123 3776903.4442980015 762681.287938 57.0935449125 -0.2851634854 0.6461459504 209.7880895918 -5.8632669342 -10.233096478 -0.0878619398
23277 311211.36 113.8457158235 34.0858253205 3776902.509343 762680.7839601998 57.0833890242 -0.0836996409 0.6556940886 209.9400983201 -5.8974839115 -10.2089794726 -0.0959613462
23278 311211.45 113.8457100627 34.0858170488 3776901.576558002 762680.2776081 57.0783500252 0.0476207996 0.7162815209 210.0872563168 -5.9166356072 -10.1874368242 -0.0026595365
23279 311211.54 113.8457042771 34.0858087961 3776900.645816 762679.768898 57.0773539385 0.1935249053 0.7041359504 210.2400250081 -5.9488742212 -10.1617116583 0.0388236863
23280 311211.63 113.8456984788 34.0858005592 3776899.716791 762679.2589765 57.0799954394 0.2071752338 0.7073408953 210.3924775025 -5.9513798917 -10.1408633247 0.0462311111
23281 311211.72 113.8456926539 34.0857923423 3776898.789919 762678.746535 57.0836065588 0.1351692178 0.7534695728 210.5450879357 -5.9853083923 -10.1132433904 0.0478114488
23282 311211.79 113.8456881075 34.0857859645 3776898.070439 762678.3464541 57.0864243256 0.0465209808 0.6953276875 210.6607376325 -5.9977582083 -10.1035448992 0.0306494699
23283 311211.88 113.8456822466 34.0857777759 3776897.146615 762677.8305986 57.0887685362 -0.1240025287 0.6953196223 210.8115648391 -6.0258630771 -10.0848485665 0.0354575936
23284 311211.97 113.8456763587 34.0857696032 3776896.22449 762677.3121966998 57.0878628343 -0.2695823645 0.671389649 210.9578118379 -6.0503600375 -10.0645539431 -0.0135202091
23285 311212.06 113.8456704453 34.0857614409 3776895.303455998 762676.7914139 57.083949564 -0.331123431 0.6784773691 211.103268315 -6.0744485021 -10.0500137568 -0.0490028923
23286 311212.15 113.8456645019 34.0857532874 3776894.383315 762676.2678319998 57.0768574448 -0.2001415665 0.6894827499 211.2510112462 -6.1045289199 -10.0335869435 -0.0921367573
23287 311212.24 113.8456585321 34.0857451492 3776893.4648 762675.7417674 57.0687782038 0.0236277747 0.7196669586 211.4002644523 -6.1265272781 -10.0144765567 -0.0482506258
23288 311212.33 113.845652541 34.085737028 3776892.5481199985 762675.2136766998 57.0666947206 0.0551847753 0.757454047 211.5518857533 -6.1534430728 -9.9881307046 0.0280985859
23289 311212.42 113.8456465277 34.0857289248 3776891.633387 762674.6834863 57.0705117714 -0.1206686791 0.7740441631 211.6984317974 -6.1680990665 -9.9716198839 0.051344564
23290 311212.51 113.8456404933 34.0857208336 3776890.719932 762674.1513057 57.0714889187 -0.1243059266 0.7491975648 211.860027672 -6.1990454186 -9.9544520877 -0.0083553917
23291 311212.6 113.8456344332 34.0857127576 3776889.808096 762673.6167053 57.0682174396 0.0466090655 0.7532789942 212.017147612 -6.2233948948 -9.9371340908 -0.031426055
23292 311212.68 113.8456290246 34.0857055924 3776888.999008 762673.1394478001 57.0647504134 0.11043842 0.7736021664 212.1561071668 -6.2493553849 -9.9138626147 -0.0180953945
23293 311212.77 113.8456229174 34.0856975537 3776888.091185 762672.6003868 57.0665830495 -0.0595564667 0.7330672592 212.2842098044 -6.263019862 -9.8933461577 0.0602833682
23294 311212.86 113.8456167919 34.0856895283 3776887.1848 762672.0595954 57.0703402599 -0.3336936112 0.805454943 212.4163161427 -6.2958603404 -9.8739428502 -0.0051759364
23295 311212.95 113.8456106359 34.0856815148 3776886.279644 762671.515951 57.0652185399 -0.3341486955 0.7453963872 212.536391268 -6.3138567528 -9.8684383135 -0.083488246
23296 311213.04 113.8456044715 34.0856735053 3776885.374916 762670.9715144 57.056546771 -0.196368458 0.7187623222 212.6779014393 -6.3299212529 -9.8622330743 -0.0911679736
23297 311213.13 113.8455982818 34.08566551 3776884.471701 762670.4246975002 57.0478469655 -0.0202551349 0.7202362194 212.8013326498 -6.3608086636 -9.8442480564 -0.0411083516
23298 311213.22 113.8455920694 34.0856575257 3776883.569648002 762669.8757508 57.043729607 0.0080936749 0.7104185468 212.9235524022 -6.3781925141 -9.8311626275 0.0083392778
23299 311213.31 113.8455858347 34.0856495526 3776882.668777 762669.3247185 57.0444555636 -0.0318024618 0.718287897 213.0481947173 -6.4114750333 -9.8181849278 0.0531110579
23300 311213.4 113.8455795763 34.0856415832 3776881.76827 762668.771471 57.0429459615 0.0230151381 0.7113966003 213.1714810255 -6.4290769956 -9.8195174268 -0.0170744992
23301 311213.49 113.8455732959 34.0856336224 3776880.868644 762668.2161749002 57.0394007359 0.1135369579 0.7005971622 213.3007151912 -6.4499714969 -9.8007820311 -0.0049040732
23302 311213.58 113.8455669951 34.0856256721 3776879.970136 762667.6589630998 57.0378215583 0.1791495457 0.6921165383 213.4350596439 -6.4731076244 -9.7904998753 0.0225533217
23303 311213.65 113.8455620793 34.0856194957 3776879.272057 762667.2241486999 57.038614383 0.1419647818 0.6733548022 213.5396634366 -6.4899933837 -9.7788791616 0.0329643707
23304 311213.74 113.8455557368 34.0856115664 3776878.375768 762666.6630214001 57.0415235348 -0.0471237416 0.6577034472 213.6612155368 -6.5066939108 -9.7593285391 0.0590716225
23305 311213.83 113.8455493757 34.0856036427 3776877.480064 762666.1001564 57.0425591068 -0.1637384341 0.6467075261 213.7976779957 -6.5349733379 -9.75601567 0.0118091257
23306 311213.92 113.8455429869 34.085595728 3776876.585282 762665.5347087 57.0393823404 -0.2306486259 0.5949243037 213.9270155169 -6.5651707558 -9.7540667397 -0.0195942367
23307 311214.01 113.8455365813 34.08558782 3776875.691193 762664.9676851998 57.0339149954 -0.2577847241 0.5702063307 214.0795530489 -6.5843003128 -9.7424272473 -0.0536550124
23308 311214.1 113.8455301349 34.0855799204 3776874.797936 762664.3968706 57.027371618 -0.2044430821 0.5731625493 214.207435473 -6.6288029955 -9.7273673115 -0.0814777177
23309 311214.19 113.8455236621 34.0855720274 3776873.905348 762663.8236048 57.0199047644 -0.0807600922 0.5783415276 214.3504668614 -6.6494859518 -9.7232955587 -0.069451612
23310 311214.28 113.8455171615 34.0855641421 3776873.013537 762663.2477368 57.0157372095 0.0848304915 0.575918298 214.4962430485 -6.6792141648 -9.7090682177 0.0055908351
23311 311214.37 113.8455106305 34.085556264 3776872.122458 762662.6690428002 57.0150862755 0.0907789309 0.574002628 214.6504400149 -6.7125028377 -9.7021941635 0.0263524552
23312 311214.46 113.8455040728 34.0855483945 3776871.232251999 762662.0878639 57.0180678181 -0.0628425544 0.52261374 214.8059630951 -6.734590119 -9.6919352177 0.0608383446
23313 311214.55 113.8454974832 34.0855405296 3776870.342484 762661.5037185 57.0181161296 -0.2275790713 0.5468506398 214.9640485688 -6.7769863615 -9.6826183352 -0.0220350685
23314 311214.59 113.8454945424 34.0855370365 3776869.947264 762661.2429678 57.0165878972 -0.2368188042 0.5230558553 215.0346517508 -6.7885471132 -9.6776872279 -0.0306653049
23315 311214.68 113.8454879013 34.0855291774 3776869.057997 762660.6540473001 57.0096209692 -0.1666246889 0.5129791148 215.1959812515 -6.8246645047 -9.6792353458 -0.0861860111
23316 311214.77 113.8454812245 34.0855213239 3776868.169274 762660.0618227 57.0017956244 0.0043413236 0.5328761557 215.3637318654 -6.8624796285 -9.6694075352 -0.0517709214
23317 311214.86 113.8454745069 34.0855134812 3776867.281635 762659.4657828 56.9981316794 0.0296224622 0.5278112838 215.5220785609 -6.9042665475 -9.6507317195 -0.0156563358
23318 311214.95 113.8454677669 34.0855056486 3776866.395056 762658.8676568002 56.9981052661 -0.0298502706 0.5286986006 215.6929917012 -6.91850142 -9.6401878912 0.0289409703
23319 311215.04 113.8454610018 34.0854978403 3776865.511116 762658.267125 56.9998080302 -0.0808408009 0.5448657293 215.8563095054 -6.9566690445 -9.6079328773 0.0189260094
23320 311215.13 113.8454542155 34.0854900535 3776864.629508 762657.6645791 56.9970601127 -0.0453148482 0.4688576344 216.016483675 -6.9628592569 -9.5881154606 -0.0313933351
23321 311215.22 113.84544742 34.0854822966 3776863.751184 762657.0610824 56.9961731266 -0.1470024001 0.4673597315 216.1727222786 -6.9736618566 -9.5362433512 0.0150453562
23322 311215.31 113.8454406092 34.0854745717 3776862.876386 762656.4560855 56.9954500459 -0.1939890004 0.4622506004 216.3280668934 -6.9962401276 -9.509826692 -0.0038313373
23323 311215.4 113.8454337811 34.0854668717 3776862.004305002 762655.8494021 56.992489975 -0.145674038 0.4250707903 216.4842889373 -7.0072122373 -9.4803296215 -0.0254613205
23324 311215.45 113.8454299828 34.0854626039 3776861.520897 762655.5118717 56.9901707517 -0.0885513514 0.4829620713 216.575560749 -7.0137975593 -9.4583990227 -0.0268878348
23325 311215.54 113.8454231273 34.0854549502 3776860.653881 762654.9025202 56.9866039772 -0.0096115467 0.4906429259 216.7130792706 -7.0357646011 -9.4146232843 -0.0214593569
23326 311215.63 113.8454162633 34.0854473226 3776859.789745 762654.2923099 56.9851599746 0.0180366262 0.4975128937 216.8435988454 -7.0348263447 -9.3849451103 0.0155531096
23327 311215.72 113.8454093945 34.0854397274 3776858.929185 762653.6815446998 56.9864325328 -0.0557706433 0.5106519942 216.9727313234 -7.043664114 -9.3417220267 0.0422671051
23328 311215.81 113.8454025169 34.0854321583 3776858.071494 762653.0698921 56.9871442988 -0.1056648438 0.4919727501 217.0870108727 -7.0499683235 -9.312150328 -0.0001910231
23329 311215.9 113.8453956398 34.0854246157 3776857.216754 762652.4582047 56.9852516996 -0.1180059886 0.5358236654 217.2029727049 -7.0507764742 -9.2787663494 -0.0220325475
23330 311215.99 113.8453887559 34.0854171056 3776856.3656 762651.8457805 56.9833066445 -0.0991376448 0.5616725801 217.3025305506 -7.0612094721 -9.2428040504 0.0028585548
23331 311216.08 113.8453818697 34.0854096246 3776855.517675 762651.233062 56.9808818623 0.0168203295 0.6086028982 217.4044177466 -7.0615358657 -9.2061766979 -0.0205815848
23332 311216.17 113.8453749765 34.0854021761 3776854.673325 762650.6195924 56.9786949288 0.0282592712 0.663852864 217.4928811714 -7.0620037497 -9.1647882614 0.0188947101
23333 311216.26 113.8453680891 34.0853947556 3776853.8321050014 762650.0065719 56.9810099145 -0.1003619748 0.6958805049 217.5906127808 -7.0539116474 -9.134148727 0.0861808885
23334 311216.35 113.8453612029 34.0853873592 3776852.993568 762649.393597 56.9818138816 -0.2028309557 0.6894193863 217.6938210316 -7.056541329 -9.1084533821 -0.0237930035
23335 311216.41 113.8453566115 34.0853824402 3776852.43586 762648.9848444002 56.9784681639 -0.1779664857 0.6997713684 217.7697443208 -7.0574415232 -9.0860205346 -0.0347171788
