23336 311238.3 113.8442914103 34.084309121 3776730.582997 762553.9446195 56.7154333256 -0.0023152538 0.5622104405 60.0480241493 3.8129926143 2.1649420557 0.0115306878
23337 311238.53 113.8443008271 34.0843136123 3776731.105635 762554.8002625 56.7107112305 0.1807458597 0.5221526114 59.4471646618 3.7131630574 2.1588222977 0.0064158753
23338 311238.77 113.8443103946 34.0843182821 3776731.648479 762555.6692694002 56.7131295847 0.1474292755 0.5014547001 58.8850661157 3.6148584219 2.1516869159 0.0158555651
23339 311239.01 113.8443197102 34.0843229246 3776732.187639 762556.5151104998 56.7136526992 0.1658925002 0.5242442421 58.447925829 3.5148210663 2.1277144015 0.0265471409
23340 311239.26 113.8443291603 34.0843277386 3776732.746179 762557.3728328 56.7159598079 0.1372663089 0.4372062252 58.1049678942 3.4380489847 2.1204213664 0.0135730846
23341 311239.51 113.8443386117 34.0843326091 3776733.310988 762558.2304981 56.7084006229 0.4390851356 0.4444080036 57.8637867078 3.5380071178 2.200873022 -0.0108234064
23342 311239.75 113.8443480626 34.0843375162 3776733.879868 762559.0880047 56.7109529143 0.3718868715 0.4724475794 57.7006873732 3.7149453645 2.3240736219 0.0047528647
23343 311239.98 113.8443576052 34.0843425144 3776734.459078 762559.9537056 56.7119600177 0.2948355259 0.4151382056 57.5346846602 3.9259854745 2.4849480759 0.0184785617
23344 311240.12 113.8443636957 34.0843457308 3776734.831687 762560.5061417 56.7119968263 0.3016421771 0.4240384074 57.4387512048 4.0810102612 2.5899673159 -0.0073975663
23345 311240.33 113.8443732708 34.0843508108 3776735.420069 762561.3745925998 56.7104854835 0.3298549316 0.4368586792 57.2774648276 4.3108224009 2.7571119528 0.0085318447
23346 311240.52 113.8443824006 34.0843556954 3776735.985617 762562.2025218002 56.7076726677 0.4031063079 0.4094767255 57.1735481248 4.5409265044 2.9193686549 -0.0025801898
23347 311240.71 113.8443920014 34.0843608453 3776736.581823 762563.0731145 56.7082853131 0.3326891709 0.3935619729 57.0583203327 4.7613810466 3.0703155714 0.0054579643
23348 311240.89 113.8444015035 34.084365963 3776737.174204 762563.9347047 56.707026911 0.4943837454 0.394369664 56.996810081 4.9591883118 3.2107930372 -0.0043529542
23349 311241.06 113.8444108454 34.0843710008 3776737.7573050014 762564.7817444998 56.7039308036 0.6930766583 0.3872490454 56.9364514905 5.1638582707 3.3434545028 -0.0296770956
23350 311241.22 113.8444199624 34.084375919 3776738.326545 762565.6083809 56.7043935284 0.7624383459 0.366053882 56.8755894201 5.3344977485 3.4702799313 0.0426620643
23351 311241.38 113.8444293777 34.0843810083 3776738.915545 762566.462042 56.713829793 0.6288810804 0.4256293897 56.7877035703 5.5087755693 3.5770464252 0.0685638009
23352 311241.53 113.8444384724 34.0843859366 3776739.485856 762567.286595 56.7201531548 0.4402862396 0.3958358888 56.6414644806 5.656485845 3.7098046234 0.0079630893
23353 311241.68 113.8444478077 34.0843910402 3776740.076248 762568.1328259 56.7207063958 0.4745851843 0.3441276951 56.5008341402 5.8119512343 3.8279511624 0.0314079922
23354 311241.83 113.8444573844 34.0843962959 3776740.6841339986 762569.0008662 56.7244408717 0.4389965799 0.3567308786 56.3395232883 5.9546485548 3.9446043769 -0.0101568272
23355 311241.97 113.8444665252 34.0844013496 3776741.268478 762569.8292884 56.7224703105 0.558945873 0.337245178 56.2162393373 6.0799401724 4.0525680229 -0.0085725698
23356 311242.11 113.8444758668 34.084406537 3776741.868172 762570.675838 56.7255292758 0.5450942502 0.3101507656 56.0642362648 6.2102507993 4.1626385421 0.039968725
23357 311242.21 113.8444826566 34.0844103266 3776742.306197 762571.2910766 56.7292417809 0.5386095251 0.3019287637 55.9608730185 6.2976237759 4.2366169629 0.0315999739
23358 311242.35 113.8444923248 34.0844157435 3776742.932202 762572.1670756 56.7319897823 0.5737485487 0.3219153446 55.8184926095 6.427964393 4.3332773435 0.0263996717
23359 311242.48 113.8445014633 34.0844208884 3776743.526661 762572.9950053 56.7355349464 0.5234804953 0.352605479 55.6808052142 6.5293753958 4.4408024874 0.0211025983
23360 311242.61 113.8445107516 34.0844261488 3776744.1343269986 762573.8364029 56.7404848822 0.4674968863 0.3850983855 55.5553291197 6.6402923359 4.532567004 0.0318422229
23361 311242.74 113.8445201929 34.0844315148 3776744.754111 762574.6916085 56.7408841876 0.6084761556 0.3489889447 55.4078439724 6.7384185403 4.629433029 0.0018815694
23362 311242.87 113.8445297637 34.0844369972 3776745.387131 762575.5584096998 56.7447383246 0.5676968373 0.3468763979 55.2787118573 6.8358615341 4.7160326151 0.0585321443
23363 311242.99 113.8445387235 34.0844421451 3776745.981475 762576.3698255002 56.751121847 0.5045871283 0.3344030088 55.1596220811 6.9275995068 4.7975929331 0.0375595047
23364 311243.11 113.8445478028 34.0844473895 3776746.586825 762577.1919763002 56.7541208779 0.4085797801 0.3550047552 55.0809659558 7.0244147239 4.8910073785 0.0167195927
23365 311243.23 113.8445570067 34.0844527136 3776747.201336 762578.0253868 56.7570144115 0.3458443501 0.3016619694 54.9883966447 7.1168898869 4.9603799218 0.0562345345
23366 311243.35 113.8445663206 34.0844581255 3776747.825889 762578.8686859 56.7589501422 0.2977017896 0.2921187373 54.8946701618 7.2022290152 5.0495637434 -0.0293152791
23367 311243.47 113.8445757525 34.0844636093 3776748.458709 762579.7226516 56.7550171521 0.4241372149 0.3380194015 54.7970354693 7.2880361289 5.1044302982 -0.0165505661
23368 311243.59 113.8445852798 34.084469178 3776749.101204 762580.5851726 56.7566950032 0.3506751554 0.3351707797 54.7144272013 7.3620139341 5.1931502437 0.0299732988
23369 311243.7 113.8445941026 34.0844743471 3776749.697541 762581.3838762 56.7607485428 0.3324412852 0.3547463106 54.6370985728 7.4381868094 5.2410883903 0.0286221327
23370 311243.81 113.8446030123 34.0844795803 3776750.301217 762582.1903991002 56.7604634175 0.3601799265 0.3507248288 54.5525584226 7.5029578741 5.3159628566 -0.0346115679
23371 311243.92 113.8446119998 34.0844848808 3776750.912555998 762583.0038991 56.7596450234 0.3902927177 0.358733892 54.4737533327 7.5708140056 5.3704076987 0.0314493202
23372 311244.03 113.8446210677 34.0844902394 3776751.530557 762583.8246431 56.7650854318 0.2857829346 0.333471106 54.3810395909 7.637748306 5.4497749604 0.0346635768
23373 311244.14 113.8446302166 34.0844956578 3776752.155401998 762584.6526841 56.7636218481 0.4130298521 0.3334990652 54.2940652173 7.7069209554 5.5038275888 -0.0409410294
23374 311244.25 113.8446394408 34.0845011332 3776752.786764 762585.4875054 56.7628018092 0.5078063158 0.303985924 54.1672961434 7.7576987756 5.5652148056 0.0369002313
23375 311244.36 113.8446487284 34.0845066776 3776753.425937 762586.3279614 56.7676722556 0.3583936897 0.311098277 54.0351693849 7.814303126 5.6333737493 0.0581665939
23376 311244.47 113.8446580813 34.0845122841 3776754.07218 762587.1742554 56.7728283741 0.2974385262 0.31055784 53.8926356492 7.8677999466 5.6973674554 0.0269509237
23377 311244.58 113.8446675006 34.0845179594 3776754.726236 762588.0264656 56.7714210553 0.4978435148 0.4090946365 53.755459975 7.9306205193 5.7646331154 -0.025458537
23378 311244.69 113.8446769854 34.0845236964 3776755.387297 762588.8845410999 56.7706631813 0.5587857148 0.4184768737 53.5967478831 7.9754850017 5.8340603225 0.0443020682
23379 311244.8 113.8446865209 34.0845295027 3776756.056184 762589.7470761 56.7797294622 0.2631356753 0.5069103047 53.4385674262 8.0234275578 5.8995675142 0.1046546216
23380 311244.9 113.8446952488 34.08453484 3776756.670945 762590.5364965998 56.7858028924 0.103255164 0.534662211 53.2858247433 8.0730679096 5.97213418 0.0056882114
23381 311244.93 113.8446978774 34.0845364549 3776756.856918 762590.7742218 56.7850021683 0.1344526967 0.5408493363 53.2438781768 8.0881049585 5.9957156461 -0.0412216946
23382 311245.03 113.8447066729 34.0845418764 3776757.481188 762591.5696194002 56.7773580104 0.3880462468 0.6053948445 53.1076072733 8.1424957673 6.0534893229 -0.0707997078
23383 311245.13 113.8447155089 34.0845473581 3776758.112257 762592.3685660998 56.7745876024 0.4787971752 0.5499055966 52.9598115932 8.1707591111 6.1223811447 0.052852891
23384 311245.23 113.8447243821 34.084552902 3776758.750318 762593.1707659998 56.7813070463 0.291911261 0.5334186673 52.8037148764 8.2122291646 6.1910556089 0.0890766542
23385 311245.33 113.8447333032 34.0845584993 3776759.394426 762593.9772189 56.7864251351 0.1731355394 0.5655830245 52.6391978791 8.2515949352 6.2355030119 0.0271091037
23386 311245.43 113.844742265 34.0845641566 3776760.045303 762594.7872431999 56.7849197173 0.1796179273 0.5605066895 52.482185398 8.2843514737 6.3195074877 -0.0377322877
23387 311245.53 113.8447512685 34.0845698749 3776760.703055 762595.6009233 56.7813536618 0.2638109762 0.5445965409 52.3322452255 8.3236269272 6.3760726436 -0.0175661708
23388 311245.63 113.8447603126 34.0845756474 3776761.366921 762596.4181878 56.7801113194 0.2960061898 0.5744003522 52.1663281108 8.3639015022 6.4359940642 0.0123184808
23389 311245.73 113.8447693978 34.0845814767 3776762.037208 762597.2390784002 56.7813568702 0.2704375112 0.5775818056 52.002941853 8.3969740879 6.5042616557 0.0405155052
23390 311245.83 113.8447785171 34.0845873676 3776762.714404 762598.0629248 56.7828552751 0.2322508933 0.586936023 51.8468919101 8.4299519274 6.5712094185 0.0058368818
23391 311245.91 113.8447858432 34.0845921226 3776763.260937 762598.7247008 56.783288897 0.2179389388 0.60924391 51.7169296371 8.4670688549 6.6203405471 0.0074793798
23392 311246.01 113.8447950352 34.0845981163 3776763.949742 762599.5549356998 56.782395443 0.2162611192 0.6066468786 51.5486081336 8.497718332 6.689607358 0.0063209239
23393 311246.11 113.8448042414 34.0846041858 3776764.646992 762600.3862591998 56.7812264282 0.2401628123 0.6192388043 51.3858146144 8.5245158345 6.7585952452 -0.0060016518
23394 311246.21 113.8448134788 34.0846103155 3776765.351003 762601.2202653001 56.7808168363 0.2507334558 0.5761519009 51.2172826384 8.550529373 6.8250331265 0.0025232644
23395 311246.31 113.844822747 34.0846165056 3776766.061794 762602.0569393 56.7811321961 0.265676855 0.5827990243 51.058227076 8.5833077641 6.8837874746 0.0090990318
23396 311246.41 113.8448320513 34.084622754 3776766.779144998 762602.8967618 56.7805178557 0.307433215 0.537975754 50.8933650855 8.6115559324 6.9587293746 -0.0130527968
23397 311246.51 113.8448413863 34.0846290613 3776767.503112002 762603.7392343002 56.7811551606 0.3123629718 0.5555254367 50.7350991117 8.6482827973 7.0108683109 0.0322336416
23398 311246.6 113.8448498173 34.0846347867 3776768.160184 762604.5000338 56.7831447888 0.3186455907 0.4955150107 50.5825562237 8.6784559396 7.0802726665 0.0177908418
23399 311246.69 113.8448582693 34.0846405595 3776768.822562 762605.2626284 56.7845506314 0.3226109599 0.520772901 50.4335164692 8.6902068004 7.1278240082 0.0247668221
23400 311246.73 113.8448620356 34.0846431385 3776769.118462 762605.6024241 56.784966684 0.3340103512 0.5198862305 50.3648302187 8.7070932537 7.1484038595 0.0157215397
23401 311246.82 113.8448705239 34.0846489738 3776769.787873 762606.3681701998 56.7864442216 0.4010351986 0.5100159589 50.2150838852 8.7256529681 7.2089456274 0.023868252
23402 311246.91 113.8448790281 34.0846548557 3776770.462492 762607.1352443001 56.7869752012 0.3568378677 0.5685610883 50.0676895446 8.7349006774 7.2586519345 -0.0044619964
23403 311247.0 113.8448875535 34.0846607776 3776771.14161 762607.9041614998 56.7885433678 0.399160549 0.5499734937 49.9052715926 8.7629376573 7.3184011818 0.0263515018
23404 311247.09 113.8448960923 34.0846667293 3776771.824072 762608.6742061998 56.7920770729 0.4443244369 0.5442273562 49.7553660695 8.7725828016 7.37011403 0.060738061
23405 311247.18 113.8449046438 34.0846727123 3776772.510033998 762609.4453414001 56.7994191349 0.2965968884 0.5264299562 49.594180248 8.7806603925 7.4118613191 0.1003849072
23406 311247.27 113.8449132038 34.0846787384 3776773.200808 762610.2171211998 56.8056558538 0.14915098 0.5512025688 49.4371271393 8.7899816835 7.4676367055 0.0177587695
23407 311247.36 113.8449217798 34.0846848054 3776773.89616 762610.9902518 56.8043833422 0.2325428489 0.5832866029 49.2758136015 8.8052793693 7.512940697 -0.0410561649
23408 311247.45 113.8449303637 34.0846909122 3776774.5959480014 762611.7639946998 56.801769048 0.3281780888 0.5355730541 49.0981274885 8.8069140792 7.5660214189 -0.0175206283
23409 311247.54 113.8449389491 34.0846970621 3776775.300522 762612.5377374 56.8043934293 0.2759625391 0.5760745103 48.9197887002 8.8146420161 7.6152543907 0.0759805165
23410 311247.62 113.8449465856 34.0847025599 3776775.930291998 762613.2258721999 56.809475896 0.1831861557 0.6330239638 48.7604846614 8.8186527678 7.6594792806 0.0497841609
23411 311247.71 113.8449551807 34.0847087853 3776776.643271 762614.0002811 56.8122666534 0.2117133163 0.6162118061 48.5876803815 8.8176336497 7.7142894486 -0.0026869357
23412 311247.8 113.8449637811 34.0847150518 3776777.360824 762614.7750445 56.811613 0.4361319541 0.6835893377 48.4105939504 8.8319340573 7.7570834946 -0.0217660351
23413 311247.89 113.8449723878 34.0847213543 3776778.082391 762615.5502836 56.8122120276 0.6007209922 0.6709544171 48.2180345944 8.8215641435 7.8033958752 0.0397072441
23414 311247.98 113.8449809838 34.0847276985 3776778.8085550014 762616.3244103001 56.8214900093 0.3865682512 0.6828313752 48.0311542853 8.8159863015 7.8523431083 0.1340011888
23415 311248.07 113.8449895814 34.0847340879 3776779.539738 762617.0985403 56.831937124 0.1562453978 0.6897511706 47.8493121246 8.821361822 7.9120249109 0.0933088671
23416 311248.16 113.8449981803 34.0847405274 3776780.276487998 762617.8726266 56.8360033855 0.0196637601 0.6713330987 47.6869278172 8.8195531028 7.9696278037 -0.0073223113
23417 311248.25 113.8450067845 34.0847470108 3776781.018132 762618.6470821 56.8320931951 0.1517599369 0.6482802134 47.5304769292 8.8376462523 8.0202496767 -0.0631554447
23418 311248.34 113.8450153963 34.0847535285 3776781.763592 762619.4221186 56.8281395407 0.297978609 0.5845119629 47.3601433433 8.83361613 8.0633869516 -0.0379673905
23419 311248.41 113.8450220946 34.0847586264 3776782.34656 762620.0248661998 56.8281271858 0.3362337776 0.5978263012 47.2398798134 8.8370027309 8.0971767165 0.0317139837
23420 311248.5 113.8450307088 34.0847652095 3776783.099285 762620.7999303002 56.8342730776 0.2830233841 0.5724874923 47.0767245984 8.8333085468 8.1396515988 0.0647186427
23421 311248.59 113.8450393244 34.0847718368 3776783.856919 762621.5749826998 56.8394492827 0.2602694748 0.5773364262 46.9294754319 8.8411100041 8.1924003622 0.0304567991
23422 311248.68 113.845047947 34.0847785003 3776784.618591 762622.3505708 56.8426709454 0.2031791502 0.5680201899 46.7799934223 8.8494775075 8.2362281464 0.0456142939
23423 311248.77 113.8450565731 34.0847852005 3776785.3843410006 762623.1263686 56.846921959 -0.0171756167 0.552853637 46.6311686366 8.8510611677 8.2831197172 0.0290412997
23424 311248.86 113.8450652071 34.0847919411 3776786.1546019986 762623.9027732 56.845144066 0.0011941219 0.5373042663 46.4940855688 8.8604565616 8.3394251888 -0.0780602104
23425 311248.95 113.8450738486 34.0847987228 3776786.929429 762624.6797419002 56.8365008356 0.447587501 0.4816317857 46.3772577046 8.8652963113 8.3846680509 -0.0961623523
23426 311249.04 113.845082495 34.0848055386 3776787.708073002 762625.4570568001 56.8339307215 0.7682952968 0.4629118255 46.2720618019 8.8668120442 8.4174612918 0.0763348145
23427 311249.13 113.8450911393 34.0848123761 3776788.489105 762626.2341203 56.8484877702 0.5037354162 0.4650268359 46.1609434514 8.8734503153 8.4459729416 0.2461698685
23428 311249.22 113.8450997906 34.0848192447 3776789.273605 762627.0117253 56.8631922053 0.2155249907 0.4431308447 46.0539746859 8.8711704687 8.491301043 0.1110122591
23429 311249.31 113.8451084548 34.084826149 3776790.062108998 762627.7904055 56.8654031325 0.2593402925 0.4798723355 45.9505068362 8.8953762963 8.5312930151 -0.0658056311
23430 311249.39 113.8451161681 34.0848323142 3776790.7661440014 762628.4835716998 56.8600039612 0.5392524896 0.4659244017 45.8377733567 8.9018764198 8.5709558934 -0.0571378443
23431 311249.48 113.8451248453 34.0848392793 3776791.5614269986 762629.2632743 56.8594358675 0.6640419253 0.4399087116 45.6941719716 8.9017027551 8.6096175266 0.0816020469
23432 311249.57 113.8451335176 34.0848462801 3776792.360655002 762630.0424088 56.8706738967 0.3429173798 0.4246074388 45.5503414326 8.8933522409 8.6547579355 0.1783775819
23433 311249.66 113.8451421926 34.0848533183 3776793.164039 762630.8216734 56.8818936162 -0.1122010592 0.4179964201 45.4095031033 8.90250763 8.7009376012 0.0972414211
23434 311249.75 113.845150876 34.0848603995 3776793.972223 762631.6015888002 56.8815458026 -0.2949909421 0.4317847541 45.2796111557 8.9086979618 8.755866043 -0.0828996187
23435 311249.83 113.8451586057 34.0848667268 3776794.694282 762632.2957615 56.870975838 -0.1109981622 0.4234027682 45.1597665233 8.9291800242 8.7975305227 -0.1541251722
23436 311249.91 113.8451663425 34.084873083 3776795.419579 762632.9905073001 56.8578460878 0.193707944 0.3723185485 45.0266413367 8.9263799797 8.8342311454 -0.1309706657
23437 311249.99 113.8451740781 34.0848794677 3776796.148029 762633.6850521 56.8524424462 0.2805425234 0.4192868013 44.8945422133 8.9284735457 8.8753642156 0.0147643297
23438 311250.07 113.8451818195 34.0848858798 3776796.879535 762634.3800572 56.8551216377 0.2258581168 0.4175517791 44.7560890674 8.92268476 8.9100009587 0.081473531
23439 311250.15 113.8451895616 34.0848923242 3776797.614625 762635.0750106998 56.8612986021 0.0388519108 0.4596026814 44.625995043 8.9291112361 8.9566892664 0.0423698514
23440 311250.23 113.8451973105 34.0848988022 3776798.353464 762635.770499 56.8610922201 0.154498782 0.5083604012 44.495447901 8.9436663503 9.0017031045 -0.0267618012
23441 311250.28 113.8452021545 34.0849028658 3776798.816885 762636.2052212 56.859180755 0.2188790463 0.5271298329 44.4112231868 8.9410606261 9.0288180519 -0.0400885613
23442 311250.36 113.8452099049 34.0849093911 3776799.5609739986 762636.9007011999 56.8572864402 0.2653879443 0.5468615209 44.2678913375 8.9323900747 9.0679394399 0.0168047998
23443 311250.44 113.8452176537 34.0849159475 3776800.308517 762637.5959364 56.8576954696 0.1488843257 0.5637065993 44.1227792161 8.9305659867 9.1114352149 0.0079525022
23444 311250.52 113.8452254005 34.0849225366 3776801.059680002 762638.2908829 56.8571227658 0.1842915067 0.6004644324 43.9783809418 8.9309185722 9.1550336207 0.0020093942
23445 311250.6 113.8452331495 34.0849291556 3776801.814158 762638.9859354 56.8554919977 0.2171886384 0.6204912394 43.8354615734 8.9317834012 9.2000567486 -0.0153587812
23446 311250.68 113.8452408904 34.0849358076 3776802.572291998 762639.6801445 56.8541536266 0.2865841061 0.5791383562 43.6997500842 8.9166490113 9.2418489603 -0.0092939044
23447 311250.76 113.8452486307 34.0849424889 3776803.333667 762640.3742061999 56.8557331888 0.3099576875 0.6401757692 43.5577518227 8.9289323616 9.2781658988 0.0157577236
23448 311250.84 113.8452563696 34.0849491971 3776804.098022 762641.0680617 56.8586380649 0.277152246 0.610052945 43.411033892 8.92212553 9.32667851 0.0361834437
23449 311250.92 113.8452641014 34.0849559376 3776804.865949 762641.7611577 56.8615343487 0.2209854811 0.6584157767 43.2689623212 8.9193121019 9.3638534438 0.0208095254
23450 311251.0 113.8452718343 34.0849627055 3776805.636921 762642.4542706 56.8636254715 0.1762658262 0.6941936845 43.1130236221 8.9212430048 9.4078355491 0.030933619
23451 311251.08 113.8452795563 34.0849695072 3776806.411617 762643.1462703 56.8637814336 0.3196202882 0.6718424161 42.9604417461 8.9008001755 9.4566978828 -0.0034789663
23452 311251.1 113.8452814861 34.0849712135 3776806.605939 762643.3191846 56.8635340212 0.288489186 0.6912517784 42.9228726692 8.9059599718 9.4702074036 -0.0159093137
23453 311251.18 113.8452891983 34.0849780571 3776807.385253 762644.010152 56.8631739328 0.446840422 0.6601593973 42.7654019786 8.8941189824 9.5102487196 0.0466395947
23454 311251.26 113.845296901 34.0849849294 3776808.167737 762644.7001449 56.869207914 0.2529238026 0.6472275773 42.598385702 8.8833150772 9.548395837 0.0977796113
23455 311251.34 113.8453045963 34.0849918342 3776808.9537949986 762645.3893616 56.8752807733 0.0789450679 0.6248191728 42.4193304715 8.8730383292 9.5973459193 0.0790740396
23456 311251.42 113.8453122837 34.0849987749 3776809.743825 762646.07774 56.8772433298 -0.0594548729 0.6504008123 42.2422203372 8.8644148671 9.6461667112 -0.0204207536
23457 311251.5 113.8453199673 34.0850057504 3776810.537708 762646.7656565 56.871988141 0.1022234866 0.6535672041 42.0750897659 8.8568564952 9.6943491885 -0.0846019489
23458 311251.58 113.8453276438 34.0850127609 3776811.335451 762647.4528114998 56.8652359908 0.393451764 0.6568226895 41.9209275406 8.8558109354 9.7439533372 -0.0552753824
23459 311251.66 113.8453353087 34.0850198009 3776812.136452 762648.1387963 56.8643389307 0.5964251945 0.5974320373 41.7771471296 8.8314298503 9.7779904217 0.0429949953
23460 311251.74 113.8453429625 34.0850268693 3776812.94056 762648.8236793 56.8730080798 0.5373880652 0.6391090802 41.6407709657 8.8280973111 9.8162160085 0.1247058538
23461 311251.82 113.8453506132 34.0850339594 3776813.747083 762649.5081981998 56.8860357758 0.2975913054 0.6041527619 41.5140105199 8.8285070395 9.8546870871 0.1348186356
23462 311251.88 113.8453563459 34.0850392977 3776814.354253 762650.0210346 56.8917634646 0.2641621124 0.6350175816 41.4432655895 8.8230941029 9.8843961282 0.0567459831
23463 311251.96 113.8453639964 34.0850464399 3776815.166552 762650.7053805002 56.8932524659 0.3065113759 0.6838348263 41.3437698144 8.828687949 9.9147658343 -0.0111200128
23464 311252.04 113.8453716442 34.0850536063 3776815.981523 762651.3894069998 56.8935277499 0.2896163875 0.6563688785 41.235832787 8.820525781 9.9538605275 -0.002003508
23465 311252.12 113.8453792762 34.0850608112 3776816.80073 762652.0718459 56.8957969379 0.1953688346 0.6869549396 41.1227078808 8.8238936961 9.9938816062 0.0191439105
23466 311252.2 113.8453869074 34.0850680438 3776817.623006 762652.7541311 56.8967214851 0.0967083381 0.6985850632 41.0138172941 8.8177535548 10.0359275374 -0.0148957255
23467 311252.28 113.8453945367 34.0850753052 3776818.4484809986 762653.436149 56.8966646809 0.0623261574 0.6572284557 40.9039730738 8.8178269283 10.0710403544 0.00610136
23468 311252.36 113.8454021636 34.0850825957 3776819.27718 762654.1178519 56.8953727279 0.0384385252 0.6559004341 40.792493158 8.8114579586 10.1158719378 -0.0423051451
23469 311252.44 113.8454097889 34.085089915 3776820.109068 762654.7993178002 56.8917782242 0.1761842061 0.6242384972 40.684294299 8.8064615398 10.1502255196 -0.0373088151
23470 311252.52 113.8454174135 34.0850972603 3776820.943832 762655.4806435 56.8891716478 0.3602658941 0.6034461523 40.5658578249 8.8055908725 10.1893739534 -0.005062117
23471 311252.6 113.8454250339 34.0851046292 3776821.7812089985 762656.1615073001 56.8931618594 0.2415725182 0.670707061 40.4271023047 8.8087451306 10.2169961077 0.0976516195
23472 311252.68 113.8454326533 34.0851120219 3776822.621224 762656.8422023002 56.8978437567 0.3123897105 0.675016002 40.2676061608 8.7988738861 10.255902148 0.0410230705
23473 311252.76 113.8454402634 34.0851194479 3776823.464913 762657.5219423 56.9018666418 0.2818119908 0.7423559568 40.1102763627 8.7909280312 10.3038068256 0.0287982938
23474 311252.79 113.8454431147 34.0851222402 3776823.782126 762657.7765903 56.9026426403 0.3222586966 0.7341183707 40.0547301108 8.7872503689 10.3168214261 0.026733156
23475 311252.87 113.8454507083 34.0851297069 3776824.630294 762658.4546719 56.9067730503 0.193764758 0.7548410393 39.9040569539 8.7698940865 10.3614762538 0.0611545347
23476 311252.95 113.8454582889 34.0851372092 3776825.482379 762659.131448 56.9083953053 0.1619052519 0.7069699255 39.7639527424 8.7521182633 10.406995606 -0.0129337553
23477 311253.03 113.84546586 34.0851447447 3776826.338118 762659.8072446 56.9072593106 0.2680611875 0.6894456643 39.6273295598 8.7513619588 10.4539789256 -0.0242682512
23478 311253.11 113.8454734284 34.0851523098 3776827.197133 762660.4826976 56.906976074 0.1789565216 0.6328761273 39.4746024174 8.7433647556 10.4946685692 0.0089066723
23479 311253.19 113.845480983 34.0851599031 3776828.059249 762661.1567888 56.9096090831 0.0367784938 0.6281053718 39.3167125882 8.723105725 10.5379344652 0.0253836805
23480 311253.27 113.8454885328 34.0851675248 3776828.9245 762661.8303508002 56.9109924473 -0.0290636092 0.6447515379 39.1510724305 8.7196213 10.5750270835 -0.0285888759
23481 311253.35 113.8454960727 34.0851751822 3776829.793688 762662.5028909 56.9046778083 0.2804407488 0.667326927 39.002662391 8.6988516925 10.6251900524 -0.107433694
23482 311253.43 113.8455036031 34.0851828679 3776830.665997 762663.1744663 56.9006982706 0.6583742752 0.6778443661 38.8475147247 8.6930598581 10.6578803244 0.0279827201
23483 311253.51 113.845511117 34.0851905776 3776831.540923 762663.8444341999 56.9082570579 0.5915562317 0.6891631903 38.6718339624 8.6629539414 10.6925681964 0.1798108005
23484 311253.59 113.8455186108 34.0851983161 3776832.418989 762664.5124627 56.92265369 0.400212364 0.7047090865 38.4923443528 8.6470101083 10.7378647684 0.1541598083
23485 311253.6 113.8455195469 34.085199286 3776832.529039 762664.5959089 56.9244186655 0.3878441115 0.7052337197 38.4702566163 8.6488031049 10.7466187098 0.1653907056
23486 311253.68 113.8455270247 34.0852070627 3776833.411298 762665.2623391999 56.9328729855 0.1419040478 0.7422648046 38.2871464164 8.6253350894 10.7930136668 0.0601428369
23487 311253.76 113.8455344855 34.0852148758 3776834.297563 762665.9270867 56.9345137384 0.1127925192 0.7110159996 38.1034241482 8.6070970231 10.840092216 -0.0071924239
23488 311253.84 113.8455419334 34.0852227232 3776835.187603 762666.5905458 56.9315865328 0.0254917315 0.7502237871 37.9090642107 8.594006797 10.8860843944 -0.0426906374
23489 311253.92 113.8455493645 34.0852306058 3776836.081508 762667.2523394 56.9263007259 0.1602715439 0.6811905891 37.7191792308 8.5722280224 10.9413741736 -0.0849503553
23490 311254.0 113.8455567739 34.0852385258 3776836.979506 762667.9120083002 56.9222719958 0.2489817066 0.6437986174 37.527202379 8.5451671002 10.992403809 -0.0185235277
23491 311254.08 113.845564154 34.0852464782 3776837.881021 762668.5688761 56.9263490448 0.2161276079 0.6148345443 37.3330563854 8.5204981112 11.0287952651 0.0708021778
23492 311254.16 113.8455715133 34.085254465 3776838.786297 762669.2237241 56.931874238 0.1840275567 0.6016247952 37.1348703097 8.4915304953 11.0868825136 0.0374775363
23493 311254.24 113.845578851 34.0852624843 3776839.695128 762669.8764643002 56.935167403 0.3000880325 0.6533306538 36.9467684436 8.4779768693 11.1212007951 0.034791329
23494 311254.32 113.8455861725 34.0852705302 3776840.606875 762670.5276358002 56.9383463319 0.3407603502 0.6739372567 36.7501656358 8.4464444329 11.1668437159 0.0258043545
23495 311254.33 113.8455870862 34.0852715381 3776840.721082 762670.6088894 56.9386697356 0.35537165 0.6642893221 36.725453559 8.4457729605 11.169827222 0.0225688028
23496 311254.41 113.8455943807 34.0852796192 3776841.63666 762671.2574520998 56.942185306 0.4006153239 0.7156954074 36.5357680256 8.4203628349 11.2071036812 0.062622806
23497 311254.49 113.8456016534 34.0852877305 3776842.555527 762671.9039132 56.9473200925 0.3303914826 0.7210636136 36.3407719826 8.3874331797 11.2560001514 0.0663951215
23498 311254.57 113.8456088999 34.0852958705 3776843.4775269986 762672.5478657 56.9544295473 0.096980734 0.7512736946 36.1595884313 8.3600867592 11.2864307315 0.080647812
23499 311254.65 113.8456161237 34.0853040432 3776844.403086 762673.1896207 56.9568253672 0.0957931984 0.7267665603 35.9849929383 8.330979819 11.3391142444 -0.0175799908
23500 311254.73 113.8456233274 34.0853122465 3776845.33199 762673.8294284 56.9541567089 0.0880001846 0.781528445 35.8247852305 8.3185026811 11.3673494606 -0.0465874175
23501 311254.81 113.8456305121 34.0853204716 3776846.2632739986 762674.4674095 56.9522347981 0.1350839216 0.76152732 35.6620153505 8.2899542202 11.4055619661 -0.0099453745
23502 311254.89 113.8456376731 34.0853287214 3776847.197234 762675.103123 56.9535435811 0.1704899018 0.7633521361 35.509755669 8.2699040632 11.4368054383 0.0088840143
23503 311254.97 113.8456448125 34.0853369951 3776848.133780998 762675.7367691 56.9552345891 0.1575737248 0.7508293082 35.3622645094 8.2348797731 11.4696742095 0.0106427789
23504 311255.05 113.8456519313 34.0853452937 3776849.073052 762676.3684371 56.9577750973 0.0985751489 0.7462041576 35.2331648398 8.2190666652 11.5084032611 0.0232625938
23505 311255.08 113.8456545945 34.0853484115 3776849.425908 762676.6047167 56.9581218474 0.1519316294 0.7145976774 35.1847562071 8.2035047528 11.5127146421 0.0145993667
23506 311255.16 113.845661685 34.085356744 3776850.368861 762677.2336664002 56.9597824747 0.0522192363 0.7514553783 35.0737141606 8.1912468598 11.5447423766 0.0247250139
23507 311255.24 113.8456687643 34.0853650925 3776851.313558 762677.8615332 56.9586747698 0.1273455092 0.7153487521 34.9663241872 8.1728180668 11.5650721461 -0.0239388424
23508 311255.32 113.8456758259 34.0853734599 3776852.260312998 762678.4877034002 56.9578840239 0.2398317123 0.7273525625 34.8777916721 8.1575368432 11.5920897324 -0.0040902994
23509 311255.4 113.8456828794 34.085381839 3776853.208344 762679.1130965998 56.958298862 0.3198665586 0.696627262 34.7875347915 8.1437426989 11.6032089449 0.0256891992
23510 311255.48 113.8456899177 34.0853902332 3776854.158015 762679.7370341 56.9631584026 0.2514378358 0.7307353819 34.7097284961 8.13156152 11.6297373181 0.0768340221
23511 311255.56 113.8456969504 34.0853986359 3776855.108606 762680.360434 56.9682116248 0.2870017858 0.703030335 34.6223975038 8.1182303572 11.6370783414 0.0578957239
23512 311255.64 113.8457039694 34.0854070562 3776856.061129 762680.9825078 56.9730117433 0.2305667731 0.7176327094 34.5473967163 8.1065571483 11.6677186135 0.055937863
23513 311255.72 113.8457109808 34.0854154889 3776857.014999 762681.6038451998 56.976645181 0.1647768677 0.7203113444 34.4614949949 8.0976642336 11.6818532424 0.049772271
23514 311255.8 113.8457179819 34.0854239365 3776857.970492 762682.224181 56.9800005732 0.0417817176 0.7735726079 34.3753938405 8.0894259389 11.7036552207 0.034428939
23515 311255.88 113.8457249795 34.085432397 3776858.92742 762682.8441587 56.9814509274 -0.1659356655 0.7988342837 34.2651963088 8.0763174969 11.7215856615 -0.0224061603
23516 311255.96 113.845731965 34.0854408796 3776859.886758 762683.4629517 56.9758542394 -0.0822658957 0.8724335176 34.1593609258 8.0726253028 11.7554762542 -0.0949736434
23517 311256.03 113.8457380724 34.0854483165 3776860.727795 762684.0038930002 56.968634245 0.112776724 0.8611955875 34.0445567214 8.056831371 11.7790399942 -0.1001826465
23518 311256.1 113.8457441579 34.0854557676 3776861.570344 762684.5427705 56.9635915458 0.2836945243 0.8377677275 33.9358926687 8.0277538689 11.8060936198 -0.0026902046
23519 311256.17 113.845750225 34.0854632282 3776862.413915 762685.0799181 56.966701082 0.2572836317 0.7757520749 33.8120369567 7.989678006 11.8134824954 0.0837388166
23520 311256.25 113.8457571294 34.085471771 3776863.379724 762685.6910314 56.9752586503 0.2332055698 0.6964362943 33.6750997172 7.9647508817 11.8513616318 0.1424373986
23521 311256.32 113.845763153 34.0854792564 3776864.225922 762686.2240853001 56.9820890902 0.1492481486 0.6998823429 33.5461338424 7.9547034333 11.8534602993 0.1141899423
23522 311256.39 113.8457691605 34.0854867514 3776865.073158 762686.7556211 56.9840240143 0.1333575903 0.678875869 33.4049417284 7.9153415421 11.875347719 0.0168031844
23523 311256.47 113.8457759955 34.0854953307 3776866.042843 762687.3602201 56.9831910524 0.4651260229 0.6481827012 33.2553637397 7.8773021715 11.8820044474 -0.0288897405
23524 311256.55 113.8457828048 34.0855039196 3776867.013522 762687.9624111 56.9867415344 0.3732883187 0.6826232823 33.0887175594 7.8417089356 11.90504166 0.0885785523
23525 311256.63 113.8457895796 34.0855125212 3776867.985528 762688.5613772 56.9929203233 0.2778847315 0.6849591567 32.9293915918 7.8112286573 11.9188251266 0.0985111834
23526 311256.71 113.8457963205 34.0855211322 3776868.958498 762689.1571804 57.0009818049 0.1064769116 0.6998402183 32.7608517311 7.7604281751 11.9379417022 0.0409967283
23527 311256.76 113.8458005195 34.0855265224 3776869.567492 762689.5282361 57.0039185779 0.0647087464 0.7320317025 32.6623095922 7.7503962266 11.9439256199 0.010307801
23528 311256.84 113.8458072157 34.0855351574 3776870.543 762690.1198438002 57.0052211573 0.2037011506 0.687694798 32.4935397295 7.7183102976 11.973031475 0.0195089215
23529 311256.92 113.8458138721 34.0855438069 3776871.520015 762690.7077305 57.0054436876 0.3330812178 0.6577585959 32.338706603 7.6719987054 11.9832017948 0.0246990539
23530 311257.0 113.8458204938 34.0855524649 3776872.497888 762691.2923825 57.0093794037 0.2635502826 0.6710646416 32.1742364212 7.6233026384 11.9942368061 0.0756478232
23531 311257.08 113.8458270695 34.085561133 3776873.476767 762691.8727571998 57.0173915289 0.122137275 0.615407832 32.0148927325 7.5829057492 12.010429298 0.1058425861
23532 311257.16 113.8458336061 34.0855698092 3776874.456443 762692.4494982 57.0219109459 0.0220279524 0.6530715484 31.8480813402 7.5365233175 12.0253413235 0.0100342636
23533 311257.24 113.8458401113 34.0855784918 3776875.43674 762693.0233229002 57.0229692506 0.0602809171 0.6790872626 31.6816344862 7.5081909332 12.0267321982 0.0136100117
23534 311257.32 113.8458465809 34.085587177 3776876.417245 762693.5938493 57.0235250117 0.0678401093 0.6674933578 31.5098088507 7.4526327561 12.0352318157 -0.0038408895
23535 311257.4 113.8458530096 34.0855958688 3776877.398375 762694.1605764 57.0245819259 0.028382758 0.6834643526 31.3461088182 7.4151537385 12.0384926156 0.0162895646
23536 311257.48 113.8458593984 34.0856045614 3776878.3794910014 762694.7236181998 57.0261025112 0.0639778103 0.6785241301 31.1771362082 7.3610203264 12.040841215 0.0269036886
23537 311257.56 113.845865747 34.0856132587 3776879.361017 762695.282932 57.0270360587 0.1316667115 0.6899381189 31.0192547364 7.3239536776 12.0437244001 0.0077641225
23538 311257.64 113.8458720581 34.0856219566 3776880.342515 762695.8387826 57.0298338495 0.1019620592 0.6650561476 30.8519519623 7.2781530374 12.0532483775 0.0486102284
23539 311257.72 113.8458783252 34.085630655 3776881.323965 762696.3905696 57.033020162 0.2003854514 0.6893569188 30.6975545447 7.2307771038 12.0440044462 0.0128212859
23540 311257.8 113.8458845605 34.0856393527 3776882.305249 762696.9394194002 57.0363864899 0.2898216007 0.6754267945 30.5243874344 7.1866437289 12.0479743701 0.0545847635
23541 311257.88 113.8458907519 34.0856480495 3776883.286319 762697.4842241 57.0422346061 0.2397512163 0.7177260059 30.3649989404 7.1398937601 12.0361551379 0.0959580987
23542 311257.96 113.8458969039 34.085656746 3776884.267259 762698.0253834 57.0489959158 0.1537458571 0.7061879442 30.1927488675 7.091704942 12.0486828723 0.0744193408
23543 311258.04 113.8459030133 34.0856654435 3776885.248201 762698.5626136998 57.0558187934 -0.152689342 0.7126380197 30.0280161051 7.0408920446 12.0502159854 0.0276162824
23544 311258.12 113.8459090864 34.0856741455 3776886.2295410014 762699.0964719 57.0554939006 0.0449999416 0.6922992869 29.8705702514 6.9958557653 12.0615042174 -0.0675941303
23545 311258.2 113.8459151263 34.085682849 3776887.210964 762699.6272636999 57.051828566 0.0268581842 0.7205474611 29.7094435237 6.9519501834 12.0528003948 -0.0357101985
23546 311258.23 113.8459173809 34.0856861121 3776887.5789 762699.8253529002 57.0508541232 0.1827619453 0.6898759926 29.6468250229 6.937632978 12.05508261 -0.0062870045
23547 311258.31 113.8459233611 34.0856948098 3776888.559525 762700.3506544002 57.0528540434 0.1100043159 0.7613050161 29.4873865284 6.8823338904 12.0435175574 0.0268778393
23548 311258.39 113.8459293071 34.0857035069 3776889.5399980014 762700.872787 57.0567319598 0.1450777052 0.7242939018 29.3245229355 6.8471908505 12.0485580514 0.0509048647
23549 311258.47 113.8459352055 34.0857122023 3776890.52016 762701.3905396998 57.0610306831 0.1109082502 0.7332899695 29.1756826102 6.7918076352 12.0433217131 0.074206513
23550 311258.55 113.8459410675 34.085720899 3776891.500373998 762701.904929 57.0633758167 0.1934176409 0.6614307121 29.0167192103 6.7522373748 12.0409016027 0.008147411
23551 311258.63 113.8459468852 34.0857295942 3776892.4803120014 762702.4152207 57.0672693774 0.0212725242 0.6375270401 28.862475064 6.6977138751 12.0416258521 0.0665445504
23552 311258.71 113.8459526652 34.0857382868 3776893.459866 762702.9220452 57.069735649 -0.0042788632 0.5310885558 28.7081249413 6.6584249201 12.0385615408 -0.0353276098
23553 311258.79 113.8459584065 34.0857469803 3776894.439408 762703.4252984 57.0683801332 -0.1819124085 0.5435214775 28.5615058808 6.6123756939 12.0451536624 -0.0354571963
23554 311258.87 113.8459641151 34.0857556692 3776895.4183660015 762703.9255455999 57.06456964 0.0038634634 0.5097486749 28.4092923761 6.5794722771 12.0275919387 -0.0441625849
23555 311258.95 113.8459697871 34.0857643563 3776896.397027 762704.4224144 57.0627043443 -0.0086521897 0.5505622559 28.2575213002 6.5317091646 12.0366921432 -0.0207356118
23556 311259.03 113.8459754257 34.0857730374 3776897.374929 762704.9162178 57.0626143599 0.1016575301 0.5511365926 28.0970936509 6.4968825416 12.0166143514 0.0339351788
23557 311259.11 113.8459810233 34.0857817163 3776898.352491 762705.4062389 57.0644224333 0.141277184 0.6117085241 27.9413443722 6.4496540567 12.0239529455 0.0326628723
23558 311259.19 113.8459865844 34.0857903904 3776899.329428 762705.8929098 57.0675286697 0.1097223388 0.5951869469 27.7764219012 6.4003609966 12.0175275691 0.057708359
23559 311259.27 113.8459920986 34.0857990636 3776900.30614 762706.3752562 57.0708779124 0.0463718925 0.6388692988 27.6247732545 6.3451735036 12.0151684331 0.0104936404
23560 311259.35 113.8459975794 34.0858077355 3776901.282618 762706.8545105 57.0724780466 0.003497288 0.6199840358 27.4633467677 6.3130382996 12.0155883115 0.0194583804
23561 311259.43 113.8460030171 34.0858164064 3776902.258872 762707.3297974 57.0731822001 -0.1267737467 0.630257854 27.3065257011 6.2540998016 12.0111097834 -0.0016844225
23562 311259.51 113.8460084213 34.085825077 3776903.2350199986 762707.8019968 57.0726464214 -0.158531751 0.6406143974 27.148711566 6.2313482346 12.0138036351 -0.0250151876
23563 311259.59 113.8460137901 34.085833746 3776904.210881 762708.2709204 57.0697030593 -0.1467868796 0.6531925614 26.9867977639 6.179710183 12.0082485661 -0.0416873223
23564 311259.67 113.846019124 34.0858424159 3776905.186772 762708.7366264 57.0655013826 0.0086671577 0.6696425378 26.8288437479 6.1467050363 12.0142109174 -0.0633065257
23565 311259.75 113.84602442 34.0858510832 3776906.16226 762709.1988356 57.0619268706 0.2312560081 0.6962650973 26.6692600335 6.0930329677 12.0042305644 -0.0093858218
23566 311259.82 113.8460290233 34.0858586632 3776907.0153089985 762709.6004533 57.0637223264 0.2931663991 0.7061763875 26.5353046192 6.0646296554 11.9979774105 0.0656943536
23567 311259.9 113.8460342452 34.0858673211 3776907.9895730014 762710.0558469 57.0704791676 0.2723220773 0.6766474974 26.3764186761 6.004724173 12.0004400295 0.0919334027
23568 311259.98 113.8460394267 34.0858759764 3776908.96345 762710.5075283 57.0777644897 0.1265320047 0.7076785003 26.2292680974 5.970444256 11.9825692591 0.1017622305
23569 311260.06 113.8460445795 34.0858846259 3776909.936601 762710.9565720998 57.0819871891 0.1618721479 0.6779059404 26.0751174622 5.9227203331 11.9891086168 0.0258752465
23570 311260.14 113.8460496968 34.0858932734 3776910.909436 762711.4023436998 57.0830432093 0.3011397145 0.6450121091 25.9297806458 5.8865564849 11.9862120837 0.0213959185
23571 311260.22 113.8460547826 34.0859019141 3776911.88144 762711.8452210998 57.0860102344 0.2379002341 0.6394949932 25.7709719564 5.8461489016 11.9753637084 0.0527756439
23572 311260.3 113.8460598271 34.0859105506 3776912.852874 762712.2843046 57.0934061576 0.1249196526 0.5939132353 25.6216786738 5.8004847602 11.9750701504 0.0981027887
23573 311260.38 113.8460648384 34.0859191855 3776913.824042 762712.7203336 57.0992529225 -0.1353264473 0.6288346474 25.4706444387 5.7618664884 11.9730362883 0.0240118422
23574 311260.46 113.846069816 34.0859278198 3776914.795057 762713.1532463002 57.0986641152 0.0254816741 0.6407349307 25.3328035736 5.7282032626 11.9695128107 -0.0305130117
23575 311260.54 113.8460747654 34.0859364499 3776915.765531 762713.5835696 57.096274836 0.0566131506 0.585566105 25.1800012783 5.6831818316 11.9613382295 -0.0317862074
23576 311260.62 113.8460796734 34.0859450772 3776916.735587 762714.0100737 57.0951881371 0.1756168181 0.6250164464 25.0376598324 5.6465663505 11.9535950064 -0.0049002899
23577 311260.68 113.8460833367 34.0859515433 3776917.4626010014 762714.3283366 57.0962853143 0.1945593716 0.6566943835 24.9215000302 5.6278145043 11.9472070223 0.0087052909
23578 311260.76 113.8460881885 34.085960159 3776918.431225 762714.7496929 57.1010005064 0.1502303579 0.5987294996 24.7669808181 5.5685456228 11.9500704231 0.0758080263
23579 311260.84 113.8460929989 34.0859687748 3776919.399756 762715.1672234 57.105106649 0.1563653766 0.6488505031 24.627995142 5.5352585766 11.9425995261 0.0351416038
23580 311260.92 113.84609778 34.0859773832 3776920.367397 762715.5820694 57.1089247037 0.105123162 0.6556411303 24.4753613436 5.4915797966 11.9330605119 0.0413489657
23581 311261.0 113.8461025262 34.0859859905 3776921.334813 762715.9936978002 57.1125502624 -0.023984163 0.6641440966 24.329368478 5.4634349195 11.9318065931 0.0484266978
23582 311261.08 113.8461072368 34.0859945935 3776922.301667 762716.4020535 57.1156641236 -0.2079416036 0.629912759 24.1769732005 5.4042150509 11.9316800908 0.0162021684
23583 311261.16 113.8461119113 34.086003199 3776923.268707 762716.8070719 57.112971141 -0.1929473554 0.6612995977 24.0451480065 5.38306302 11.9308349069 -0.0649791302
23584 311261.24 113.8461165606 34.0860117995 3776924.2351339986 762717.2097759 57.1067721294 -0.0298765538 0.6500705953 23.9003900546 5.3394171687 11.9229241934 -0.0887260218
23585 311261.32 113.8461211723 34.0860203979 3776925.201215 762717.6090124 57.1029714011 0.1370086815 0.6225973304 23.7724872327 5.3017281323 11.9158715917 -0.0238177591
23586 311261.4 113.8461257524 34.0860289892 3776926.1664370014 762718.0053531 57.1046637157 0.1363803543 0.5668247158 23.6269177624 5.2624649398 11.9085174044 0.0452885436
23587 311261.48 113.8461302952 34.0860375766 3776927.131127 762718.3982596998 57.1083658021 0.105741656 0.5868204114 23.4941104208 5.2287137684 11.9019675166 0.0388112943
23588 311261.56 113.8461348114 34.0860461544 3776928.094687 762718.7887475 57.1125061354 0.0864174837 0.5579145434 23.3599215702 5.1888878359 11.8835789353 0.0494030724
23589 311261.64 113.8461392923 34.0860547311 3776929.058035 762719.1759663 57.113945622 0.1331804542 0.5784675941 23.2371399505 5.1539123243 11.8956320971 -0.0020411553
23590 311261.72 113.8461437471 34.0860632992 3776930.020351999 762719.5608141 57.1147640226 0.3073681285 0.5579349217 23.1105763474 5.1272549723 11.8667513933 0.0415600921
23591 311261.8 113.846148169 34.0860718586 3776930.981636 762719.9426419 57.1191552067 0.1046204325 0.534711286 22.9803449359 5.0763269497 11.8652704108 0.0699480523
23592 311261.88 113.8461525569 34.0860804114 3776931.942080002 762720.3213554 57.1239648704 0.1606274234 0.5387736161 22.865459639 5.0468090338 11.8503921826 0.0253546071
23593 311261.96 113.8461569203 34.0860889614 3776932.90217 762720.6978153002 57.1247453783 0.1928433705 0.58135165 22.7459584495 5.0222332982 11.8554271664 -0.0237507401
23594 311262.04 113.8461612562 34.0860974996 3776933.860865 762721.0717731 57.1279670084 0.2710445282 0.5783591194 22.6295354313 4.9894774042 11.8295949529 0.0943781759
23595 311262.12 113.8461655582 34.0861060281 3776934.818396 762721.4426346 57.1356958989 0.2128962953 0.5752476967 22.4981608649 4.9469620432 11.8179847935 0.0955689336
23596 311262.2 113.8461698319 34.0861145524 3776935.775391 762721.8108866 57.1402158923 0.2782035303 0.6548644378 22.3815738415 4.9239687632 11.8095279194 0.0276136478
23597 311262.28 113.8461740806 34.0861230666 3776936.73121 762722.1768635998 57.1422460396 0.4976914853 0.6375142278 22.2619034509 4.8816753742 11.7923983105 0.0456311754
23598 311262.36 113.8461782911 34.0861315713 3776937.685868 762722.5393483002 57.1489669485 0.5144181567 0.6167207003 22.1546762907 4.8474366885 11.7802586001 0.1356052292
23599 311262.37 113.8461788153 34.0861326337 3776937.805113 762722.5844684 57.1499536801 0.4892597862 0.6181969542 22.1397013288 4.8423733927 11.7799783651 0.1161091897
23600 311262.45 113.8461829895 34.086141126 3776938.758303 762722.9436316 57.1593803223 0.5094520734 0.5590168378 22.0237245817 4.798792033 11.7676013873 0.1298799282
23601 311262.53 113.8461871335 34.0861496096 3776939.710454 762723.300037 57.1700991746 0.250891828 0.5371499127 21.9064679736 4.7727367882 11.7587881302 0.1148741733
23602 311262.61 113.8461912493 34.0861580826 3776940.66135 762723.6538771 57.1792173451 0.0357986674 0.4576316798 21.7870566841 4.7319130798 11.7423052948 0.0994052415
23603 311262.69 113.8461953362 34.0861665504 3776941.611601 762724.0050514 57.1842664368 -0.2273518258 0.4488626579 21.6701624765 4.7053593264 11.7383450937 0.0150279927
23604 311262.77 113.8461993987 34.0861750096 3776942.5608230014 762724.3540084001 57.1817499064 -0.1757716633 0.3804353502 21.5506823168 4.6725680447 11.7190373264 -0.074576116
23605 311262.85 113.8462034316 34.0861834662 3776943.50969 762724.7002459002 57.1750063989 -0.0830787312 0.3797597965 21.4298832035 4.639268897 11.7170176582 -0.0713143728
23606 311262.93 113.8462074399 34.0861919107 3776944.45715 762725.0442403002 57.1707681576 0.0332778844 0.3756896428 21.3020284356 4.6130433793 11.6948706836 0.0131106576
23607 311263.01 113.8462114181 34.0862003457 3776945.40347 762725.3854898 57.1705568256 -0.0583029852 0.3893748759 21.1684829129 4.5665869705 11.6838430319 0.0005604654
23608 311263.09 113.8462153622 34.0862087807 3776946.3497129986 762725.7235803 57.1722991951 -0.077293371 0.4159807515 21.0428937572 4.5468308454 11.6869573703 0.0273948302
23609 311263.17 113.8462192773 34.0862172101 3776947.29526 762726.0590191 57.1716520032 -0.0482678774 0.4365789562 20.9102602086 4.5053452946 11.6731973861 -0.0287762417
23610 311263.25 113.8462231639 34.086225632 3776948.239898 762726.3918498 57.1707933396 -0.1287367433 0.4727844446 20.7783721592 4.4783599458 11.6635648587 -0.0067696172
23611 311263.29 113.8462250961 34.0862298396 3776948.7118089986 762726.5572499002 57.1712604379 -0.2148751879 0.5077270317 20.7132718603 4.4606917719 11.6575382589 0.0216261862
23612 311263.38 113.8462294155 34.086239303 3776949.773141002 762726.9268227 57.1678482853 -0.2286417666 0.5911973279 20.5703712178 4.4195903794 11.6473430849 -0.049702266
23613 311263.47 113.8462337031 34.0862487578 3776950.833441002 762727.2934835 57.1622165702 -0.1722694318 0.6328193601 20.4332221159 4.3895421673 11.6338209141 -0.0511296764
23614 311263.56 113.8462379541 34.0862582028 3776951.892554 762727.6567906998 57.1568564521 -0.0531308793 0.6915751489 20.2963306597 4.3463461977 11.6262509387 -0.0431396527
23615 311263.65 113.8462421693 34.0862676379 3776952.95048 762728.0168255002 57.1540733259 0.0701614998 0.7361084753 20.1682421328 4.3118339851 11.6090799959 0.0112533355
23616 311263.74 113.84624635 34.0862770584 3776954.006693 762728.373721 57.1545986729 0.1196552712 0.7868041158 20.0417556722 4.2760696388 11.5859767027 0.0271743399
23617 311263.83 113.8462504955 34.0862864632 3776955.061077 762728.7274204 57.1577843428 0.0946981166 0.7967064606 19.9150806287 4.2413464909 11.5697233036 0.0039863732
23618 311263.92 113.8462546042 34.0862958525 3776956.113643 762729.0777630998 57.1580188246 0.2096229817 0.8440745887 19.790859418 4.2024955697 11.5465382484 0.0029141523
23619 311264.01 113.846258676 34.0863052191 3776957.163605 762729.4247725002 57.1612743866 0.1679625658 0.8007072175 19.6579107424 4.1619066955 11.5153741465 0.0731044822
23620 311264.1 113.8462627047 34.0863145657 3776958.211227 762729.7678566 57.1661910918 0.1289301588 0.7828074876 19.5350058592 4.1128580665 11.4988929568 0.046084277
23621 311264.19 113.8462666945 34.0863238913 3776959.256419 762730.1074239998 57.1689736359 0.0854349527 0.746268148 19.4119183497 4.0778528042 11.4678347774 0.0406268027
23622 311264.27 113.8462702093 34.086332158 3776960.1828769986 762730.4064 57.1710737785 -0.0157469515 0.7240909432 19.2904076214 4.039380069 11.4408452238 0.0078434549
23623 311264.36 113.8462741265 34.0863414356 3776961.22256 762730.7394068001 57.1721663102 -0.0048949358 0.7118969268 19.1486218702 4.0026087551 11.4096479234 -0.0079105987
23624 311264.45 113.8462780052 34.0863506858 3776962.259093 762731.0689415998 57.1717687799 0.0563791204 0.7374722048 18.991666738 3.9582817389 11.3738962448 0.007442698
23625 311264.54 113.8462818394 34.0863599064 3776963.292232 762731.3944635 57.1724348217 0.003570004 0.7247242147 18.8295095867 3.9110799651 11.3367586433 0.0178052474
23626 311264.63 113.8462856227 34.0863691012 3776964.322375 762731.7153676999 57.1742681917 -0.0182150431 0.7302927116 18.6684663938 3.8631194964 11.3064875854 0.0128557975
23627 311264.72 113.8462893618 34.086378271 3776965.349634 762732.0322611 57.1742100827 0.0767951711 0.7117997122 18.4912598201 3.8227571843 11.2832048574 -0.01390908
23628 311264.81 113.8462930505 34.0863874123 3776966.373597 762732.3445893001 57.1749422969 0.0601189006 0.6753953286 18.3022802197 3.7561221905 11.2432549987 0.0102351591
23629 311264.9 113.846296687 34.0863965269 3776967.39447 762732.6521832 57.1778551517 -0.0474485738 0.6791918867 18.1092546088 3.7102236969 11.2066309299 -0.0135165119
23630 311264.99 113.8463002773 34.0864056176 3776968.41257 762732.9555846999 57.1781886332 -0.059754654 0.6947254445 17.917095247 3.6545815967 11.180046882 -0.0241651021
23631 311265.08 113.8463038131 34.0864146843 3776969.42786 762733.2540236998 57.1766858092 0.0534681816 0.6550703419 17.7185248421 3.6084401822 11.1483618532 0.00983912
23632 311265.17 113.8463072968 34.086423722 3776970.439797 762733.5477446 57.1785650039 -0.0145031777 0.6845454321 17.5137283409 3.5569979448 11.1209146913 0.0489045362
23633 311265.18 113.8463076812 34.0864247244 3776970.552035 762733.5801381 57.1788040036 -0.0884315676 0.7119165512 17.4880778186 3.5531419516 11.1142728211 0.0341152793
23634 311265.27 113.8463111068 34.0864337289 3776971.560134 762733.8685995998 57.1818333948 -0.2119571113 0.6812205113 17.285772277 3.4953233707 11.0759103151 0.0317130196
23635 311265.36 113.8463144775 34.0864427063 3776972.565094 762734.1520725002 57.1813443676 -0.2971815911 0.6671187936 17.0941856892 3.4349180301 11.0423799429 -0.0413485825
23636 311265.45 113.846317793 34.0864516543 3776973.566654 762734.4305321 57.1752085602 -0.1554472607 0.6695405037 16.9116250809 3.3783216932 11.0000548076 -0.0968173698
23637 311265.54 113.8463210573 34.0864605622 3776974.563615 762734.7043989998 57.1691541765 0.0346903366 0.631559733 16.7401810681 3.3264482925 10.9438771927 -0.0347241104
23638 311265.63 113.846324265 34.0864694201 3776975.554899 762734.973196 57.1701562908 0.0638383076 0.5877611368 16.5718238869 3.2680317946 10.8744111619 0.0443832002
23639 311265.72 113.8463274163 34.0864782223 3776976.539846 762735.2369519 57.1741568893 0.0320700551 0.5411574092 16.4299681558 3.2119930821 10.8119284609 0.0435826354
23640 311265.81 113.8463305203 34.086486962 3776977.517745 762735.4965333 57.1771273864 0.0092616632 0.5604689916 16.2924328014 3.1697239709 10.7233332239 0.0277617785
23641 311265.9 113.846333581 34.0864956373 3776978.488372 762735.7523114 57.17920864 -0.0306442391 0.58683347 16.1483488563 3.1189663045 10.6438728094 0.0211737218
23642 311266.0 113.8463369232 34.0865052039 3776979.5586440014 762736.0313290998 57.1794543453 0.1066013725 0.6409721405 15.9891018302 3.0650803702 10.5641899082 -0.0106640191
23643 311266.09 113.8463398824 34.0865137412 3776980.5137 762736.2781701002 57.1801793231 0.2458216454 0.630696525 15.8460917169 3.0174954976 10.4759702114 0.0407692647
23644 311266.19 113.8463431009 34.0865231474 3776981.5658620014 762736.5462634 57.1859073089 0.0975603334 0.6665647164 15.698231873 2.9504744133 10.3826858333 0.0812953356
23645 311266.29 113.8463462574 34.0865324689 3776982.608449 762736.808895 57.1937951185 -0.0444278885 0.6269005114 15.5472614517 2.8930346094 10.2910073644 0.0641832431
23646 311266.39 113.8463493508 34.0865417112 3776983.642098 762737.0659464 57.1957776649 -0.0315700386 0.6272056447 15.4057850758 2.8369078628 10.2017142207 0.0003948688
23647 311266.49 113.8463523942 34.0865508706 3776984.666405998 762737.3186292 57.1946746865 -0.0018108955 0.5939991992 15.2546011801 2.7910065282 10.1116847233 -0.0084889635
23648 311266.59 113.8463553744 34.0865599468 3776985.681323 762737.5657451998 57.1956572905 -0.0815103404 0.6085513086 15.1110090845 2.7310704679 10.0236273303 0.0152368919
23649 311266.69 113.8463583032 34.0865689405 3776986.686959 762737.8083638998 57.1974929115 -0.1276692054 0.6096337874 14.963462945 2.6892392864 9.9313645864 -0.0079949398
23650 311266.79 113.8463611803 34.0865778715 3776987.685494 762738.046404 57.1969574355 -0.0642743035 0.6155618497 14.8238689838 2.6442254107 9.8856165002 -0.0267704727
23651 311266.89 113.8463640171 34.0865867691 3776988.680219 762738.2808169002 57.1950014886 0.0311967065 0.6039839623 14.6818670768 2.6092803293 9.8526781989 -0.0035934239
23652 311266.99 113.8463668191 34.0865956388 3776989.671767 762738.5121125 57.1955761872 0.0693613807 0.5929226035 14.5497029638 2.5794624327 9.8214356769 0.0393298662
23653 311267.07 113.8463690273 34.0866027251 3776990.463865 762738.6940999002 57.1973574227 0.0573341636 0.570821592 14.4486438198 2.5452535808 9.8078312286 0.0044617958
23654 311267.17 113.8463717471 34.0866115727 3776991.452738 762738.9178656 57.1985136634 0.090008458 0.5551199167 14.3364695263 2.5201361262 9.7877060977 0.014759675
23655 311267.27 113.8463744417 34.086620397 3776992.438976 762739.1393882 57.2011770243 -0.0433319873 0.5512033904 14.2123738024 2.4971808441 9.7592429194 0.0394586868
23656 311267.37 113.8463771058 34.0866292025 3776993.42303 762739.3581467 57.2030159058 -0.0698848928 0.5470053275 14.0978095054 2.4680942613 9.7392092973 0.0043555826
23657 311267.47 113.8463797433 34.0866379938 3776994.405453 762739.5744964002 57.201990284 0.13858168 0.5432829343 14.0019325269 2.435660028 9.7276137365 -0.0320909686
23658 311267.57 113.8463823557 34.0866467648 3776995.385556 762739.7885886999 57.2003137246 0.2587077465 0.5691810594 13.910551168 2.4202365498 9.6960646811 0.0002438763
23659 311267.67 113.8463849466 34.0866555117 3776996.362921 762740.0007651 57.2066690149 -0.0236824502 0.5978880845 13.7904990816 2.3973889445 9.6732323039 0.0380423156
23660 311267.78 113.8463877672 34.0866651154 3776997.435968 762740.2315106 57.2122056503 -0.2115340926 0.7015836967 13.6200101781 2.3700623346 9.656338518 -0.0055863928
23661 311267.89 113.8463905592 34.0866747298 3776998.51013 762740.4595729 57.2096368419 -0.109125789 0.7334466971 13.4375032942 2.3428018663 9.7048876628 -0.0833224953
23662 311267.99 113.8463930636 34.0866835051 3776999.490434 762740.6636811 57.2007421516 0.1638812741 0.775949057 13.2843222091 2.3194368073 9.7375201919 -0.0893592922
23663 311268.09 113.8463955593 34.0866922946 3777000.472285 762740.8669398002 57.1998381149 0.1445630244 0.7662177305 13.1293028566 2.3085548091 9.7656815339 0.0602747723
23664 311268.19 113.8463980356 34.0867011204 3777001.458125 762741.0682953 57.2035911009 -0.0105869807 0.7441181487 12.9790149659 2.2780743746 9.8324960772 -0.0007920026
23665 311268.21 113.8463985275 34.0867028924 3777001.656035 762741.1082372 57.2034319565 -0.0204401155 0.7642385099 12.954718935 2.2740500389 9.8428000712 -0.0281350818
23666 311268.31 113.8464009884 34.0867117819 3777002.648901 762741.3079785 57.2012248617 0.0220554989 0.7664815298 12.8273044363 2.2784192172 9.8977523265 -0.0471639295
23667 311268.41 113.8464034383 34.0867207263 3777003.647834 762741.5065223002 57.1980140135 0.0611499073 0.6925034281 12.6879078087 2.2551911745 9.962133509 -0.0361159021
23668 311268.51 113.8464058702 34.0867297286 3777004.6531300014 762741.7032353 57.1964375209 0.0971567129 0.6804311636 12.5734972759 2.254913728 10.0269903895 -0.0158202187
23669 311268.61 113.8464082993 34.0867387879 3777005.664764 762741.8995103 57.195640604 0.1435392974 0.6367150893 12.4465224297 2.2413449451 10.0902261409 -0.0282564863
23670 311268.71 113.8464107106 34.0867479103 3777006.683339 762742.0939435002 57.1935452512 0.2320998343 0.5449820109 12.338426016 2.2276180731 10.1595517935 -0.0238327502
23671 311268.81 113.8464131158 34.0867570919 3777007.708477 762742.287642 57.1948032305 0.2179831897 0.4760372466 12.2143392479 2.2232349407 10.2292303175 0.0118558
23672 311268.91 113.846415514 34.0867663355 3777008.74047 762742.4804924 57.1966810301 0.229133078 0.4471333617 12.0975655724 2.2188519862 10.2966988081 0.0099959997
23673 311269.01 113.8464179067 34.086775645 3777009.77977 762742.6726333002 57.1975735333 0.2452972043 0.4182848468 11.9957136725 2.2110776401 10.3703930855 -0.0152608197
23674 311269.11 113.84642029 34.0867850087 3777010.825056 762742.8637335999 57.1982852798 0.3150305505 0.4394400023 11.8922751276 2.2111379571 10.4291382079 0.0102305421
23675 311269.21 113.8464226754 34.0867944264 3777011.876351 762743.0548625 57.20175952 0.2781647202 0.479271109 11.7716254334 2.2034833459 10.4925678614 -0.0053180406
23676 311269.31 113.8464250506 34.086803901 3777012.933922 762743.2448806 57.202856929 0.3379266226 0.5174140702 11.6538991345 2.1937409121 10.5537938482 -0.0024030307
23677 311269.39 113.8464269446 34.0868115195 3777013.784274 762743.3961993 57.2057853183 0.2402496677 0.5850630549 11.5572080656 2.1918991053 10.600193428 0.0216078663
23678 311269.49 113.8464293009 34.0868210904 3777014.852488 762743.5841720002 57.2083760044 0.24971124 0.6125056319 11.4293246679 2.1719569966 10.6614376718 0.0312265011
23679 311269.59 113.8464316399 34.0868307163 3777015.926757 762743.7703769 57.2108651139 0.2379516343 0.6396112968 11.3084567987 2.1595523868 10.7189049024 -0.0354940525
23680 311269.69 113.8464339688 34.0868403993 3777017.007339 762743.9554655 57.2087800764 0.5492436986 0.6837056669 11.1666967156 2.1500508063 10.7845778606 -0.044223378
23681 311269.79 113.8464362806 34.0868501277 3777018.092917 762744.1388443002 57.2133218003 0.6891826187 0.7118909424 11.0159079199 2.1323948866 10.8289881079 0.0826641675
23682 311269.89 113.8464385719 34.0868599002 3777019.183344 762744.320186 57.2272421 0.4719873318 0.7526930578 10.8461897816 2.1084329137 10.8836586686 0.1263431069
23683 311269.99 113.8464408362 34.0868697222 3777020.279183 762744.4988874 57.2383841081 0.3389907554 0.7978381216 10.6933569454 2.0839024826 10.9354459177 0.0494834398
23684 311270.08 113.8464428615 34.086878603 3777021.2699629986 762744.6584328 57.2408369258 0.4666864724 0.8033569505 10.5529618069 2.068510294 10.9841127598 -0.015918216
23685 311270.17 113.8464448739 34.0868875198 3777022.264699 762744.8166678002 57.240584773 0.7634371628 0.7240452344 10.4191515252 2.0444372594 11.0280285458 0.003947666
23686 311270.26 113.8464468621 34.0868964708 3777023.263165 762744.9725728001 57.2468488486 0.8624061761 0.6806103767 10.2803011344 2.0226386578 11.0703022312 0.1085791525
23687 311270.35 113.8464488344 34.0869054527 3777024.265031 762745.1269039002 57.2628325187 0.5784450818 0.6329723774 10.1264834526 2.002114308 11.1099647846 0.1750044565
23688 311270.37 113.8464492702 34.0869074539 3777024.488238 762745.1609505998 57.2667425908 0.5220913915 0.6223147672 10.0928492169 2.000679121 11.1220894864 0.1789074949
23689 311270.46 113.8464512157 34.0869164845 3777025.495428 762745.3126631 57.2795298947 0.3069812811 0.5922218361 9.939260019 1.9812543894 11.1735240365 0.0907163054
23690 311270.55 113.8464531386 34.0869255583 3777026.507361 762745.4621541 57.2837510686 0.3468703432 0.5282678045 9.7904018885 1.9514182599 11.2284236048 -0.0133781195
23691 311270.64 113.8464550373 34.0869346737 3777027.523846 762745.6092839001 57.2829601765 0.4582461874 0.4093187538 9.6318392422 1.9239041959 11.276765812 -0.0189555223
