24247 311308.86 113.8436046669 34.091113661 3777483.964933 762469.5099710998 57.7180070961 0.6435443023 0.8219717875 292.4510206712 -14.7069090693 6.0811707955 0.0464128477
24248 311308.93 113.8435935153 34.0911174838 3777484.36051 762468.4685283 57.727739986 0.5470199216 0.7994650593 292.297104326 -14.7061842927 6.0289303379 0.2006154235
24249 311309.0 113.8435823451 34.0911212834 3777484.753458 762467.4254430998 57.7430435317 0.1995988118 0.8097656882 292.145386297 -14.7524634056 6.008927475 0.2566385325
24250 311309.07 113.8435711574 34.0911250687 3777485.144781 762466.3807890002 57.7507139184 -0.3067892138 0.9880560047 291.9715722931 -14.7646377294 5.988742756 0.0172094309
24251 311309.14 113.8435599494 34.091128844 3777485.534942 762465.3342928 57.7461130321 -0.0613890508 1.0349540773 291.7903436899 -14.7870169482 5.9627739083 -0.1361432049
24252 311309.21 113.843548715 34.091132603 3777485.923233 762464.2854031 57.7358168392 0.0927574073 1.112602558 291.6019166269 -14.8318366078 5.9305619215 -0.1101511444
24253 311309.28 113.8435374593 34.0911363289 3777486.307781 762463.234656 57.7285904279 0.2033997636 1.1157558146 291.4343504392 -14.8591039678 5.8654393476 -0.0375208129
24254 311309.35 113.8435261821 34.0911400219 3777486.6886309986 762462.1820214002 57.7311831536 0.107110415 1.1307819711 291.2972939686 -14.8861849072 5.8244705964 0.0813141
24255 311309.42 113.8435148833 34.0911436902 3777487.06669 762461.1274654 57.7346010171 -0.0003575517 1.0557607484 291.1503822689 -14.912563243 5.7893416285 0.0245024721
24256 311309.49 113.8435035617 34.0911473408 3777487.442715 762460.0708643 57.7347012367 0.1652972293 1.0590370648 291.0042984824 -14.9464181484 5.7668593555 -0.0082620105
24257 311309.56 113.8434922217 34.0911509728 3777487.816637 762459.0126219 57.7335610902 0.377446002 1.0375330995 290.8492632023 -14.9662174022 5.7338020409 -0.0027701538
24258 311309.6 113.8434857332 34.091153037 3777488.029035 762458.4071544 57.734997794 0.4221798149 1.0594953105 290.7643462987 -14.9818748378 5.7092348997 0.0578319582
24259 311309.67 113.843474369 34.0911566337 3777488.398974 762457.3467851 57.7421600437 0.3229039074 1.0872730149 290.6048773812 -15.0005898851 5.6817265159 0.1298042816
24260 311309.74 113.8434629865 34.0911602092 3777488.766514 762456.2847986 57.7511910535 -0.0134959204 1.0876958377 290.438567885 -15.0266992042 5.6360403944 0.0761958131
24261 311309.81 113.8434515749 34.0911637558 3777489.130773002 762455.2202026 57.7514264826 -0.0699096384 1.1793998193 290.2969481508 -15.0659866181 5.5982147549 -0.0444336209
24262 311309.88 113.843440141 34.0911672885 3777489.493437 762454.1535996 57.7448410662 0.0526254797 1.2446893279 290.1507363472 -15.0902709377 5.5828819748 -0.1358554096
24263 311309.95 113.8434286898 34.091170804 3777489.854135 762453.0854443002 57.7378760325 0.2980870646 1.1517875857 289.978599925 -15.117666488 5.5399053538 -0.0638348701
24264 311310.02 113.8434172183 34.0911742861 3777490.211089 762452.015528 57.7386012478 0.3529855028 1.1118417166 289.8122887934 -15.1450660392 5.4791998479 0.061167994
24265 311310.09 113.8434057348 34.0911777331 3777490.564102 762450.9446087 57.7451723646 0.4739925471 1.0758061088 289.6718929477 -15.1612966114 5.4319091041 0.1096759412
24266 311310.16 113.8433942311 34.0911811552 3777490.914312 762449.8718975 57.7541039297 0.5069012542 0.9265779465 289.5236665782 -15.190153183 5.393237713 0.1382364266
24267 311310.23 113.84338271 34.0911845522 3777491.261685 762448.7976583 57.7645167476 0.4919656808 0.8675344443 289.358788271 -15.2123834815 5.3626148257 0.1722342721
24268 311310.3 113.8433711736 34.0911879265 3777491.606504 762447.722082 57.7768613612 0.1776999263 0.8734683668 289.1671799293 -15.23823919 5.32048823 0.1282712797
24269 311310.32 113.8433678748 34.0911888864 3777491.704554 762447.414534 57.779254213 0.2072013902 0.884040089 289.1109395246 -15.2379954665 5.314443105 0.1088327095
24270 311310.39 113.8433563081 34.0911922306 3777492.0459550014 762446.3362515002 57.7827662267 -0.0514645493 1.0329460062 288.91422973 -15.2811391969 5.284428705 -0.0147455744
24271 311310.46 113.8433447197 34.0911955541 3777492.384992 762445.2560239 57.777215952 0.060369616 1.1626591489 288.710052902 -15.305428261 5.2433422415 -0.133627822
24272 311310.53 113.8433331082 34.0911988534 3777492.721294 762444.1737462 57.7687911503 0.2529569108 1.2256869965 288.4976495826 -15.3358402678 5.2015033151 -0.098103242
24273 311310.6 113.8433214765 34.0912021147 3777493.053328 762443.0897086 57.7661641724 0.2911042927 1.1810455468 288.2897924404 -15.3608584523 5.1203188806 0.0265046363
24274 311310.67 113.8433098189 34.0912053307 3777493.380268 762442.0034321998 57.7715922874 0.2069485172 1.1657530914 288.1079410505 -15.3980254542 5.066498685 0.1045637333
24275 311310.74 113.8432981373 34.0912085127 3777493.703375 762440.9150417 57.7769526774 0.1639673256 1.1019212315 287.9179200188 -15.4337145389 5.0127556564 0.0310442587
24276 311310.81 113.8432864331 34.0912116657 3777494.023193 762439.8246492 57.7797925128 0.4640965511 1.0555976693 287.731534113 -15.4526640537 4.9764226345 0.0335863488
24277 311310.88 113.8432747135 34.0912147932 3777494.340156 762438.732913 57.7863345845 0.3550609432 1.0493506469 287.5131600934 -15.4722945285 4.9272669925 0.1359876926
24278 311310.95 113.8432629749 34.0912178862 3777494.653238 762437.6395375 57.7945223376 0.1952966372 1.0628997019 287.3008929906 -15.5036630613 4.8683800062 0.1063051041
24279 311310.96 113.8432612952 34.0912183255 3777494.697667 762437.4830931 57.7957239123 0.154654342 1.0809650267 287.271650546 -15.5141890389 4.8626628498 0.1170776211
24280 311311.03 113.8432495273 34.0912213829 3777495.006724 762436.3871151998 57.7985324636 -0.0692149155 1.1633816352 287.0588000808 -15.5460588997 4.8160313494 -0.0120149571
24281 311311.1 113.8432377272 34.0912244115 3777495.312504 762435.2882593998 57.794199978 0.0779478621 1.1528354921 286.8570490732 -15.5834535605 4.7679525575 -0.1052782695
24282 311311.17 113.843225901 34.0912274085 3777495.614705 762434.1870913 57.7869133195 0.2441606412 1.1306825556 286.6500344833 -15.607913249 4.7178264512 -0.0930354648
24283 311311.24 113.8432140553 34.0912303679 3777495.912682 762433.0842364002 57.7854737118 0.2951182325 1.0718435589 286.4522218291 -15.6308466458 4.6523731835 0.042574217
24284 311311.31 113.8432021884 34.0912332908 3777496.20655 762431.9795311 57.79083905 0.1761689475 1.0687889615 286.2562054478 -15.6632493298 4.6017048759 0.1110605486
24285 311311.38 113.8431903018 34.0912361832 3777496.496988 762430.8731127 57.7945098998 0.2411814182 1.0755408173 286.0571390179 -15.6886531734 4.5541458823 0.0196643871
24286 311311.45 113.8431783923 34.0912390479 3777496.784298 762429.7646524998 57.7956945878 0.8606096605 0.9587342752 285.8664872597 -15.723646619 4.5076094916 0.0078058638
24287 311311.52 113.8431664678 34.0912418752 3777497.067413 762428.654933 57.8041420374 1.2358795579 0.9432245213 285.6821207929 -15.7273905563 4.4493902585 0.234467218
24288 311311.59 113.8431545418 34.0912446681 3777497.346708 762427.5451828 57.8282151166 1.2373054079 0.9468224501 285.4931656117 -15.728920772 4.3920465793 0.4353480665
24289 311311.6 113.843152836 34.0912450665 3777497.386544 762427.386455 57.8328379793 1.1008808262 0.9601413025 285.4649938742 -15.7427837129 4.4049763565 0.4727595821
24290 311311.67 113.8431408946 34.0912478245 3777497.661921 762426.275381 57.8597034235 0.5344747906 0.9484044305 285.2785407213 -15.7605290988 4.3388717467 0.307077936
24291 311311.74 113.8431289302 34.0912505512 3777497.933773998 762425.1622881 57.8777001454 0.2657057628 0.9480459999 285.106717707 -15.7964456729 4.2850908894 0.1651326534
24292 311311.81 113.8431169393 34.0912532537 3777498.202875 762424.0468216 57.8799151499 0.0864386439 1.0913936732 284.948391701 -15.8220276306 4.2607230883 -0.0040007646
24293 311311.88 113.8431049321 34.091255933 3777498.469354 762422.9299228 57.8747222647 -0.1314242456 1.1277771679 284.7829561085 -15.8385690176 4.216029606 -0.1354786927
24294 311311.95 113.843092904 34.0912585909 3777498.7334050015 762421.8111525 57.8640392302 -0.0946865145 1.1525051369 284.6152658407 -15.8725302462 4.1841224208 -0.1943244725
24295 311312.02 113.8430808521 34.0912612196 3777498.994149 762420.6902904002 57.8501479281 0.1754862855 0.9745237989 284.4624285257 -15.9154797327 4.1258871249 -0.2072208479
24296 311312.09 113.8430687807 34.0912638005 3777499.249551 762419.5677641998 57.8449641503 0.5377402354 0.8712121448 284.3603209665 -15.9229207591 4.0696388305 0.0492553802
24297 311312.16 113.8430567052 34.0912663583 3777499.502374 762418.4449354 57.8578662351 0.4459792559 0.771068944 284.2247684561 -15.9166217417 4.0341498127 0.2876869351
24298 311312.23 113.8430446156 34.0912688996 3777499.753319 762417.3208485 57.8778015356 0.0598316802 0.8033698853 284.0820151375 -15.9557440383 4.0186459688 0.2756888567
24299 311312.3 113.8430325098 34.0912714242 3777500.002379 762416.1953218002 57.8889088659 -0.0575015743 0.8447203272 283.9249457247 -15.9762632045 3.9937228654 0.0479723291
24300 311312.31 113.8430307784 34.0912717843 3777500.037895 762416.0343497 57.8894953253 0.0113499824 0.8290183254 283.9002685576 -15.9824380127 3.9936462333 0.0344428151
24301 311312.38 113.8430186501 34.0912742912 3777500.284937 762414.9068009 57.8901652591 -0.0202929074 0.8901285953 283.7396379569 -16.0074508779 3.9603617025 -0.0432217463
24302 311312.45 113.8430065037 34.0912767713 3777500.528952 762413.7776688002 57.884282493 0.0719365299 0.8534681295 283.5865736323 -16.0298485843 3.9000301203 -0.1314145612
24303 311312.52 113.8429943377 34.0912792195 3777500.7693839986 762412.6468196 57.8758899439 0.2526945053 0.7749369318 283.4529448476 -16.0592954489 3.8591260124 -0.092370846
24304 311312.59 113.8429821556 34.0912816369 3777501.006344 762411.5145812 57.8716184935 0.3453439459 0.5800320669 283.3286701972 -16.0806226266 3.8081734212 -0.042087154
24305 311312.66 113.8429699562 34.0912840236 3777501.239865 762410.3808324 57.8714830652 0.4503486622 0.5252940241 283.2100334657 -16.0899966525 3.7711284694 0.0479811343
24306 311312.73 113.8429577486 34.0912863973 3777501.471916 762409.2463819998 57.880323939 0.3164851458 0.4658905541 283.0597095211 -16.1065412441 3.7432270581 0.2089649522
24307 311312.8 113.8429455279 34.0912887548 3777501.702134 762408.110761 57.8909207564 -0.000159657 0.6145135326 282.8967679022 -16.1291210836 3.7243761227 0.1470680015
24308 311312.87 113.8429332914 34.0912910968 3777501.930597 762406.973735 57.8964750012 -0.0844402449 0.7247821529 282.7224607009 -16.1503460212 3.6905785841 0.0144242726
24309 311312.94 113.8429210326 34.0912934166 3777502.156532 762405.8347113002 57.8943400029 0.0386141206 0.8618419772 282.5360603719 -16.176206829 3.6535383981 -0.0609735773
24310 311312.99 113.8429122661 34.0912950581 3777502.316173 762405.0202354002 57.8904963667 0.157190039 0.9649797479 282.4030957731 -16.1923997182 3.6326683034 -0.0600122808
24311 311313.06 113.8428999814 34.0912973253 3777502.536207 762403.8789840002 57.8866718672 0.2814200699 0.9881247868 282.2038742473 -16.2137199222 3.5649876661 -0.0421897343
24312 311313.13 113.8428876801 34.0912995478 3777502.751241 762402.7363414002 57.8858299293 0.4331057884 0.8930440983 282.0140620366 -16.2347460832 3.493213367 0.0360038095
24313 311313.2 113.8428753642 34.0913017267 3777502.961403 762401.5924828 57.8909902778 0.4838591745 0.8137649209 281.8314582423 -16.2423478847 3.4275884441 0.1662474512
24314 311313.27 113.8428630322 34.0913038659 3777503.167107 762400.4472719 57.9010051508 0.3642936054 0.8147649616 281.6599791552 -16.2701998651 3.3718323439 0.1461254387
24315 311313.34 113.8428506843 34.0913059781 3777503.369785 762399.3006641 57.9115169141 0.1596168238 0.8307399371 281.4642284334 -16.2991413309 3.3331635578 0.1484513747
24316 311313.41 113.8428383235 34.0913080669 3777503.569826 762398.1529386998 57.9187637707 0.0177412059 0.9550770029 281.2492169215 -16.3067264275 3.2952100038 0.0216759939
24317 311313.48 113.8428259422 34.0913101318 3777503.767164 762397.0033998 57.9195084432 -0.1696232019 1.1583111703 281.0152615731 -16.3432994171 3.2602029399 -0.0126197676
24318 311313.54 113.8428153151 34.0913118782 3777503.93366 762396.0168051998 57.9140306572 -0.1541190101 1.315841807 280.8197904885 -16.366532426 3.2168118448 -0.1224796427
24319 311313.59 113.8428064474 34.0913133122 3777504.070011 762395.1936271 57.9066538829 0.1478560039 1.2936084377 280.6622366797 -16.3865154176 3.1660963407 -0.118826691
24320 311313.65 113.8427957904 34.0913149988 3777504.229801 762394.2044564 57.8987983232 0.5100532006 1.2307629979 280.4985829672 -16.4092167311 3.0950022554 -0.0742645686
24321 311313.71 113.842785128 34.0913166492 3777504.38556 762393.2148974 57.9016632615 0.5987832329 1.1170953825 280.339444226 -16.4084787596 3.0329400734 0.1664097755
24322 311313.77 113.8427744603 34.0913182673 3777504.537717 762392.224953 57.9152162075 0.2883422374 1.017804563 280.1680621896 -16.4278935373 2.9710168685 0.2202640081
24323 311313.83 113.8427637774 34.0913198566 3777504.6866339985 762391.2336961 57.924942188 0.2155326963 0.8761153809 280.00836356 -16.4610251572 2.9255141385 0.0864040205
24324 311313.89 113.8427530777 34.0913214152 3777504.832109 762390.240978 57.929536582 0.2245341133 0.8029852023 279.85317303 -16.4750156224 2.8660573795 0.0500220404
24325 311313.95 113.8427423686 34.0913229568 3777504.975676 762389.2474479 57.9331931183 0.1688290163 0.810715993 279.6881704984 -16.4808107804 2.8418363281 0.0662345304
24326 311314.01 113.8427316502 34.0913244796 3777505.117118 762388.2531181999 57.935471694 0.040312774 0.7873988215 279.4952475401 -16.4981860412 2.791045509 -0.0006032633
24327 311314.07 113.8427209207 34.0913259796 3777505.256014 762387.2578338 57.9342458006 0.0045455963 0.8300477131 279.3049568718 -16.5111507914 2.7579022653 -0.0209463744
24328 311314.13 113.8427101782 34.0913274545 3777505.39209 762386.2614203 57.931064276 -0.0579587401 0.910408283 279.1132018289 -16.540584692 2.714598043 -0.0547004642
24329 311314.15 113.8427065948 34.0913279402 3777505.436783 762385.9290726 57.9283980876 -0.0563368381 0.9388028808 279.0471880393 -16.5401702709 2.690865015 -0.1500845578
24330 311314.21 113.8426958352 34.0913293736 3777505.5682089985 762384.9312083 57.919941104 0.3572847173 0.8965427442 278.8805581518 -16.561581174 2.619997774 -0.1605172136
24331 311314.27 113.8426850657 34.0913307779 3777505.696373998 762383.9325288 57.9164014962 0.7054826927 0.8840152782 278.7185416287 -16.5721059147 2.57996239 0.0401896157
24332 311314.33 113.8426742954 34.0913321566 3777505.821703 762382.9338475 57.9257240361 0.5908607608 0.8431683199 278.5426266088 -16.5721089063 2.5314584851 0.2720823593
24333 311314.39 113.8426635171 34.0913335042 3777505.943561 762381.9345317 57.9407461071 0.3166125934 0.8570693116 278.374795035 -16.5971624234 2.4768116212 0.2418905587
24334 311314.45 113.8426527267 34.0913348246 3777506.062361 762380.9341758002 57.949996924 0.3298672915 0.8674019824 278.2179746237 -16.6137804523 2.4317357902 0.0840096681
24335 311314.51 113.8426419228 34.0913361218 3777506.178559 762379.9326439 57.9559804313 0.4316949892 0.8890078283 278.0647686106 -16.6253930534 2.3841062637 0.1011357565
24336 311314.57 113.8426311119 34.0913374008 3777506.292714 762378.9305285 57.9627569523 0.3468212062 0.9762053384 277.8959700482 -16.6367331086 2.3575761771 0.1334533844
24337 311314.63 113.8426202963 34.0913386587 3777506.404518 762377.9280382 57.9697262235 0.0235821017 1.0474318671 277.7094187675 -16.6444370771 2.3125255733 0.1154946699
24338 311314.69 113.8426094696 34.0913398895 3777506.513288 762376.9246081 57.9701060653 -0.1303592547 1.1247699679 277.5223942799 -16.6656473825 2.2591406359 -0.0283676318
24339 311314.73 113.8426022459 34.0913406942 3777506.584037 762376.2551576998 57.966042975 -0.0579015681 1.120115992 277.4067357515 -16.6746683545 2.2223220414 -0.124869081
24340 311314.79 113.8425914026 34.0913418752 3777506.687228 762375.2503516999 57.9580042958 0.0474171002 1.0784675976 277.2369052155 -16.6900603649 2.1669744671 -0.116760623
24341 311314.85 113.8425805494 34.0913430235 3777506.786781 762374.2447386999 57.9505530493 0.2039593367 0.968991919 277.0782594823 -16.7018083565 2.0994039924 -0.0778879932
24342 311314.91 113.8425696861 34.0913441377 3777506.882514 762373.2382907 57.9468265902 0.326727837 0.8537753207 276.9261676703 -16.7147182049 2.0403415167 0.0070570286
24343 311314.97 113.8425588188 34.0913452241 3777506.975155 762372.2315555002 57.951782479 0.2026470952 0.7761383211 276.7738548452 -16.7244865498 1.9956732951 0.141832477
24344 311315.03 113.842547945 34.0913462883 3777507.065318 762371.2242911998 57.9596406864 0.0543853431 0.6954255781 276.6231279166 -16.7386822423 1.9562636652 0.1195123482
24345 311315.09 113.8425370614 34.0913473304 3777507.152992 762370.2161991 57.9643184617 0.1222505212 0.5815037338 276.458663866 -16.7505646417 1.9054492147 0.0588596405
24346 311315.15 113.8425261672 34.0913483493 3777507.238075 762369.2071853002 57.9673794554 0.1950205006 0.5611805331 276.3059368663 -16.7658174151 1.8682735403 0.0395101037
24347 311315.21 113.8425152663 34.0913493458 3777507.32065 762368.1976315 57.9689075947 0.3078570816 0.5463381301 276.1514041455 -16.7721019542 1.8269607236 0.0259656371
24348 311315.27 113.8425043581 34.0913503183 3777507.400547 762367.1874769 57.9708798211 0.3312805025 0.5104203136 276.0033995389 -16.7873833632 1.7749665775 0.0325293225
24349 311315.29 113.8425007211 34.0913506362 3777507.4264839985 762366.8506973 57.9714643788 0.3310637023 0.5408830711 275.9612251657 -16.7852517364 1.758446459 0.0328386303
24350 311315.35 113.8424898069 34.0913515804 3777507.503223001 762365.8400693 57.9744914817 0.303995121 0.5855165692 275.8007565498 -16.7883640517 1.7329140932 0.0758753928
24351 311315.41 113.8424788847 34.0913525064 3777507.577927 762364.8287699 57.9774952903 0.2694587949 0.6327483456 275.6447987249 -16.8076223985 1.690749754 0.0351024731
24352 311315.47 113.8424679552 34.0913534092 3777507.650025 762363.8168633998 57.9792663408 0.3132260829 0.6793063082 275.4883035248 -16.8154763175 1.6490571045 0.0493750638
24353 311315.53 113.8424570214 34.0913542911 3777507.719806 762362.8046253 57.9841242684 0.2189049839 0.7370114819 275.3368192944 -16.8224325681 1.6063228099 0.1047047733
24354 311315.59 113.8424460782 34.0913551478 3777507.786754 762361.7915888 57.9875425557 0.1942221554 0.785081168 275.1886088826 -16.8421079499 1.5644621528 0.0388312718
24355 311315.65 113.8424351277 34.0913559784 3777507.850794 762360.7779698 57.9883448109 0.3787987011 0.7508278008 275.0459729999 -16.8501997362 1.506224939 0.0046046875
24356 311315.71 113.842424171 34.091356786 3777507.912265 762359.7638462 57.991099867 0.6479446115 0.7426501785 274.899353063 -16.8554174703 1.4751319763 0.0759221319
24357 311315.77 113.8424132109 34.0913575702 3777507.9711379986 762358.7494828 57.9988118932 0.7463668143 0.7219729989 274.7380227499 -16.8588701187 1.4256512771 0.1877021888
24358 311315.83 113.8424022502 34.0913583299 3777508.027283 762357.7351401999 58.012278758 0.619642543 0.7314815774 274.5681397405 -16.8579544844 1.3824181624 0.2860324901
24359 311315.89 113.8423912839 34.0913590637 3777508.0805379986 762356.7203558 58.0272276374 0.2620945968 0.7433695429 274.3781254143 -16.8764145727 1.3303757209 0.2120978015
24360 311315.94 113.8423821383 34.0913596504 3777508.122144 762355.8741281 58.0342190415 0.1358699653 0.7836065156 274.2271283109 -16.8952684717 1.2819032304 0.1048509383
24361 311316.0 113.8423711545 34.0913603286 3777508.169189 762354.8579029002 58.0361916516 0.0597150609 0.9462279512 274.0553949813 -16.9009334567 1.2383209495 -0.0191071827
24362 311316.06 113.8423601597 34.0913609899 3777508.214327 762353.8407165 58.0342107415 0.0306036007 1.0135595448 273.8609766181 -16.9148742282 1.193741784 -0.0521714626
24363 311316.12 113.8423491584 34.0913616263 3777508.256684 762352.8230058 58.0318412725 -0.0750094696 1.0903288469 273.6693647306 -16.9270529236 1.1498962408 -0.0528602475
24364 311316.18 113.8423381462 34.0913622328 3777508.295704 762351.8043707 58.027205199 -0.1541536132 1.1261228634 273.4766812136 -16.9494337634 1.0839509846 -0.0980689996
24365 311316.24 113.8423271261 34.0913627998 3777508.330307 762350.7851416 58.0199962044 -0.055865008 1.1147468007 273.3115009041 -16.954525572 1.0150077473 -0.1248472527
24366 311316.3 113.8423160988 34.0913633327 3777508.361111 762349.7653511999 58.014549803 0.2148667997 1.0120000833 273.1674952488 -16.9623383344 0.9522767312 -0.0837148206
24367 311316.36 113.8423050631 34.0913638327 3777508.388244998 762348.7448826 58.0133772735 0.53946083 0.927515042 273.0331998765 -16.9738831859 0.8983122095 0.049210054
24368 311316.42 113.8422940292 34.091364311 3777508.412969 762347.7246447 58.0232396489 0.4421491807 0.9180906969 272.8815994579 -16.9760147616 0.8681252605 0.2672261736
24369 311316.48 113.8422829925 34.0913647664 3777508.435152 762346.7042224 58.0386747997 0.0426353372 0.9211500641 272.7296490066 -16.9885913957 0.8220863461 0.2327137302
24370 311316.54 113.8422719483 34.091365198 3777508.454671 762345.6831861 58.0463599358 -0.0496013601 0.9600009293 272.5849497099 -16.9948257067 0.7778469627 0.0348729444
24371 311316.59 113.8422627358 34.0913655455 3777508.4695730014 762344.831521 58.0479583982 -0.1550055743 1.0557237773 272.4613089061 -17.0032397615 0.7522470271 -0.0323575296
24372 311316.65 113.8422516747 34.0913659468 3777508.4856839986 762343.8090107 58.0445773704 -0.062133623 1.0721383696 272.3099038387 -17.0087202398 0.7150576939 -0.0905312139
