24458 311322.09 113.8412772644 34.0913309424 3777502.09781 762253.9500370999 58.2267152714 0.0872405872 1.022241181 263.0814512607 -16.0003417833 -1.9164777651 0.0214086779
24459 311322.16 113.8412651263 34.0913297201 3777501.930984 762252.8330994 58.2244017897 0.1509402751 1.1359211162 262.8895461606 -16.0065966223 -1.9759779652 -0.0512800714
24460 311322.23 113.8412529882 34.0913284675 3777501.7608 762251.7162606 58.221078231 0.2094044028 1.1292323641 262.6923108562 -16.0004612255 -2.0210069717 -0.0019602519
24461 311322.3 113.8412408492 34.0913271794 3777501.586669 762250.5994519 58.2202398097 0.2900896998 1.1558513236 262.4986894317 -16.0074594388 -2.0869570937 0.0195948144
24462 311322.37 113.8412287092 34.0913258539 3777501.4083879986 762249.4826569002 58.2224791544 0.3408000712 1.1323556177 262.3073348369 -16.000793795 -2.1388635445 0.089043222
24463 311322.44 113.8412165721 34.0913244904 3777501.225903 762248.3662547 58.2302069114 0.3612025868 1.1360976368 262.1196518458 -15.9968341446 -2.2072202918 0.1504943306
24464 311322.51 113.8412044328 34.0913230931 3777501.039653 762247.2497465 58.2379694916 0.4660458509 1.0795963307 261.9439569576 -16.0054213412 -2.2548528354 0.0761631391
24465 311322.58 113.8411922898 34.0913216554 3777500.84891 762246.1330284 58.2446908448 0.6022807193 1.0702468336 261.7940454796 -16.0104494447 -2.3102509355 0.1490694664
24466 311322.65 113.8411801508 34.0913201896 3777500.65507 762245.0167623 58.255626034 0.4949947264 0.9560361195 261.6235926901 -15.9992679054 -2.3569752005 0.1584773892
24467 311322.67 113.8411766818 34.0913197648 3777500.599017 762244.6977738001 58.2594120474 0.4598571883 0.952980424 261.57487695 -16.0114150688 -2.3746697294 0.19722626
24468 311322.74 113.8411645378 34.0913182637 3777500.4012379986 762243.5811612 58.267470194 0.3014216606 0.9412734517 261.3900538915 -16.0180005891 -2.4046787552 0.0780557448
24469 311322.81 113.8411523854 34.0913167346 3777500.2003230015 762242.4638494 58.2705388172 0.2796444455 0.9645388525 261.1977993385 -16.0343968092 -2.4675054506 0.0240769526
24470 311322.88 113.8411402287 34.0913151705 3777499.99552 762241.3462593 58.2699727118 0.2156075674 1.0755659186 261.0141682945 -16.0301007338 -2.5115126927 -0.0251174103
24471 311322.95 113.841128067 34.0913135845 3777499.788278 762240.2282601999 58.2697152747 0.1591882032 1.0872574669 260.8118834913 -16.04182205 -2.5473897627 0.0284102895
24472 311323.02 113.8411159028 34.0913119589 3777499.576633 762239.1101632 58.2694083331 0.0521400324 1.1460565113 260.619873349 -16.0446199098 -2.6214793501 -0.017036578
24473 311323.09 113.841103728 34.0913102953 3777499.360739 762237.9912060002 58.2663957318 0.1292860287 1.1216897403 260.4335610469 -16.0460237221 -2.6888226528 -0.0172615546
24474 311323.16 113.8410915498 34.0913085897 3777499.140184 762236.8720569 58.264540432 0.3329731519 1.1203434555 260.276733386 -16.0435581681 -2.7412642775 0.0329131524
24475 311323.23 113.841079372 34.0913068543 3777498.916321 762235.7530383002 58.2691220241 0.3757762451 1.0423613477 260.110616616 -16.0478207608 -2.7881573857 0.1371092298
24476 311323.27 113.8410724142 34.0913058472 3777498.786686 762235.1137418002 58.2743703257 0.3377292511 1.000431893 260.0081000419 -16.0446064708 -2.8169416626 0.1622740494
24477 311323.34 113.8410602367 34.0913040612 3777498.557199 762233.9949076 58.2847973676 0.0479168196 1.0423962116 259.833018577 -16.0548396695 -2.8594224221 0.143003464
24478 311323.41 113.8410480539 34.0913022478 3777498.3246660014 762232.8756666 58.2883692235 -0.0336800642 1.0093191535 259.6423494986 -16.063334446 -2.9098392664 -0.0134340547
24479 311323.48 113.8410358632 34.0913003999 3777498.088287 762231.7558044002 58.2851440208 0.0780687406 0.9992429875 259.4661014142 -16.0773247194 -2.9629036222 -0.0769499305
24480 311323.55 113.8410236687 34.0912985162 3777497.847917 762230.6357113002 58.2792307921 0.114765622 0.9191544848 259.2842949763 -16.0662072004 -3.0251186174 -0.0536942579
24481 311323.62 113.8410114764 34.0912965926 3777497.603134 762229.5159306999 58.2761791898 0.1650387279 0.8207773728 259.1102541276 -16.0645989321 -3.0888169041 0.0116579169
24482 311323.69 113.8409992814 34.0912946363 3777497.354706 762228.3960143002 58.2764163427 -0.0095489577 0.7040123539 258.9224378584 -16.0753576288 -3.1348478818 0.0125116522
24483 311323.76 113.8409870855 34.0912926401 3777497.101851 762227.2761269 58.2744178241 0.0752696348 0.5760008139 258.7387574486 -16.0675696216 -3.1978922284 -0.0419403614
24484 311323.83 113.8409748822 34.0912906082 3777496.845021 762226.1556686 58.2722219275 0.1301655621 0.6374764497 258.5573612336 -16.0866240744 -3.239836252 -0.0057853744
24485 311323.89 113.8409644237 34.0912888513 3777496.623186 762225.1954641 58.272821933 0.1658000685 0.4843856326 258.3790478376 -16.0743256651 -3.2756068675 0.0686118043
24486 311323.96 113.8409522226 34.0912867593 3777496.359685 762224.0753971 58.2773971548 0.0085846792 0.2822708411 258.1805250193 -16.080904585 -3.3653997212 0.0507549902
24487 311324.03 113.8409400223 34.0912846192 3777496.090852 762222.9555561 58.2773969788 0.0750700871 0.0205977812 257.9951889142 -16.0721098017 -3.4364394643 -0.0204049771
24488 311324.1 113.8409278286 34.0912824212 3777495.815605 762221.8364918 58.2760479096 0.2828023895 -0.0720713696 257.8494789671 -16.070601145 -3.507661411 -0.0214581792
24489 311324.17 113.8409156283 34.0912802063 3777495.538468 762220.7168819 58.2761086477 0.2847734351 -0.0983704452 257.6699370437 -16.100034726 -3.5099612525 0.0202406442
24490 311324.24 113.8409034305 34.0912779702 3777495.258995 762219.5975672 58.278953583 0.3141159972 0.0179702047 257.4415784062 -16.0777072763 -3.5512309797 0.0620098361
24491 311324.31 113.8408912291 34.0912757198 3777494.977912 762218.4779566 58.2857219698 0.2468823675 0.2710783235 257.1955739118 -16.0910792092 -3.5838008951 0.1135470687
24492 311324.38 113.8408790267 34.0912734294 3777494.6924 762217.3583815 58.2899237499 0.0248156899 0.5289513576 256.9793503431 -16.0838888912 -3.6619907899 0.0364988128
24493 311324.45 113.8408668237 34.0912710973 3777494.402247 762216.2388804 58.2895100014 0.2773289348 0.5994778381 256.7910701792 -16.0845604051 -3.7304087354 -0.0257979368
24494 311324.48 113.8408615933 34.0912700829 3777494.2762339986 762215.7590890998 58.2900108537 0.2062723352 0.6103091582 256.7132684072 -16.0846805364 -3.7632585872 0.0231193312
24495 311324.55 113.8408493989 34.0912676808 3777493.9783480014 762214.6405995998 58.2923240298 0.29202819 0.488512189 256.5489905559 -16.0651803523 -3.8421879766 0.0806639744
24496 311324.62 113.8408372061 34.0912652336 3777493.675444002 762213.522388 58.2968680235 0.1142909944 0.3528820327 256.3847847225 -16.07454949 -3.9128497316 0.0846182697
24497 311324.69 113.8408250152 34.0912627478 3777493.368279 762212.4044834 58.2980166739 0.1723692774 0.2245485688 256.217281365 -16.0677120309 -3.9500090155 -7.61149e-05
24498 311324.76 113.8408128189 34.0912602322 3777493.057775 762211.2861613001 58.2979497444 0.3331558945 0.1635540241 256.0306960276 -16.0828434661 -4.006772337 0.0036852126
24499 311324.83 113.8408006199 34.091257693 3777492.744661 762210.1676705999 58.2987997942 0.3118843036 0.2607276508 255.8270659661 -16.0821563285 -4.0292219656 0.0455669354
24500 311324.9 113.840788424 34.0912551267 3777492.4285370014 762209.0495465 58.3043713737 0.2410658152 0.3395037273 255.6104609556 -16.0704410576 -4.0898012901 0.0835285188
24501 311324.97 113.8407762245 34.0912525282 3777492.108839 762207.9311906998 58.3096923977 0.0056805087 0.5404434865 255.3976495818 -16.0904137537 -4.1393019979 0.0628375299
24502 311325.04 113.8407640242 34.0912498952 3777491.785299 762206.8128629002 58.310299092 0.0068814798 0.652417963 255.1866388941 -16.082583023 -4.2053223026 -0.0492196455
24503 311325.06 113.8407605358 34.091249138 3777491.692313 762206.4931204 58.3104981361 0.0405531045 0.6524366193 255.1315236682 -16.0922153165 -4.2206005246 0.0182661577
24504 311325.13 113.8407483335 34.091246461 3777491.363892 762205.374751 58.3082385138 -0.0538686608 0.7783312618 254.9494997955 -16.0854984458 -4.2812247595 -0.0421485932
24505 311325.2 113.8407361325 34.0912437444 3777491.031079 762204.2566197 58.3044244349 0.0539375005 0.7326080069 254.7712670556 -16.073699797 -4.3467223553 -0.0760875037
24506 311325.26 113.840725674 34.0912413836 3777490.742237 762203.2982736998 58.3010426005 0.1529190438 0.6531125888 254.6213996672 -16.0799076109 -4.4048282195 -0.0439577601
24507 311325.32 113.8407152175 34.0912389921 3777490.449976 762202.3402093998 58.2983348602 0.229021135 0.6390748084 254.4796953058 -16.0784517336 -4.4529805424 -0.0053379766
24508 311325.38 113.8407047634 34.0912365771 3777490.1551230014 762201.3824369998 58.2994778436 0.200732267 0.5868419193 254.3253111797 -16.0668959715 -4.497032344 0.0633556453
24509 311325.44 113.8406943111 34.0912341373 3777489.85752 762200.4249033001 58.3038106309 0.0839564479 0.6169094456 254.167850846 -16.0718268519 -4.5440516611 0.106358089
24510 311325.5 113.8406838559 34.0912316795 3777489.557911 762199.4671635 58.3065808518 -0.0462928604 0.6379206694 254.003117218 -16.0817616581 -4.5736361209 0.036467223
24511 311325.56 113.8406733989 34.0912291969 3777489.255546 762198.5093346 58.3050712831 0.030474971 0.6749447359 253.8309495873 -16.0727100079 -4.6270507781 -0.0360321094
24512 311325.62 113.8406629417 34.0912266901 3777488.9504949986 762197.5515561998 58.3014216172 0.238019975 0.751111439 253.6717576372 -16.0836863089 -4.6652780112 -0.0788882037
24513 311325.63 113.840661199 34.0912262696 3777488.899358 762197.391959 58.3007107247 0.2942916853 0.7499235592 253.6440959573 -16.0798540274 -4.6769078958 -0.0723309912
24514 311325.69 113.8406507464 34.0912237334 3777488.591059 762196.4346966 58.2996881232 0.3983283144 0.8051656551 253.4902595321 -16.0722335848 -4.7210366101 0.0123668571
24515 311325.75 113.8406403036 34.0912211722 3777488.280002 762195.4784179 58.30476142 0.2593903496 0.8029119977 253.3307704369 -16.054622407 -4.767830476 0.1505734363
24516 311325.81 113.8406298743 34.0912185849 3777487.966092 762194.52347 58.3118068585 0.0389030845 0.7887798573 253.1715043951 -16.0224583154 -4.8208701134 0.094884932
24517 311325.87 113.8406194533 34.0912159698 3777487.649112 762193.5693675998 58.3138814364 -0.0165671472 0.7615167499 253.0242948548 -16.0096887945 -4.8684441413 -0.0107950441
24518 311325.93 113.8406090392 34.0912133306 3777487.329481 762192.6159866 58.3120338507 0.0208746596 0.7023496534 252.879734685 -16.0079636417 -4.9134963903 -0.0357055266
24519 311325.99 113.8405986412 34.0912106677 3777487.007259 762191.6641606998 58.3084671004 0.0727196728 0.6937709945 252.7312126752 -15.9754149431 -4.947363928 -0.0119789649
24520 311326.05 113.840588263 34.0912079911 3777486.683575 762190.7142005 58.307199426 0.0410207507 0.666536422 252.5638429759 -15.9468203926 -4.9682150363 0.0253322945
24521 311326.11 113.8405779076 34.0912052925 3777486.357498 762189.766417 58.3082341338 0.013120259 0.6613358431 252.3908792332 -15.9113953746 -5.0173343399 0.0101639908
24522 311326.17 113.8405675689 34.0912025735 3777486.029202 762188.820235 58.3088865522 0.0773485285 0.6731381336 252.21760352 -15.8903970715 -5.0542720952 0.0164022512
24523 311326.23 113.8405572501 34.0911998297 3777485.69821 762187.875978 58.309230106 0.2269329042 0.7440961018 252.0511215178 -15.8583596406 -5.1027825296 0.0245062911
24524 311326.3 113.8405452337 34.0911966033 3777485.309302 762186.7764545998 58.3116684156 0.3960453176 0.8032915604 251.863380336 -15.8271882669 -5.1381526806 0.0684138808
24525 311326.37 113.8405332479 34.0911933491 3777484.917378 762185.679858 58.3201380828 0.3467247569 0.806432379 251.6655292975 -15.7828416188 -5.193055832 0.1750424892
24526 311326.44 113.8405212949 34.0911900662 3777484.522361 762184.5863676999 58.3316773409 0.08122884 0.8222787856 251.4745379363 -15.7421040615 -5.2296709201 0.1588821391
24527 311326.51 113.8405093718 34.0911867482 3777484.123517 762183.4957463 58.337642719 -0.0879150378 0.8511158138 251.2947572414 -15.7066499642 -5.2949186544 0.0318120983
24528 311326.58 113.8404974739 34.0911834007 3777483.721476998 762182.4075495999 58.3365235282 -0.0416474566 0.8258332002 251.1325771696 -15.6657348104 -5.3293228817 -0.0470121322
24529 311326.65 113.840485606 34.0911800256 3777483.316444 762181.3222020002 58.3331128489 0.0787265332 0.7238840815 250.9634508029 -15.6269974026 -5.3757465826 -0.0390087588
24530 311326.72 113.8404737687 34.091176625 3777482.908664 762180.2397635998 58.3315985203 0.1369999821 0.5739379301 250.7976813107 -15.5841321185 -5.4200246603 -0.0024389552
24531 311326.76 113.8404670199 34.0911746668 3777482.674015 762179.6226886999 58.3312355354 0.2563953784 0.5093384874 250.7085679904 -15.5611733843 -5.4489841545 0.0147935584
24532 311326.83 113.8404552349 34.0911712215 3777482.261404 762178.5452186 58.3341726726 0.3052878642 0.4443021465 250.5617256964 -15.5187943023 -5.4772270368 0.0994715026
24533 311326.9 113.8404434809 34.0911677604 3777481.847118 762177.4706503 58.3423741972 0.2884964635 0.466956806 250.4000665984 -15.4784708926 -5.4978746981 0.1378018145
24534 311326.97 113.8404317517 34.0911642874 3777481.431587 762176.3984145 58.3517189706 0.2470547945 0.5243795706 250.232569297 -15.4485910938 -5.5180732992 0.1329991231
24535 311327.04 113.8404200491 34.0911607989 3777481.0143949986 762175.3286869002 58.3605029276 0.0313092515 0.5855417954 250.0441620992 -15.4067563244 -5.5559823832 0.1255613822
24536 311327.11 113.8404083786 34.0911572837 3777480.594314 762174.2619989 58.365368736 -0.1221791771 0.7196395435 249.8771861005 -15.3721459397 -5.588747947 0.0302622402
24537 311327.18 113.84039673 34.0911537441 3777480.171596 762173.197406 58.3633711329 -0.1688014878 0.7882488779 249.7145732755 -15.3398094554 -5.6349098276 -0.0709194627
24538 311327.25 113.8403851113 34.0911501777 3777479.745975 762172.1356589 58.3576984108 -0.073119934 0.7871746636 249.5601817253 -15.3016281726 -5.6693267996 -0.0788819376
24539 311327.32 113.8403735206 34.091146591 3777479.318171 762171.0765628 58.3545010053 -0.1459668807 0.8024237374 249.3862235007 -15.2653763624 -5.7049324765 -0.035185181
24540 311327.39 113.8403619611 34.0911429784 3777478.887579 762170.0204204002 58.3514953544 -0.1695701022 0.7924314867 249.2113931649 -15.220850267 -5.7444074117 -0.0350265804
24541 311327.45 113.8403520752 34.0911398612 3777478.516249 762169.1172767 58.3491083663 -0.1466669723 0.7426723628 249.0629056168 -15.1898613413 -5.7812566352 -0.0126427462
24542 311327.52 113.8403405714 34.0911361986 3777478.080248001 762168.0664366998 58.3460858939 -0.0988063334 0.7280116495 248.8917308031 -15.1477560985 -5.8213683891 -0.0146338564
24543 311327.59 113.8403290934 34.0911325121 3777477.641666 762167.0180529 58.3441790715 -0.1568737565 0.7571689705 248.712298494 -15.1127716012 -5.8607042503 0.0389349699
24544 311327.66 113.8403176482 34.091128803 3777477.200657 762165.972758 58.3443556633 -0.2545046335 0.6875994737 248.5291810935 -15.0694801849 -5.9001445819 -0.0056955427
24545 311327.73 113.8403062334 34.0911250636 3777476.756359 762164.9303716999 58.3412120948 -0.1694237375 0.7753111885 248.3610783673 -15.0327799436 -5.9393698163 -0.0785208053
24546 311327.8 113.8402948398 34.0911213076 3777476.310279 762163.889999 58.3365229946 -0.1508873034 0.7843642406 248.1673312185 -15.0114978812 -5.9662286958 -0.0488361248
24547 311327.87 113.8402834789 34.0911175239 3777475.861204 762162.8527180002 58.33202851 -0.0177784868 0.6574350733 247.975209631 -14.9634724014 -6.0250362014 -0.0765481421
24548 311327.94 113.8402721506 34.091113709 3777475.408747 762161.8185543 58.3299492244 0.079938327 0.4563085582 247.7913901789 -14.9174219596 -6.0703486558 -0.0147706926
24549 311328.01 113.8402608583 34.0911098518 3777474.951694 762160.7878353002 58.3298335569 0.2010246898 0.4122628245 247.638490109 -14.8730882163 -6.133465305 0.0551355037
24550 311328.04 113.8402560265 34.0911081921 3777474.755099 762160.3468365 58.3302777419 0.1848798591 0.3727988286 247.5684367226 -14.8615645352 -6.1436652875 0.0078760689
24551 311328.11 113.8402447722 34.0911043066 3777474.295008 762159.3197251 58.3348619817 0.1151196803 0.2737086156 247.3839076297 -14.8350419754 -6.1755060249 0.0878838668
24552 311328.18 113.8402335386 34.0911004046 3777473.833135 762158.2945636999 58.3417571429 -0.2545670352 0.362779718 247.1884439275 -14.8009091958 -6.1907849738 0.0324200952
24553 311328.25 113.8402223166 34.0910964805 3777473.368834 762157.2705469 58.3407601025 -0.3529365169 0.3879728285 246.969206234 -14.7897851128 -6.2442307025 -0.0526774895
24554 311328.32 113.840211115 34.0910925264 3777472.901262 762156.2485042 58.333345728 -0.4847776878 0.5072123917 246.7819204766 -14.7722550501 -6.292583994 -0.1584329955
24555 311328.39 113.8401999364 34.091088541 3777472.430266 762155.2286896 58.3204050986 -0.1184501819 0.4992363028 246.6057291231 -14.7220739243 -6.346356985 -0.2103598414
24556 311328.46 113.8401887823 34.091084523 3777471.955725 762154.2112272 58.3095704988 0.2943969744 0.5223515558 246.4596254475 -14.6965723251 -6.3944930509 -0.0938812718
24557 311328.53 113.840177648 34.0910804843 3777471.478938 762153.1956669 58.307904942 0.5093626092 0.5111351982 246.3071586667 -14.6711756022 -6.4123886457 0.0891575408
24558 311328.6 113.8401665437 34.091076423 3777470.999713 762152.1829361998 58.3194482541 0.3551805434 0.4120446651 246.1516827862 -14.6196820706 -6.4581851332 0.2581977423
24559 311328.67 113.84015546 34.0910723368 3777470.517781 762151.1721922 58.3348790268 -0.1133629657 0.422486331 245.9935832731 -14.6058016916 -6.4917610126 0.1936954391
24560 311328.7 113.8401507129 34.0910705774 3777470.31034 762150.7393139 58.3391239792 -0.2417748508 0.4031769516 245.9268870625 -14.6047086409 -6.5215666171 0.1140236863
24561 311328.77 113.8401396493 34.0910664505 3777469.823947 762149.7305521999 58.3408016488 -0.4722618135 0.3070201516 245.7852265392 -14.5817012521 -6.5634747363 -0.0889386483
24562 311328.84 113.8401285933 34.0910622965 3777469.334561 762148.7225679 58.3298899783 -0.4174511859 0.2208981767 245.6409914835 -14.5797646521 -6.6067199221 -0.198147934
24563 311328.91 113.8401175494 34.0910581239 3777468.84315 762147.7157645002 58.3134337161 -0.2536499898 0.1603934868 245.4754332403 -14.5538532648 -6.6303820722 -0.2488560876
24564 311328.98 113.8401065184 34.0910539276 3777468.3491339986 762146.7102214 58.2974177664 0.0725282657 0.1891008961 245.3107416678 -14.5404566074 -6.6691576304 -0.1964584978
24565 311329.05 113.8400955056 34.0910497102 3777467.852826 762145.7064213002 58.2895540185 0.2709486263 0.2167295209 245.1430851088 -14.5077525887 -6.704501242 -0.021880138
24566 311329.12 113.8400845142 34.09104547 3777467.354042 762144.7046734 58.2923802612 0.3897000669 0.392499654 244.9874526077 -14.484066489 -6.7370307098 0.1102755134
24567 311329.19 113.8400735367 34.0910412155 3777466.853706 762143.7042502 58.3019778309 0.2520735824 0.5066966136 244.8191579207 -14.4729177034 -6.7605135578 0.1566277955
24568 311329.26 113.8400625793 34.0910369388 3777466.350956 762142.705747 58.3115649326 0.2541695253 0.5971522558 244.6563729704 -14.4344081054 -6.8037387723 0.1130392701
24569 311329.33 113.8400516405 34.0910326328 3777465.845006 762141.7090506 58.3185760202 0.1455102796 0.6618893115 244.4955515327 -14.4128355039 -6.8488321162 0.0601335127
24570 311329.38 113.8400438381 34.0910295392 3777465.481655 762140.9982034998 58.3204430509 0.0935793086 0.705923209 244.3889186588 -14.3996669434 -6.877036612 0.0016628177
24571 311329.45 113.8400329303 34.0910251854 3777464.970488 762140.004522 58.3195818523 0.0952196419 0.6423473 244.2425646337 -14.3718269231 -6.920154856 -0.0236173784
24572 311329.52 113.8400220392 34.091020804 3777464.456291 762139.0124709002 58.3172113579 -0.0038533217 0.5535997212 244.0937002871 -14.3534712741 -6.9644983971 -0.0396338643
24573 311329.59 113.8400111671 34.0910163936 3777463.9389269985 762138.0222565 58.3134011514 -0.0474072542 0.3969288609 243.9433925667 -14.3218467822 -7.0135764579 -0.0397181803
24574 311329.66 113.8400003104 34.0910119533 3777463.418285 762137.0335554 58.3088907264 0.0019659051 0.294583109 243.8006999185 -14.30555489 -7.058452797 -0.0737923684
24575 311329.73 113.8399894654 34.0910074901 3777462.89513 762136.0460116002 58.3038169704 0.1674838554 0.2712553591 243.6542593227 -14.2928646358 -7.080364839 -0.0303287514
24576 311329.8 113.8399786314 34.0910030148 3777462.370656 762135.0595193001 58.3063953156 0.1836833347 0.2860037826 243.4816097289 -14.2833065587 -7.1098622466 0.0856420751
24577 311329.87 113.8399678076 34.0909985195 3777461.843997 762134.0740223002 58.3110360559 0.1301377124 0.3821575738 243.2992556833 -14.2638968309 -7.1393623038 0.0748738432
24578 311329.94 113.8399569963 34.0909939996 3777461.3146379986 762133.0897622 58.3166820891 0.0678724912 0.4879276439 243.1241285035 -14.2498537518 -7.1935392045 0.0708577272
