26458 311541.79 113.8457232524 34.0891533012 3777271.85796 762671.1805693002 56.9902664665 -0.1541496167 1.3142988756 169.2192109208 0.0389746756 -0.1680580957 -0.0039703246
26459 311543.42 113.8457252911 34.0891443806 3777270.873218 762671.3963805 56.9903668612 0.085759839 1.4117567632 168.5271718452 0.2670293554 -1.2685445567 -0.0224648616
26460 311543.96 113.8457273266 34.0891353734 3777269.878866001 762671.6121744 56.9951063544 0.3325428375 1.3146237833 168.2688215543 0.5135614921 -2.3768599543 -0.016165527
26461 311544.32 113.8457295494 34.0891262678 3777268.874069 762671.8455672 56.9856569692 0.4725181759 1.2810663353 168.0604898898 0.652650255 -3.1714756047 0.022146809
26462 311544.61 113.8457318065 34.0891172518 3777267.879299 762672.0818474 56.9751587613 0.4493106179 1.2634962402 167.8369289007 0.8048446296 -3.7132839708 -0.0673108315
26463 311544.86 113.8457340913 34.0891083887 3777266.901578 762672.3202143002 56.9722572844 0.2690019798 1.2816484051 167.4410044084 0.9075396333 -4.1421983926 0.0076895921
26464 311545.09 113.84573648 34.0890994249 3777265.912951 762672.568484 56.96924897 0.2096525255 1.1957736021 166.9682215791 1.036442326 -4.4893870017 -0.0135909638
26465 311545.3 113.8457389185 34.0890906072 3777264.940659 762672.8208941 56.9490930485 0.3484410688 1.1016393549 166.4575820612 1.14069668 -4.8009237377 -0.0651686658
26466 311545.4 113.8457401519 34.0890862006 3777264.454797 762672.9484061 56.9434351763 0.2390995435 1.1515697819 166.1802497063 1.1873752541 -4.9531415375 -0.0015651182
26467 311545.6 113.8457428364 34.0890770159 3777263.442413 762673.2246701998 56.9387847083 0.0386675956 1.1771492171 165.6273516683 1.3194727031 -5.2182385618 -0.0110893154
26468 311545.79 113.845745645 34.0890678391 3777262.431224 762673.5123703 56.9238278363 0.2846254891 1.1103369981 165.0213970396 1.4513302661 -5.4734522798 -0.0763228201
26469 311545.97 113.8457485611 34.0890587506 3777261.430113 762673.8097166 56.9062232347 0.5416844126 0.9879265497 164.4669234039 1.580401604 -5.708921943 -0.052853273
26470 311546.14 113.8457515395 34.0890498407 3777260.44898 762674.1122659 56.9054089207 0.4083341089 0.9920815479 163.9336855096 1.6761463629 -5.9184395071 0.0347131981
26471 311546.3 113.8457545105 34.0890411565 3777259.492874 762674.4134363001 56.9080811338 0.2367524331 1.1514049264 163.4600553989 1.7893813104 -6.111767195 0.0276082087
26472 311546.42 113.8457568838 34.089034468 3777258.756708 762674.6532487 56.9071192723 0.2370765122 1.0664673244 163.0939464125 1.8843183117 -6.2565619269 -0.0302431643
26473 311546.58 113.8457602479 34.0890253113 3777257.749175 762674.9921834002 56.9015543191 0.2590072577 0.9834578055 162.651929126 1.9887115354 -6.4516505739 -0.0433625764
26474 311546.73 113.8457635352 34.0890164685 3777256.776292 762675.3230449002 56.8964830041 0.1961608755 1.1171874964 162.2356492459 2.1027891088 -6.6164652816 -0.0162787634
26475 311546.88 113.845767012 34.0890074021 3777255.779066 762675.6720975002 56.8970491448 0.2009206925 1.1581599016 161.8455357858 2.1961378131 -6.7986303422 -0.0229795117
26476 311547.02 113.8457704163 34.0889987371 3777254.826207 762676.0132166998 56.8894208474 0.4323533778 1.1565457647 161.436219589 2.3072466948 -6.9428325004 -0.0920030946
26477 311547.16 113.8457739959 34.088989891 3777253.853706 762676.3710818002 56.883860698 0.5884853382 0.9815402337 161.0174177672 2.421132683 -7.0809281293 -0.0045818243
26478 311547.3 113.8457777285 34.0889808669 3777252.861835 762676.7436268 56.8907803846 0.3130438739 1.032694161 160.5858986235 2.507957129 -7.2276180214 0.0326261976
26479 311547.43 113.8457813407 34.0889723307 3777251.923804 762677.1035395 56.8909156788 0.3017314632 0.9214798965 160.1868672199 2.626589741 -7.3318041549 -0.0067069895
26480 311547.45 113.8457819113 34.0889710044 3777251.77809 762677.160331 56.890673914 0.2711687883 0.8795838813 160.1267750785 2.6415347478 -7.3646437722 -0.0149936741
26481 311547.58 113.8457856993 34.0889623218 3777250.824258999 762677.5369314002 56.8893998172 0.205955906 0.7566352661 159.6970778307 2.7297182547 -7.4582074702 -0.0301214271
26482 311547.71 113.8457896084 34.0889535258 3777249.858164 762677.9250676999 56.8862983137 0.2875482146 0.7457937023 159.2312258504 2.8196807512 -7.5451507054 -0.0414134495
26483 311547.84 113.8457936614 34.0889446472 3777248.883271 762678.3267404998 56.8858000655 0.042548024 0.6100871453 158.7691919583 2.9412206037 -7.6112164531 -0.0148902026
26484 311547.97 113.8457978533 34.0889357064 3777247.901833 762678.7414288 56.8823473602 0.1731112743 0.4577153802 158.313608991 3.0254453573 -7.6445394882 -0.0324390348
26485 311548.1 113.8458021622 34.0889267168 3777246.915272 762679.1670795998 56.8794816956 0.1942469481 0.3988543282 157.8793549851 3.0992775378 -7.6832507768 -0.0149529968
26486 311548.23 113.8458065948 34.0889177019 3777245.926233 762679.6042253 56.8777232002 0.3202928312 0.226243557 157.5149579544 3.1847025652 -7.7047127304 0.009312684
26487 311548.35 113.8458107596 34.0889093505 3777245.010126 762680.0145994 56.8786997916 0.2973658241 0.2722551217 157.1801954485 3.2162232116 -7.7310221251 0.0099908854
26488 311548.4 113.8458125088 34.08890586 3777244.6272660014 762680.1868976 56.880061931 0.1748860725 0.3160639322 157.0271100906 3.2375172168 -7.750864231 0.00494475
26489 311548.52 113.8458167733 34.0888974789 3777243.708122 762680.6065636999 56.8827647371 0.0907983965 0.3586097161 156.6999044855 3.3134595439 -7.745192694 -0.0006063008
26490 311548.64 113.8458211082 34.0888890747 3777242.786599 762681.0328015998 56.8838133858 0.1065747547 0.5645287854 156.3975028793 3.3526046433 -7.7875889481 0.0097154628
26491 311548.76 113.8458254963 34.0888806506 3777241.863013 762681.4640125999 56.8797189612 0.1734592798 0.7398693553 156.1040351528 3.4037095655 -7.7878553783 -0.0363838639
26492 311548.88 113.8458299609 34.0888722302 3777240.940028 762681.9022773 56.8789506573 0.167634246 0.8581544102 155.7908821206 3.4495637551 -7.7721008249 0.0409770042
26493 311549.0 113.845834455 34.0888638355 3777240.019962 762682.3431885998 56.8830636386 0.0794706487 1.0950462335 155.4011012725 3.4669601772 -7.7495260784 0.0232993504
26494 311549.12 113.845838999 34.0888554819 3777239.104592 762682.7885731 56.8826957401 0.2068878579 1.2223647712 154.9864210005 3.5389542719 -7.6899879895 -0.0247758835
26495 311549.19 113.8458416823 34.0888506459 3777238.574815 762683.0512866002 56.8834516462 0.2619725049 1.282207081 154.7288400199 3.5480610106 -7.643367842 0.0326753344
26496 311549.31 113.845846327 34.0888423991 3777237.671562 762683.5056377 56.8869659901 0.2482861894 1.2390026175 154.221573261 3.6052910263 -7.5913283176 0.0262113432
26497 311549.43 113.8458510646 34.0888342251 3777236.776617 762683.9683471 56.8895266037 0.2107868514 1.2168334926 153.7510695957 3.6739350079 -7.5202189973 0.0274065058
26498 311549.55 113.8458558381 34.0888261371 3777235.891315 762684.4341087 56.895910738 0.2075818117 1.199811731 153.2644842298 3.6955303325 -7.4410773539 0.0544338886
26499 311549.68 113.8458610712 34.0888174706 3777234.942998002 762684.944093 56.8982764482 0.3352500207 1.1322982911 152.761069277 3.744984696 -7.3388363249 0.0097874734
26500 311549.81 113.8458663443 34.0888089226 3777234.007931 762685.4573975998 56.902338339 0.2718229355 1.0960316526 152.2506285356 3.7593315651 -7.2448978091 0.072816339
26501 311549.87 113.8458687877 34.0888050173 3777233.580816 762685.6950769 56.9067749251 0.2002274385 1.0684145546 152.0242869612 3.7699935217 -7.1970501978 0.0937872752
26502 311550.0 113.8458741035 34.0887966476 3777232.665649 762686.2117843998 56.9149855114 0.160184792 1.2247093613 151.6269713994 3.7750158826 -7.0945478206 0.0405992585
26503 311550.13 113.8458794335 34.0887883793 3777231.761762 762686.7294760002 56.9167906707 0.1772126779 1.37730479 151.2704618465 3.7874610363 -7.0202052677 -0.0088018636
26504 311550.26 113.8458847781 34.0887802079 3777230.868676998 762687.2482231 56.9216875443 0.0502253358 1.4247513824 150.9559478616 3.8080699446 -6.9285473193 0.0582734828
26505 311550.39 113.8458901267 34.0887721196 3777229.98482 762687.7670893002 56.9274301426 -0.0391842667 1.6576405843 150.6871779952 3.7925239702 -6.8654192658 -0.001070669
26506 311550.52 113.8458954721 34.0887641234 3777229.111183 762688.2853675 56.9238740606 0.2420726711 1.6598797285 150.4946235339 3.785677649 -6.7803824444 -0.0152424558
26507 311550.65 113.845900826 34.0887562423 3777228.250333 762688.8040783001 56.9238894051 0.4530875097 1.3282093314 150.360007725 3.8165962788 -6.6736689322 0.0201531156
26508 311550.79 113.8459065351 34.0887478636 3777227.335172 762689.3571201002 56.9324398367 0.3517956996 1.1357880546 150.2674632746 3.7516795422 -6.584098247 0.0467667758
26509 311550.93 113.8459121596 34.088739612 3777226.43391 762689.9019571998 56.9453831622 -0.0645818862 1.0088632588 150.2256437058 3.6925128501 -6.4689112598 0.1132736224
26510 311551.07 113.8459176879 34.0887315567 3777225.554171 762690.4373113002 56.9518621154 -0.1946242821 0.8462597319 150.266913048 3.591008831 -6.3147021479 -0.0059009782
26511 311551.21 113.8459230537 34.0887237107 3777224.697249 762690.9570111998 56.9492356889 0.1281995665 0.8427762978 150.3328274105 3.4630157265 -6.1410962231 -0.0201745078
26512 311551.36 113.8459285706 34.0887155547 3777223.806318 762691.4916198001 56.9485298665 0.3851981035 0.9787727532 150.4221913786 3.3359206418 -5.9124268468 0.076735894
26513 311551.52 113.8459342329 34.0887071978 3777222.893458 762692.0402757 56.9626021907 0.0857298734 0.9159175472 150.4869545545 3.2072978337 -5.6634911704 0.0990760978
26514 311551.68 113.845939627 34.0886991658 3777222.015964 762692.5631598 56.9717584401 -0.1187621322 1.0854588668 150.5062291425 3.0267073243 -5.4480967008 0.0237953549
26515 311551.85 113.8459451027 34.0886910258 3777221.126697 762693.0939223 56.9737535268 0.1145801372 1.1722797827 150.5605859115 2.905559818 -5.1790915337 0.0036758535
26516 311552.03 113.84595064 34.0886828508 3777220.233711 762693.6304739 56.9763874412 0.1727768263 0.8725604331 150.5858802683 2.7415707079 -4.9048581791 0.0060860242
26517 311552.22 113.8459560977 34.0886747164 3777219.345022 762694.1595495 56.9834198588 0.0647612888 0.8130608102 150.6480370939 2.5779309269 -4.5999753945 0.0773094897
26518 311552.42 113.8459614843 34.0886666978 3777218.468995 762694.6817025 56.9912079237 -0.0353602504 0.6888213034 150.7345541479 2.3982232028 -4.2955558425 0.0070145568
26519 311552.64 113.8459669518 34.0886584453 3777217.567221 762695.2120473002 56.993184167 -0.0926024178 0.8978424659 150.7349652876 2.235977425 -4.0376710811 0.0201759122
26520 311552.87 113.8459723895 34.0886503061 3777216.677946 762695.7392998 56.996958781 -0.1175986307 0.7669512175 150.8052611133 2.133653668 -3.8151765601 0.0031496362
26521 311553.11 113.8459777444 34.0886422924 3777215.8023809986 762696.2585132 56.9966077386 0.0739568159 0.6915646316 150.9048067713 1.9952329595 -3.6096345229 -0.0073251496
26522 311553.36 113.8459830696 34.0886342943 3777214.928474 762696.774927 56.9974964568 0.2020196857 0.7807707377 151.1593748527 1.9096501045 -3.5106457022 -0.0090010335
26523 311553.59 113.8459877892 34.0886271123 3777214.14358 762697.2329171 57.0037685316 0.0802908072 0.8677775952 151.5660873726 1.8485112461 -3.432010406 0.0320094426
