28103 312389.53 113.8504883445 34.0874996089 3777100.603961 763116.2741626998 56.5540281227 -0.3386048749 -0.0980390535 264.5561449225 -2.1183541522 -0.1845585818 -0.0192052384
28104 312390.03 113.8504775579 34.0874988392 3777100.490745 763115.2805711 56.5426295027 -0.1092462634 -0.1176790025 265.2653618202 -1.9461822349 -0.1507953542 -0.0034314357
28105 312390.54 113.850466656 34.0874981368 3777100.384711 763114.2761284 56.5404172791 -0.037788926 -0.0196318331 265.8937371582 -1.9791100002 -0.1286816102 0.0075958682
28106 312391.04 113.8504557778 34.0874975218 3777100.288424 763113.2736056999 56.5405913126 -0.0598965906 0.0340756816 266.4331190243 -2.0246537601 -0.1249072286 -0.0003971223
28107 312391.51 113.8504448681 34.0874970043 3777100.202888 763112.267869 56.5317496853 0.2482314157 0.0890683835 266.9030094187 -2.3033257951 -0.1077461677 0.026540964
28108 312391.91 113.8504339297 34.08749655 3777100.12429 763111.2592878 56.5261430489 0.4150116582 0.0697111894 267.2300784678 -2.7338204955 -0.1231468423 0.0079573652
28109 312392.25 113.8504230137 34.0874961448 3777100.051192 763110.2526251 56.5216513397 0.5325459512 0.1297648433 267.4134961934 -3.1890734008 -0.1430070136 0.0270753665
28110 312392.55 113.8504118913 34.087495759 3777099.979722 763109.2268434 56.525131234 0.455616307 0.1648992818 267.6197262261 -3.6564070872 -0.1464142185 -0.0106869405
28111 312392.81 113.8504009815 34.0874953952 3777099.91123 763108.2206175 56.5256430572 0.4551278656 0.0805177521 267.9477147721 -4.0809823167 -0.1443524121 -0.0150034086
28112 312393.03 113.8503908307 34.0874951291 3777099.855543 763107.2841731998 56.5254563298 0.455810469 0.1628010354 268.2842270457 -4.4263775044 -0.1250167105 0.0240288724
28113 312393.25 113.8503798533 34.0874948896 3777099.800685 763106.2713273001 56.5263338434 0.4463857612 0.114428882 268.6467023908 -4.7743275014 -0.1161136304 0.0059457459
28114 312393.46 113.8503686045 34.0874947026 3777099.75095 763105.2332594 56.5255908314 0.3995150175 0.0796307457 269.0023166778 -5.0960628009 -0.0803695301 -0.0057716886
28115 312393.66 113.8503572461 34.0874945805 3777099.708136 763104.184868 56.5277754301 0.3738618759 0.1041831549 269.3263763778 -5.3708777729 -0.0540558023 0.0232120777
28116 312393.85 113.8503458989 34.0874944974 3777099.6696730014 763103.1373945 56.5265365262 0.4135374175 0.1293214849 269.5489678662 -5.6371118416 -0.0443028232 -0.0274287271
28117 312394.03 113.8503346582 34.0874944547 3777099.635976 763102.0996254 56.5233283285 0.5377542103 0.2078520016 269.6462787253 -5.8699460601 -0.0302801014 0.0264319528
28118 312394.2 113.8503236295 34.0874944156 3777099.6032199985 763101.0814199002 56.5272248173 0.4251880164 0.2481341144 269.7392159458 -6.0819156288 -0.0197137712 0.0149126093
28119 312394.37 113.8503122156 34.0874943925 3777099.5712440014 763100.0275997 56.5270766597 0.3451382404 0.2734690181 269.7363555946 -6.2942902818 -0.0140194779 0.0159930562
28120 312394.53 113.8503011169 34.0874943619 3777099.539251 763099.0029035999 56.5277334275 0.2456551811 0.3459496674 269.7194791938 -6.4920242158 -0.0111548891 0.0019268455
28121 312394.69 113.8502896775 34.0874943335 3777099.506629 763097.946745 56.5263684494 0.2519299152 0.3791011802 269.6713974813 -6.6906973697 -0.021800844 -0.0224168763
28122 312394.84 113.8502786358 34.0874942852 3777099.472821 763096.9273618 56.5207195887 0.3482041325 0.3410224496 269.6468764725 -6.8773635205 -0.0376240743 -0.0143144344
28123 312394.99 113.850267293 34.0874942289 3777099.437349 763095.8802125 56.52145366 0.2643533568 0.2398279618 269.6534410479 -7.063866795 -0.0379340887 0.0178741583
28124 312395.13 113.8502564249 34.0874941801 3777099.403924 763094.8768670999 56.518357262 0.2847195286 0.2189587699 269.7053754797 -7.23931098 -0.0361064049 -0.0327594764
28125 312395.19 113.8502516893 34.0874941655 3777099.390108 763094.4396520002 56.5170230931 0.3455346614 0.2125986932 269.7297505537 -7.3054032339 -0.0245483098 0.0002838318
28126 312395.33 113.8502404647 34.0874941452 3777099.358939 763093.4033021998 56.5173684629 0.3034199682 0.2231033833 269.7944266197 -7.4685549419 -0.0154587635 -0.0064026877
28127 312395.47 113.8502289931 34.0874941276 3777099.327428 763092.3441325 56.5137116592 0.3260942079 0.2527864817 269.886525553 -7.6334532648 -0.0055285033 -0.0060396996
28128 312395.6 113.850218124 34.0874941296 3777099.299644 763091.3405342 56.515669655 0.2968401375 0.1894367282 269.9576207298 -7.778372422 0.000451654 0.0282752808
28129 312395.73 113.8502070484 34.08749414 3777099.27226 763090.3178503 56.5157515016 0.3289618741 0.2759235792 270.0390657785 -7.9233300131 0.0174145858 -0.0266837561
28130 312395.86 113.8501957717 34.0874941717 3777099.246724 763089.2765276 56.5118255178 0.4803743867 0.2665400537 270.1144110634 -8.0658653334 0.0293059226 -0.0089718691
28131 312395.99 113.8501842984 34.0874942078 3777099.221165 763088.2170366 56.5130098537 0.3904475546 0.289578219 270.195726704 -8.2039333662 0.0330582745 0.0369769557
28132 312396.12 113.8501726417 34.0874942665 3777099.197651 763087.1405427 56.5182930362 0.1981290607 0.3377988476 270.2718786093 -8.3383065454 0.0549042072 0.0372483914
28133 312396.24 113.8501617151 34.0874943363 3777099.177247 763086.1314283 56.5177952964 0.1120287567 0.3705236375 270.3432948145 -8.4608071467 0.0601254133 -0.0254330238
28134 312396.36 113.8501506232 34.0874944147 3777099.15737 763085.1070248 56.5123999584 0.1523304068 0.38410118 270.4255579209 -8.592126607 0.0748262609 -0.0333118571
28135 312396.48 113.850139358 34.0874945082 3777099.138725 763084.0665729998 56.5088075819 0.1872425998 0.4043577088 270.4925062251 -8.727542603 0.0893282631 -0.0173010803
28136 312396.6 113.8501279268 34.0874946103 3777099.1205980014 763083.0107645 56.5055130012 0.2365358627 0.4517383675 270.5731564222 -8.8489512362 0.0980826397 -0.0223116243
28137 312396.72 113.8501163415 34.0874947358 3777099.104678 763081.9406558 56.5013554832 0.3653602486 0.5123094344 270.6400836334 -8.9635424376 0.1159287146 -0.0108622058
28138 312396.84 113.8501046161 34.0874948698 3777099.089347 763080.8575851999 56.5013679303 0.3422926256 0.5562045138 270.7194585688 -9.0723414347 0.1219093051 0.0188939614
28139 312396.95 113.8500937456 34.0874950057 3777099.0764230015 763079.8534422 56.5023008482 0.27893288 0.5776237413 270.7920028574 -9.1639111095 0.1352453864 0.0214430146
28140 312397.06 113.8500827512 34.0874951544 3777099.064593 763078.8378223 56.5021871617 0.2640028352 0.6079966775 270.8829061823 -9.2750070132 0.15082259 -0.0089646026
28141 312397.17 113.8500716307 34.0874953267 3777099.055071 763077.8104843 56.5013142573 0.2407869658 0.619068708 270.9650837531 -9.3864282348 0.1738377899 -0.0114402347
28142 312397.28 113.8500603798 34.0874955103 3777099.046462 763076.7710783002 56.4983391408 0.2096209614 0.6532305671 271.0256282199 -9.489574635 0.1851456141 -0.0126223487
28143 312397.39 113.850049 34.0874957083 3777099.039117 763075.7197225002 56.4971719962 0.141518809 0.6575668521 271.0510351882 -9.5986930031 0.1946124812 -0.0032497371
28144 312397.5 113.8500374905 34.0874959082 3777099.031647 763074.6563758 56.4946751948 0.1954687221 0.7139630163 271.0560449051 -9.7096001582 0.1875805805 -0.0381935536
28145 312397.61 113.8500258522 34.0874961127 3777099.0243589985 763073.5811302 56.4894007081 0.3204943602 0.7448958122 271.0135504397 -9.8135053504 0.2028503457 -0.0350629011
28146 312397.72 113.8500140894 34.0874963126 3777099.016234 763072.4944017 56.4890309386 0.2518193339 0.7620731128 270.9242900539 -9.9222313594 0.1791775394 0.0138073208
28147 312397.83 113.8500022058 34.0874964912 3777099.005442 763071.3965895 56.4905416332 0.2131392416 0.8077474522 270.8548808473 -10.0191139257 0.16979828 0.0032060378
28148 312397.93 113.8499912949 34.0874966463 3777098.994549 763070.388658 56.4878447829 0.3430182111 0.7844473362 270.7946775133 -10.110783465 0.1513078507 -0.0372497415
28149 312398.03 113.8499802834 34.087496788 3777098.9818980014 763069.3714851999 56.4851784324 0.3702947732 0.7589360314 270.7457137243 -10.2053881999 0.1446330971 0.0042756108
28150 312398.13 113.849969182 34.0874969278 3777098.968817 763068.346011 56.4890404018 0.2019809018 0.7223711101 270.6926451487 -10.2966667136 0.1421701552 0.0592528952
28151 312398.23 113.8499579759 34.0874970561 3777098.954183 763067.3109044002 56.4920288613 0.0261438933 0.6989845465 270.6616060663 -10.4003463565 0.1324016281 -0.0023253995
28152 312398.33 113.8499466639 34.0874971814 3777098.938951 763066.2660370999 56.4881476518 0.1213656675 0.6580977728 270.6333834112 -10.4922720402 0.1314479945 -0.0577874666
28153 312398.43 113.8499352509 34.0874973009 3777098.922805 763065.2118559 56.4814528637 0.2546671638 0.6184775499 270.6033434771 -10.5843230311 0.1218015883 -0.0431756733
28154 312398.53 113.8499237446 34.0874974232 3777098.9067339986 763064.1490483001 56.4802482324 0.2534381218 0.6159622842 270.5653616874 -10.6641532232 0.1278108295 0.0229664568
28155 312398.63 113.8499121445 34.0874975366 3777098.889444 763063.0776158002 56.4820213262 0.2146090315 0.6216200421 270.5373836822 -10.7539301214 0.1110659062 0.0098255456
28156 312398.73 113.8499004482 34.0874976496 3777098.871854 763061.9972971998 56.4816815304 0.2474627066 0.6391237258 270.4993365009 -10.8362177974 0.115887087 -0.0156421786
28157 312398.83 113.8498886605 34.0874977554 3777098.8532199985 763060.9085598 56.4801799599 0.2984119475 0.6540993924 270.4462156931 -10.9261935645 0.101424825 0.0075350548
28158 312398.93 113.8498767803 34.0874978557 3777098.833752 763059.8113002 56.4815814439 0.2925085593 0.651941259 270.3780982478 -11.0091992526 0.100351951 0.0290576643
28159 312399.03 113.8498648087 34.0874979405 3777098.8123199986 763058.7056567 56.4831056204 0.2150030131 0.6859640796 270.2830067858 -11.092427532 0.0727833169 0.0035295456
28160 312399.12 113.8498539555 34.087498009 3777098.79196 763057.7033191 56.4827754442 0.1415374298 0.6945170069 270.1811649846 -11.1705009238 0.0681093429 -0.0080188908
28161 312399.21 113.8498430297 34.0874980561 3777098.7690449986 763056.6943479 56.4811863601 0.174643049 0.6559723098 270.0762175987 -11.2457111671 0.0334403067 -0.0245704162
28162 312399.3 113.84983203 34.0874980858 3777098.744005 763055.6786098002 56.4783619279 0.2186270277 0.6542852551 269.9777916612 -11.3196023221 0.0248512898 -0.021509813
28163 312399.39 113.8498209548 34.0874981022 3777098.717296 763054.6559375 56.4769373657 0.2378329942 0.608687526 269.8814489338 -11.400523883 -0.0017164164 0.0125751923
28164 312399.45 113.849813531 34.0874981007 3777098.698001 763053.9704678 56.4773620684 0.1690892045 0.5638510625 269.8269582512 -11.4499393111 -0.0181865161 0.0174977001
28165 312399.54 113.8498023362 34.0874980873 3777098.667672 763052.9368527 56.4772183187 0.1684269225 0.5794514478 269.7612259954 -11.5175584681 -0.0314060983 -0.0057755293
28166 312399.63 113.8497910667 34.0874980697 3777098.636687998 763051.8963479 56.4747437229 0.1544130439 0.5520025637 269.6975768775 -11.5853456385 -0.0375398621 -0.0439010787
28167 312399.72 113.8497797232 34.0874980391 3777098.604078 763050.8490486 56.4723313786 0.1952407423 0.5453076675 269.6490253092 -11.6711572206 -0.0490967993 -0.0025116937
28168 312399.81 113.8497683092 34.0874980041 3777098.570781 763049.7952498 56.4714272013 0.2217209641 0.6314946878 269.5946753488 -11.7443259699 -0.0527213302 -0.0140181283
28169 312399.9 113.8497568227 34.0874979639 3777098.536735 763048.7347764 56.4693629555 0.2561244544 0.5863947964 269.5498820026 -11.8164489579 -0.0650953781 -0.0051458919
28170 312399.99 113.8497452726 34.0874979096 3777098.500958 763047.6684825 56.4712197594 0.0989837002 0.6110908496 269.508760784 -11.8921697832 -0.0818640591 0.0315320889
28171 312400.08 113.8497336621 34.0874978484 3777098.464253 763046.5966253 56.4724677317 -0.0811333334 0.6125388123 269.4859723783 -11.9377614702 -0.0830971904 0.0100749209
28172 312400.17 113.8497219848 34.0874977757 3777098.426112 763045.5186310002 56.4681702564 -0.085196148 0.5319409507 269.4686161299 -12.0152394213 -0.1027184871 -0.0823884322
28173 312400.26 113.8497102418 34.0874976963 3777098.3870480014 763044.4345965 56.4572772412 0.2298563525 0.5125843956 269.4555594573 -12.0729800175 -0.0946924218 -0.0513494753
28174 312400.35 113.8496984423 34.0874976182 3777098.347984 763043.3453399 56.4529745514 0.4079545908 0.4673364922 269.427376978 -12.124905465 -0.1050765761 0.0280825652
28175 312400.44 113.8496865908 34.0874975359 3777098.308315 763042.2512985 56.458982788 0.2260907795 0.4557711083 269.3957406383 -12.187061611 -0.1014331401 0.0907983049
28176 312400.53 113.8496746857 34.0874974473 3777098.26782 763041.1523264 56.4645665707 0.1692182388 0.4330741067 269.3692047326 -12.241622901 -0.1186878122 0.019693233
28177 312400.62 113.8496627245 34.0874973535 3777098.226603 763040.0481926998 56.4642384732 0.0698384243 0.4436104359 269.3466167099 -12.2856375403 -0.1190529934 -0.0386409402
28178 312400.71 113.8496507054 34.0874972565 3777098.1848739986 763038.9387195 56.4596425481 0.1202571171 0.529187046 269.3266014408 -12.3552063809 -0.1208534752 -0.0665901224
28179 312400.8 113.8496386338 34.0874971574 3777098.142783999 763037.8243976 56.4553172262 0.1976793742 0.4677696887 269.2970176799 -12.405520452 -0.1285770038 -0.0133506878
28180 312400.89 113.8496265125 34.0874970515 3777098.0998059986 763036.7055225002 56.4550442556 0.1971586616 0.4957215349 269.2682601641 -12.4614562864 -0.1329554129 0.0356137572
28181 312400.98 113.8496143405 34.0874969399 3777098.056062 763035.5819721 56.4554573148 0.2203530556 0.5047188471 269.2408361799 -12.5143809151 -0.1392245678 0.0115484081
28182 312401.06 113.8496034791 34.0874968384 3777098.016825 763034.5794056 56.4555337215 0.1863124281 0.485179225 269.2162575292 -12.5506830858 -0.1550750337 -0.0062362958
28183 312401.14 113.849592579 34.0874967272 3777097.976406 763033.5733018002 56.455825232 0.1407869741 0.4583689408 269.2101511328 -12.6060535127 -0.1583246077 0.0131122688
28184 312401.22 113.8495816425 34.0874966152 3777097.935799 763032.5638380002 56.4566295743 0.1648440287 0.4440035624 269.1837139308 -12.6482812695 -0.1576792206 -0.0075804413
28185 312401.3 113.8495706639 34.087496501 3777097.894854 763031.5504925002 56.454611009 0.2432441871 0.4908398876 269.1698869178 -12.6934885719 -0.1599900597 -0.0386086083
28186 312401.38 113.8495596466 34.0874963882 3777097.853955 763030.5335649998 56.4539740272 0.2734294019 0.4736865032 269.1438869486 -12.7409215715 -0.1628859812 0.0177522347
28187 312401.46 113.8495485945 34.0874962686 3777097.81221 763029.5134460998 56.4558559666 0.2220143042 0.5318899863 269.1266718469 -12.7789351373 -0.1706588333 0.0521841143
28188 312401.54 113.8495375027 34.0874961507 3777097.770555 763028.4896593002 56.4590089722 0.0558850868 0.5554953647 269.1010720234 -12.8215213888 -0.1686235238 0.0284825972
28189 312401.62 113.8495263736 34.0874960245 3777097.727882 763027.4624553 56.4606298143 -0.0310680504 0.5711500023 269.1015328819 -12.8731152217 -0.1860025982 0.0103745911
28190 312401.7 113.8495152032 34.0874958954 3777097.684782 763026.4314465 56.4567675404 0.0749501992 0.5200195143 269.1101378398 -12.9120682247 -0.1825437604 -0.0630580695
28191 312401.78 113.849503993 34.087495765 3777097.641442 763025.3967620998 56.4522192571 0.1318653451 0.5144211787 269.1144651131 -12.9591477441 -0.1870507559 -0.0363619669
28192 312401.86 113.8494927473 34.0874956357 3777097.598118 763024.3588046 56.4486045306 0.2885970419 0.5071012226 269.1189793245 -12.9939406226 -0.178776004 -0.020396508
28193 312401.94 113.8494814666 34.0874955113 3777097.555258998 763023.3175969 56.449368489 0.2210534988 0.5444795369 269.1201733238 -13.0387048654 -0.1747355053 0.042856259
28194 312402.02 113.8494701554 34.0874953856 3777097.512178 763022.2735742 56.4526454331 0.2085219473 0.5417259438 269.1340755833 -13.0706129891 -0.1716986854 0.0438773107
28195 312402.1 113.8494588121 34.0874952635 3777097.469407 763021.226579 56.4545843788 0.1541714133 0.5811935974 269.1391133865 -13.1127225964 -0.1693812212 0.0037864069
28196 312402.18 113.8494474367 34.0874951412 3777097.426528 763020.1766145 56.4548665015 0.1803087779 0.6161398402 269.1617780904 -13.1534801308 -0.1654697515 0.0113197455
28197 312402.26 113.84943603 34.0874950222 3777097.383948 763019.1237545002 56.454970968 0.1063291518 0.5909738808 269.1814891476 -13.182027327 -0.1685175132 0.0019297318
28198 312402.34 113.8494245898 34.0874949001 3777097.340928 763018.0678116 56.4554597316 0.0161796856 0.605798135 269.2191344852 -13.2299695099 -0.1647216103 -0.0031468712
28199 312402.42 113.8494131169 34.0874947859 3777097.298701 763017.0088223 56.4534069262 0.0692120361 0.5584383663 269.2480074081 -13.2628561809 -0.1540463557 -0.0317721353
28200 312402.5 113.8494016116 34.0874946707 3777097.256289 763015.94685 56.4497679872 0.1215877227 0.5218124082 269.2866412254 -13.2945733389 -0.1572204711 -0.0428005528
28201 312402.58 113.8493900762 34.0874945647 3777097.214808 763014.8820691 56.4486386785 0.1231874172 0.5074815996 269.3091157023 -13.3358586327 -0.1469261398 0.0272443446
28202 312402.66 113.8493785138 34.0874944646 3777097.173919 763013.8147684 56.4487671778 0.05687328 0.4960833164 269.3339671873 -13.3588608212 -0.1340232055 0.0067678193
28203 312402.74 113.8493669236 34.0874943677 3777097.133313 763012.7449041 56.4488624716 0.0162848018 0.4407625544 269.3601521533 -13.3863104982 -0.1387833456 -0.0022720566
28204 312402.82 113.8493553178 34.0874942712 3777097.09271 763011.6735853001 56.4473343352 0.083812792 0.4808672731 269.3955535364 -13.4057849382 -0.1303740918 -0.012750831
28205 312402.9 113.8493437001 34.087494186 3777097.053338 763010.6011415 56.4447253672 0.1993964102 0.4399566226 269.4230767452 -13.4107097738 -0.1151632672 -0.016160068
28206 312402.98 113.8493320816 34.0874941024 3777097.014128 763009.5286162 56.4454765618 0.1707711908 0.4376578684 269.4561434928 -13.4065467762 -0.1170545546 0.0609523466
28207 312403.06 113.8493204701 34.0874940263 3777096.975776002 763008.4567096998 56.4500775654 -0.0040623844 0.4394292582 269.4794619324 -13.3950185386 -0.1004711271 0.0686272679
28208 312403.14 113.8493088689 34.0874939526 3777096.93772 763007.3857529 56.4528226824 -0.1635215804 0.4028847793 269.5128710864 -13.3864183921 -0.105240685 0.0307684248
28209 312403.22 113.8492972817 34.0874938812 3777096.899951 763006.3160741 56.4511345429 -0.2143281568 0.3504261555 269.5484480166 -13.3616242481 -0.0960558083 -0.0230491549
28210 312403.3 113.8492857058 34.0874938142 3777096.862694 763005.2474378 56.4466336286 -0.1503032727 0.3396040455 269.5791794069 -13.3589483941 -0.0902790106 -0.0522960584
28211 312403.38 113.8492741431 34.0874937551 3777096.826356 763004.1799826998 56.4408948747 0.0302450357 0.3278805361 269.6070464192 -13.3379027437 -0.072862004 -0.0335381273
28212 312403.46 113.849262596 34.0874937029 3777096.790822 763003.1139528 56.4373110244 0.1069289177 0.3208339841 269.6238622753 -13.3088449757 -0.0702256757 0.001721866
28213 312403.54 113.8492510701 34.0874936541 3777096.755728 763002.0498671 56.4394938247 -0.0130722248 0.3625057682 269.6443910463 -13.2934863476 -0.0612529527 0.0738956366
28214 312403.62 113.8492395584 34.0874936101 3777096.721192 763000.9870859 56.4417725922 -0.0779082926 0.3543973088 269.6641206815 -13.2776175599 -0.0619561996 0.0131321795
28215 312403.7 113.8492280548 34.0874935672 3777096.6868050015 762999.9250448 56.441924884 -0.216166537 0.3640979303 269.6916743765 -13.2693925656 -0.0539297839 -0.0005268818
28216 312403.78 113.8492165643 34.087493529 3777096.652969 762998.8641918 56.4389053006 -0.2669480331 0.3119793706 269.7091871744 -13.2485539839 -0.0559449731 -0.0402053847
28217 312403.86 113.8492050849 34.0874934925 3777096.619351 762997.8043708 56.4338921728 -0.2971788902 0.3049555423 269.7342076371 -13.2420294994 -0.0434819505 -0.0783233272
28218 312403.94 113.8491936184 34.0874934618 3777096.586418 762996.7457109 56.4270413453 -0.328146242 0.3236948658 269.7528111551 -13.2231039195 -0.0435075902 -0.0853260451
28219 312403.95 113.849192186 34.087493458 3777096.582298 762996.6134685002 56.4258060027 -0.3082917878 0.334783044 269.7574995816 -13.220668893 -0.0433348082 -0.107628146
28220 312404.03 113.8491807316 34.087493433 3777096.550028 762995.5559054 56.4166851882 -0.0379642815 0.3358816698 269.7760144412 -13.2091485671 -0.0251362942 -0.0895356846
28221 312404.11 113.8491692811 34.0874934101 3777096.517997 762994.4987114002 56.4114138763 0.0167991558 0.3711528124 269.7910969382 -13.2090247659 -0.0283546829 -0.0524082921
28222 312404.19 113.8491578383 34.0874933886 3777096.486142 762993.4422113001 56.4119279031 0.0941263914 0.4063381364 269.8079869985 -13.1954799568 -0.0256065337 0.0543660697
28223 312404.27 113.849146393 34.0874933742 3777096.455065 762992.3854677 56.414797782 -0.0175651302 0.4655203596 269.8210439526 -13.1932961457 -0.0175132508 0.015171336
28224 312404.35 113.8491349446 34.0874933574 3777096.423707 762991.3284390002 56.4134256188 0.2069277806 0.4774625558 269.848222486 -13.2052842041 -0.0173054251 -0.0091630666
28225 312404.43 113.8491234972 34.0874933464 3777096.393007 762990.2714819 56.4123943234 0.3084901723 0.5001068398 269.8458847744 -13.207835557 -0.0112027872 0.0091800204
28226 312404.51 113.8491120528 34.087493337 3777096.362489 762989.2148089 56.4164897101 0.0817356358 0.5303851059 269.8443016051 -13.1983265646 -0.0054632854 0.1174187409
28227 312404.59 113.8491006059 34.087493325 3777096.331681 762988.157906 56.4203861542 -0.1840054952 0.4797086575 269.8408888265 -13.2107401054 -0.0173788644 0.014890848
28228 312404.67 113.8490891512 34.0874933069 3777096.300166 762987.1002962 56.4186743824 -0.2132720171 0.4513256718 269.8510733266 -13.2203618864 -0.0221981743 -0.0366887578
28229 312404.75 113.8490776866 34.0874932908 3777096.268858 762986.0417724 56.4105793005 -0.1937600212 0.3960230216 269.8629808584 -13.228189345 -0.0154110312 -0.1031862507
28230 312404.83 113.8490662139 34.0874932728 3777096.237312 762984.9825067 56.4022775265 0.074915939 0.3162457977 269.8720950447 -13.2376591247 -0.0210977083 -0.0752066932
28231 312404.91 113.8490547306 34.0874932605 3777096.206368 762983.922246 56.3983387602 0.1215085801 0.3478961672 269.8748611616 -13.2469853218 -0.0053451665 -0.0043022063
28232 312404.99 113.8490432399 34.0874932526 3777096.175905002 762982.8612808002 56.3998804577 0.1192608671 0.3426976888 269.8807394905 -13.2616171033 -0.0136242384 0.06285368
28233 312405.07 113.8490317387 34.0874932455 3777096.1454980015 762981.7993534 56.4022819512 0.0620664981 0.364853183 269.8925274838 -13.2741068068 -0.004962293 0.0056710751
28234 312405.15 113.8490202238 34.0874932403 3777096.115257 762980.7361485 56.4021942047 0.1680773214 0.3824970898 269.904393997 -13.2982667864 -0.0076861572 -0.0022505416
28235 312405.23 113.8490086941 34.087493237 3777096.0852 762979.6715803002 56.4009700446 0.239689202 0.3843163733 269.9180415888 -13.3065125573 0.0018187217 0.0003973672
28236 312405.31 113.84899715 34.0874932374 3777096.055517 762978.6056606999 56.4029019987 0.1624252527 0.3853145316 269.9198725385 -13.3266005565 -0.0005729347 0.0553354902
28237 312405.39 113.8489855921 34.0874932374 3777096.025753 762977.5384703 56.4069429897 -0.0591984737 0.3958803047 269.9270387998 -13.3417587151 0.0026836927 0.0513877683
28238 312405.47 113.8489740198 34.0874932371 3777095.9959160006 762976.4699567 56.4075790606 -0.2052291904 0.3777022042 269.9401807852 -13.3629084917 -0.0026703607 -0.0349227396
28239 312405.55 113.848962431 34.087493236 3777095.96595 762975.3999167 56.4032111233 -0.189288181 0.3509661341 269.9584672418 -13.376048234 0.005373696 -0.0564795151
28240 312405.63 113.8489508244 34.0874932376 3777095.936233 762974.3282233 56.3942314945 -0.1217036649 0.307882426 269.9707971818 -13.3990711031 -0.0005147587 -0.1129468285
28241 312405.71 113.8489392088 34.0874932395 3777095.906535 762973.2557037 56.3880783655 0.0273669643 0.2874419509 269.985438084 -13.4068700431 0.011009412 -0.0274251443
28242 312405.79 113.8489275823 34.0874932485 3777095.87759 762972.1821473001 56.38634557 0.0679804697 0.3503080326 269.9915202573 -13.4156808166 0.0150478752 -0.0130307983
28243 312405.87 113.8489159419 34.0874932623 3777095.849144 762971.1072985 56.3856898444 0.1088908906 0.4165887839 270.0029988196 -13.4359643016 0.0257811843 0.0305030829
28244 312405.95 113.8489042961 34.0874932822 3777095.821361 762970.0319293 56.3872283371 0.1380946902 0.5034035188 270.0077577169 -13.4368570164 0.0315194172 0.0286343348
28245 312406.03 113.8488926362 34.0874933047 3777095.793832 762968.9552596 56.3890085481 0.0824211656 0.5811440638 270.0089024257 -13.4612434672 0.0318339898 0.0155973799
28246 312406.11 113.8488809627 34.0874933334 3777095.766951 762967.8773094 56.3882331224 0.1201549727 0.6263487123 270.0148437131 -13.4675981289 0.0366513808 -0.0019663958
28247 312406.19 113.8488692811 34.0874933586 3777095.739672 762966.7986159 56.3886933839 0.0530176264 0.64633719 270.0242106014 -13.4795210363 0.0269978557 0.0165949582
28248 312406.27 113.8488575878 34.087493381 3777095.712037 762965.7188604 56.3867714005 0.0716795129 0.6295358129 270.0399089329 -13.4922258707 0.0239474493 -0.0231885818
28249 312406.35 113.8488458849 34.0874933997 3777095.683975 762964.6382203 56.3841458876 0.2125294803 0.595119 270.0597522985 -13.5065958885 0.0204449018 -0.0157095813
28250 312406.43 113.8488341728 34.0874934236 3777095.656467 762963.5567228 56.3844577139 0.1892915066 0.5479135172 270.0672254081 -13.5142717192 0.0293070982 0.0426424927
28251 312406.51 113.8488224533 34.0874934475 3777095.628943 762962.4745326998 56.3872454725 0.1546957279 0.5443851074 270.0783951055 -13.5214337643 0.0251842476 0.0519552191
28252 312406.59 113.8488107235 34.0874934764 3777095.601945 762961.3913849 56.3895206479 0.211662695 0.5730085065 270.085380537 -13.5388542271 0.0407291934 0.0204504993
28253 312406.67 113.8487989864 34.087493508 3777095.57523 762960.3075515 56.3901599385 0.292156329 0.6011275036 270.0955555557 -13.5427963689 0.0396112341 0.021798321
28254 312406.75 113.8487872404 34.0874935446 3777095.549042 762959.2228789 56.3925513215 0.2871955682 0.6040862167 270.096950737 -13.5510352222 0.0482751558 0.0595622373
28255 312406.83 113.8487754927 34.0874935798 3777095.5226980015 762958.1380596 56.3980507795 0.0726866439 0.6310833791 270.0963250864 -13.5531430294 0.0405954267 0.090320717
28256 312406.91 113.8487637329 34.0874936134 3777095.496139 762957.052121 56.4002230624 -0.0405191996 0.6089516991 270.1059729821 -13.5719155632 0.0393536357 -0.0120305815
28257 312406.99 113.8487519606 34.0874936428 3777095.469085 762955.9650445 56.3961032983 0.1206763917 0.5415618322 270.1242139124 -13.5839663973 0.032315821 -0.0617058641
28258 312407.07 113.8487401781 34.087493674 3777095.442213 762954.8770239 56.3914031573 0.3086635909 0.5200274575 270.1279883861 -13.59234399 0.0455334168 -0.0250541313
28259 312407.15 113.8487283912 34.0874937085 3777095.415688 762953.7885827 56.393066911 0.420465405 0.5378246154 270.1202875809 -13.5998375327 0.0455827576 0.066123763
28260 312407.23 113.8487165961 34.087493745 3777095.389365 762952.6993774 56.3983015558 0.4608085489 0.5495474962 270.1005094134 -13.609135308 0.0506283976 0.097400162
28261 312407.31 113.8487047964 34.087493781 3777095.362965 762951.6097546 56.4061718071 0.3554787394 0.6026737676 270.0679795543 -13.6149315631 0.0440657255 0.1048689093
28262 312407.39 113.8486929887 34.0874938121 3777095.336012 762950.5193982 56.4132746728 0.2849935383 0.6240095453 270.0300884544 -13.6267210338 0.0348563537 0.0800654035
28263 312407.47 113.8486811709 34.0874938336 3777095.3079699986 762949.4281522 56.4163342677 0.3235026721 0.5971603535 269.9919124181 -13.6307071323 0.0163942346 0.0225819616
28264 312407.55 113.8486693431 34.0874938457 3777095.278859 762948.3359982 56.4185762489 0.224260135 0.5727588319 269.9544580818 -13.6483056708 0.0112153858 0.0578210198
28265 312407.63 113.8486575076 34.0874938478 3777095.24861 762947.2431739002 56.4211561512 0.167402993 0.5228295273 269.9210047336 -13.659090577 -0.0073768571 0.0562158057
28266 312407.71 113.848645661 34.087493842 3777095.21746 762946.1493431 56.4227360589 0.0671534414 0.4815735247 269.8933167834 -13.6709213188 -0.0132046591 0.0067913931
28267 312407.79 113.8486338024 34.0874938326 3777095.185888 762945.0544173 56.4233890176 0.0016882399 0.4408468666 269.8584193266 -13.6893140505 -0.0188543603 0.0103426397
28268 312407.87 113.8486219331 34.0874938194 3777095.153849 762943.9585225 56.4216140127 -0.0036429709 0.4406446283 269.8237897458 -13.7005487168 -0.023231068 -0.0390252163
28269 312407.9 113.8486174788 34.0874938141 3777095.141796 762943.5472511 56.4204563731 0.0292927935 0.4322487737 269.8104301165 -13.7049207316 -0.0222047434 -0.0288303779
28270 312407.98 113.8486055933 34.0874937933 3777095.108882 762942.4498824 56.4171427032 0.1236320017 0.4737574195 269.7782888731 -13.7154654726 -0.0353047208 -0.0278390214
28271 312408.06 113.8485936941 34.0874937708 3777095.075748 762941.3512434 56.4149390813 0.2174148257 0.4834143683 269.7421217493 -13.7332459764 -0.0358776711 0.0103269798
28272 312408.14 113.8485817852 34.087493742 3777095.041882 762940.2517422 56.4163127178 0.216213619 0.5604551721 269.7131168821 -13.735640038 -0.0451702362 0.0426270725
28273 312408.22 113.8485698648 34.087493711 3777095.007744 762939.1511736 56.4186957702 0.1705136912 0.5716914511 269.6822342763 -13.7500368872 -0.0510740309 0.0398494355
28274 312408.3 113.8485579386 34.0874936714 3777094.972647 762938.050102 56.420909591 0.1571630331 0.5748144218 269.6590710445 -13.756472368 -0.0647024121 0.0392438575
28275 312408.38 113.8485460047 34.0874936263 3777094.936913 762936.9483354 56.4215031322 0.2627399056 0.5382917468 269.6340102377 -13.7609831872 -0.0674719144 0.0184977976
28276 312408.46 113.8485340658 34.0874935724 3777094.900186 762935.8461289002 56.4200294772 0.4979315853 0.511912618 269.6212602367 -13.7582254781 -0.0813078746 0.0051405763
28277 312408.54 113.8485221251 34.0874935176 3777094.86336 762934.7437713002 56.4236254543 0.6858549624 0.4667677585 269.5962929985 -13.7677736486 -0.0769965992 0.1297844676
28278 312408.62 113.8485101948 34.0874934582 3777094.826052 762933.6423744 56.4336409308 0.6725366988 0.5141745617 269.5765978606 -13.7465971314 -0.0835396561 0.1774086035
28279 312408.7 113.8484982668 34.0874934051 3777094.789445 762932.5411795998 56.4485796718 0.4094911544 0.6207917114 269.5546361611 -13.7573739026 -0.0714779182 0.1342108374
28280 312408.78 113.8484863406 34.087493348 3777094.752402 762931.4401638 56.4575923067 0.2662599234 0.6271407874 269.543928997 -13.7478648214 -0.087882328 0.0976543272
28281 312408.86 113.8484744191 34.0874932929 3777094.715589 762930.3395651998 56.4628652977 0.2412194391 0.7423699076 269.5326218035 -13.7482164714 -0.0659945373 0.0301098573
28282 312408.94 113.8484624974 34.0874932376 3777094.678751 762929.2389646998 56.4615894128 0.4084650744 0.653462391 269.5298352338 -13.7429650968 -0.0973748715 -0.0557138957
28283 312409.02 113.8484505821 34.0874931644 3777094.639953 762928.1389964 56.460254414 0.8390032262 0.624412451 269.579858079 -13.7159188826 -0.1003257039 0.0754537384
28284 312409.1 113.84843868 34.0874931019 3777094.602366002 762927.0402216999 56.4744407954 0.6257494606 0.6207633195 269.6142575669 -13.7123806288 -0.0818502386 0.2646194041
28285 312409.18 113.8484267897 34.0874930423 3777094.565137998 762925.9425288 56.4921781439 0.4165383081 0.4652314406 269.6695307515 -13.7076735617 -0.08158557 0.2537407957
28286 312409.26 113.8484149011 34.0874929875 3777094.528443 762924.8449723001 56.5043931305 0.2622495378 0.4196137282 269.7285543634 -13.7004835033 -0.0698064139 0.0969688528
28287 312409.34 113.8484030184 34.0874929426 3777094.49287 762923.7479287 56.5099010635 0.4284363443 0.3602953986 269.8019653814 -13.6976336084 -0.0558998383 0.0492166104
28288 312409.42 113.8483911409 34.0874929137 3777094.459074 762922.6513213002 56.5125082238 0.6914649945 0.3466075134 269.8614681229 -13.6895009667 -0.0292516294 0.0349823466
28289 312409.5 113.8483792745 34.0874929009 3777094.427101 762921.555687 56.5189421158 0.725735396 0.3565672271 269.9048239442 -13.6643768574 -0.0100716902 0.1057442666
28290 312409.58 113.8483674167 34.0874929008 3777094.396561 762920.4608084002 56.5330701452 0.5048838666 0.4735265233 269.9364018354 -13.6724194986 0.0068355914 0.2266492358
28291 312409.66 113.8483555683 34.0874929107 3777094.367152 762919.3667651998 56.5489941025 0.2414229864 0.5440682504 269.9600669504 -13.6692726811 0.0164508741 0.1576143801
28292 312409.74 113.848343717 34.0874929216 3777094.337843 762918.2724515002 56.5569675071 0.1287314465 0.5841035812 269.9876337997 -13.6658413322 0.0126429591 0.0297202692
28293 312409.82 113.8483318615 34.0874929362 3777094.308944 762917.1777345 56.5589397168 0.1737874118 0.628427238 269.9824724917 -13.6740211443 0.0228420929 0.0074416675
28294 312409.9 113.8483200044 34.0874929535 3777094.280337 762916.0828723002 56.5600832896 0.2097392693 0.6484330091 269.9520126467 -13.6724833859 0.0160885333 0.0204490946
28295 312409.98 113.8483081457 34.0874929625 3777094.250793 762914.9878761 56.5619107224 0.1773688687 0.6890664959 269.9303604865 -13.6766244472 0.0049779465 0.0205883459
28296 312410.06 113.8482962826 34.0874929682 3777094.220891 762913.8924962 56.5630919868 0.3370985995 0.6957122942 269.9065146159 -13.6790454973 0.0003528804 0.0200331673
28297 312410.14 113.8482844182 34.0874929721 3777094.1907690014 762912.796989 56.5664902274 0.3076437925 0.7401633456 269.8793305709 -13.6842733635 0.0008903335 0.0741233595
28298 312410.22 113.8482725534 34.087492973 3777094.160319 762911.7014634 56.5730359564 0.2857729175 0.7067987708 269.8337210012 -13.6815269742 -0.0114016871 0.0895025986
28299 312410.3 113.8482606854 34.087492965 3777094.128878 762910.605667 56.578630968 0.1028482991 0.7551159087 269.7917886543 -13.6852523157 -0.0165558856 0.0546962916
28300 312410.38 113.8482488134 34.0874929508 3777094.09674 762909.509521 56.5813377146 0.2552735842 0.7428931087 269.7521523468 -13.6937486604 -0.0318265754 0.0275027595
28301 312410.46 113.848236937 34.0874929269 3777094.0635089986 762908.412997 56.5819549505 0.2786035401 0.7547792009 269.7171692293 -13.6961934172 -0.0394503973 0.0146141224
28302 312410.54 113.8482250606 34.0874928961 3777094.029508 762907.3164926 56.584239562 0.3674922133 0.7188157993 269.6812852553 -13.6915444334 -0.054975563 0.0515179639
28303 312410.62 113.8482131832 34.087492858 3777093.994703 762906.2199191998 56.5892984336 0.3712431084 0.7149315186 269.651154652 -13.6989246502 -0.0603296585 0.0737739528
28304 312410.7 113.8482013027 34.087492816 3777093.959457 762905.1230765 56.5947535653 0.3628769445 0.72287106 269.6195141528 -13.7007508612 -0.067649536 0.0813569283
28305 312410.78 113.8481894225 34.0874927691 3777093.923657 762904.0262691 56.600114312 0.4272347429 0.723506866 269.5885655446 -13.7008209596 -0.0724861068 0.0805578095
28306 312410.86 113.8481775391 34.0874927187 3777093.887468 762902.9291814 56.6056742296 0.4657683666 0.7464943014 269.5536086302 -13.7017173571 -0.0782393733 0.0805956181
28307 312410.94 113.848165657 34.0874926622 3777093.850613 762901.8322341999 56.6128728632 0.4732935312 0.7786657445 269.5249089559 -13.7030836552 -0.0850883849 0.1191676096
28308 312411.02 113.848153774 34.087492602 3777093.813334 762900.7352151 56.6204876304 0.4477489292 0.7749510808 269.4954775207 -13.701253824 -0.0948462006 0.1062352397
28309 312411.1 113.8481418932 34.0874925349 3777093.775304 762899.6384208 56.6286102505 0.357805393 0.7953886713 269.4762231683 -13.6996623137 -0.0996508997 0.1055843338
28310 312411.18 113.8481300092 34.0874924659 3777093.737045 762898.5413371 56.6358676544 0.2684258186 0.7900995565 269.4605625778 -13.7147260954 -0.1058335403 0.0855611524
28311 312411.26 113.8481181237 34.0874923908 3777093.698111 762897.4441271998 56.6401959676 0.3201166514 0.7359315187 269.4728661217 -13.7104706537 -0.1109628685 0.052587874
28312 312411.34 113.848106235 34.0874923142 3777093.6590019986 762896.3466363002 56.6436654488 0.3209181667 0.6633790502 269.49165173 -13.7149020318 -0.1137605663 0.0497952972
28313 312411.42 113.8480943461 34.0874922389 3777093.620045 762895.2491189 56.6478707129 0.4316736389 0.6212922764 269.5192645001 -13.7171550209 -0.105627464 0.0781574459
28314 312411.5 113.8480824543 34.0874921682 3777093.581578 762894.151313 56.6525728842 0.499101277 0.5217081641 269.5512317308 -13.71185585 -0.1040552018 0.0798843437
28315 312411.58 113.8480705639 34.0874920991 3777093.543295 762893.0536344 56.6602508658 0.5554895173 0.4485414425 269.5864712831 -13.714452942 -0.0980379234 0.1482375031
28316 312411.66 113.8480586755 34.0874920399 3777093.506125 762891.9561189 56.6718391106 0.3679748927 0.4689947536 269.6170880317 -13.7133282164 -0.0806753027 0.1531711627
28317 312411.74 113.8480467848 34.0874919886 3777093.469818 762890.8583579 56.6800005995 0.4265536298 0.4433717865 269.6507254974 -13.718705349 -0.0742759192 0.0736417239
28318 312411.82 113.8480348897 34.0874919447 3777093.434322 762889.7601658001 56.6854090272 0.4330033199 0.4372050606 269.6752411093 -13.7199727158 -0.063374687 0.0797932232
28319 312411.9 113.8480229959 34.0874919067 3777093.39948 762888.6620818 56.6914826836 0.3720737921 0.4554515516 269.6987564574 -13.7179514565 -0.0539350741 0.0989268656
28320 312411.98 113.8480111014 34.0874918732 3777093.365145 762887.5639162 56.6995127332 0.1820142221 0.4461172787 269.7229376364 -13.7221679529 -0.0521738765 0.0985163348
28321 312412.06 113.8479992023 34.0874918364 3777093.3304199986 762886.4653435 56.7037838772 0.1089854999 0.4163602533 269.7627980052 -13.7305031143 -0.0543627718 0.0267938137
28322 312412.14 113.8479872981 34.0874918039 3777093.296171 762885.3662798002 56.7041662652 0.1910250604 0.3685396153 269.7989715036 -13.7336885938 -0.0373980516 -0.012143129
28323 312412.22 113.8479753909 34.0874917769 3777093.262521 762884.2669227 56.7037168667 0.3712000265 0.336965835 269.8295091777 -13.735226318 -0.0352429672 0.0058407905
28324 312412.3 113.8479634837 34.0874917574 3777093.229709 762883.1675365 56.7076404905 0.4690354432 0.3893212441 269.8589402991 -13.7350002283 -0.0191110637 0.0837171717
28325 312412.38 113.8479515781 34.0874917478 3777093.197992 762882.0682777 56.7155871326 0.5613264968 0.4204807277 269.8817856446 -13.7326952705 -0.0099069904 0.1128962631
28326 312412.46 113.8479396729 34.0874917437 3777093.166885 762880.9690338002 56.7263595136 0.4658998535 0.4554000815 269.9067682008 -13.7367757843 -0.0024874199 0.1226897303
28327 312412.47 113.8479381855 34.087491743 3777093.162983 762880.8316915998 56.7276328355 0.5200728442 0.4279809983 269.907057898 -13.7293138066 -0.0060242571 0.1221386652
28328 312412.55 113.8479262818 34.0874917437 3777093.132415 762879.7325755 56.7390303351 0.3439558279 0.5397523352 269.9337701057 -13.736875988 0.0060211242 0.139761415
28329 312412.63 113.8479143758 34.0874917512 3777093.1025910014 762878.6332245999 56.7466824846 0.3604046031 0.4993103214 269.9526695354 -13.7332552315 0.0086062841 0.084957618
28330 312412.71 113.8479024666 34.0874917568 3777093.07255 762877.5335833002 56.7520641936 0.18690999 0.556302962 269.9833263322 -13.7393795538 0.0065271039 0.0469085423
28331 312412.79 113.8478905547 34.0874917689 3777093.043235 762876.4336664 56.7554522762 0.339776938 0.5442749369 270.0038145992 -13.7437144094 0.0233308313 0.0469782075
28332 312412.87 113.8478786403 34.0874917826 3777093.01408 762875.3335195 56.7573368615 0.4644055853 0.5521864007 270.0321972579 -13.7422344327 0.0177078418 0.0055883994
28333 312412.95 113.8478667246 34.0874918001 3777092.985353 762874.2332396 56.7635298986 0.5643710156 0.5402778776 270.0558606194 -13.7484324586 0.0300981638 0.1446105326
28334 312413.03 113.8478548184 34.0874918216 3777092.957078 762873.1338212 56.7745943731 0.4468106816 0.5753390934 270.0792415265 -13.7240299787 0.0327334407 0.1468859847
28335 312413.11 113.8478429174 34.0874918473 3777092.929295 762872.0348771 56.7865708238 0.335702063 0.5523147475 270.1079214677 -13.722250774 0.0383094054 0.1408905486
28336 312413.19 113.8478310253 34.0874918735 3777092.901596 762870.9367496 56.7942518164 0.2063851235 0.5597597842 270.1417282273 -13.7224740723 0.0367725192 0.0570544306
28337 312413.27 113.8478191504 34.0874919071 3777092.874755 762869.840187 56.7985456521 0.3444395002 0.5384021114 270.172035092 -13.6848545394 0.0516769119 0.0541912867
28338 312413.35 113.8478072928 34.0874919475 3777092.848709 762868.745198 56.8040873529 0.2300886065 0.5179766029 270.1901476252 -13.6699728511 0.0573347797 0.077631467
28339 312413.43 113.8477954588 34.0874919904 3777092.823014 762867.6523859 56.8109810362 0.1344410875 0.5607290736 270.2134878612 -13.6498388924 0.0643193205 0.1150854679
28340 312413.51 113.8477836406 34.0874920404 3777092.798137 762866.5610086998 56.8138143737 0.3047121386 0.5485289796 270.2376581699 -13.6193237305 0.0702679177 0.0134553652
28341 312413.59 113.8477718331 34.087492093 3777092.773582 762865.4706100002 56.8166234521 0.3848345617 0.5010566736 270.2563370605 -13.6134637303 0.0739829053 0.0718653301
28342 312413.67 113.8477600535 34.0874921463 3777092.749164 762864.3827793 56.8230600394 0.4002961951 0.5125270105 270.2724509312 -13.5656400179 0.0759143486 0.1281128255
28343 312413.75 113.8477482984 34.0874922047 3777092.725386 762863.2972024 56.8324503042 0.338390044 0.5016823935 270.2878883052 -13.5482173269 0.0825864034 0.0968399369
28344 312413.83 113.8477365596 34.0874922614 3777092.701461 762862.2131364 56.8389375368 0.3157063401 0.4587697233 270.3092495362 -13.5317826382 0.0797994831 0.0786677731
28345 312413.91 113.8477248452 34.0874923178 3777092.677567 762861.1313276 56.8431415036 0.4781411845 0.3715227792 270.326799421 -13.5006131027 0.0817442138 0.0517953507
28346 312413.99 113.8477131568 34.0874923789 3777092.654257 762860.0518968 56.851889207 0.3662317048 0.3817690698 270.3349188616 -13.4698530431 0.0894997098 0.114960192
28347 312414.07 113.8477014873 34.0874924422 3777092.63125 762858.9742096 56.8611544967 0.2484384679 0.3190010908 270.3395224867 -13.4533495496 0.0856275262 0.1086416101
28348 312414.15 113.8476898387 34.0874925051 3777092.608241 762857.8984547 56.8694501985 0.1236788038 0.374428277 270.3512802331 -13.4256113407 0.0936655286 0.0888757219
28349 312414.23 113.8476782084 34.08749258 3777092.58661 762856.8243445 56.8748950698 -0.0002184861 0.411521287 270.3452787414 -13.4065735411 0.1083409911 0.0536309471
28350 312414.31 113.8476665985 34.0874926536 3777092.564901 762855.7521289 56.876552863 -0.0087336421 0.4238162112 270.34045114 -13.3766772801 0.099957453 -0.0080899644
28351 312414.39 113.84765501 34.0874927261 3777092.543109 762854.6818873 56.8757427353 0.0712121345 0.4508831963 270.3297260813 -13.3574167678 0.1000623619 -0.0093036376
28352 312414.47 113.8476434486 34.087492792 3777092.52066 762853.6141733001 56.8737146174 0.3564654743 0.36660144 270.3190896326 -13.3150080062 0.0808862719 0.018759578
28353 312414.55 113.8476319201 34.0874928488 3777092.497292 762852.5495224 56.8794107204 0.3472258761 0.3131512152 270.3144498433 -13.2768443205 0.0726966729 0.1109373382
28354 312414.63 113.847620429 34.0874929001 3777092.473411 762851.488345 56.8873876501 0.4498972983 0.2455600764 270.3028425507 -13.2307881129 0.0703540507 0.1378202641
28355 312414.71 113.8476089746 34.0874929511 3777092.449578 762850.4305507 56.8971728627 0.3439315549 0.2530348612 270.2850497351 -13.1825802455 0.0745295603 0.1313395694
28356 312414.79 113.8475975632 34.0874930064 3777092.426344 762849.3767229 56.9059886541 0.2375933935 0.3179333346 270.2510320103 -13.1303625518 0.077255501 0.1260029473
28357 312414.87 113.8475861979 34.0874930634 3777092.403417 762848.3271419002 56.9135288699 0.0758600123 0.3547994861 270.2073989825 -13.084025971 0.0809083693 0.0811047182
28358 312414.95 113.8475748821 34.087493113 3777092.379794 762847.2821566998 56.9182803612 -0.1127787459 0.38434337 270.1658099834 -13.0218405113 0.060917824 0.0621512442
28359 312415.03 113.8475636141 34.0874931528 3777092.355202 762846.2416114998 56.9201759472 -0.1650556297 0.3942675398 270.1394975521 -12.9739508046 0.0467478467 -0.0288270347
28360 312415.11 113.8475523913 34.0874931839 3777092.32977 762845.205261 56.9178354032 -0.0698816815 0.2903107405 270.1244949036 -12.910357504 0.0326507938 -0.0170882698
28361 312415.19 113.8475412291 34.0874932035 3777092.303213 762844.1745543 56.9149109079 0.2011848418 0.2908718008 270.1140866037 -12.825721962 0.0297691708 -0.017159755
28362 312415.27 113.8475301392 34.0874932317 3777092.2777910014 762843.150491 56.9187944494 0.1906184424 0.2947369972 270.0697211677 -12.7371139488 0.0403859073 0.1155188379
28363 312415.35 113.847519134 34.0874932554 3777092.252092 762842.1342596 56.9257363873 0.1241629852 0.3687776688 270.0271513185 -12.6330829366 0.0286060159 0.0868910889
28364 312415.43 113.8475082175 34.087493279 3777092.22662 762841.1262223001 56.9327168902 0.0862606926 0.4358704442 269.973180364 -12.5369703438 0.0257190322 0.080648049
28365 312415.52 113.8474960529 34.0874932947 3777092.197051 762840.0029616 56.9376362301 0.2364466293 0.5583116688 269.9337478065 -12.4056405089 0.018068626 0.0550210673
28366 312415.61 113.8474840121 34.0874933071 3777092.167428 762838.8911471 56.9428343968 0.2772352438 0.6193563703 269.8886001733 -12.2748687772 0.005210587 0.0686096445
28367 312415.7 113.8474721003 34.0874933069 3777092.1367480014 762837.791283 56.9519306757 0.1070677687 0.7051273356 269.8512990583 -12.1388067901 -0.0081043973 0.096907923
28368 312415.79 113.8474603099 34.0874933007 3777092.105708 762836.7026508 56.9595050272 0.0452862129 0.7335633048 269.8087294173 -12.0158170975 -0.0180802498 0.0595046483
28369 312415.82 113.8474564074 34.0874932971 3777092.095263 762836.3423293 56.9614775218 0.0725448572 0.7286847782 269.7963577288 -11.9820122274 -0.0163990268 0.068255694
28370 312415.91 113.8474447824 34.0874932789 3777092.0633230014 762835.2689953 56.9651844893 0.2436128526 0.7263761616 269.7590920161 -11.8553859545 -0.0299073215 0.0412786536
28371 312416.0 113.8474332843 34.087493252 3777092.030747 762834.2074135002 56.9691006774 0.3815278663 0.6870574601 269.7281608798 -11.7152543892 -0.0380028193 0.0624061988
28372 312416.09 113.8474219208 34.0874932186 3777091.997793 762833.1582779002 56.9778406704 0.3460125894 0.6791479531 269.6960734191 -11.5801081884 -0.0462561633 0.110636279
28373 312416.18 113.8474106886 34.0874931814 3777091.964753 762832.1212782 56.9893207829 0.2062947212 0.5958503207 269.6623518386 -11.4476470891 -0.053338557 0.1365492452
28374 312416.27 113.8473995841 34.0874931346 3777091.9309769985 762831.0960956998 56.9994156975 0.0671804028 0.5676385567 269.6323520829 -11.3172443444 -0.0610301046 0.105405882
28375 312416.36 113.8473886034 34.0874930883 3777091.897569998 762830.0823473 57.0061415285 0.0581936384 0.5455866051 269.5945854943 -11.1995864312 -0.059470042 0.0734564028
28376 312416.45 113.8473777466 34.0874930388 3777091.864136 762829.0800453 57.010385328 0.058828027 0.5110705362 269.558495422 -11.076385792 -0.0708585763 0.0428270541
28377 312416.55 113.8473658112 34.0874929744 3777091.826273 762827.9782026998 57.013948909 0.1128107178 0.5244315107 269.524699883 -10.955585026 -0.0778289065 0.0294449038
28378 312416.65 113.8473540065 34.08749291 3777091.788732 762826.8884221999 57.0180713804 0.1955188664 0.5219948509 269.474716756 -10.8381030985 -0.0826542813 0.0565232353
28379 312416.75 113.8473423345 34.0874928345 3777091.75032 762825.8109316 57.0235018237 0.2915696322 0.5153497435 269.4448328867 -10.7167572421 -0.0897616136 0.0786900689
28380 312416.85 113.8473307991 34.0874927551 3777091.71182 762824.7460743 57.0311902342 0.2857715079 0.5234291448 269.4118147514 -10.5822422798 -0.0939444747 0.0918930254
28381 312416.95 113.8473193991 34.0874926728 3777091.673343 762823.6937135998 57.0397103587 0.2704513376 0.5169815139 269.3969604408 -10.4566200549 -0.0955653143 0.0917160148
28382 312417.05 113.8473081383 34.0874925832 3777091.634411 762822.6542359 57.0471970644 0.3008091488 0.4668694338 269.4027377187 -10.3275689792 -0.1061717397 0.0933586116
28383 312417.15 113.8472970215 34.0874925005 3777091.596627 762821.6280303 57.0527422093 0.2868290333 0.4801501485 269.4133459967 -10.1980346572 -0.0888453846 0.0907990122
28384 312417.25 113.8472860463 34.0874924211 3777091.5595660014 762820.6148947 57.0579540487 0.2292415503 0.4881716849 269.4315449323 -10.0618183863 -0.0945041033 0.0834935792
28385 312417.35 113.8472752125 34.0874923486 3777091.523631 762819.6147848001 57.0630272729 0.1011131199 0.5681924605 269.4484429678 -9.9325163178 -0.079098147 0.0665062013
28386 312417.46 113.847263461 34.087492275 3777091.485217 762818.5299548 57.0670206845 -0.0255332884 0.5696185431 269.4648352189 -9.7857742711 -0.0770500018 0.0526163319
28387 312417.57 113.8472518884 34.0874922038 3777091.447528 762817.4616283001 57.0686231451 0.0191633488 0.6689052377 269.4890600797 -9.6361391643 -0.0666013573 0.0172337872
28388 312417.68 113.8472404888 34.0874921386 3777091.410954 762816.4092585 57.0665850183 0.2472849328 0.6494810698 269.5185928333 -9.4929686173 -0.0722774171 0.0081659256
28389 312417.79 113.8472292721 34.0874920743 3777091.374956 762815.3737678 57.0678225392 0.1933948895 0.6471808493 269.5548390158 -9.3365508933 -0.0644674438 0.075489684
28390 312417.9 113.8472182396 34.0874920206 3777091.340598 762814.3552562 57.075475378 0.0323227166 0.6496509473 269.5881920283 -9.182186764 -0.0542977461 0.0749076873
28391 312418.01 113.8472073838 34.0874919695 3777091.306986 762813.3530609 57.0780854765 0.098133783 0.5711776069 269.6369911822 -9.038012577 -0.0648297116 0.0286602424
28392 312418.13 113.8471957401 34.0874919177 3777091.271273 762812.2781100002 57.0776496911 0.249102812 0.5413969314 269.6852658409 -8.8669125399 -0.0413454482 0.0122665909
28393 312418.25 113.8471843195 34.0874918832 3777091.238051 762811.2237006 57.0828883937 0.3786299388 0.608944385 269.7232851452 -8.6937698538 -0.0289907671 0.0883404003
28394 312418.37 113.8471731229 34.0874918567 3777091.206293 762810.1899587 57.0917921914 0.2640054025 0.6507710918 269.7754919777 -8.5238356375 -0.0195345531 0.0747180123
28395 312418.49 113.8471621578 34.087491835 3777091.175657 762809.177574 57.1012182254 0.0955181272 0.6529387151 269.806231548 -8.3327219987 -0.0265181732 0.0870790024
28396 312418.62 113.8471505584 34.0874918206 3777091.14421 762808.1065991 57.1092081331 0.0917202286 0.6553948353 269.8513434186 -8.1177732505 -0.0079590318 0.0676090796
28397 312418.75 113.8471392716 34.0874918108 3777091.114081 762807.0644713 57.112297995 0.136671159 0.6585582978 269.8741865457 -7.8956385622 -0.0139249088 0.0201373642
28398 312418.88 113.8471283168 34.0874918078 3777091.085551 762806.0529800998 57.1171317799 0.1571171687 0.6669004246 269.8766860593 -7.6541377762 -0.0075511969 0.0565273954
28399 312419.02 113.8471168985 34.0874918005 3777091.055351 762804.9986993 57.1255748998 0.167019461 0.6892361192 269.860193715 -7.3954008557 -0.0071343837 0.0677003695
28400 312419.16 113.8471058842 34.0874917924 3777091.026103 762803.9817298 57.1309949784 0.1967781365 0.710586884 269.8365366673 -7.1326358521 -0.0108796164 0.0494406741
28401 312419.31 113.8470945232 34.0874917782 3777090.99529 762802.9327707 57.1376629276 0.2260020962 0.7275738204 269.783123372 -6.8525581433 -0.0114165626 0.0611872335
28402 312419.46 113.8470836216 34.0874917501 3777090.964111 762801.9262613001 57.1438815594 0.2445523562 0.6614744921 269.7362860986 -6.5678625697 -0.034631364 0.0495737937
28403 312419.62 113.8470724993 34.0874917148 3777090.931575 762800.8994016999 57.1520514255 0.2165528014 0.6355680493 269.6762377369 -6.2684131032 -0.0240815615 0.0533955116
28404 312419.79 113.8470612606 34.087491679 3777090.898675 762799.8617996 57.1598893851 0.1822288144 0.6479501041 269.6198847264 -5.9468793588 -0.039431781 0.0507443012
28405 312419.97 113.847050008 34.0874916151 3777090.862628 762798.8229989002 57.1666192235 0.0973818973 0.561162237 269.5722683514 -5.6024126603 -0.0365551683 0.0435154146
28406 312420.16 113.847038869 34.0874915621 3777090.828078 762797.7946505 57.1744308276 0.0759964086 0.5986616125 269.5060413733 -5.2259942384 -0.0311460404 0.0518719454
28407 312420.36 113.8470279427 34.0874914943 3777090.792429 762796.7859891999 57.1771772802 0.168897487 0.5374315565 269.4617976567 -4.8717375568 -0.0537336403 0.007795722
28408 312420.58 113.8470167975 34.0874914122 3777090.754637 762795.7571642 57.1821300108 0.1610121208 0.4711520456 269.3938118277 -4.4851060261 -0.041013589 0.0451256722
28409 312420.82 113.8470056849 34.0874913342 3777090.717382 762794.7313306999 57.1882187426 0.1888939967 0.5027688148 269.3390045368 -4.0626198018 -0.046061109 0.0227229444
28410 312421.09 113.84699456 34.0874912338 3777090.677607 762793.7044403001 57.1941429228 0.1842900139 0.4794397639 269.2796013493 -3.5427010743 -0.0406955293 0.0316026502
28411 312421.4 113.8469836895 34.0874911251 3777090.63757 762792.7010514 57.2006894415 0.2358499866 0.500955354 269.2310424808 -2.9398014668 -0.0372830001 0.0116173917
28412 312421.77 113.8469733185 34.0874910101 3777090.598124 762791.7438139 57.2080627475 0.2312930961 0.5483086745 269.1724387742 -2.2432489625 -0.0302698071 0.0175081505
