28413 312433.61 113.8468707162 34.0873619958 3777076.016441 762782.6691633002 57.2256434504 -0.4357097919 0.4585238862 89.633508978 2.4289425543 -0.0066223202 -0.0166431109
28414 312434.03 113.846881599 34.0873619583 3777076.04029 762783.6741395 57.216366956 -0.4256106731 0.4189377117 89.4678140489 2.3484767147 0.0132229554 -8.72916e-05
28415 312434.47 113.8468926687 34.0873619539 3777076.068292 762784.6962627 57.2076132167 -0.3338621082 0.4829044349 89.3605265366 2.2923897003 0.0044697987 -0.0129452424
28416 312434.91 113.8469036769 34.0873619695 3777076.098349 762785.7126471999 57.1964730145 -0.1079667117 0.4798477733 89.4242770837 2.3905086599 0.0037579795 -0.0350239902
28417 312435.3 113.8469147474 34.0873619946 3777076.129629 762786.7347587 57.1864852496 0.0288271314 0.4920167958 89.525175908 2.8725334305 0.0095133991 -0.0115961419
28418 312435.62 113.8469255871 34.0873620153 3777076.159817 762787.7355694 57.1785597596 0.0236629107 0.5011077511 89.6152043458 3.379901365 0.0150266547 -0.019891898
28419 312435.9 113.8469365919 34.0873620365 3777076.190485 762788.7516226 57.1713187611 0.0550767057 0.4546202873 89.677398151 3.8642308238 0.0048584771 -0.0355228211
28420 312436.15 113.8469476889 34.0873620501 3777076.220556 762789.7762157 57.1642949646 0.0191554395 0.5331581619 89.7005578479 4.31044102 0.0152219128 -0.0327069424
28421 312436.38 113.8469589446 34.0873620662 3777076.251304 762790.8154539 57.1560082594 0.0198622203 0.5858414544 89.6746493075 4.7019812949 0.0059272766 -0.0178219973
28422 312436.59 113.8469700683 34.0873620981 3777076.2834769986 762791.8424513 57.1480326625 0.0394366858 0.5827062968 89.6358927364 5.0561594771 0.0253227185 -0.0628700092
28423 312436.79 113.8469814022 34.0873621425 3777076.317574 762792.8888166 57.1391431028 0.1609485708 0.554310338 89.6012445623 5.3894673946 0.0248458165 -0.0355212789
28424 312436.98 113.84699284 34.087362185 3777076.35172 762793.9447873 57.1302174721 0.3368795927 0.5742158563 89.5886692766 5.7066436242 0.0249376282 -0.0508663709
28425 312437.16 113.8470042785 34.0873622383 3777076.3870769986 762795.0007899 57.1248488966 0.4022667823 0.5201910098 89.6017816747 6.0032226951 0.0347447142 0.0049099606
28426 312437.33 113.8470156107 34.0873622879 3777076.421746 762796.0469870998 57.1222493574 0.4426247904 0.4655036195 89.6047766835 6.2843176064 0.0322606773 -0.0208039818
28427 312437.49 113.8470267497 34.0873623352 3777076.455659 762797.0753511 57.1209698301 0.2990271962 0.4530370415 89.6165464452 6.5502956725 0.0292660657 0.0032793619
28428 312437.64 113.8470376138 34.0873623698 3777076.487461 762798.0783734 57.1202074876 0.145527183 0.4755824628 89.6140281262 6.7986301553 0.0338311982 -0.0054938418
28429 312437.79 113.8470488855 34.087362414 3777076.521376 762799.1190010002 57.1159579223 0.054739327 0.4568741754 89.6355372084 7.0498368827 0.0450574815 -0.0520350642
28430 312437.93 113.8470597687 34.0873624523 3777076.553636 762800.1237774 57.1065128185 0.0674880559 0.5323296137 89.6291696422 7.2779998311 0.0139013592 -0.0593189734
28431 312438.07 113.8470709951 34.0873624837 3777076.5860089986 762801.160258 57.0991253424 0.108742096 0.5767686248 89.6283457932 7.5001475552 0.0297512205 -0.0347799232
28432 312438.21 113.8470825513 34.0873625189 3777076.619661 762802.2271792 57.0931295976 0.1145118538 0.5841505471 89.6143244332 7.7026248034 0.0375564681 -0.0612274033
28433 312438.34 113.8470935546 34.0873625521 3777076.651664 762803.2430604 57.0846654912 0.2495261803 0.5807237939 89.5710315945 7.8823806609 0.0426239956 -0.0515366934
28434 312438.47 113.8471048126 34.0873626001 3777076.685957 762804.2824123 57.0812212378 0.1644903007 0.6091941095 89.5395419931 8.0687565348 0.0479341005 -0.0134004134
28435 312438.6 113.8471163341 34.0873626458 3777076.720680998 762805.3461007 57.0784220817 0.0534240709 0.6299891263 89.5154220684 8.2560341219 0.0509623908 -0.0101810708
28436 312438.72 113.8471272057 34.0873627 3777076.7546769986 762806.3497503 57.0760678472 -0.0584432986 0.6230683787 89.5238383556 8.4313751475 0.0616406078 -0.0517369546
28437 312438.84 113.8471382998 34.0873627494 3777076.788709 762807.3739611 57.0667714654 0.089554663 0.6274829295 89.530221657 8.5984890739 0.0514863419 -0.0954292919
28438 312438.96 113.847149606 34.0873627975 3777076.823154 762808.4177685 57.0566837499 0.1907130347 0.7076605078 89.5470926168 8.7620773689 0.0430865906 -0.0596046691
28439 312439.08 113.8471611313 34.0873628312 3777076.856547 762809.4818441998 57.0524334237 0.1342925221 0.759707225 89.5556814299 8.9358126869 0.0390885078 -0.0192648728
28440 312439.2 113.8471728757 34.0873628657 3777076.890613 762810.5661463 57.0501894951 0.0133894276 0.7862726353 89.5734975826 9.1039744456 0.0453360385 -0.0307233884
28441 312439.31 113.8471838339 34.0873628918 3777076.921704 762811.5778785 57.0430439142 -0.050274163 0.7982824591 89.5811779277 9.2574858827 0.0379762211 -0.0675915996
28442 312439.42 113.8471949792 34.0873629211 3777076.953647 762812.6068856 57.0340428492 -0.0264226364 0.8343720447 89.6005335333 9.4168647012 0.0408568635 -0.0751588647
28443 312439.53 113.8472063016 34.0873629439 3777076.985313 762813.6522604 57.0256609852 -0.0438596707 0.7947181512 89.6049480019 9.5560037084 0.0359496031 -0.0796019134
28444 312439.64 113.8472177957 34.0873629743 3777077.01827 762814.7134620999 57.0158114294 0.0341206665 0.729411872 89.619220944 9.7029621066 0.0477374569 -0.071509963
28445 312439.75 113.8472294635 34.0873630055 3777077.0517589985 762815.7907101 57.0073329192 0.0783671203 0.6972516999 89.6285461542 9.8505641044 0.0431661981 -0.0851827762
28446 312439.86 113.8472412976 34.0873630339 3777077.0853699986 762816.8833071998 57.0003058203 0.0429647934 0.6256370443 89.6465469479 9.9771313489 0.0503804606 -0.036084546
28447 312439.96 113.8472521941 34.0873630638 3777077.11673 762817.8893350002 56.9976337422 -0.1197787116 0.5613340814 89.6632971363 10.1030664815 0.0450913509 -0.0426485724
28448 312440.06 113.8472632229 34.087363087 3777077.147693 762818.9076003 56.9902714342 -0.0476353402 0.5549025903 89.6713928807 10.227450122 0.0324328702 -0.1002769
28449 312440.16 113.8472743875 34.0873630985 3777077.177707 762819.9384466 56.9781464106 0.1637535752 0.5677336231 89.6721012242 10.3513447786 0.021142995 -0.0966593743
28450 312440.26 113.8472856803 34.0873631069 3777077.2077089986 762820.9811285 56.9726468986 0.1955036633 0.575244411 89.6738647381 10.4714737795 0.0230099218 -0.0083698439
28451 312440.36 113.8472971018 34.0873631226 3777077.2388410014 762822.0356713 56.97153854 0.1565032626 0.624560312 89.6870010993 10.5936172105 0.0286223768 -0.0167175438
28452 312440.46 113.8473086535 34.0873631351 3777077.269961 762823.1022511999 56.9679095074 0.2148279813 0.568014371 89.6905953132 10.7123140122 0.0329699581 -0.0525358203
28453 312440.56 113.847320332 34.0873631509 3777077.301779 762824.1805343 56.9638273213 0.1808122852 0.5691063242 89.6981353563 10.8289603246 0.0294549289 -0.0268023779
28454 312440.66 113.8473321338 34.0873631608 3777077.333249 762825.2702128 56.9627894172 0.014299412 0.6330041014 89.6980622257 10.9409236563 0.0152578351 0.0057442032
28455 312440.76 113.8473440638 34.0873631672 3777077.364669 762826.3717366002 56.9585600225 -0.099157366 0.6352418345 89.6863753324 11.0628549596 0.0277234276 -0.0656937715
28456 312440.85 113.8473549109 34.0873631789 3777077.393877 762827.3732609 56.9500564178 -0.0271622652 0.63602495 89.6844343793 11.1682230348 0.0274160449 -0.0960557672
28457 312440.94 113.8473658589 34.0873631907 3777077.423374 762828.3841 56.9402950965 0.1076893738 0.6487717262 89.6822809376 11.2684771121 0.0259620738 -0.0950161044
28458 312441.03 113.8473769041 34.0873632032 3777077.453188 762829.4039111 56.933810642 0.0552348662 0.6568096726 89.6819713896 11.3586070871 0.0279413149 -0.0636681878
28459 312441.12 113.8473880284 34.0873632228 3777077.483991 762830.4310095 56.9300565748 -0.0785559141 0.6608208496 89.6858644016 11.4584762073 0.0350722131 -0.042946872
28460 312441.21 113.8473992553 34.0873632393 3777077.514724 762831.467583 56.9247413361 -0.1488803924 0.6623665786 89.671750125 11.566598453 0.0228390779 -0.0777226259
28461 312441.3 113.8474105822 34.087363256 3777077.5457339985 762832.5133886 56.9161867723 -0.1723199944 0.6704199825 89.6588207127 11.6659535306 0.0310389734 -0.1075294638
28462 312441.39 113.8474220074 34.0873632761 3777077.577371 762833.5682694998 56.9058466749 -0.1119219909 0.7558248148 89.656448412 11.7700620426 0.0238533389 -0.1081547237
28463 312441.48 113.8474335277 34.0873632925 3777077.60884 762834.6319314998 56.8962902287 -0.063313854 0.7841572808 89.6545713827 11.865482245 0.0274844422 -0.0930260834
28464 312441.57 113.8474451409 34.0873633147 3777077.641198002 762835.7041585 56.8871923387 0.0413329011 0.745141334 89.6595839086 11.9475499355 0.0393399578 -0.0890611427
28465 312441.66 113.8474568426 34.087363336 3777077.673675 762836.7845625 56.8812311068 0.0112924839 0.7540814261 89.6529552569 12.0540950759 0.0340436439 -0.0723521466
28466 312441.75 113.8474686418 34.087363358 3777077.706488 762837.8739692 56.877393486 0.0406090035 0.7334368632 89.6534945441 12.1548304713 0.0282253457 -0.0081982471
28467 312441.84 113.8474805392 34.0873633853 3777077.740151 762838.9724226 56.8750317143 -0.0771858568 0.6818605028 89.6651022633 12.2518638933 0.0452072903 -0.0402341489
28468 312441.93 113.8474925358 34.0873634119 3777077.773977 762840.0800341 56.8691752534 -0.0728940933 0.6926082974 89.6684969186 12.3543137114 0.0337544424 -0.0845374318
28469 312442.02 113.8475046277 34.0873634316 3777077.807289 762841.196471 56.8599222247 0.059503437 0.6587914795 89.6641768395 12.4492913465 0.0335419471 -0.1155047949
28470 312442.11 113.8475168025 34.0873634563 3777077.841364 762842.3205408001 56.8520088345 0.1102220577 0.696015546 89.6759277748 12.5458515884 0.0327962412 -0.0657324582
28471 312442.19 113.8475277008 34.0873634741 3777077.871393 762843.3267804 56.8494391628 0.0614354553 0.6716555562 89.675228167 12.6297632329 0.0313336741 0.011833551
28472 312442.27 113.8475386742 34.0873634965 3777077.902126998 762844.3399306998 56.8467502575 -0.0256734995 0.7029770792 89.6870577741 12.712845216 0.0354163694 -0.0318389371
28473 312442.35 113.847549721 34.0873635126 3777077.932345 762845.3598803 56.8419750296 -0.0675432971 0.684844705 89.6805934227 12.7944984958 0.0261493589 -0.0725401301
28474 312442.43 113.8475608416 34.0873635328 3777077.963218 762846.3866271 56.8340191795 0.0745545114 0.652864935 89.679198151 12.8816646237 0.038347863 -0.114673486
28475 312442.51 113.8475720369 34.0873635519 3777077.994153 762847.4202758 56.8271091124 0.1301518143 0.6516861832 89.6769231945 12.9684133215 0.0279692893 -0.0897522273
28476 312442.59 113.8475833003 34.0873635755 3777078.025757 762848.4602001 56.8239233214 0.0397480199 0.6012303082 89.6849327526 13.0432486351 0.0414200259 -0.0195268916
28477 312442.67 113.8475946371 34.0873636028 3777078.057976 762849.5068916 56.8219662709 -0.0368137826 0.5805048003 89.6944955242 13.1283554391 0.0396069271 -0.0431667021
28478 312442.75 113.8476060447 34.087363627 3777078.090021 762850.5601332 56.817558852 -0.1056602054 0.5654208139 89.6946388948 13.2128935718 0.0406286552 -0.0820773403
28479 312442.83 113.8476175226 34.0873636488 3777078.121984 762851.6198626 56.8101354819 -0.0319426832 0.5854470628 89.698476292 13.2925293487 0.0255108366 -0.0965901526
28480 312442.91 113.8476290719 34.0873636656 3777078.153579 762852.6862092 56.8026821706 0.0326491659 0.5772311935 89.687269268 13.3793268879 0.0345684014 -0.0911485686
28481 312442.99 113.8476406948 34.0873636861 3777078.18577 762853.7593409 56.7956649149 0.1419101338 0.6324326223 89.685588647 13.4581486894 0.0220928357 -0.0630822139
28482 312443.07 113.8476523894 34.0873637044 3777078.217914 762854.8390939 56.7924561538 0.1648369744 0.5899502389 89.6756001777 13.5414941147 0.0385393664 -0.0011930396
28483 312443.15 113.8476641566 34.0873637353 3777078.251634 762855.9255100002 56.7914026277 0.1455137236 0.5811932912 89.686913047 13.6091402569 0.036004097 -0.0078381931
28484 312443.23 113.8476759918 34.0873637626 3777078.285122 762857.018225 56.7904262301 0.0168315102 0.5380819456 89.6838469222 13.6963176392 0.04667925 -0.0164009899
28485 312443.31 113.847687891 34.0873637923 3777078.319047 762858.1168333 56.7872360712 0.0058069857 0.5390596343 89.6850457253 13.7665598255 0.0340196623 -0.0488042161
28486 312443.39 113.847699854 34.087363816 3777078.352476 762859.2213617 56.78112783 -0.0851549228 0.4994863425 89.6713668826 13.8344086458 0.0392563919 -0.1021140339
28487 312443.47 113.8477118808 34.0873638464 3777078.38681 762860.3317456 56.7745305011 -0.0114950447 0.5364675232 89.674117635 13.9176748045 0.0392221313 -0.0693403498
28488 312443.55 113.8477239699 34.0873638699 3777078.420539 762861.4479189998 56.7667674348 0.0542554772 0.4919244993 89.66226181 13.9783295276 0.0384503046 -0.098950903
28489 312443.63 113.8477361171 34.0873639027 3777078.455447 762862.569414 56.7622455889 -0.0045290627 0.5325119875 89.6680389093 14.0519934156 0.0452124158 -0.0244962284
28490 312443.71 113.8477483212 34.0873639301 3777078.489895 762863.6961890998 56.7580450084 0.0018584693 0.4974563544 89.6601475385 14.1095701584 0.039806451 -0.0553784599
28491 312443.79 113.847760587 34.087363962 3777078.5250120014 762864.8286479 56.7544273017 -0.1725957112 0.556772652 89.6623429303 14.1877824532 0.0417324318 -0.0449588606
28492 312443.87 113.8477729097 34.0873639886 3777078.559695 762865.9663651 56.747144022 -0.0158253127 0.5204517541 89.6534981845 14.2514292363 0.0417404375 -0.1125266032
28493 312443.94 113.8477837417 34.0873640163 3777078.590642 762866.9664446 56.7398294685 0.039316574 0.5563629681 89.6554970834 14.3081874539 0.0450165742 -0.0875885733
28494 312444.01 113.8477946153 34.0873640414 3777078.62142 762867.9703769 56.7348340116 0.0572082235 0.5305594264 89.6511298575 14.3616142817 0.0398099737 -0.0488243689
28495 312444.08 113.8478055304 34.087364072 3777078.6529230014 762868.9781176999 56.7324828785 0.0087152919 0.5321090447 89.6659202533 14.4241674637 0.0543066674 -0.0215275257
28496 312444.15 113.8478164888 34.0873640995 3777078.684179 762869.9898736 56.7295479169 -0.0842292677 0.5398664046 89.6797814177 14.4795697978 0.037431755 -0.054475625
28497 312444.22 113.8478274895 34.0873641249 3777078.715323 762871.0055329001 56.7247770019 -0.0780213176 0.460867005 89.6885002813 14.5395064179 0.046023728 -0.077836224
28498 312444.29 113.8478385326 34.08736415 3777078.746538 762872.0251139 56.7194525581 -0.1293404893 0.5213858839 89.701761728 14.5899007736 0.0283285961 -0.0810829568
28499 312444.36 113.8478496204 34.0873641678 3777078.777049 762873.0488406002 56.712473793 -0.1002855504 0.5018112895 89.7031556571 14.6466406245 0.0336245857 -0.1139710138
28500 312444.43 113.8478607538 34.0873641862 3777078.807753 762874.0767803 56.7039827974 0.0582414145 0.541386917 89.7212264987 14.7073064216 0.0197074478 -0.1421221415
28501 312444.5 113.8478719296 34.0873641971 3777078.837729 762875.1086579 56.6979756216 0.0071553555 0.5541471887 89.7252073417 14.7693641289 0.0188929904 -0.0414877443
28502 312444.57 113.8478831461 34.0873642118 3777078.868244 762876.1442722 56.6943995906 -0.1209753774 0.5853920337 89.7400794595 14.8267852624 0.0201433051 -0.0344876719
28503 312444.64 113.8478944052 34.0873642211 3777078.898255 762877.1838510998 56.689944136 -0.2027577232 0.6367611641 89.7490106746 14.8770045469 0.0124188803 -0.0986578566
28504 312444.71 113.8479057061 34.0873642327 3777078.928637998 762878.2272691 56.6824985174 -0.1119944104 0.5521554357 89.7641761381 14.928193838 0.0296406102 -0.1349041855
28505 312444.78 113.8479170473 34.0873642434 3777078.959023 762879.2744201998 56.6750496561 -0.0784581137 0.5236169811 89.7809984802 14.9872700498 0.0132163055 -0.1028443977
28506 312444.85 113.8479284301 34.0873642525 3777078.9893309986 762880.3254194 56.6675671246 -0.0403357447 0.4816858388 89.7899069503 15.0404680699 0.017103356 -0.0947094029
28507 312444.92 113.8479398523 34.0873642594 3777079.019509 762881.380053 56.6623806953 -0.0584580489 0.4529898769 89.8013043707 15.0944362847 0.0089422743 -0.0457401657
28508 312444.99 113.8479513119 34.087364266 3777079.049735 762882.4381466998 56.6579477852 -0.0791083836 0.4339340949 89.8124741366 15.1376390983 0.0126776592 -0.0760930202
28509 312445.01 113.8479545945 34.0873642683 3777079.058442 762882.7412383 56.65675849 -0.002125727 0.4212350998 89.8201971486 15.1603622579 0.0136316647 -0.0573157615
28510 312445.08 113.8479661017 34.0873642681 3777079.0880410015 762883.8037499002 56.6527709086 -0.1468628725 0.4545968609 89.8284142635 15.2004383264 -0.0019153869 -0.0514928269
28511 312445.15 113.8479776462 34.0873642667 3777079.117609 762884.8697076 56.6478225645 -0.2014381166 0.4803788473 89.8371307193 15.254446393 -0.0006051416 -0.0654076312
28512 312445.22 113.8479892309 34.087364258 3777079.146474 762885.9393969 56.6393054901 -0.1518383052 0.5567887353 89.8366006443 15.3119202713 -0.0200443817 -0.1250128459
28513 312445.29 113.8480008532 34.0873642473 3777079.175198 762887.0125653001 56.6277989401 0.0250755484 0.6009786889 89.8357755651 15.3455510993 -0.0164203295 -0.1453169911
28514 312445.36 113.8480125081 34.0873642357 3777079.2039230014 762888.0887466 56.6221691389 0.1104032999 0.6337253942 89.8415163521 15.3882976547 -0.0212156592 0.0009364183
28515 312445.43 113.8480241952 34.0873642244 3777079.232755 762889.1679043 56.6222074116 -0.1124374067 0.6881973136 89.8412318167 15.4367652046 -0.017764075 0.0131425671
28516 312445.5 113.8480359196 34.0873642134 3777079.261712 762890.2505045 56.6212974489 -0.2539143413 0.6753065515 89.8400425539 15.4857593008 -0.0154286377 -0.0492802939
28517 312445.57 113.8480476806 34.0873642055 3777079.291118 762891.3364671 56.614676456 -0.211255559 0.6800940933 89.8307008122 15.537483058 -0.0105522586 -0.1351290117
28518 312445.64 113.8480594764 34.0873641981 3777079.32067 762892.4256463002 56.6047798209 -0.1477423814 0.7230030081 89.8222791473 15.580506043 -0.0166016738 -0.1548143187
28519 312445.71 113.8480713045 34.0873641916 3777079.350392 762893.517808 56.5948560303 -0.0319615942 0.7179961497 89.8109546934 15.6227085931 -0.0056003807 -0.1369379474
28520 312445.78 113.8480831642 34.0873641864 3777079.380353 762894.6128792 56.5887333266 -0.0924577236 0.7618615146 89.7946713068 15.6644417077 -0.0125294551 -0.0720360758
28521 312445.85 113.8480950539 34.0873641841 3777079.410707 762895.7107146998 56.5833616042 -0.0858175986 0.7348361042 89.7776959769 15.7037196138 0.0064760756 -0.0749813128
28522 312445.92 113.8481069748 34.0873641873 3777079.441748 762896.8114125 56.5782292308 -0.0924973555 0.7352679985 89.7712014534 15.7425195447 0.0066017661 -0.0779045324
28523 312445.99 113.8481189233 34.0873641936 3777079.473217 762897.9146479998 56.573860215 -0.1472532349 0.7029422996 89.7638289265 15.7781897477 0.0175577972 -0.0612034121
28524 312446.06 113.8481308974 34.0873642043 3777079.505232 762899.0202369002 56.5692738891 -0.206835602 0.6728044275 89.7666881556 15.8130619096 0.0173855345 -0.0811213872
28525 312446.13 113.8481428974 34.0873642107 3777079.536834 762900.1282319 56.5621931404 -0.218913302 0.680283717 89.7562327116 15.861825287 0.0130224833 -0.1184461156
28526 312446.2 113.8481549255 34.0873642176 3777079.568566001 762901.2388163 56.5530594131 -0.1230018518 0.6645647049 89.7467893878 15.8881785229 0.0153955395 -0.1455775178
28527 312446.27 113.8481669824 34.0873642237 3777079.600281 762902.3520589 56.5443841079 0.0147251751 0.6839933042 89.7341750701 15.9274716879 0.0180410253 -0.1033603331
28528 312446.34 113.8481790645 34.0873642294 3777079.63202 762903.4676349 56.5388135454 0.0831265295 0.69336237 89.724119729 15.9599185841 0.0120983949 -0.0529015051
28529 312446.41 113.8481911699 34.0873642387 3777079.664223002 762904.5853496 56.5376341324 0.0480313762 0.6760507108 89.7262512458 15.9935557161 0.0285913993 0.0069253342
28530 312446.48 113.8482033 34.0873642508 3777079.6967940014 762905.7053344 56.5376923373 0.0130356298 0.6554084882 89.7333830639 16.0175352282 0.019896316 -0.0022021616
28531 312446.55 113.8482154554 34.0873642621 3777079.72935 762906.8276643001 56.5369267678 0.0009489731 0.6285552596 89.7445141514 16.0614360499 0.0222533126 -0.0185261123
28532 312446.62 113.8482276361 34.0873642715 3777079.761747 762907.9523269 56.5355714392 -0.1477061963 0.6184052292 89.750872546 16.0951445983 0.0097316141 -0.0207736727
28533 312446.69 113.8482398419 34.087364278 3777079.793898 762909.079318 56.5304686204 -0.1265855556 0.5658204364 89.7488684182 16.1184196916 0.017348647 -0.1230019132
28534 312446.76 113.8482520781 34.0873642834 3777079.825998 762910.2091291 56.5226403074 -0.1034273998 0.5632040571 89.7559916211 16.1673494403 0.0059757228 -0.1311713177
28535 312446.83 113.8482643417 34.0873642883 3777079.858117 762911.3414625 56.5132351061 -0.1617906211 0.5830073508 89.7598190119 16.2049267216 0.0146103442 -0.1268258612
28536 312446.9 113.8482766303 34.0873642934 3777079.890321 762912.4761069 56.5044985702 -0.0856812193 0.5627779923 89.7686072426 16.2317354343 0.0076147863 -0.1372703816
28537 312446.97 113.8482889477 34.0873642945 3777079.92216 762913.6134146 56.4977466818 -0.1119265446 0.57994102 89.7763064959 16.2750298004 0.0065435089 -0.0802787164
28538 312447.04 113.8483012882 34.0873642942 3777079.953896 762914.7528736 56.4924877426 -0.2005793382 0.5752642198 89.7856545295 16.2905194615 -0.000182788 -0.0682423184
28539 312447.11 113.8483136529 34.0873642944 3777079.985763 762915.8945541 56.4881716603 -0.2524338335 0.5848401012 89.7907771284 16.3427644069 0.0049631346 -0.0688034092
28540 312447.18 113.8483260436 34.0873642943 3777080.017655 762917.038645 56.4809165057 -0.2300006247 0.6207936138 89.8009586605 16.366910204 -0.0043620312 -0.1388629968
28541 312447.25 113.8483384624 34.0873642919 3777080.049355998 762918.1853335998 56.4723695917 -0.1327063531 0.6298252425 89.81116807 16.4038535351 -0.0015927004 -0.1158090265
28542 312447.32 113.8483509056 34.0873642854 3777080.080673 762919.3342883 56.4653233653 -0.1697857332 0.6595928988 89.81537779 16.4405438364 -0.0170068044 -0.0906154914
28543 312447.39 113.8483633751 34.0873642782 3777080.111983 762920.4856660998 56.4587586299 -0.1112603504 0.6518352867 89.8180776473 16.4756621343 -0.006048064 -0.1171228991
28544 312447.46 113.8483758712 34.0873642716 3777080.143429 762921.6395136998 56.4515388506 0.0099019271 0.6552397912 89.8298374082 16.5056905034 -0.0131415309 -0.0818672276
28545 312447.53 113.8483883903 34.0873642669 3777080.175139 762922.7954646 56.4468303733 0.0324456749 0.619055986 89.8460221923 16.5348783415 -0.0059161672 -0.0479073761
28546 312447.6 113.8484009325 34.0873642588 3777080.206535 762923.953568 56.4450976681 -0.0372237168 0.6195296746 89.8609743195 16.5695928201 -0.0151530981 -0.0029156952
28547 312447.67 113.8484134969 34.0873642486 3777080.237756 762925.1137194 56.4425922371 -0.0874687619 0.6504297262 89.8705828392 16.5956272553 -0.0106430069 -0.1143184162
28548 312447.74 113.8484260841 34.0873642304 3777080.26814 762926.2760093 56.4378677607 -0.0174103531 0.5754359899 89.8656938166 16.6269691211 -0.0296966157 -0.0718487418
28549 312447.81 113.848438693 34.0873642184 3777080.299274 762927.4402827 56.4325705143 -0.0953666266 0.6202109616 89.8729759982 16.6584863947 -0.0137873478 -0.0769630185
28550 312447.88 113.848451319 34.0873641984 3777080.3295620014 762928.6061548 56.4281890355 -0.148131518 0.6378340491 89.870564789 16.6796386786 -0.0367970639 -0.0719285653
28551 312447.94 113.8484621577 34.0873641842 3777080.355893 762929.6069846 56.4242760204 -0.2776097924 0.6244809345 89.8698401228 16.6970506872 -0.0167163743 -0.1224606363
28552 312448.0 113.8484730128 34.0873641688 3777080.382137 762930.6093282 56.4169920199 -0.262283269 0.6427616927 89.8723050979 16.7262433538 -0.0320157529 -0.1653298013
28553 312448.06 113.8484838734 34.0873641491 3777080.40792 762931.6121905 56.407684437 -0.1899573255 0.6212814692 89.8756867118 16.7343514962 -0.0279260422 -0.141048919
28554 312448.12 113.8484947422 34.0873641306 3777080.433852 762932.6158113001 56.3984535802 -0.1223622286 0.6186850677 89.8854607753 16.7555349513 -0.0262548909 -0.1004980317
28555 312448.18 113.848505623 34.0873641104 3777080.459630002 762933.6205525 56.3905895203 -0.0612384103 0.6258578465 89.8900919039 16.7798871068 -0.0302402986 -0.0738843753
28556 312448.24 113.8485165139 34.0873640892 3777080.4853199986 762934.6262157 56.3861921672 -0.0417843376 0.5712244305 89.89406783 16.7895091735 -0.0348048246 -0.0244193862
28557 312448.3 113.8485274141 34.0873640695 3777080.511194 762935.6327448002 56.3840539865 -0.0108648927 0.5469355591 89.8967767127 16.8047325397 -0.023488133 -0.0210349017
28558 312448.36 113.8485383266 34.0873640498 3777080.537111 762936.6403979 56.3830177961 -0.0472048148 0.5577487917 89.9055752839 16.8273684261 -0.0308009799 -0.0014320201
28559 312448.42 113.8485492497 34.0873640258 3777080.562573 762937.6490476 56.3815482622 -0.1624605135 0.5705689017 89.9085582651 16.8470477044 -0.0383732506 -0.0269414687
28560 312448.48 113.8485601854 34.0873640023 3777080.588124 762938.6588665 56.3779431395 -0.2464114636 0.590140888 89.91194094 16.8654987223 -0.0355905794 -0.0720914183
28561 312448.54 113.8485711344 34.0873639736 3777080.613128 762939.6699226 56.3705124613 -0.1969592192 0.6114547998 89.9040576983 16.8823860439 -0.049568963 -0.1508072462
28562 312448.6 113.848582097 34.0873639446 3777080.638141 762940.6822328 56.3615382332 -0.1337634537 0.6331289112 89.9010154538 16.8994582957 -0.0411420693 -0.144799593
28563 312448.66 113.8485930688 34.0873639159 3777080.663211 762941.6953944998 56.3531896463 -0.072555831 0.6414735538 89.899229988 16.9175879932 -0.0468893228 -0.1135730303
28564 312448.72 113.8486040511 34.0873638883 3777080.688428 762942.7095284002 56.3458273774 0.0268323789 0.6430281651 89.9030265324 16.9313619788 -0.0350736401 -0.1094899146
28565 312448.78 113.8486150429 34.0873638614 3777080.713744 762943.7245309 56.3409661464 0.172292978 0.6121724797 89.9140953818 16.9437666788 -0.0462018375 -0.0332498946
28566 312448.84 113.8486260399 34.0873638362 3777080.7392629986 762944.7400099 56.3413385926 0.180788177 0.6029624451 89.9252367788 16.955112973 -0.0365002971 0.0631101046
28567 312448.9 113.8486370427 34.0873638102 3777080.764714 762945.7560274 56.3447159035 0.0820690751 0.6298484833 89.9373125374 16.9568949865 -0.0502824914 0.0844027234
28568 312448.96 113.848648052 34.0873637786 3777080.789555 762946.7726613001 56.3479778022 -0.0016252439 0.5471789276 89.9293051829 16.9680030168 -0.0439334303 0.0428928066
28569 312449.02 113.8486590705 34.0873637519 3777080.814959 762947.7901224 56.3481296608 0.0029728647 0.5598161315 89.9440568952 16.9891662646 -0.0450351883 -0.0142205718
28570 312449.08 113.848670106 34.0873637293 3777080.840868 762948.8091535999 56.3460098933 0.0055954757 0.552831613 89.9468667951 16.9875128639 -0.0487227777 -0.0294881363
28571 312449.14 113.8486811462 34.0873637086 3777080.867008 762949.8286002 56.3433995945 -0.013903552 0.5454284816 89.9543578748 16.984371267 -0.0473595703 -0.0391804523
28572 312449.2 113.8486921872 34.0873636845 3777080.892761 762950.8481404 56.3409588449 0.0110447071 0.537840668 89.9529731901 16.9812398388 -0.0579713686 -0.0473123156
28573 312449.26 113.8487032269 34.0873636608 3777080.918557 762951.8675600998 56.3385126032 0.0214703898 0.5618448025 89.9589816497 16.9857710585 -0.0552472228 -0.0381297564
28574 312449.32 113.8487142645 34.0873636338 3777080.943982 762952.8867915 56.3365099309 0.0202781242 0.573260832 89.9604825252 16.9829487175 -0.0626529044 -0.0056080983
28575 312449.38 113.8487252956 34.0873636099 3777080.969739 762953.9054145 56.3355332827 0.0802516362 0.5629446544 89.9683450663 16.9647404163 -0.0457609304 -0.0080532869
28576 312449.44 113.8487363206 34.0873635847 3777080.995335 762954.9234794001 56.3371944791 0.0876452573 0.5814646622 89.9845883637 16.9547687088 -0.06286309 0.0495896725
28577 312449.5 113.8487473362 34.087363558 3777081.020737 762955.9406765002 56.3406024063 0.0075447825 0.5374202121 89.9881670388 16.9386738207 -0.0505166418 0.0638631991
28578 312449.56 113.8487583444 34.0873635324 3777081.04624 762956.9571883002 56.3432398122 -0.0402152577 0.5220358048 90.0022833417 16.9258387729 -0.0568844935 0.0285223153
28579 312449.62 113.8487693458 34.0873635027 3777081.0712769986 762957.973086 56.3441687729 -0.0984359014 0.5314365273 90.005723759 16.9178167437 -0.0679161783 0.0192253474
28580 312449.68 113.8487803374 34.0873634725 3777081.096234 762958.9880805 56.3439596295 -0.2181990993 0.5311815486 90.0090503218 16.9025389547 -0.0667609629 0.0063988922
28581 312449.74 113.848791321 34.0873634396 3777081.120858 762960.0023520002 56.3410743522 -0.2322339141 0.5496187335 90.0020371038 16.8873552242 -0.0687787521 -0.0609659527
28582 312449.8 113.8488022975 34.0873634052 3777081.145316001 762961.0159625 56.3361663325 -0.1228036668 0.6131225595 89.9946099701 16.8778853129 -0.0734704699 -0.0867282728
28583 312449.86 113.8488132636 34.0873633668 3777081.169289 762962.0286282 56.3320630128 -0.0324815417 0.6486040121 89.977453955 16.8582439787 -0.0817612192 -0.0480703087
28584 312449.92 113.8488242192 34.0873633316 3777081.193594 762963.0403114002 56.3299517352 0.0013255185 0.7293576297 89.9676927323 16.8499010356 -0.0778003234 0.0204617974
28585 312449.98 113.8488351615 34.087363295 3777081.2177120014 762964.0507832 56.3301769318 -0.1198762208 0.7514671006 89.9467653467 16.8208668398 -0.0727677316 0.0218855477
28586 312450.04 113.848846093 34.0873632624 3777081.24224 762965.060233 56.3301829053 -0.1829470847 0.8108106534 89.93164615 16.8024852336 -0.063430769 -0.0219424494
28587 312450.1 113.8488570159 34.0873632294 3777081.266713 762966.0688955998 56.3293750789 -0.1093911598 0.7821329872 89.9275672016 16.793442951 -0.057631202 -0.0565227521
28588 312450.16 113.8488679303 34.0873632018 3777081.291754 762967.0767545 56.3263338758 0.1556597738 0.7547963455 89.921461469 16.7848541885 -0.0413184856 -0.031295995
28589 312450.22 113.8488788314 34.0873631805 3777081.317461 762968.0833674 56.3253227929 0.380033809 0.7276883922 89.9313715439 16.754126323 -0.0409756766 0.0418370755
28590 312450.28 113.8488897156 34.0873631561 3777081.342789 762969.0884224 56.3320038915 0.3117581489 0.6907443874 89.9119916147 16.7281067293 -0.0445495957 0.1740001571
28591 312450.34 113.8489005862 34.0873631359 3777081.368537 762970.0922198001 56.3405484157 0.189120036 0.6892577857 89.9025301324 16.7115060427 -0.0361749592 0.103546674
28592 312450.4 113.8489114499 34.0873631135 3777081.394028 762971.0953788002 56.3463841742 0.1556503705 0.650247384 89.8741684547 16.7056539403 -0.0405416262 0.0762319191
28593 312450.46 113.8489223062 34.0873630951 3777081.419942 762972.0978451 56.3501826534 0.0878077071 0.6576288567 89.8510558494 16.6978625218 -0.0301909907 0.0630322912
28594 312450.52 113.8489331503 34.0873630793 3777081.446122 762973.0991775 56.3522363584 0.0456537465 0.6644882505 89.8274121622 16.676232367 -0.0321668686 0.0288660792
28595 312450.58 113.8489439854 34.0873630671 3777081.472672 762974.0996647 56.3529170304 0.0654505376 0.6744781136 89.7989170088 16.6591490053 -0.0194628079 0.0167861336
28596 312450.65 113.8489566136 34.0873630549 3777081.503842 762975.2657188 56.3546996731 0.0472231055 0.6545087219 89.7610264993 16.6356470235 -0.0178864042 0.0231465943
28597 312450.72 113.8489692287 34.087363051 3777081.535889 762976.4305374002 56.356098162 0.006980138 0.6765639177 89.7252341853 16.6257419799 -0.0003579686 0.0231931868
28598 312450.79 113.8489818315 34.0873630514 3777081.568396 762977.5942048002 56.356164827 -0.0567599854 0.7212765083 89.6884468472 16.6080413843 -0.0051945574 0.0001941221
28599 312450.86 113.8489944219 34.0873630584 3777081.601598 762978.7567136 56.3568768632 -0.0635447992 0.7403520477 89.6530623268 16.5909295526 0.01736302 0.0134353867
28600 312450.93 113.8490070013 34.0873630692 3777081.635195 762979.9181836 56.3557639588 -0.0144751795 0.7788313296 89.6172376562 16.5769489955 0.0176262478 -0.0373420864
28601 312451.0 113.8490195715 34.0873630878 3777081.66963 762981.0787930002 56.3538042 0.1429783573 0.7705004567 89.5922967561 16.5634944747 0.0334157373 -0.0147857189
28602 312451.07 113.8490321281 34.0873631161 3777081.7051 762982.2381026 56.35407113 0.2801355267 0.6944593942 89.5717191566 16.5468704257 0.049507716 0.0373261878
28603 312451.14 113.8490446713 34.0873631563 3777081.741869 762983.3961484998 56.3586238567 0.318542474 0.6606767157 89.5639318619 16.531492024 0.0641442524 0.0973903442
28604 312451.21 113.8490572046 34.0873631991 3777081.778901 762984.5532709 56.3660210418 0.2918346758 0.5992057436 89.5549016644 16.5190802506 0.0703577033 0.11251606
28605 312451.28 113.8490697298 34.0873632438 3777081.816114 762985.7096433 56.3739373153 0.119720678 0.5819312153 89.5534032505 16.5102950023 0.0680857827 0.1075223295
28606 312451.35 113.8490822514 34.0873632842 3777081.8528410015 762986.8656901 56.3782028342 0.0573351611 0.5915339634 89.5399264858 16.5116222352 0.0607470015 0.0228438133
28607 312451.42 113.8490947706 34.0873633238 3777081.889481 762988.0215165 56.3782574236 0.162612922 0.6161669063 89.5319435691 16.501889644 0.0539570538 -0.0114039677
28608 312451.49 113.8491072856 34.0873633585 3777081.925571 762989.1769744002 56.3795076944 0.1062143871 0.6623052213 89.5165276638 16.5009534999 0.0497770161 0.0474580573
28609 312451.56 113.8491197958 34.0873633959 3777081.961942 762990.3319754001 56.3807372814 0.0562284162 0.7125482123 89.512678728 16.4879126276 0.0572594617 0.0001425046
28610 312451.63 113.8491323076 34.0873634333 3777081.998316 762991.4871343998 56.3795159133 0.2700439391 0.6943497628 89.5123020283 16.5034121581 0.0621657796 -0.0110342042
28611 312451.7 113.8491448111 34.0873634767 3777082.035332 762992.6415024 56.3809189182 0.3085735169 0.6727671203 89.5292244955 16.4760550751 0.065582477 0.0586435874
28612 312451.77 113.849157306 34.0873635216 3777082.072496 762993.7950647 56.3882511342 0.3172507464 0.544147067 89.5443067124 16.4721201949 0.0704558489 0.1434061538
28613 312451.84 113.8491697971 34.0873635706 3777082.1101050014 762994.9482720002 56.3966540936 0.084980538 0.5194024155 89.5686775538 16.4639615809 0.0689617746 0.1290638576
28614 312451.91 113.8491822825 34.0873636132 3777082.14699 762996.1009679 56.4020607537 0.1737925864 0.4288541989 89.5856505829 16.4543652748 0.0676525989 0.0636430854
28615 312451.98 113.8491947701 34.0873636509 3777082.183337 762997.253885 56.40476334 0.0301594108 0.4245994295 89.5988963686 16.465918693 0.0487376376 0.071983541
28616 312452.05 113.8492072563 34.0873636929 3777082.2201519986 762998.4066634 56.4046525117 -0.0346786274 0.4485549501 89.6093351994 16.4503598959 0.0600621198 -0.0149597665
28617 312452.12 113.8492197565 34.0873637518 3777082.258888 762999.5606748002 56.4019332286 -0.0240119414 0.5290180279 89.6094200577 16.4654315896 0.0398934784 -0.0084715394
28618 312452.19 113.8492322535 34.0873638053 3777082.297011 763000.7144116998 56.3964892896 -0.102390474 0.6900992618 89.6070047302 16.4566214935 0.0400388611 -0.059547092
28619 312452.26 113.8492447434 34.0873638554 3777082.334735 763001.8675046 56.3919065781 0.0053085814 0.7600420226 89.6130938692 16.4395643108 0.0340385443 -0.0266677158
28620 312452.33 113.849257225 34.0873639063 3777082.372530998 763003.0198299 56.388745415 -0.0025724886 0.8557822161 89.6192255912 16.4357594454 0.040730368 -0.0037909809
28621 312452.4 113.8492696938 34.0873639577 3777082.410351 763004.1709707 56.3871046938 0.0249054761 0.9257066216 89.6383852735 16.4099293172 0.0321412457 0.0038995984
28622 312452.47 113.8492821479 34.0873640084 3777082.448052 763005.3207516 56.3874058835 0.0949072742 0.8774093605 89.6556690788 16.3938796596 0.0444037154 0.0397310991
28623 312452.54 113.8492945856 34.0873640626 3777082.486105 763006.4690058002 56.3870191034 0.16462147 0.864122659 89.6848592519 16.3642937693 0.0369040321 0.0414754234
28624 312452.61 113.8493070029 34.087364116 3777082.524016 763007.6153836 56.388856641 0.2448512527 0.7875062598 89.7126910518 16.3426731657 0.0443002377 0.0780736367
28625 312452.68 113.8493194052 34.0873641665 3777082.56156 763008.7603858 56.3934272882 0.107518294 0.7158809829 89.7354667746 16.3232440431 0.0295690583 0.0888371742
28626 312452.75 113.8493317931 34.0873642131 3777082.598637 763009.9040757 56.3962875353 0.1271717978 0.6281908609 89.7508709597 16.2957065986 0.031560619 0.0391926043
28627 312452.82 113.8493441617 34.0873642553 3777082.635173 763011.0459861 56.3976970641 0.1427389696 0.5816776209 89.7660530037 16.2725968863 0.0166601416 0.0240933456
28628 312452.89 113.8493565156 34.0873642947 3777082.671373 763012.1865555 56.3989173723 0.189903991 0.540349982 89.7803992434 16.2585381655 0.0181134407 0.0430669533
28629 312452.96 113.8493688482 34.0873643278 3777082.706804 763013.3251738001 56.4021709943 0.1009067678 0.5149328706 89.7839772612 16.2342528195 0.0016720234 0.0607169853
28630 312453.03 113.8493811615 34.0873643595 3777082.742044002 763014.4620135998 56.4038638398 0.2030740165 0.4699419291 89.7951702856 16.208278537 0.0052261932 0.0159467455
28631 312453.1 113.849393453 34.0873643783 3777082.775788 763015.596884 56.4054370215 0.3007818449 0.4529347818 89.818869097 16.1909027576 0.0027959244 0.0425637569
28632 312453.17 113.8494057228 34.0873643969 3777082.809455 763016.729757 56.4096611831 0.2630939699 0.4674358561 89.8385941346 16.161558346 0.0089081079 0.1143724286
28633 312453.24 113.8494179721 34.0873644074 3777082.8421660014 763017.8607529 56.4181642383 -0.0262143146 0.4857420187 89.8466680613 16.1371506817 -0.0094245976 0.1169088688
28634 312453.31 113.8494302045 34.0873644157 3777082.8745949985 763018.9901939002 56.4223198239 -0.2207565599 0.5271703117 89.8526919083 16.1131621179 -0.0045647794 0.0169982979
28635 312453.38 113.8494424293 34.087364417 3777082.906234 763020.1189627 56.4194452725 -0.3171608022 0.5443068845 89.8525581244 16.1119319754 -0.0184338284 -0.0743972806
28636 312453.45 113.8494546357 34.0873644211 3777082.938123 763021.2460149998 56.4116611732 -0.1949753186 0.548888088 89.8570836668 16.0844228862 -0.005713673 -0.1263008778
28637 312453.52 113.849466825 34.0873644234 3777082.969779 763022.3715048998 56.4030375453 0.1138599505 0.5457359268 89.8654470889 16.0469116958 -0.0118988876 -0.10872893
28638 312453.59 113.8494789934 34.0873644282 3777083.001658 763023.4950473 56.4004021371 0.2191088697 0.5251509818 89.8743744403 16.0252848693 -0.0067038994 0.0584271892
28639 312453.66 113.8494911317 34.0873644321 3777083.033348 763024.6158138 56.4049058463 0.1502401779 0.5349401133 89.8748595842 15.9782342292 -0.015034926 0.1142436527
28640 312453.73 113.8495032389 34.0873644361 3777083.064987 763025.7337165 56.411812244 0.1459297411 0.5290458246 89.8865519415 15.938035587 -0.0097837553 0.0680595917
28641 312453.8 113.8495153205 34.0873644388 3777083.096407 763026.8492551999 56.4174220888 0.0591033929 0.5006192592 89.8915816951 15.9072349648 -0.0198510265 0.0858600516
28642 312453.87 113.8495273648 34.087364441 3777083.127669 763027.9613482 56.4212456802 -0.0952180245 0.5366165094 89.8948590763 15.848334363 -0.014281412 0.0480341785
28643 312453.94 113.8495393708 34.0873644377 3777083.158231 763029.0699199 56.4226289084 -0.1846452294 0.5713877234 89.8890220376 15.7937929287 -0.031498634 0.0126398445
28644 312454.01 113.8495513241 34.0873644327 3777083.188468 763030.1736396998 56.4215620672 -0.3543159266 0.6398030021 89.887363305 15.72035766 -0.0273672257 -0.0347739743
28645 312454.08 113.8495632153 34.0873644253 3777083.218275 763031.2716265002 56.4169403436 -0.2375158465 0.6587153432 89.8912913635 15.6194088052 -0.0284029995 -0.0720203427
28646 312454.15 113.849575034 34.0873644182 3777083.247926 763032.3629212 56.4120704886 -0.1403864803 0.6642071349 89.8986975512 15.5234960171 -0.0198190889 -0.0462298792
28647 312454.22 113.8495867746 34.0873644146 3777083.277769 763033.4469891 56.4097326156 -0.0088832981 0.6555841792 89.9192634525 15.418195338 -0.0202950254 0.0161072123
28648 312454.29 113.8495984322 34.0873644095 3777083.307233 763034.5234056999 56.4136337778 -0.0606020514 0.604464441 89.9326578543 15.3108048889 -0.019315203 0.1013462883
28649 312454.36 113.8496100117 34.0873644043 3777083.336483 763035.5926061998 56.4185995488 -0.1882564691 0.5774530221 89.9431659517 15.2084337583 -0.0219328472 0.0778753282
28650 312454.43 113.8496215108 34.087364397 3777083.365299 763036.6543915 56.4219150459 -0.1307676378 0.5055127667 89.9506114267 15.0974656542 -0.0226585605 0.0273510934
28651 312454.5 113.8496329353 34.0873643884 3777083.393764 763037.7092925 56.4226854742 -0.0941016655 0.4588023608 89.9567562896 15.0046944727 -0.0307430336 0.0219721444
28652 312454.57 113.8496442784 34.0873643798 3777083.422029 763038.7566724 56.4226536304 -0.0856415307 0.4314957931 89.9584869994 14.8909725578 -0.0281460365 0.0138271355
28653 312454.64 113.8496555373 34.0873643701 3777083.449954 763039.7962854 56.4240652258 -0.1176875741 0.4134617492 89.9602720334 14.7821219777 -0.027262927 0.025640779
28654 312454.71 113.8496667171 34.087364359 3777083.477522 763040.828604 56.4245034196 -0.1005798035 0.421734064 89.9600018981 14.6752979024 -0.0308097414 -0.00944199
28655 312454.78 113.8496778137 34.0873643458 3777083.5046440014 763041.8532431 56.4246777026 -0.0183426506 0.4103227383 89.9543685227 14.564128612 -0.036113618 0.0208208888
28656 312454.85 113.8496888281 34.0873643322 3777083.531511 763042.87029 56.4272301691 -0.1288719277 0.4592307258 89.9404235298 14.4539811138 -0.0314219727 0.0644387705
28657 312454.92 113.8496997574 34.0873643191 3777083.558205 763043.8794805 56.4303042628 -0.1555313596 0.5275014393 89.924687008 14.3463740285 -0.0332499342 0.0426582305
28658 312454.99 113.8497106067 34.0873643027 3777083.584339 763044.8812974 56.4324319316 -0.1869957063 0.5624605578 89.89406519 14.2391772896 -0.031171601 0.0284725506
28659 312455.07 113.8497229039 34.0873642944 3777083.615095 763046.0167771998 56.4317997443 -0.0409969692 0.5725328292 89.8695690212 14.1201435254 -0.0106558656 -0.0128165577
28660 312455.15 113.8497350936 34.0873642938 3777083.646423 763047.1422997 56.4319160748 0.0073986461 0.6070673957 89.8293124259 13.9894544582 -0.0033895918 0.0345112567
28661 312455.23 113.849747186 34.0873643029 3777083.678584 763048.2588136998 56.4351421846 -0.1338459528 0.6113175562 89.7927111073 13.8970184113 0.0071942086 0.0727905124
28662 312455.31 113.8497591998 34.0873643206 3777083.711498 763049.3680501998 56.4387840433 -0.2885207986 0.5534110548 89.7463670334 13.8119517192 0.0258393109 0.0336171486
28663 312455.39 113.8497711405 34.0873643488 3777083.745383 763050.4704943001 56.4380675023 -0.2831626421 0.5620650469 89.708869033 13.7325572509 0.0267274273 -0.0438750451
28664 312455.47 113.8497830113 34.0873643796 3777083.77939 763051.566483 56.432991338 -0.0142709479 0.4971245068 89.6645008208 13.6438198743 0.0421181011 -0.0647294931
28665 312455.55 113.8497948073 34.0873644222 3777083.8145 763052.6555282 56.4295808952 0.2182444996 0.5161529635 89.6312773073 13.5609002571 0.0530234331 0.0044654889
28666 312455.63 113.8498065237 34.0873644666 3777083.849614 763053.7372189 56.4335819287 0.2170327686 0.5227982147 89.5911851852 13.4635885823 0.0545894505 0.1048520389
28667 312455.71 113.8498181608 34.0873645178 3777083.885266002 763054.8115614002 56.4426765069 0.0352557999 0.5305739917 89.5624540456 13.3786420497 0.0661330634 0.1068551392
28668 312455.79 113.8498297257 34.0873645733 3777083.921222 763055.8792257 56.4492247701 -0.0871503894 0.5042855195 89.5486686085 13.2955459614 0.0717512385 0.0604383449
28669 312455.87 113.849841216 34.0873646335 3777083.957505 763056.9399903001 56.4516790165 -0.0686474152 0.5030533621 89.5530768292 13.209330953 0.0720721721 0.015811679
28670 312455.95 113.8498526358 34.087364692 3777083.993418 763057.9942470002 56.4520865511 -0.0662746295 0.5088095135 89.5647362592 13.1322289138 0.0702758588 0.0145942272
28671 312456.03 113.8498639948 34.0873647472 3777084.028803 763059.0429078002 56.4523708625 -0.1521535076 0.5214856463 89.5731436146 13.0693271545 0.0643512969 0.0261576295
28672 312456.11 113.8498753061 34.0873647969 3777084.063461 763060.0871693002 56.4527136972 -0.23930098 0.5565008157 89.5791936965 13.0214540538 0.0536121512 0.0114698276
28673 312456.19 113.8498865734 34.0873648428 3777084.09758 763061.1273909 56.4506452884 -0.2646948716 0.5761881312 89.580984069 12.9702629816 0.0585737811 -0.0352220624
28674 312456.27 113.8498977973 34.0873648904 3777084.131776 763062.1635912 56.4463809878 -0.1652755352 0.5810451484 89.594272686 12.9218757538 0.0595708437 -0.0589521095
28675 312456.35 113.8499089722 34.0873649379 3777084.165834 763063.1952704 56.4420669936 0.0029466089 0.5345807933 89.6042100983 12.8602436622 0.0601462746 -0.0379985399
28676 312456.43 113.8499200849 34.0873649891 3777084.200146 763064.221202 56.440665097 0.1080694278 0.4894827805 89.6248367001 12.7819862813 0.0629379 0.0170392109
28677 312456.51 113.8499311248 34.0873650365 3777084.233847 763065.2404151 56.4439270478 0.1110283527 0.4837088496 89.6418333593 12.6881659601 0.052442082 0.0724309838
28678 312456.59 113.8499420846 34.0873650806 3777084.266976 763066.2522427 56.4490355328 0.0357590084 0.4495318231 89.6563552112 12.5940787416 0.0482309331 0.0684303638
28679 312456.67 113.8499529557 34.0873651205 3777084.299409 763067.255892 56.4538918957 -0.0510366104 0.4448227126 89.6648862419 12.484830312 0.046248402 0.0562880968
28680 312456.76 113.8499650679 34.0873651581 3777084.334784 763068.3741542 56.4579273509 -0.1869187935 0.5069315272 89.674104047 12.3552438121 0.0310973781 0.0301133267
28681 312456.85 113.8499770524 34.0873651899 3777084.369187 763069.4806321998 56.4594341349 -0.2287437512 0.4988152486 89.6750266637 12.2191771465 0.0348730699 0.0050486061
28682 312456.94 113.8499889033 34.0873652241 3777084.403514 763070.5747732 56.4579990124 -0.1691954856 0.5444365625 89.685120306 12.0845069937 0.0365724664 -0.0199649855
28683 312457.03 113.8500006185 34.0873652557 3777084.437206 763071.6563915 56.455857561 -0.0461621302 0.4889172059 89.6925175897 11.939999166 0.0338623618 -0.0076859122
28684 312457.12 113.8500121874 34.0873652924 3777084.4710800014 763072.7244845 56.4563362347 0.062994644 0.4370817148 89.7116282286 11.7995913722 0.0429232473 0.0316484952
28685 312457.21 113.8500236125 34.0873653259 3777084.504235 763073.7793113001 56.4602556489 0.0590755901 0.4187556367 89.7199227115 11.6471911327 0.0298914168 0.0530924314
28686 312457.3 113.8500348926 34.0873653562 3777084.536651 763074.82075 56.4658272723 -0.0677414226 0.3989007311 89.7270875365 11.4920398108 0.0322652378 0.0677698292
28687 312457.39 113.8500460306 34.0873653847 3777084.568518 763075.8490865 56.4703832958 -0.173594219 0.4588328088 89.7367393124 11.3535079702 0.0225256475 0.0577329962
28688 312457.48 113.8500570255 34.0873654054 3777084.599135 763076.8642303002 56.4727285598 -0.2917366236 0.4926500511 89.728480461 11.2013919128 0.0212481868 0.0059102948
28689 312457.57 113.8500678759 34.0873654244 3777084.629204 763077.8660377 56.472401645 -0.3973502185 0.5618298142 89.7245339884 11.0567549759 0.0184421569 -0.0017775174
28690 312457.67 113.8500797659 34.0873654467 3777084.66231 763078.9638168 56.4694663994 -0.3429308423 0.5973975822 89.7302108579 10.893656688 0.0241288857 -0.0457874272
28691 312457.77 113.8500914869 34.0873654742 3777084.695556 763080.0459886 56.4640603745 -0.1327995154 0.5703801625 89.7485787496 10.7419412569 0.03085081 -0.0541141043
28692 312457.87 113.8501030348 34.087365503 3777084.7285050014 763081.1121613001 56.4614167651 0.0228248729 0.5494863312 89.7668808343 10.5766923152 0.0282357893 0.0198588147
28693 312457.97 113.8501144005 34.0873655281 3777084.760571 763082.1615292 56.4656131053 -0.0390514372 0.5043231459 89.7823915404 10.4111542744 0.0206591851 0.0573588171
28694 312458.07 113.8501255892 34.0873655509 3777084.791925 763083.1945603002 56.4698945209 -0.0490970717 0.4752502385 89.7934434476 10.2456071303 0.0234277322 0.0262964324
28695 312458.17 113.8501366006 34.0873655698 3777084.822394 763084.2112306 56.4718516441 -0.0529254996 0.561146399 89.8021029768 10.0874799038 0.0091027988 0.013464423
28696 312458.27 113.8501474386 34.087365581 3777084.851565 763085.2119175 56.4741082918 -0.1199473031 0.5787723421 89.8011508254 9.9246270782 0.0118370971 0.039699072
28697 312458.38 113.8501591547 34.0873655967 3777084.883488 763086.2936721 56.4782660045 -0.2405790439 0.638434508 89.814046975 9.7450149369 0.0068094644 0.0409798312
28698 312458.49 113.8501706658 34.0873656084 3777084.914447 763087.3565047 56.4770139856 -0.1119682151 0.6239976443 89.8235344137 9.5771339577 0.007621022 -0.03499961
28699 312458.6 113.8501819628 34.0873656232 3777084.945195 763088.3995563 56.4754004767 -0.128815605 0.6707238852 89.8317889261 9.3895834644 0.0062700576 0.017520684
28700 312458.71 113.8501930465 34.0873656337 3777084.974915 763089.4229270002 56.4788882257 -0.3378470857 0.6391962501 89.8194797941 9.216429628 0.0083433804 0.0276479684
28701 312458.82 113.8502039162 34.0873656461 3777085.004296 763090.4265362 56.4803263145 -0.3525093406 0.6603487756 89.8128716347 9.0347985729 0.0021351928 -0.0175862451
28702 312458.94 113.8502155358 34.0873656598 3777085.035757 763091.4993886 56.4736477612 -0.0574495696 0.6321314306 89.8182057173 8.8455731121 0.0115947865 -0.0746162048
28703 312459.06 113.8502268922 34.0873656751 3777085.066709 763092.5479194998 56.4700545371 0.0496500294 0.6358713279 89.8228828502 8.6299992472 0.0078940945 0.0323593429
28704 312459.18 113.85023796 34.0873656823 3777085.096023 763093.5698371 56.476946177 -0.211011787 0.643052537 89.821368927 8.4023072854 0.0063478515 0.0690133698
28705 312459.31 113.8502495944 34.0873656873 3777085.126552 763094.644081 56.4831885556 -0.3115000266 0.6445214915 89.8274836425 8.119274069 0.0021207133 0.0193691936
28706 312459.44 113.8502608328 34.0873656943 3777085.156282 763095.6817442 56.4807713591 -0.1988857115 0.625141187 89.8338126387 7.8389701063 0.0007727357 -0.0245383408
28707 312459.57 113.8502716626 34.0873656978 3777085.184574 763096.6816951 56.4780243831 -0.2168077584 0.6294686024 89.8272078157 7.5436893733 0.0030223258 -0.0049724659
28708 312459.71 113.8502828549 34.0873656983 3777085.213468 763097.7151299 56.4812376602 -0.4117300229 0.6792335779 89.8305041496 7.2225181031 0.0013829783 0.0405143933
28709 312459.86 113.850294318 34.0873657017 3777085.243388 763098.7735598 56.4827426933 -0.4540856145 0.6772257931 89.8304651614 6.8891784395 0.0009718926 -0.0121900686
28710 312460.01 113.8503052209 34.0873657047 3777085.271806 763099.7802630998 56.4771200325 -0.3535379867 0.6800553941 89.8081433091 6.5378228866 0.0068496804 -0.0526462313
28711 312460.17 113.8503162476 34.0873657097 3777085.30077 763100.798388 56.4724002723 -0.3116561959 0.739510399 89.7847589959 6.1732916442 0.0038376204 0.0056351213
28712 312460.34 113.8503272489 34.0873657226 3777085.330557 763101.8141444002 56.473344136 -0.2826295776 0.7076841037 89.7658516397 5.7657137001 0.0081962853 0.0143863353
28713 312460.52 113.8503380877 34.0873657437 3777085.360815 763102.8148745 56.472962507 -0.2038536068 0.6730531985 89.7316329858 5.3421005286 0.0131562085 -0.0103554138
28714 312460.72 113.8503491495 34.0873657589 3777085.391008 763103.8362071 56.4709644318 -0.1770089965 0.7245125533 89.6950642633 4.8545418731 0.0132888949 0.0066205977
28715 312460.94 113.8503600969 34.0873657856 3777085.422182 763104.8469486998 56.4745029071 -0.1967867973 0.7151220942 89.6598070868 4.3228597764 0.0126061454 0.0301696821
28716 312461.19 113.8503709966 34.0873658256 3777085.454696 763105.8532426 56.4763638573 -0.1765309497 0.6704644167 89.6397217317 3.7373298274 0.0161198174 -0.0092689277
28717 312461.49 113.8503821269 34.087365867 3777085.487976 763106.8808245 56.4729591748 -0.0670513458 0.5797875382 89.5979358219 3.1502808533 0.0162282975 -0.0032696874
28718 312461.83 113.8503931715 34.0873659118 3777085.521401 763107.9004771 56.4723177953 -0.0110434905 0.6279554082 89.5693122246 2.9048051362 0.0068004037 -0.0009539032
28719 312462.19 113.8504042307 34.0873659688 3777085.556221 763108.921452 56.473587242 -0.0053006778 0.5455113254 89.5329127999 2.7758430157 0.0134532178 -0.0027307642
28720 312462.31 113.8504078106 34.0873659876 3777085.56754 763109.2519381 56.473703173 -0.0316668475 0.5265228525 89.5239351098 2.739393674 0.0178956034 0.0087036931
