28721 312865.2 113.8503847605 34.0875315239 3777103.8789 763106.6109771 56.5067442069 0.0002670481 0.3781709969 267.3967619168 -2.1028998955 -0.1004633044 -0.0062214477
28722 312865.66 113.8503737062 34.0875311185 3777103.80543 763105.5915487 56.4971419945 0.1786055892 0.3733755013 267.6416135353 -2.3909308949 -0.1035105456 -0.022842383
28723 312866.05 113.8503626952 34.0875307661 3777103.737949 763104.5759426998 56.4912182428 0.2226890703 0.4340133904 267.9503039759 -2.8242642117 -0.1003201177 0.0062168776
28724 312866.38 113.8503517977 34.087530469 3777103.676897 763103.5706553998 56.4897775678 0.1908265285 0.4347734182 268.2260678962 -3.2717509443 -0.1036191291 0.007056003
28725 312866.67 113.850340819 34.0875302116 3777103.620051998 763102.5577413 56.4864414027 0.1693146321 0.464590942 268.461366988 -3.7082766067 -0.0935732683 -0.0062671525
28726 312866.93 113.8503298049 34.0875300034 3777103.568559 763101.5414088 56.4830310736 0.1957653692 0.5401423432 268.6681462056 -4.1008050604 -0.0869356493 -0.0168047384
28727 312867.17 113.8503186736 34.0875298061 3777103.517985 763100.5142219 56.4778127354 0.2452160209 0.5419923209 268.8294513392 -4.4440885868 -0.0928736112 -0.0129388581
28728 312867.39 113.8503077072 34.0875296401 3777103.471308 763099.5021664002 56.4745274922 0.2457419771 0.573961206 268.9694208738 -4.7442650604 -0.081871301 -0.0045051216
28729 312867.6 113.8502965732 34.087529485 3777103.425414 763098.4745975998 56.472865589 0.2598811738 0.5533612069 269.1239207396 -5.0271864541 -0.0838440334 0.0046528555
28730 312867.8 113.8502853887 34.0875293548 3777103.3821410006 763097.4422846999 56.469224765 0.3293520286 0.4960547762 269.2569820308 -5.2815151494 -0.0631869967 -0.0207078514
28731 312867.99 113.8502742719 34.0875292576 3777103.342709 763096.4161246 56.4672520431 0.3159283722 0.533495031 269.4039578291 -5.502251196 -0.0523822699 0.0092088754
28732 312868.17 113.8502633317 34.0875291755 3777103.305417 763095.4062284002 56.4668896571 0.3381863941 0.5122260819 269.5391348428 -5.6990571273 -0.0417638861 0.0084011222
28733 312868.35 113.8502520279 34.087529115 3777103.269571 763094.3626878002 56.4646278406 0.3569215956 0.4989910147 269.6678385264 -5.8861302048 -0.0333677619 -0.0252054698
28734 312868.52 113.8502410149 34.0875290717 3777103.236392 763093.345949 56.4642764712 0.3214846998 0.4857598623 269.7981278641 -6.0668236468 -0.0216312214 0.0322876108
28735 312868.58 113.8502370493 34.0875290627 3777103.225178 763092.9798141 56.4653321514 0.2596218645 0.4984480217 269.8399196399 -6.1319141455 -0.0109445196 0.0137595362
28736 312868.75 113.850225575 34.087529055 3777103.194759 763091.9203691 56.4629226597 0.3253717466 0.5260256064 269.9577333593 -6.3190797575 -0.0033998217 -0.0008071542
28737 312868.91 113.8502144652 34.0875290628 3777103.167004 763090.8945316 56.4626787631 0.2860154563 0.5319130468 270.0487684095 -6.4940895113 0.0113142741 -0.0043357161
28738 312869.07 113.8502030536 34.0875290881 3777103.140409 763089.8407733 56.4606402265 0.2951431644 0.5956594467 270.1287240499 -6.664553476 0.019005682 0.0031763734
28739 312869.22 113.85019209 34.0875291105 3777103.114653 763088.8283813002 56.4624352688 0.1734509936 0.6011302203 270.1920644007 -6.826813234 0.0228162185 0.00272097
28740 312869.37 113.8501808597 34.0875291466 3777103.089723 763087.7913363002 56.4601785829 0.1722136368 0.6428313317 270.2189641362 -6.9919306244 0.0402698093 -0.0212162767
28741 312869.52 113.850169373 34.0875291906 3777103.065013 763086.7305818001 56.457664852 0.1056636116 0.7070194774 270.2258872868 -7.1484683184 0.0404222033 -0.0155527237
28742 312869.66 113.8501584187 34.087529229 3777103.04105 763085.7190105 56.4555792324 0.0270391553 0.7132050649 270.2013707077 -7.2971874412 0.0303135218 -0.0245136827
28743 312869.8 113.8501472445 34.0875292577 3777103.015447 763084.6871559 56.4512015358 0.031009927 0.7434701005 270.1909556808 -7.4383674463 0.031739912 -0.0397421167
28744 312869.94 113.8501358543 34.0875292904 3777102.989727 763083.6353533001 56.4464627514 0.0671983969 0.8039352441 270.1741358903 -7.5811374726 0.0364860019 -0.0116276995
28745 312870.08 113.8501242546 34.0875293231 3777102.963466998 763082.5642021998 56.4414621918 0.0728598881 0.8438986292 270.1651649316 -7.7166827362 0.0283232263 -0.0336214784
28746 312870.21 113.8501132976 34.0875293508 3777102.938321 763081.552414 56.436472279 0.0869225194 0.8447306357 270.1350527875 -7.8411562979 0.025354729 -0.0332117521
28747 312870.34 113.8501021613 34.0875293816 3777102.9130480015 763080.5240542 56.4322318016 0.1265206093 0.9190470653 270.091414445 -7.9720703159 0.0214771101 -0.0227906593
28748 312870.47 113.8500908565 34.0875294003 3777102.885992 763079.4801794002 56.4289803496 0.1893879091 0.9048313368 270.0624152292 -8.0915234236 0.0048722114 -0.0190826458
28749 312870.6 113.850079383 34.0875294126 3777102.857798 763078.4207443001 56.4256605404 0.2091314163 0.9340969153 270.0269125434 -8.2085876368 0.0142164309 -0.0162872233
28750 312870.73 113.850067742 34.0875294197 3777102.828597 763077.3458635998 56.4241258707 0.1936137312 0.9378551283 270.0011557634 -8.3285690213 0.0079384972 0.0033752264
28751 312870.85 113.8500568451 34.0875294187 3777102.800408 763076.3397016998 56.4232517136 0.2215081095 0.9277160989 269.9845064123 -8.4432017468 -0.0036615636 -0.023315347
28752 312870.97 113.8500457968 34.0875294143 3777102.771457 763075.3195821 56.4202888841 0.2725642764 0.9190542757 269.9767009575 -8.5510694445 -0.0027331466 -0.0043625646
28753 312871.09 113.8500346156 34.0875294084 3777102.741994 763074.2871933002 56.4205851154 0.1953861809 0.8825946676 269.9691736893 -8.6510812575 -0.0093366363 0.01694451
28754 312871.21 113.8500233046 34.0875294001 3777102.71194 763073.2428306 56.4212645032 0.1288159044 0.8445166415 269.968566532 -8.7604847397 -0.0048174633 -0.0089070385
28755 312871.33 113.8500118621 34.0875293945 3777102.681835 763072.1863116998 56.4186766017 0.2385745939 0.8161324967 269.9871803445 -8.8545785641 -0.0024832507 -0.0358619992
28756 312871.45 113.850000294 34.087529394 3777102.651973 763071.1181891 56.4154177364 0.3172519162 0.879172172 270.012019893 -8.9493289628 0.0112883564 -0.0054641237
28757 312871.57 113.8499886022 34.0875293999 3777102.622508 763070.038617 56.4172998555 0.2891872979 0.8494154041 270.0270325069 -9.0513759898 0.0014872622 0.0367284354
28758 312871.68 113.8499777719 34.0875294041 3777102.595076 763069.0385985 56.4190442851 0.2270916707 0.8546555799 270.0621930974 -9.1399164684 0.00653576 -0.0107661323
28759 312871.79 113.8499668361 34.0875294138 3777102.5679769986 763068.0288197 56.4183142763 0.2423420504 0.8273691993 270.0902045426 -9.2229081389 0.0140391284 0.0032788681
28760 312871.9 113.8499557967 34.0875294287 3777102.541196 763067.0094586 56.4192536064 0.1725190241 0.8629309635 270.1201120414 -9.3138361953 0.0184495115 0.0044026642
28761 312872.01 113.8499446546 34.08752945 3777102.514856 763065.9805891998 56.4196456866 0.1274852155 0.8356419861 270.1543465547 -9.3990583135 0.0200837726 -0.0118562725
28762 312872.12 113.8499334126 34.0875294687 3777102.487962 763064.9425160999 56.4171878351 0.1664035818 0.8408325999 270.1886560668 -9.4796757644 0.0287857685 -0.0264258544
28763 312872.23 113.8499220722 34.0875294953 3777102.461707 763063.8953311 56.4154051756 0.210626271 0.8285338381 270.2103449715 -9.5636884172 0.0374145882 0.003427749
28764 312872.34 113.849910634 34.08752953 3777102.436089 763062.8390849 56.4145298535 0.2240972235 0.8632633879 270.2191898151 -9.6472557184 0.0423243338 -0.0001939146
28765 312872.45 113.8498990962 34.0875295608 3777102.409777 763061.7736586998 56.4136919985 0.2510951399 0.8715934675 270.2057514707 -9.7295837583 0.0348954935 -0.0068584204
28766 312872.56 113.8498874579 34.0875295936 3777102.383436 763060.6989375999 56.4135204312 0.2593629871 0.8587397897 270.166331033 -9.8079154165 0.0297704204 0.0127998543
28767 312872.67 113.849875717 34.0875296113 3777102.3551550014 763059.6148021999 56.4142978024 0.2271854034 0.8718908875 270.140438318 -9.8994337059 0.0193932721 0.0129193836
28768 312872.78 113.849863873 34.0875296303 3777102.326749 763058.5211329 56.4143794356 0.2142611593 0.847776961 270.1097061732 -9.9815211833 0.0181588813 -0.0113747765
28769 312872.88 113.849853021 34.0875296349 3777102.299313 763057.5191145 56.4147085622 0.2238476475 0.8199869581 270.0923890227 -10.0544013937 0.0079821525 -0.0005511227
28770 312872.98 113.8498420894 34.0875296398 3777102.271687 763056.5097308 56.4143869989 0.3007594164 0.7731616699 270.0619043404 -10.1320298085 0.0062839206 -0.0060592793
28771 312873.08 113.8498310812 34.0875296392 3777102.243273 763055.4933029 56.4134771479 0.3667273988 0.764338297 270.0388002195 -10.2005454944 -0.002900375 0.0022394025
28772 312873.18 113.849819995 34.0875296381 3777102.214582 763054.469671 56.4165360769 0.2707202511 0.7520543742 270.0189352643 -10.2698881254 9.0936e-06 0.0560941271
28773 312873.28 113.8498088345 34.0875296349 3777102.185478 763053.4391835 56.4209027933 0.0448524058 0.7491067018 269.9937585394 -10.3453109918 -0.0108094459 0.0223601598
28774 312873.38 113.8497975859 34.0875296257 3777102.15548 763052.4005897 56.4196104063 0.0126897168 0.7095414342 269.9676507444 -10.4258587696 -0.0098065271 -0.0262069915
28775 312873.48 113.8497862571 34.0875296154 3777102.125151 763051.3545821002 56.4156844113 0.0068007665 0.7517754673 269.9374761443 -10.500893671 -0.0111502547 -0.0438468713
28776 312873.58 113.8497748439 34.0875295987 3777102.093904 763050.3008098 56.4104473293 0.0501355583 0.7401841461 269.9211225484 -10.5751081306 -0.0239304572 -0.0353698328
28777 312873.68 113.8497633513 34.0875295771 3777102.061901 763049.2397141 56.4070078693 0.1056075785 0.805224396 269.9105976684 -10.6516276217 -0.0234735659 -0.0229016197
28778 312873.78 113.8497517768 34.0875295602 3777102.030209 763048.1710436 56.4024513932 0.1711336292 0.8457538259 269.8898164127 -10.7297089836 -0.0143684837 -0.0293666094
28779 312873.88 113.8497401338 34.0875295423 3777101.9982300014 763047.0960554 56.4024804374 0.0669646705 0.8884420348 269.8628656781 -10.791274151 -0.0206004402 0.022807302
28780 312873.98 113.8497284088 34.0875295145 3777101.964934 763046.0135259 56.4025322115 0.0635646646 0.9544938134 269.8533812173 -10.8664297948 -0.0341763017 -0.0333968719
28781 312874.08 113.8497166004 34.0875294863 3777101.931394 763044.9232922 56.3967908109 0.2278968457 0.9450052428 269.8401412759 -10.9360488093 -0.036639108 -0.0874581817
28782 312874.18 113.849704714 34.0875294483 3777101.896549 763043.8258864002 56.3950746078 0.2808356802 0.9185575585 269.8475376981 -11.0130453777 -0.0436038783 0.0571332431
28783 312874.28 113.849692754 34.0875294107 3777101.861574 763042.7216874 56.3999069324 0.1332432091 0.900106563 269.8367707842 -11.0672457065 -0.0416691617 0.0590855741
28784 312874.37 113.8496819201 34.0875293769 3777101.82991 763041.7214548 56.4009495275 0.0339323821 0.9531112294 269.8302124499 -11.1547214633 -0.035655949 -0.0160486084
28785 312874.46 113.84967102 34.0875293464 3777101.798446 763040.7150918 56.3958911495 0.2642448777 0.8997175778 269.830970237 -11.2207879947 -0.0380492729 -0.0562246355
28786 312874.55 113.8496600609 34.0875293118 3777101.766377 763039.7033027 56.3938067546 0.1247693513 0.9702367043 269.8402873611 -11.2658848492 -0.0413964978 -0.000683395
28787 312874.64 113.8496490368 34.0875292826 3777101.734742 763038.6854931 56.393870987 0.0755049524 0.9945858553 269.8400845365 -11.3402450962 -0.0315350169 -0.0047142158
28788 312874.73 113.8496379494 34.0875292512 3777101.702697 763037.6618449 56.3899457716 0.2153190432 1.0067662709 269.8496993735 -11.3981528132 -0.0353362201 -0.0455574773
28789 312874.82 113.8496267989 34.0875292201 3777101.670517 763036.6323724 56.3858721498 0.2868803429 0.9875033505 269.8514732316 -11.4666343495 -0.0400734987 -0.0384403869
28790 312874.91 113.8496155912 34.0875291879 3777101.638081 763035.5976186999 56.3882005848 0.164282785 0.9877564434 269.8529225592 -11.5219710361 -0.0432807789 0.0477222337
28791 312875.0 113.8496043201 34.0875291546 3777101.605351 763034.557008 56.3907830427 0.0017969271 1.0273502621 269.8611049004 -11.5924530438 -0.0342256804 0.0182355483
28792 312875.09 113.8495929875 34.0875291284 3777101.573256 763033.5107034 56.3896980295 0.0922538095 0.9978837639 269.8700079739 -11.6569762257 -0.041880279 -0.0119683931
28793 312875.18 113.8495815924 34.087529104 3777101.54119 763032.4586236 56.3856631257 0.2326213647 1.0118988058 269.8786973767 -11.7230887001 -0.0300940752 -0.0386702949
28794 312875.27 113.8495701404 34.0875290849 3777101.5095690014 763031.4012759 56.383037841 0.2935448721 0.9880351457 269.8767945302 -11.7702558318 -0.035095913 -0.0087359681
28795 312875.36 113.8495586318 34.0875290622 3777101.477403 763030.3387039 56.3852033885 0.1669542731 1.0429641257 269.8840249098 -11.8352502123 -0.0298627951 0.0236422904
28796 312875.45 113.8495470638 34.0875290429 3777101.445472 763029.2706410999 56.3872560579 0.1049950736 1.0173569723 269.88575948 -11.8911880481 -0.0356503916 0.0112936629
28797 312875.54 113.8495354366 34.0875290191 3777101.412875 763028.1971313001 56.3864661837 0.1035418631 1.0101522145 269.8962974138 -11.9565279454 -0.034177829 -0.0361644044
28798 312875.63 113.8495237497 34.087529 3777101.380657 763027.1180917 56.3846898405 0.1119135238 0.9954309153 269.9010933155 -12.0112020862 -0.025846387 -0.0066192814
28799 312875.72 113.849512006 34.0875289789 3777101.348061 763026.0338093998 56.3832055358 0.0789347509 1.0270376693 269.9152323288 -12.0716922841 -0.0315751845 -0.0001135416
28800 312875.81 113.8495002042 34.0875289678 3777101.316436 763024.9441345 56.3815407343 0.0731387277 1.0589693714 269.9239169699 -12.131039733 -0.0151677021 -0.0340826198
28801 312875.9 113.8494883442 34.0875289544 3777101.284391002 763023.8490983002 56.3789210049 0.1625232833 1.0580553839 269.9394297229 -12.193279736 -0.0209676055 -0.0329827829
28802 312875.99 113.8494764279 34.0875289458 3777101.252743 763022.7488401 56.3767965958 0.2181304302 1.1154023987 269.949032397 -12.2456715648 -0.0120430245 0.0116135305
28803 312876.08 113.8494644601 34.0875289376 3777101.221015 763021.6438254 56.377914534 0.1291712798 1.0811814689 269.9628782484 -12.3068540351 -0.0218212739 0.0127961538
28804 312876.17 113.8494524332 34.0875289289 3777101.189069 763020.5333594 56.377365157 0.1248644174 1.1018008382 269.986955982 -12.3670197831 -0.0095098979 -0.0024908192
28805 312876.26 113.8494403542 34.0875289242 3777101.157427 763019.4180696 56.3755140137 0.1637934947 1.0762191382 269.9960110331 -12.420519559 -0.0109080436 -0.0203790807
28806 312876.35 113.8494282175 34.0875289239 3777101.126138 763018.2974448001 56.3738278793 0.169295454 1.1004380188 270.0074391757 -12.4752549715 -0.0033594323 -0.001975028
28807 312876.43 113.8494173863 34.087528922 3777101.098029 763017.2973578 56.3731325688 0.1365637937 1.0948771701 270.0206019615 -12.5231206896 -0.0079099979 0.0011840057
28808 312876.51 113.8494065132 34.0875289236 3777101.070198002 763016.2933924 56.3738010498 0.1043954169 1.0959885334 270.0352316278 -12.5734031217 0.0036795001 0.0047569475
28809 312876.59 113.8493955981 34.0875289254 3777101.042283 763015.2855576 56.372850948 0.1405201219 1.0610408183 270.0492858971 -12.6208835622 -0.0101726863 -0.0191423667
28810 312876.67 113.8493846375 34.0875289283 3777101.0143800015 763014.2735055998 56.3694439763 0.2549715148 1.0500555961 270.0718915355 -12.6665593345 0.0078251414 -0.0380182866
28811 312876.75 113.849373641 34.087528936 3777100.986904 763013.2581294002 56.3697953355 0.263354143 0.9882525524 270.0783190925 -12.7058229423 0.0025008298 0.065207136
28812 312876.83 113.8493626006 34.0875289395 3777100.95886 763012.2387164 56.3722401168 0.1378125364 1.0268096113 270.0941920819 -12.7592991916 0.001030175 0.0307820505
28813 312876.91 113.8493515202 34.087528955 3777100.932038 763011.2155639 56.3728679996 0.1800812983 1.0251393888 270.0947902222 -12.803823254 0.0120428517 -0.0021111786
28814 312876.99 113.8493403987 34.0875289667 3777100.904689 763010.1886364998 56.3726196885 0.1487909429 1.0322674351 270.1049216466 -12.8615138529 0.0069291323 -0.0147246325
28815 312877.07 113.8493292346 34.0875289842 3777100.877876 763009.1577505999 56.3714442141 0.155092878 1.0858896811 270.0981147929 -12.9020020388 0.0229418459 0.0042051894
28816 312877.15 113.8493180308 34.0875290026 3777100.85106 763008.1232004 56.3715745797 0.1225089075 1.1514534204 270.0925129058 -12.9494881845 0.0118220836 0.0195556453
28817 312877.23 113.8493067822 34.0875290215 3777100.824189 763007.0845210998 56.3712138189 0.0744952657 1.176685276 270.0817391263 -13.0028650021 0.0154284786 -0.0047692616
28818 312877.31 113.8492954944 34.0875290332 3777100.7964160014 763006.0422295999 56.3693640819 0.1246693431 1.161359165 270.0755774366 -13.0452733854 0.0029463566 -0.0104752451
28819 312877.39 113.8492841634 34.087529044 3777100.768428 763004.9959595002 56.3687216509 0.0612202981 1.1813217884 270.0692145192 -13.0956314315 0.0113425856 0.0099907484
28820 312877.47 113.849272795 34.0875290512 3777100.739954 763003.9462466999 56.3679384198 0.0359216694 1.1705932211 270.0663840367 -13.1395879863 -0.0036712971 -0.0069587026
28821 312877.55 113.8492613855 34.0875290565 3777100.711155 763002.892742 56.3662526272 0.1404539518 1.1048285121 270.0629715422 -13.1853504586 0.0009959328 -0.0373304033
28822 312877.63 113.8492499341 34.0875290586 3777100.681888 763001.8353797 56.3635319658 0.1649349983 1.1165949042 270.0584677082 -13.2350601102 -0.0047690865 -0.0364305297
28823 312877.71 113.849238447 34.0875290626 3777100.652745 763000.7747221999 56.3638173575 0.2108397671 1.0533010058 270.0513082406 -13.2758123584 0.0073775316 0.0420998164
28824 312877.79 113.8492269248 34.087529064 3777100.623222 762999.7108226998 56.3665968292 0.080079935 0.9998026336 270.0429965766 -13.3166454756 -0.0099373035 -0.0068389496
28825 312877.87 113.8492153575 34.087529061 3777100.593098 762998.6427760002 56.3661561031 0.0710332257 0.9593272127 270.0423308042 -13.3692368917 0.0041397872 -0.0019224026
28826 312877.95 113.849203752 34.0875290576 3777100.562838 762997.5711999 56.3635802772 0.0679051764 0.904211941 270.0317378247 -13.405790927 -0.0193545622 -0.0221617269
28827 312878.03 113.8491921046 34.0875290524 3777100.532254 762996.4957602 56.3597449278 0.1215774446 0.9174577512 270.0332460163 -13.4545402384 -0.0001206271 -0.0522268604
28828 312878.11 113.8491804141 34.0875290537 3777100.502292 762995.4163299 56.356178863 0.1084646155 0.8745232539 270.0184788424 -13.4961822867 -0.0143616647 -0.0025742257
28829 312878.19 113.849168685 34.0875290485 3777100.47151 762994.3333438 56.35417144 0.1086778435 0.9650386394 270.0166825768 -13.5474617675 -0.0046626053 -0.0134193841
28830 312878.27 113.849156923 34.0875290572 3777100.442186 762993.2472839 56.3549186466 -0.0297662178 1.0041159838 269.9868754427 -13.5856505033 -0.0019499164 0.00891521
28831 312878.35 113.8491451161 34.0875290512 3777100.411102 762992.1571234 56.3504966674 0.199880093 0.9595438251 269.9944565048 -13.6415088951 -0.0134036321 -0.0837310268
28832 312878.43 113.8491332742 34.0875290475 3777100.380194002 762991.0637283 56.3475001641 0.2327213016 1.0481355634 269.9910313091 -13.6803373623 -0.008238206 0.000862271
28833 312878.51 113.8491214003 34.0875290392 3777100.348691 762989.9673828 56.3487104308 0.3816713952 0.9282663085 270.0012471842 -13.7203735429 -0.0179181682 0.046104796
28834 312878.59 113.8491094903 34.0875290303 3777100.317033 762988.8677133 56.3544463804 0.0226795501 0.965534558 269.9937281527 -13.7478204838 -0.0109586988 0.1094202609
28835 312878.67 113.8490975431 34.0875290214 3777100.285276 762987.7646073 56.3541058972 0.093962946 0.9013271956 269.9926402347 -13.7988416026 -0.0170435274 -0.0660589896
28836 312878.75 113.8490855578 34.087529013 3777100.253473 762986.6579808 56.3502036063 0.0966724291 0.869834123 269.9856926832 -13.8495980869 -0.0099061585 -0.03081981
28837 312878.83 113.8490735423 34.0875290001 3777100.221102 762985.5485781 56.3461881559 0.1909471845 0.845744191 269.98808342 -13.8731932678 -0.0198161897 -0.0027369708
28838 312878.91 113.8490614918 34.0875289901 3777100.188957 762984.4359336 56.3443962336 0.0757363576 0.8729309796 269.9842645819 -13.9125109893 -0.0162987377 -0.027497301
28839 312878.99 113.8490494111 34.0875289796 3777100.156683 762983.320509 56.3439097945 0.2303442964 0.8278334109 269.9787681064 -13.954399743 -0.0177847101 0.0429186216
28840 312879.07 113.8490373003 34.0875289697 3777100.124392 762982.2022951 56.3436958762 0.1457175479 0.8258427038 269.9712177733 -13.9790555634 -0.021428846 -0.0191864597
28841 312879.15 113.849025159 34.0875289572 3777100.091728 762981.0812771 56.3452508114 0.1487048698 0.8155108512 269.9757818476 -14.028921887 -0.018829542 0.0513463168
28842 312879.23 113.8490129918 34.0875289462 3777100.0591730014 762979.9578691998 56.346676033 0.116668749 0.8203090448 269.9728364341 -14.0480541126 -0.0191469258 0.0110197832
28843 312879.31 113.8490007919 34.0875289346 3777100.026476002 762978.8314407 56.3466102024 0.0982486816 0.819181569 269.9674142109 -14.089405474 -0.0193362983 -0.010660448
28844 312879.39 113.8489885642 34.0875289273 3777099.994169 762977.7024285998 56.345949214 0.0595564352 0.8293420232 269.9500994557 -14.1182607848 -0.014328045 0.0021828665
28845 312879.47 113.8489763105 34.0875289147 3777099.961214 762976.5710276 56.3450237187 0.0099256654 0.8949274862 269.945303666 -14.149418024 -0.0209667672 -0.0020157465
28846 312879.55 113.8489640397 34.0875289067 3777099.928721 762975.4380361 56.3433370721 -0.019327394 0.8951329946 269.9274858973 -14.1592087058 -0.0176017071 -0.0213264962
28847 312879.63 113.8489517558 34.0875288895 3777099.895183 762974.3038675998 56.3413441349 0.0048363157 0.8511577414 269.9232534343 -14.1722402174 -0.0352960099 -0.0183341343
28848 312879.71 113.8489394665 34.0875288693 3777099.86129 762973.1692159 56.3390517915 -0.0419567165 0.8404893328 269.9158108894 -14.1742636134 -0.0354736882 -0.0212747623
28849 312879.79 113.8489271776 34.0875288441 3777099.826847 762972.0346088002 56.3385931915 -0.0229048862 0.8150206782 269.9187975279 -14.1702438989 -0.0412009541 0.0313258423
28850 312879.87 113.8489149016 34.0875288211 3777099.792686 762970.9011816998 56.338548068 -0.1989950896 0.8197499237 269.9103278475 -14.1526086587 -0.0376455319 -0.0031556916
28851 312879.95 113.8489026327 34.0875287991 3777099.758646 762969.7684158002 56.3364898805 -0.2344183181 0.9005864979 269.9080427284 -14.1506344785 -0.0303323187 -0.0394507717
28852 312880.03 113.8488903743 34.0875287879 3777099.725832 762968.6365759 56.3314354196 -0.1203209366 0.909794382 269.8861603169 -14.1323362746 -0.0216662498 -0.068136581
28853 312880.11 113.8488781181 34.0875287692 3777099.692188 762967.5049666 56.3260502974 -0.0307359344 1.0094841356 269.8802053946 -14.1223091105 -0.0348173327 -0.0510210856
28854 312880.19 113.8488658806 34.0875287528 3777099.658857 762966.3750828 56.3241568385 0.1315670326 1.0093882983 269.874578887 -14.0976421961 -0.0281872755 0.019101368
28855 312880.27 113.8488536614 34.0875287265 3777099.624474 762965.246916 56.3262737282 0.1003198568 0.989741021 269.886172195 -14.0778345634 -0.0446355863 0.0520285883
28856 312880.35 113.8488414614 34.0875286986 3777099.589963 762964.1205238001 56.3302251026 0.0832857487 0.9570248289 269.8909829769 -14.0532905026 -0.0400749896 0.0626960514
28857 312880.43 113.8488292801 34.087528668 3777099.5551910014 762962.9958712 56.3338184031 -0.0054603325 0.9180239715 269.9021410351 -14.0308376342 -0.0490649668 0.0234096857
28858 312880.51 113.8488171181 34.0875286405 3777099.520818 762961.872987 56.3357650666 0.026323635 0.871321105 269.9126530019 -14.0216687743 -0.0369458585 0.0286921511
28859 312880.59 113.8488049768 34.087528614 3777099.486621 762960.7520113002 56.3363892101 0.0122190491 0.8586371342 269.9301269725 -13.9809345037 -0.0431298688 0.0100245079
28860 312880.67 113.8487928511 34.0875285952 3777099.453298 762959.6324555002 56.3366614412 0.0776829646 0.8777322358 269.954577484 -13.968660108 -0.0257017691 0.0024628851
28861 312880.75 113.8487807387 34.0875285798 3777099.420406 762958.5141189 56.3372985413 0.1551125186 0.8365028381 269.9857358137 -13.9674025996 -0.0282914988 0.0583841916
28862 312880.83 113.8487686491 34.0875285688 3777099.388052 762957.3978644002 56.3400019882 0.157146359 0.8398483623 270.0283595308 -13.9210085554 -0.0141852095 0.0424630663
28863 312880.91 113.8487565725 34.0875285637 3777099.35638 762956.2828018002 56.3444614978 0.1016437463 0.8182124293 270.0752199326 -13.9132418042 -0.0062185454 0.0641736633
28864 312880.99 113.8487445089 34.0875285654 3777099.325509 762955.1689141998 56.3465162795 0.2021548054 0.7404534165 270.1246353655 -13.904759957 0.0060429825 0.0547875544
28865 312881.07 113.8487324617 34.0875285706 3777099.295065 762954.0565299 56.3482553428 0.3117809108 0.716310167 270.1841714913 -13.8783420984 0.0157977235 0.0374509204
28866 312881.15 113.8487204333 34.0875285885 3777099.266077 762952.9458464001 56.3530058917 0.3798827156 0.6624184272 270.2301420925 -13.8707167016 0.0304127552 0.0767024789
28867 312881.23 113.848708418 34.0875286122 3777099.2377660014 762951.8363420998 56.3597351518 0.4737137522 0.6447282997 270.2806846639 -13.8512347471 0.0450377218 0.1348066546
28868 312881.31 113.8486964231 34.0875286489 3777099.210944 762950.7286931998 56.370286461 0.3253356998 0.6267799775 270.3201246371 -13.8245132396 0.0550024989 0.1300293474
28869 312881.39 113.8486844379 34.0875286928 3777099.184954 762949.6219129 56.3800701248 0.2872863751 0.5995179984 270.3601617012 -13.8263911839 0.0680409577 0.1103742301
28870 312881.47 113.8486724641 34.0875287432 3777099.159717 762948.5161689002 56.3862780994 0.2659345265 0.5700901986 270.3967381958 -13.8043967674 0.0686785627 0.0355334473
28871 312881.55 113.8486604968 34.0875287977 3777099.134954 762947.4110138002 56.3913435806 0.3038657129 0.5729167784 270.4288699574 -13.8031570289 0.083024626 0.0817385808
28872 312881.63 113.8486485399 34.0875288625 3777099.111349 762946.3067824 56.3986963918 0.0640714864 0.5947174883 270.4151177394 -13.7890824485 0.0924810403 0.1088966602
28873 312881.71 113.8486365861 34.0875289259 3777099.087602 762945.2028448002 56.4032749766 -0.0808515416 0.6278456563 270.3775819043 -13.7861758814 0.0847332037 0.0143578877
28874 312881.79 113.8486246326 34.087528988 3777099.063718 762944.0989366 56.4036697522 -0.1513823104 0.7191125088 270.313168391 -13.7913044754 0.0831820998 -0.0076378113
28875 312881.87 113.8486126811 34.0875290421 3777099.038942 762942.9952299 56.3998964429 -0.0960422952 0.7829884158 270.2415597124 -13.7870709427 0.0639640077 -0.0607464634
28876 312881.95 113.8486007311 34.0875290838 3777099.012805002 762941.891716 56.3957842048 0.0146350624 0.7896908552 270.1722250917 -13.7818563829 0.0432845883 -0.0527893914
28877 312882.03 113.8485887844 34.0875291069 3777098.9846 762940.7885508002 56.3943942133 0.0904960286 0.7396671885 270.1072346365 -13.7830012915 0.0122567238 0.027811322
28878 312882.11 113.8485768468 34.0875291202 3777098.955339 762939.6862609 56.3952643676 0.1245446602 0.6852557494 270.0508818434 -13.7681743069 -0.0030237071 0.0172889301
28879 312882.19 113.8485649118 34.0875291195 3777098.924531 762938.5842590998 56.397838953 0.1643166811 0.6145654535 270.0051034063 -13.7720450692 -0.0199569508 0.0611624098
28880 312882.27 113.8485529828 34.0875291119 3777098.892971 762937.4828301999 56.4001689162 0.2569271346 0.5791696176 269.954321753 -13.7596406328 -0.0241283524 0.0388085547
28881 312882.28 113.8485514921 34.0875291111 3777098.889043 762937.3451870999 56.4006127557 0.2465313961 0.5920835943 269.9483829953 -13.7598558713 -0.0204399551 0.0529760186
28882 312882.36 113.8485395705 34.0875290991 3777098.857013 762936.2444584002 56.4045094643 0.2462630663 0.6059473063 269.8893819658 -13.7508145653 -0.0259590515 0.0667627892
28883 312882.44 113.8485276542 34.0875290838 3777098.82463 762935.1442212 56.4081428647 0.298241133 0.638966175 269.8245977444 -13.7490247577 -0.034126566 0.0421617562
28884 312882.52 113.8485157435 34.0875290562 3777098.790899 762934.0445384 56.411563375 0.3729344254 0.7087466332 269.776830485 -13.7359044137 -0.0545434628 0.0675269362
28885 312882.6 113.8485038411 34.0875290191 3777098.756139 762932.9456558 56.4179665446 0.3365036046 0.7016300905 269.7363121548 -13.7314437011 -0.0659895426 0.102009132
28886 312882.68 113.8484919442 34.0875289711 3777098.72018 762931.8473213002 56.4247194417 0.2543943673 0.7211800124 269.7099258235 -13.7243089208 -0.0834429356 0.0965184167
28887 312882.76 113.8484800535 34.087528918 3777098.683665 762930.7495697 56.4293079069 0.4213138221 0.792328888 269.681274623 -13.7170252988 -0.0779104216 0.0412201773
28888 312882.84 113.8484681671 34.0875288665 3777098.6473449985 762929.6522031 56.4333354356 0.5390805865 0.8187062718 269.6412856791 -13.7072390069 -0.0791697953 0.0723444479
28889 312882.92 113.8484562926 34.0875288073 3777098.6101980014 762928.5559684 56.4402700812 0.7755382512 0.7049579678 269.6147471262 -13.6932735994 -0.1010953665 0.1481687831
28890 312883.0 113.848444425 34.0875287338 3777098.571479 762927.4604136 56.454658486 0.4840708643 0.723072175 269.6138603204 -13.6930857896 -0.1106256572 0.2363835369
28891 312883.08 113.8484325726 34.0875286539 3777098.532098002 762926.3662726998 56.4661352914 0.3737561505 0.5852243341 269.6251109599 -13.6685649053 -0.1181351131 0.1106825254
28892 312883.16 113.8484207236 34.0875285696 3777098.49224 762925.2724708 56.4751977772 0.3792355409 0.5027540794 269.6389623684 -13.6794214932 -0.1174829813 0.0795484827
28893 312883.24 113.8484088779 34.0875284932 3777098.453254 762924.1789399 56.47650008 0.5072300682 0.5006012068 269.6415169248 -13.6599025634 -0.0994839673 0.0261012998
28894 312883.32 113.8483970405 34.0875284254 3777098.415258 762923.0861598002 56.4822180178 0.5532853243 0.4913038774 269.6240789558 -13.6616524993 -0.1006164175 0.1194064981
28895 312883.4 113.848385216 34.087528361 3777098.377661 762921.9945486998 56.4921849063 0.6464529923 0.603219508 269.6092258222 -13.6423094637 -0.0910469559 0.1995151093
28896 312883.48 113.8483733945 34.0875282928 3777098.3396519986 762920.9032349 56.5027636988 0.4965645482 0.6578233331 269.6081389236 -13.6315579478 -0.1108838747 0.113902298
28897 312883.56 113.8483615808 34.0875282218 3777098.301352 762919.8126441998 56.5141240712 0.4646493837 0.6237437527 269.6119702736 -13.6348085263 -0.0970337537 0.206523493
28898 312883.64 113.8483497742 34.0875281469 3777098.262649 762918.7227257 56.5233758641 0.1170602172 0.6800725149 269.6156542689 -13.6216771048 -0.1096802084 0.0767801056
28899 312883.72 113.8483379669 34.0875280755 3777098.224324 762917.6327359 56.5266391262 0.0878972214 0.6508441265 269.6146985291 -13.6286881492 -0.0989912204 0.0359034082
28900 312883.8 113.8483261589 34.0875280029 3777098.185861 762916.5426809 56.5247266041 0.04559503 0.6724414807 269.6171941769 -13.6269201921 -0.1067088703 -0.0317229093
28901 312883.88 113.8483143545 34.0875279355 3777098.147988 762915.4529361 56.5217330456 0.0421073599 0.7693793048 269.6154609457 -13.6196563696 -0.0896944185 -0.0086002416
28902 312883.96 113.8483025523 34.0875278719 3777098.110538 762914.3633856 56.5203891071 0.0533168114 0.7808028795 269.6148108582 -13.6198968355 -0.0969179131 -0.0171270302
28903 312884.04 113.8482907484 34.0875278043 3777098.072653 762913.2736961 56.5188384745 0.1800557499 0.8407115727 269.6243229286 -13.625520718 -0.089334914 0.0116047133
28904 312884.12 113.8482789396 34.0875277425 3777098.035384 762912.1835276 56.5195325324 0.2816873496 0.8435114673 269.6341157717 -13.6088008479 -0.0940122254 0.029654209
28905 312884.2 113.8482671362 34.0875276757 3777097.997582 762911.0938773 56.5240770988 0.3460439327 0.761284435 269.6542338656 -13.6048870073 -0.0992766316 0.1130168383
28906 312884.28 113.848255337 34.0875276085 3777097.959749 762910.0046239998 56.5293357736 0.25675543 0.7961412564 269.6739543371 -13.6038625756 -0.0967122003 0.064305621
28907 312884.36 113.8482435423 34.0875275469 3777097.92254 762908.9157578 56.5333007621 0.2627968575 0.7483575719 269.6923305531 -13.596218382 -0.0879031648 0.0756908162
28908 312884.44 113.8482317495 34.0875274906 3777097.885933999 762907.8270563 56.5366552323 0.2075949458 0.7731407806 269.7010986041 -13.595856861 -0.0807290893 0.0428605569
28909 312884.52 113.8482199602 34.0875274397 3777097.849927 762906.7386551 56.5395146804 0.091707235 0.8811473132 269.7130651822 -13.6001223026 -0.0701226493 0.0151449528
28910 312884.6 113.8482081743 34.0875273952 3777097.814643 762905.6505504 56.5387777835 0.4163861304 0.8737799149 269.7278018851 -13.5838558157 -0.066257833 -0.0145652848
28911 312884.68 113.84819639 34.0875273512 3777097.779419 762904.5625984998 56.5405700505 0.401672508 0.9340093456 269.7464290321 -13.5850653876 -0.0638875921 0.0681659925
28912 312884.76 113.8481846165 34.0875273083 3777097.744355 762903.4756384 56.5475714626 0.3791144349 0.9158977793 269.7664793799 -13.5722956443 -0.0674024918 0.1353486757
28913 312884.84 113.8481728494 34.0875272625 3777097.708973 762902.3892689998 56.5550635532 0.4483170981 0.9058618349 269.7990748775 -13.5617709736 -0.0646192398 0.0923505207
28914 312884.92 113.8481610847 34.0875272226 3777097.674256 762901.3031084002 56.5620868001 0.3784549973 0.8567563565 269.8110740291 -13.5619872537 -0.0648520577 0.0993555874
28915 312885.0 113.8481493277 34.0875271817 3777097.639448 762900.2176665 56.568260015 0.411304912 0.8348950989 269.8400627045 -13.5468455921 -0.0581806027 0.1050477239
28916 312885.08 113.8481375765 34.0875271522 3777097.605921 762899.1327258 56.5749665098 0.2939852246 0.8386126084 269.8468694422 -13.5582909253 -0.04893446 0.1005060855
28917 312885.16 113.8481258335 34.0875271263 3777097.57281 762898.0485222 56.5805455707 0.1761792305 0.8925419439 269.8642832356 -13.5416627676 -0.0378666374 0.0630872211
28918 312885.24 113.8481140915 34.0875271087 3777097.540624 762896.9643890002 56.5833672974 0.2593575922 0.8788599217 269.8759038705 -13.5474162906 -0.034402864 0.0211588329
28919 312885.32 113.8481023513 34.0875270881 3777097.508115 762895.8804281 56.5838058582 0.4781606676 0.8845264434 269.8977902835 -13.5411258549 -0.0345689171 0.0269271103
28920 312885.4 113.8480906168 34.0875270716 3777097.476073 762894.7969877 56.5866486421 0.6950060535 0.8830076151 269.9179554508 -13.5336704273 -0.032624432 0.0848905323
28921 312885.48 113.8480788948 34.0875270534 3777097.443876 762893.7147035 56.5970872734 0.7180176547 0.7963813383 269.9453624881 -13.5150394745 -0.0346957387 0.1904131762
28922 312885.56 113.8480671821 34.0875270356 3777097.411749 762892.6332793002 56.6121242316 0.5598146852 0.7575240463 269.9620490693 -13.5082932635 -0.0276080309 0.2003353602
28923 312885.64 113.8480554751 34.0875270212 3777097.380011 762891.5523691998 56.6247143643 0.4396926781 0.7078525336 269.980275986 -13.5039250025 -0.0273377023 0.1389127134
28924 312885.72 113.8480437743 34.0875270115 3777097.348802 762890.4720126998 56.6335975556 0.3792702413 0.6606748702 269.989688098 -13.4942642766 -0.0181583478 0.0848639578
28925 312885.8 113.8480320787 34.0875270029 3777097.317741001 762889.3921374001 56.6390020028 0.345461605 0.6230490245 269.999588001 -13.4855300397 -0.0209637412 0.0445271948
28926 312885.88 113.8480203968 34.0875269984 3777097.287171 762888.3135191 56.6439252831 0.2989380248 0.6102020976 270.0066241143 -13.4695032314 -0.0113011396 0.0756183938
28927 312885.96 113.8480087287 34.0875269944 3777097.256681 762887.2361633 56.6486536507 0.228540942 0.6148402596 270.019442553 -13.4515451005 -0.0143242542 0.0712713456
28928 312886.04 113.8479970744 34.0875269946 3777097.226709 762886.1600692 56.6540391492 0.100581488 0.6130398421 270.0248279805 -13.4418662413 -0.0037277462 0.0699533053
28929 312886.12 113.847985424 34.0875269904 3777097.196246 762885.0843534 56.6560618319 0.2379993597 0.6150361769 270.0434335138 -13.4221248881 -0.0097292164 0.0109067545
28930 312886.2 113.847973787 34.0875269923 3777097.166496 762884.0098604 56.6581242224 0.2617370513 0.6009237885 270.0415215774 -13.4097799694 0.0003352455 0.0406985999
28931 312886.28 113.8479621706 34.0875269922 3777097.136575 762882.9372676 56.6621440165 0.3878211823 0.6234072095 270.0354458825 -13.3847018586 -0.0041847079 0.0850209366
28932 312886.36 113.8479505762 34.0875269964 3777097.107192 762881.8667021998 56.6684848666 0.333446814 0.6454664297 270.0124218487 -13.350800457 0.0059690437 0.0920623847
28933 312886.44 113.8479390029 34.0875269938 3777097.077113 762880.7980951 56.6762435725 0.3299371154 0.6171445419 269.990616826 -13.3385888059 -0.0165295818 0.1150778347
28934 312886.52 113.8479274484 34.0875269872 3777097.046639 762879.7312415 56.6824657135 0.342330051 0.6713040245 269.9712943691 -13.3067573044 -0.0070691751 0.0754025938
28935 312886.6 113.8479159158 34.0875269798 3777097.016128 762878.6664145002 56.6889813105 0.3006102008 0.6204765637 269.9437683774 -13.2903117456 -0.026103264 0.1064854338
28936 312886.68 113.8479044032 34.0875269629 3777096.9846089985 762877.6034556 56.6953905122 0.2489120829 0.6489239045 269.9253371874 -13.2614656007 -0.0255679005 0.0879110773
28937 312886.76 113.8478929121 34.0875269479 3777096.953371 762876.5424834002 56.7000243533 0.1769145871 0.6867165625 269.8945566726 -13.2364971358 -0.0307486026 0.0518020869
28938 312886.84 113.8478814413 34.087526927 3777096.921518 762875.4834072 56.7037198758 0.2330291371 0.7117439316 269.8743913934 -13.2160629327 -0.0316895513 0.0553356057
28939 312886.92 113.8478699933 34.0875269067 3777096.889793 762874.4264236002 56.7067604624 0.3031357876 0.684125811 269.8356348227 -13.1871217951 -0.0360006145 0.0437465376
28940 312887.0 113.8478585683 34.0875268752 3777096.856881 762873.3716053 56.710590425 0.4605467685 0.7328214395 269.8223429937 -13.1563404732 -0.0515721345 0.0816758978
28941 312887.08 113.8478471713 34.087526847 3777096.824421 762872.3193641999 56.7182856901 0.3700583723 0.7345364498 269.7956229707 -13.1237583012 -0.0481232779 0.1093355371
28942 312887.16 113.847835807 34.0875268092 3777096.790964 762871.2701644 56.7274030848 0.316633501 0.7451074244 269.7908794114 -13.0918830148 -0.0516733997 0.1217649714
28943 312887.24 113.84782447 34.0875267742 3777096.757893 762870.2234856 56.7355719376 0.1368892949 0.7010871027 269.766307396 -13.0543554066 -0.0585212427 0.0873986872
28944 312887.32 113.847813162 34.0875267296 3777096.723838 762869.1795055 56.740224327 0.1222883584 0.6725127695 269.7600522145 -13.0274792219 -0.0666631697 0.0592305537
28945 312887.4 113.8478018835 34.0875266876 3777096.690146 762868.138247 56.7426891038 0.1943451946 0.672839248 269.7424798542 -12.9911275105 -0.0644366286 0.0447024952
28946 312887.48 113.8477906353 34.0875266411 3777096.656028 762867.0997991 56.7437082818 0.2579290404 0.6089677573 269.7493818096 -12.9480245408 -0.0774812788 0.0222507616
28947 312887.56 113.8477794173 34.0875265931 3777096.6218199986 762866.064148 56.7469278825 0.3320178834 0.6376637864 269.7700084542 -12.921909421 -0.0626497265 0.075997261
28948 312887.64 113.8477682387 34.0875265534 3777096.588642 762865.0321001 56.7531064888 0.3394457727 0.5773794021 269.780192427 -12.8686530064 -0.0619573269 0.0953107709
28949 312887.72 113.847757097 34.0875265114 3777096.5553 762864.0034766998 56.7608482102 0.3078679928 0.5414905116 269.81628684 -12.8337629615 -0.0582210222 0.0923257494
28950 312887.8 113.8477459973 34.0875264752 3777096.522706 762862.9787078 56.7672258168 0.4364368216 0.5246925214 269.848798059 -12.7774350558 -0.0531816911 0.0949240438
28951 312887.88 113.8477349408 34.0875264448 3777096.490876 762861.957904 56.7741411449 0.4145187521 0.5402268027 269.8839194277 -12.7223489653 -0.0340135956 0.0925620509
28952 312887.96 113.8477239287 34.0875264218 3777096.459966 762860.9411868 56.7826335365 0.4725257585 0.4769395378 269.9079438633 -12.675469588 -0.0413592735 0.1250077999
28953 312888.04 113.8477129595 34.0875264003 3777096.429349 762859.9284197 56.7908150973 0.4404359228 0.5031337209 269.9389615327 -12.6248847876 -0.026809016 0.1034693404
28954 312888.06 113.8477102251 34.0875263956 3777096.421794 762859.6759518002 56.793325182 0.455263748 0.5029712339 269.9444652852 -12.608564614 -0.0238920183 0.1319528256
28955 312888.14 113.8476993074 34.0875263795 3777096.391896 762858.6679306 56.8033713903 0.2728141888 0.5504959267 269.966610649 -12.5687050374 -0.0224455454 0.1267877452
28956 312888.22 113.8476884259 34.0875263668 3777096.362471 762857.6632348001 56.8132924354 -0.0253470838 0.5635816437 269.994681165 -12.5345654061 -0.0165675428 0.126794968
28957 312888.3 113.8476775751 34.0875263581 3777096.333578 762856.6613613 56.8199089691 -0.2979178416 0.6140595062 270.0100099917 -12.5011958528 -0.012263548 0.0446918129
28958 312888.38 113.8476667477 34.0875263578 3777096.305672 762855.6616262 56.8181068608 -0.2348250419 0.7684062509 270.0266932642 -12.4819109321 0.0072015082 -0.0727601918
28959 312888.47 113.8476545963 34.0875263659 3777096.2752910014 762854.5396172 56.8103009621 0.1918306726 0.7642649813 270.0586026086 -12.4460543484 0.0052824419 -0.0822755095
28960 312888.56 113.8476424793 34.0875263696 3777096.244512 762853.4207925 56.8068250352 0.7512827586 0.7632305221 270.0958963613 -12.4060785503 0.0186441742 0.0500076414
28961 312888.65 113.8476304119 34.0875263843 3777096.215087998 762852.3065135 56.8209725805 0.6429569884 0.7750870049 270.0941621281 -12.3433667264 0.0226136512 0.2290374919
28962 312888.74 113.8476183872 34.087526394 3777096.185211 762851.196189 56.8416835964 0.3206737974 0.748481599 270.1004083854 -12.3116078956 0.0134901447 0.2092372338
28963 312888.83 113.8476063943 34.087526399 3777096.154887 762850.0888221 56.853364015 0.067771443 0.7855287452 270.1251492297 -12.270127139 0.0068662583 0.0835031779
28964 312888.92 113.8475944324 34.0875264116 3777096.125496 762848.9842956 56.8570019482 0.0013760104 0.7882095272 270.1421770387 -12.2502940871 0.0242051757 0.0184902549
28965 312889.01 113.8475825031 34.0875264292 3777096.096749 762847.8827581998 56.8561448371 0.0972092503 0.6507000536 270.1355469033 -12.2164643207 0.00979004 -0.0092818477
28966 312889.1 113.8475706058 34.0875264404 3777096.067358 762846.7841966 56.8556831228 0.2048379799 0.6578493748 270.1353569964 -12.1770210834 0.0182631347 0.0193147207
28967 312889.19 113.8475587483 34.0875264551 3777096.038473998 762845.6892967 56.8596481858 0.2249778979 0.6474287354 270.1381302028 -12.1340366379 0.0115225862 0.0659717797
28968 312889.28 113.8475469323 34.0875264644 3777096.00909 762844.5982519 56.8653206546 0.1439058326 0.5888442303 270.1392042407 -12.085529001 0.0030168086 0.0699269179
28969 312889.37 113.8475351645 34.0875264784 3777095.980354 762843.5116418 56.8729409846 -0.1432916058 0.6746762428 270.1117053534 -12.0404842033 0.0186018754 0.0671392104
28970 312889.46 113.8475234403 34.0875264945 3777095.951958 762842.4290452 56.8751782039 -0.2387512122 0.6951125721 270.0697980421 -11.9980295684 0.0075113205 -0.0469425663
28971 312889.55 113.8475117593 34.087526504 3777095.92295 762841.3504591 56.8704338502 -0.0648841312 0.8209384786 270.0351259028 -11.9490134165 0.0121771343 -0.0730950484
28972 312889.64 113.8475001281 34.0875265114 3777095.893831 762840.2764863 56.8656402724 0.1769985456 0.8864880492 269.9999043068 -11.8950804534 0.0020301125 -0.0073549116
28973 312889.73 113.8474885498 34.0875265134 3777095.864254 762839.2074049 56.8679477796 0.1720022266 0.9592983941 269.961506008 -11.840387379 -0.0028129166 0.0747951999
28974 312889.82 113.8474770242 34.0875265064 3777095.833807 762838.1432233001 56.875643935 0.0075555377 1.0331613876 269.9339613272 -11.7858776363 -0.0155468027 0.0975831245
28975 312889.91 113.8474655448 34.0875264938 3777095.802862 762837.0833212 56.8795271246 0.0285507038 1.0645181921 269.9152607688 -11.7410482781 -0.0210854271 0.0291792706
28976 312890.0 113.8474541064 34.0875264718 3777095.770972 762836.027234 56.8792069033 0.2372731641 1.0363806316 269.9068666571 -11.7055477561 -0.0422242492 -0.0272487239
28977 312890.09 113.847442696 34.0875264542 3777095.739656 762834.973718 56.8785752365 0.5658093864 0.9861684743 269.9029641701 -11.6672168719 -0.0283110902 0.0389409113
28978 312890.18 113.847431322 34.0875264374 3777095.708518 762833.9235635 56.8840009682 0.7321759567 0.9149102198 269.907971107 -11.614505668 -0.0411602029 0.1019578855
28979 312890.27 113.8474199985 34.0875264226 3777095.677722 762832.8780671 56.8982588518 0.571233013 0.8916672029 269.9181162771 -11.5615665732 -0.0246839288 0.2165255221
28980 312890.36 113.8474087234 34.0875264107 3777095.647379 762831.837023 56.9135237644 0.3326182229 0.8134387853 269.9298728244 -11.5173980384 -0.0319049325 0.1536069911
28981 312890.45 113.8473974929 34.0875264011 3777095.617411 762830.8000963002 56.923113279 0.2378329793 0.7599172763 269.9492949988 -11.4709008932 -0.0232655367 0.0738007831
28982 312890.54 113.8473863078 34.0875263934 3777095.58777 762829.7673551998 56.9275978599 0.2172577024 0.7191915434 269.9606840834 -11.424902543 -0.0264472516 0.0462852742
28983 312890.63 113.8473751716 34.08752639 3777095.558723 762828.7391167 56.9305806505 0.2095489817 0.7262007835 269.9680979086 -11.3709879372 -0.0139701525 0.0495286855
28984 312890.72 113.8473640826 34.0875263897 3777095.530158 762827.7152205 56.9353884803 0.1769251779 0.7116735142 269.9714709638 -11.3277012583 -0.0123563406 0.0707712991
28985 312890.81 113.8473530439 34.0875263892 3777095.5016870014 762826.6959801 56.9387884336 0.2258130766 0.7385055827 269.9701892904 -11.2742850572 -0.014941835 0.0387281637
28986 312890.9 113.8473420574 34.0875263918 3777095.473692 762825.6815349 56.9420285812 0.2911475423 0.7529891904 269.9523946259 -11.2180249701 -0.0150598917 0.035656067
28987 312890.99 113.8473311269 34.0875263897 3777095.445333 762824.6722896 56.9449435407 0.3823140841 0.7577744286 269.9361003681 -11.1562187172 -0.0197119966 0.0553618897
28988 312891.08 113.8473202674 34.0875263808 3777095.416397 762823.6696109 56.9510553405 0.3670913846 0.7863756842 269.9131823893 -11.0970337369 -0.0199358252 0.0861995769
28989 312891.18 113.847308277 34.0875263618 3777095.383426 762822.5625507 56.9602462817 0.3220722045 0.7837846002 269.8997663941 -11.032544932 -0.0266697549 0.0928165646
28990 312891.28 113.8472963433 34.0875263376 3777095.350018 762821.4607371 56.9676582478 0.2554482406 0.8030150589 269.8829543954 -10.9909847057 -0.0288214138 0.0768577244
28991 312891.38 113.8472844578 34.087526316 3777095.317029 762820.3633662 56.9750466654 0.1644230723 0.8484943472 269.8633368295 -10.9453202946 -0.0265987441 0.0908699086
28992 312891.48 113.8472726127 34.0875262905 3777095.283713 762819.269736 56.9792480078 0.1569615944 0.8366397795 269.847455602 -10.9120385174 -0.0317139285 0.0304458269
28993 312891.58 113.8472608116 34.0875262587 3777095.249817 762818.1801978 56.9817507463 0.1340451405 0.7913806715 269.8343437544 -10.8698958905 -0.0470691573 0.0118370252
28994 312891.68 113.8472490563 34.0875262227 3777095.215564 762817.0948883 56.9840629445 0.2023984379 0.7925672892 269.8287173511 -10.8242754108 -0.0399419243 0.0056496376
28995 312891.78 113.8472373482 34.087526188 3777095.181583 762816.0139416 56.9862014046 0.2323123556 0.7822601451 269.8246767002 -10.780372467 -0.0467609495 0.0186894785
28996 312891.88 113.8472256875 34.087526153 3777095.147680002 762814.9373684 56.9899738161 0.2464194392 0.8243340631 269.8280545888 -10.7386293471 -0.0313825852 0.0774506893
28997 312891.98 113.8472140757 34.0875261222 3777095.114379 762813.865297 56.9957612772 0.1359981544 0.8442702475 269.8171792125 -10.6963932003 -0.0386950967 0.0624677903
28998 312892.08 113.8472025026 34.0875260899 3777095.081004 762812.7968061998 57.00067137 0.1421593692 0.9116795022 269.8192473174 -10.6621691244 -0.0339473311 0.0223715575
28999 312892.18 113.847190966 34.0875260585 3777095.047829 762811.7316819 57.0006455742 0.3686082047 0.8804925905 269.8193418991 -10.6209157645 -0.0405299064 -0.0153676578
29000 312892.28 113.8471794802 34.0875260226 3777095.0142809986 762810.6712655 57.0040120939 0.4553649065 0.9200900272 269.8289755964 -10.5695743146 -0.0336947601 0.0607535905
29001 312892.38 113.8471680499 34.0875259916 3777094.981426 762809.6159584002 57.0140810041 0.3705106526 0.8425602331 269.8207030526 -10.5184528929 -0.0474894207 0.1025092291
29002 312892.48 113.8471566752 34.0875259501 3777094.947553 762808.5658122 57.024088094 0.3079938043 0.859682853 269.8346884758 -10.4691947312 -0.0411631915 0.0833465949
29003 312892.58 113.8471453554 34.087525923 3777094.915409 762807.5206886998 57.0317684906 0.2398083127 0.849368193 269.8202550026 -10.4145984582 -0.0367727065 0.05979405
29004 312892.68 113.8471340936 34.0875258888 3777094.882621 762806.4809466999 57.0374649875 0.2672438055 0.846460124 269.8364971488 -10.3613392368 -0.0422874382 0.0471417238
29005 312892.78 113.8471228938 34.0875258584 3777094.850425 762805.4469212 57.0418728488 0.3457353628 0.8771246828 269.8382325617 -10.3015827647 -0.0321940436 0.0510662365
29006 312892.88 113.8471117628 34.0875258316 3777094.818805998 762804.4192284 57.0475929994 0.3742714633 0.894720755 269.8416564623 -10.2376601546 -0.030863323 0.0898132489
29007 312892.98 113.8471007053 34.0875258012 3777094.786981 762803.3983408002 57.0556516908 0.391661355 0.8387314264 269.8441369256 -10.1711850688 -0.0360886407 0.0868543981
29008 312893.08 113.8470897344 34.08752577 3777094.755279 762802.3854521 57.0636137463 0.4079123123 0.8668942532 269.8500952336 -10.0893961276 -0.0325394924 0.0645458876
29009 312893.18 113.8470788564 34.0875257448 3777094.724481 762801.3811146999 57.0713717425 0.4516642494 0.8045934718 269.8546492609 -10.002357008 -0.0388772273 0.0866417352
29010 312893.29 113.8470669974 34.087525711 3777094.690211 762800.2862315 57.0806621611 0.4342861672 0.7734287374 269.8661978163 -9.9060461573 -0.0354748522 0.088663513
29011 312893.4 113.8470552453 34.0875256873 3777094.657339 762799.2011909 57.0917313714 0.33086069 0.768095202 269.8579395285 -9.830218278 -0.0262659541 0.0991111106
29012 312893.51 113.8470435649 34.0875256589 3777094.624121 762798.1227731 57.1018200116 0.3191196583 0.7273109207 269.8627760314 -9.7777193165 -0.039588809 0.069505846
29013 312893.62 113.8470319438 34.0875256304 3777094.5910519985 762797.0498394 57.1085996674 0.3532509855 0.7082629441 269.8593237013 -9.7287905122 -0.0273651744 0.0539024992
29014 312893.73 113.8470203848 34.087525603 3777094.55827 762795.9826324 57.1150789047 0.404082783 0.6647066956 269.8557878343 -9.6763812647 -0.0396274796 0.0648217193
29015 312893.84 113.8470088888 34.0875255709 3777094.525116 762794.9212616 57.1231034966 0.4462075998 0.6436706222 269.8667294723 -9.6222219826 -0.0311844516 0.0792004377
29016 312893.95 113.8469974603 34.0875255424 3777094.4925480015 762793.8661085 57.1319806054 0.4245372715 0.6120258674 269.866934035 -9.5630602586 -0.0341251422 0.0945720258
29017 312894.06 113.8469861128 34.087525512 3777094.459967 762792.8184416 57.1421124646 0.3551356525 0.5788993371 269.887017195 -9.4895934019 -0.0296537305 0.0950608744
29018 312894.17 113.8469748538 34.0875254825 3777094.427714 762791.7789465 57.1507688724 0.298290844 0.5706425011 269.9231003532 -9.4198307131 -0.0260367525 0.0622333351
29019 312894.28 113.846963683 34.0875254632 3777094.396832 762790.7475579 57.1575456206 0.2531587195 0.6018757086 269.9877673954 -9.3409497009 -0.0124341754 0.0699183995
29020 312894.39 113.8469526066 34.0875254575 3777094.3676910014 762789.7248518 57.164520951 0.1799493239 0.6139058717 270.0524530642 -9.2586332564 -0.0038545235 0.0433400855
29021 312894.47 113.8469446112 34.0875254562 3777094.346972 762788.9866068001 57.1677650558 0.1748469839 0.6152324154 270.1008434154 -9.2031494475 -0.0015955449 0.0344167939
29022 312894.58 113.8469336927 34.0875254688 3777094.320265 762787.9784146 57.1713149082 0.1455970138 0.6601739128 270.161246359 -9.1437005712 0.0174099066 0.0318692242
29023 312894.69 113.8469228342 34.0875254912 3777094.294816 762786.9757379001 57.1752140429 0.2573062327 0.6272898653 270.2364363324 -9.0909397661 0.0200298754 0.0429936284
29024 312894.81 113.8469110466 34.0875255175 3777094.2673949986 762785.8872627 57.17896921 0.4195570833 0.5451400995 270.3382763711 -9.0518732601 0.0304551398 0.0254262926
29025 312894.93 113.8468993237 34.0875255579 3777094.241708 762784.8047095 57.1846425152 0.5272639029 0.4573326575 270.4560305339 -8.9978804412 0.0427193272 0.0866123773
