29113 312906.47 113.8459602547 34.0876298486 3777103.399345 762697.7741895 57.4967432236 1.0711656251 -0.773808063 271.3919009003 -7.4152926776 0.1773215747 0.0351472878
29114 312906.61 113.845948975 34.0876300498 3777103.392656 762696.7320673 57.5071304245 1.2101388026 -0.8516015879 271.0823969677 -7.4855053402 0.1418680203 0.1507289494
29115 312906.75 113.8459375744 34.0876302054 3777103.380592 762695.6789310002 57.5294737639 1.0463472682 -0.8135942616 270.8314592998 -7.5732685085 0.1204571057 0.1606345697
29116 312906.88 113.8459268579 34.087630322 3777103.365955998 762694.6890709002 57.5449707918 1.0436456266 -0.8515590846 270.5934724055 -7.6689656197 0.0806827061 0.1033804751
29117 312907.01 113.8459160188 34.087630388 3777103.3453980014 762693.6880471 57.5568334619 1.1973514233 -0.9491829209 270.3810627722 -7.7448802017 0.0453289267 0.1030428311
29118 312907.14 113.8459050594 34.0876304161 3777103.320325 762692.6760398 57.5733704642 1.1824326877 -0.9796982454 270.1662165186 -7.8207444359 0.0251786663 0.1576856339
29119 312907.27 113.8458939988 34.0876304119 3777103.291403 762691.6547816 57.5935471356 1.0226621689 -0.9285671417 269.9830106971 -7.8934260115 -0.0044062323 0.158339963
29120 312907.4 113.8458828372 34.0876303836 3777103.259545 762690.6242760002 57.6093796296 0.9763786978 -0.8885670749 269.7827204069 -7.9610455735 -0.0257167979 0.118468879
29121 312907.53 113.8458715723 34.0876303238 3777103.223932 762689.584333 57.6244137138 0.9600088102 -0.8195021248 269.5723472397 -8.0350029088 -0.0533570925 0.1141526993
29122 312907.66 113.845860207 34.0876302327 3777103.184587002 762688.5352059 57.6391203562 1.014802714 -0.7186567537 269.352454974 -8.1020291046 -0.0830896998 0.1101877406
29123 312907.79 113.8458487411 34.0876301082 3777103.141277 762687.4768995 57.6523935618 1.0653111005 -0.6038305455 269.137648112 -8.1766670814 -0.1097421124 0.1166457309
29124 312907.85 113.845843417 34.0876300365 3777103.119626 762686.9855245998 57.6586163742 1.0966159816 -0.6027105922 269.0446602056 -8.2025185736 -0.1307606884 0.110354748
29125 312907.98 113.8458318171 34.0876298418 3777103.068174 762685.9150676 57.6766613349 1.0428035009 -0.6400835803 268.8444455427 -8.2682384254 -0.1730651172 0.1661661351
29126 312908.11 113.8458201208 34.0876296193 3777103.013396 762684.8357872 57.6944442159 0.964254757 -0.6401836864 268.6478488882 -8.3394871651 -0.2001594028 0.1136732634
29127 312908.23 113.8458092376 34.0876293873 3777102.959651 762683.8316183 57.7066172026 1.002317548 -0.6572259479 268.4824157255 -8.4024086911 -0.2283725315 0.1111733025
29128 312908.35 113.8457982683 34.0876291243 3777102.902244 762682.8195885002 57.7204234237 1.0618591265 -0.6860102427 268.3188439158 -8.4704647936 -0.2561474113 0.1324433346
29129 312908.47 113.8457872135 34.0876288341 3777102.841598 762681.7997542 57.7347208215 1.1253476109 -0.7286401838 268.1678725292 -8.5325869017 -0.2773215749 0.1259293501
29130 312908.59 113.8457760898 34.0876285168 3777102.777773 762680.7736425 57.7507186858 1.0916263166 -0.7644055666 268.0351697018 -8.5701710545 -0.3016200751 0.1721343069
29131 312908.71 113.84576494 34.0876281741 3777102.711057 762679.745201 57.7697915826 1.0254273763 -0.8165990627 267.923679802 -8.5808342441 -0.3236524717 0.1593143196
29132 312908.82 113.8457547226 34.0876278469 3777102.648462 762678.8027955998 57.7852318184 1.055666099 -0.87701022 267.8066150095 -8.5597654441 -0.3368535482 0.1452013318
29133 312908.94 113.8457436187 34.0876274748 3777102.578605 762677.7786830999 57.8020019028 1.0285655134 -0.8487253194 267.6912912609 -8.5163607142 -0.3470310029 0.1542472377
29134 312909.06 113.8457325653 34.0876270869 3777102.507126 762676.7592752 57.8197759874 0.9931739215 -0.8734701137 267.5816249166 -8.4820924277 -0.3697546914 0.1719747286
29135 312909.18 113.8457215542 34.0876266775 3777102.433364 762675.7438389 57.8374296259 1.006448198 -0.8507855931 267.4944616983 -8.4506575655 -0.3787193931 0.1403616543
29136 312909.3 113.8457105805 34.0876262645 3777102.359303 762674.7318736998 57.853731487 1.0345428324 -0.8140811192 267.4060394226 -8.417901184 -0.3804466578 0.1459085523
29137 312909.42 113.8456996719 34.0876258327 3777102.283323 762673.7259733 57.8727529254 0.8780566906 -0.8844379857 267.3436547399 -8.3498346457 -0.4062626643 0.1778404718
29138 312909.54 113.8456888287 34.0876253899 3777102.206288 762672.7261521998 57.8903851956 0.7936507193 -0.9128506063 267.2884385601 -8.3120261923 -0.4053179574 0.1484625452
29139 312909.67 113.8456771503 34.0876249102 3777102.12301 762671.6493185002 57.9066936476 0.8444481884 -0.9094706851 267.2319383139 -8.2696180482 -0.4100799114 0.1092033701
29140 312909.8 113.8456655423 34.0876244207 3777102.038833 762670.57902 57.9205038436 0.901251305 -0.9671706566 267.1855850486 -8.2072847675 -0.4191948566 0.1236087098
29141 312909.93 113.8456540074 34.0876239237 3777101.953998 762669.5154991 57.937725326 0.9422575693 -0.9906468008 267.1267694859 -8.1638884084 -0.4216955221 0.1497125511
29142 312910.06 113.8456425411 34.0876234282 3777101.8695230014 762668.4582979998 57.9547949042 0.9847983986 -0.9246764945 267.0657802086 -8.1113679684 -0.4192701371 0.1234287343
29143 312910.19 113.8456311458 34.0876229207 3777101.78389 762667.4076979 57.9715271834 0.9112819773 -1.013135267 267.0126533749 -8.0610431729 -0.4445065256 0.1541468048
29144 312910.32 113.8456198142 34.0876223999 3777101.696942 762666.3630168 57.9904358722 0.9036018982 -1.0041067556 266.9386675578 -8.02660149 -0.4320842133 0.1407997455
29145 312910.45 113.845608544 34.0876218799 3777101.610245 762665.3240010998 58.005108797 1.0385208627 -1.0035010426 266.8394245191 -7.9808673201 -0.4578592363 0.1057489967
29146 312910.58 113.8455973427 34.0876213383 3777101.52132 762664.291413 58.020968819 1.1045219658 -0.9866660037 266.7345014245 -7.9253760416 -0.4559949328 0.1588077413
29147 312910.71 113.8455862108 34.0876207868 3777101.431485 762663.2652656998 58.0422030613 1.0030744105 -0.9655322884 266.5621499342 -7.8782545052 -0.4796199173 0.1697434877
29148 312910.84 113.8455751432 34.0876202117 3777101.339193 762662.2451271 58.0622581383 0.9283513041 -0.9077045658 266.3730865937 -7.8357182882 -0.4977560094 0.1561176399
29149 312910.97 113.845564139 34.0876196062 3777101.24369 762661.2309415998 58.0786020896 0.8997743536 -0.9514889914 266.1399200301 -7.7837155625 -0.5374145177 0.1367295043
29150 312911.1 113.8455532005 34.0876189595 3777101.143785 762660.2229443 58.0949974237 0.8817209357 -0.9019983535 265.921163932 -7.7432319142 -0.550944562 0.119125452
29151 312911.23 113.8455423239 34.0876182892 3777101.041423 762659.2207409 58.1116575682 0.7736366498 -0.924598513 265.6766391746 -7.7017151178 -0.5892569808 0.1346900403
29152 312911.36 113.8455315167 34.0876175707 3777100.933887 762658.2250902 58.1263383776 0.7455784854 -0.9443817349 265.4649208514 -7.6427554508 -0.6176412024 0.1107228327
29153 312911.46 113.8455232522 34.0876170068 3777100.850043 762657.4637388 58.1367296996 0.7688799432 -0.9237893151 265.2765613888 -7.6005899459 -0.6258448071 0.1013561623
29154 312911.6 113.845511764 34.0876161825 3777100.7290199986 762656.4055354998 58.1502276789 0.7973385855 -0.9019626922 265.0513961487 -7.5334283556 -0.668048725 0.0999394833
29155 312911.74 113.8455003768 34.0876153281 3777100.604907 762655.3567542 58.1645591147 0.8388106616 -0.8788643613 264.8498277776 -7.4695769157 -0.6803341821 0.1011576785
29156 312911.88 113.8454890934 34.0876144482 3777100.47824 762654.3176366 58.1793586081 0.8678965071 -0.8616579207 264.6538715834 -7.4002134605 -0.709368812 0.1105696843
29157 312912.02 113.8454779147 34.0876135467 3777100.3494379986 762653.2882484 58.1944266902 0.9468890126 -0.8143078647 264.4872775072 -7.332208497 -0.7146558741 0.1047342843
29158 312912.16 113.8454668322 34.0876126381 3777100.220101998 762652.2677648001 58.2104466865 0.9736413254 -0.8442084026 264.3267106874 -7.2666614341 -0.7408747382 0.1396143568
29159 312912.3 113.8454558504 34.0876117087 3777100.08871 762651.2566466 58.227822233 0.9690798609 -0.8455769307 264.1806068016 -7.2013556707 -0.7462399314 0.1283374947
29160 312912.44 113.8454449703 34.0876107665 3777099.956159 762650.254954 58.2454312295 0.9314690132 -0.8629468392 264.0265251052 -7.1320556621 -0.7599057956 0.1277805977
29161 312912.58 113.8454341986 34.0876098049 3777099.821743 762649.2633385998 58.262487256 0.8891412103 -0.8384608846 263.8954105153 -7.0585429222 -0.7658942802 0.1331995134
29162 312912.73 113.8454227893 34.087608775 3777099.678094 762648.2130551 58.2807765258 0.9253475172 -0.7799806074 263.7558499927 -6.9723794788 -0.768953676 0.1386465603
29163 312912.88 113.8454115287 34.0876077286 3777099.533007 762647.1765492 58.2966670981 0.9635482264 -0.7648519492 263.6536286252 -6.8762426401 -0.7824140407 0.1140597099
29164 312913.03 113.8454004217 34.087606681 3777099.388179 762646.1542397 58.314612777 0.8313428196 -0.7875822503 263.5286224876 -6.7840255324 -0.7828648735 0.1340386615
29165 312913.18 113.84538947 34.0876056266 3777099.243004 762645.1462890998 58.3342568623 0.589224079 -0.8051757858 263.4311033155 -6.6921191776 -0.7879351971 0.1203488588
29166 312913.33 113.8453786675 34.0876045753 3777099.098548 762644.1521015002 58.3499352112 0.5729694687 -0.7918696691 263.3370207567 -6.5987040209 -0.7826745988 0.091778118
29167 312913.49 113.8453673381 34.0876034485 3777098.944355998 762643.1094962 58.3601101106 0.676267006 -0.7860252718 263.1692497992 -6.4617646886 -0.7847521885 0.0483162346
29168 312913.65 113.8453562662 34.0876023248 3777098.791173 762642.0906505 58.3707996439 0.7084609594 -0.7707690623 262.8743713925 -6.2959199269 -0.7923757535 0.081798933
29169 312913.71 113.8453521896 34.087601897 3777098.73321 762641.7155658002 58.3769279392 0.6826207783 -0.7758747121 262.7461829839 -6.2351574274 -0.8026505836 0.1144413598
29170 312913.88 113.84534087 34.0876006559 3777098.566359 762640.6742204 58.3949301653 0.5906292774 -0.8231824404 262.4071832155 -6.0530904687 -0.8291599711 0.0779071895
29171 312914.05 113.8453298556 34.0875994054 3777098.399257 762639.661082 58.4049647404 0.7418519554 -0.8033659306 262.0677004235 -5.9227726267 -0.8301254735 0.0477925349
29172 312914.22 113.8453190515 34.0875981207 3777098.228899 762638.6674662 58.4172927365 0.7435794396 -0.8526906438 261.8278962788 -5.8108102045 -0.8586259621 0.0895535717
29173 312914.4 113.8453078185 34.0875967459 3777098.047439 762637.6345314998 58.4346333072 0.6136699582 -0.8996144956 261.6726827368 -5.7058492667 -0.8426259068 0.0973941911
29174 312914.58 113.8452968095 34.0875953891 3777097.868547 762636.6222209 58.4490727605 0.5874486584 -0.7965967922 261.5369521207 -5.585071358 -0.8355625768 0.0617528943
29175 312914.76 113.8452860612 34.0875940394 3777097.691119 762635.6339596999 58.4579901043 0.642544615 -0.7518329608 261.4431558512 -5.430229126 -0.8277419387 0.0576389973
29176 312914.95 113.8452750658 34.0875926363 3777097.507122 762634.6230493 58.4738388779 0.5364455836 -0.7549187883 261.3717345284 -5.2408359435 -0.810775961 0.0811657616
29177 312915.15 113.8452639372 34.0875912255 3777097.321937 762633.5998676999 58.4844735106 0.5531697374 -0.6418103187 261.302704272 -5.0183790658 -0.7691823679 0.0520139382
29178 312915.36 113.8452528173 34.0875898121 3777097.136479 762632.5774885 58.4966382459 0.4955763313 -0.5813968007 261.2257061662 -4.7562595253 -0.7498370998 0.064458654
29179 312915.58 113.8452417612 34.087588388 3777096.949996 762631.5610365 58.5078518353 0.540351415 -0.5254090989 261.1626981995 -4.5351633004 -0.7136573167 0.041400557
29180 312915.81 113.8452307066 34.087586961 3777096.763203 762630.5447393 58.5165117094 0.5918310582 -0.4075567215 261.0728120447 -4.3323790544 -0.6959713056 0.0500344099
29181 312916.05 113.8452197906 34.0875855363 3777096.57702 762629.5412249 58.5292458432 0.5189105958 -0.2847832364 261.0048710691 -4.0448386724 -0.639054288 0.0581023262
29182 312916.31 113.8452089345 34.0875841012 3777096.389837 762628.5432716998 58.5428080251 0.271543036 -0.261270504 260.9354137865 -3.6540786073 -0.5942705417 0.0652209276
29183 312916.6 113.8451982081 34.0875826792 3777096.204436 762627.5572591998 58.554290683 0.1087857673 -0.2022141658 260.9070007762 -3.1850649976 -0.5161132366 0.0424861532
29184 312916.94 113.8451875095 34.0875812554 3777096.018912 762626.5738172 58.5615570871 -0.0374406242 -0.2133820522 260.9907307758 -2.6407156856 -0.4347403418 0.0098531286
29185 312917.34 113.8451766083 34.0875798344 3777095.833177 762625.5716589001 58.5606569173 0.1143782414 -0.362985863 261.6238274724 -2.4289525905 -0.3695414359 0.018548643
29186 312917.43 113.8451742593 34.0875795441 3777095.794924 762625.3556644 58.5630623633 0.0553542264 -0.3346103393 261.9367199491 -2.3948162457 -0.3528761975 0.038610801
29187 312917.86 113.8451634644 34.0875783803 3777095.638002 762624.3625237 58.5593275707 0.1771049631 -0.3058803247 263.7936577746 -2.1999718134 -0.2408211951 0.0250481965
29188 312918.35 113.8451526812 34.0875775006 3777095.512649 762623.3695846999 58.5603263015 0.2029230149 -0.0383980378 264.1656786536 -1.9433662521 -0.1977031678 0.0079727009
29189 312918.88 113.8451418194 34.087576494 3777095.372994 762622.3697807 58.5630240496 0.0831703454 -0.1312450207 262.7503197106 -1.8220953993 -0.2383487928 0.0086345132
29190 312919.57 113.8451310353 34.087575268 3777095.2092120014 762621.3778341998 58.5628882796 0.0722665527 -0.1646891244 261.8845435959 -1.0478063293 -0.1540574414 -0.0140129459
29191 312921.61 113.8451259461 34.0875746842 3777095.131329 762620.909733 58.5522138979 0.1423195969 -0.2211881738 261.5547992929 0.0004888534 0.0022073943 -0.0103293945
