29192 312971.77 113.8468874388 34.087330571 3777072.572042 762784.3104308002 57.1557982219 -0.5576358434 0.6639362069 91.857562626 2.0690231931 -0.0653864778 -0.0204813799
29193 312972.26 113.8468982879 34.0873303462 3777072.57502 762785.3128739 57.1427720953 -0.4153075827 0.6919794979 91.7022326898 2.0673616726 -0.0545325603 -0.0228587022
29194 312972.75 113.846909313 34.087330155 3777072.582173001 762786.3314575 57.1319013918 -0.3166335002 0.718905784 91.4881579506 2.1217428275 -0.049032899 -0.0213164488
29195 312973.2 113.8469202959 34.0873299988 3777072.593095 762787.3460431 57.1180999139 -0.1255274963 0.6738494186 91.3793470273 2.4760234205 -0.0498888677 -0.0219851973
29196 312973.57 113.8469311535 34.0873298274 3777072.602023 762788.3490948002 57.1114293058 -0.0769750952 0.7338299557 91.3064103619 2.9774400804 -0.049954415 -0.0251054071
29197 312973.89 113.8469422882 34.087329663 3777072.612431 762789.3777219 57.1022640895 -0.0384995554 0.7245919366 91.2467731618 3.4779140555 -0.0560347561 -0.0436333691
29198 312974.17 113.8469534853 34.0873295036 3777072.623553 762790.4120884 57.0939448141 -0.0293457188 0.6639768461 91.1740545394 3.9238117355 -0.0645493221 -0.0149236262
29199 312974.42 113.8469646441 34.0873293408 3777072.634207 762791.4429352 57.0863337032 -0.0753674049 0.706419168 91.1093034185 4.327430576 -0.0760046691 -0.0405472312
29200 312974.65 113.8469758647 34.0873291979 3777072.647224 762792.4794225 57.0768962717 -0.0133301903 0.6395931215 91.0049778909 4.689681923 -0.0630521085 -0.0399807885
29201 312974.86 113.8469868945 34.0873290754 3777072.662017 762793.4982293 57.069691198 0.0350059618 0.6368694488 90.8850873228 5.014483653 -0.0636516982 -0.0567014273
29202 312975.06 113.8469980643 34.0873289566 3777072.677575 762794.5299503 57.0575284855 0.2478589942 0.7496902336 90.7948080102 5.3036431857 -0.070905643 -0.0494047711
29203 312975.25 113.8470092579 34.0873288591 3777072.695563 762795.5638026998 57.0539964149 0.2775857885 0.7106061393 90.7004663589 5.5804471609 -0.0443762462 -0.0289289769
29204 312975.43 113.8470203787 34.0873287755 3777072.7149 762796.5908992 57.0501022628 0.3284226965 0.7124520877 90.637284934 5.8333146909 -0.0509856755 -0.0202878531
29205 312975.6 113.847031323 34.0873286892 3777072.733492 762797.6016978001 57.0501844334 0.1454092726 0.7939298883 90.5531556462 6.0653156002 -0.0437266536 0.0116445363
29206 312975.77 113.8470427068 34.0873286203 3777072.755147 762798.6530215 57.0491593266 -0.098299102 0.8023821849 90.5052575786 6.3032045118 -0.0371422691 -0.0281135296
29207 312975.93 113.847053817 34.0873285626 3777072.7773379986 762799.6790601 57.0448371619 -0.2234033519 0.7825196341 90.4309820211 6.5230495826 -0.0324435405 -0.0571438399
29208 312975.99 113.8470580815 34.0873285444 3777072.78629 762800.0728748002 57.0414787186 -0.2113808867 0.7679223514 90.4055632976 6.6054774825 -0.0309837744 -0.0738051519
29209 312976.14 113.847068985 34.0873285075 3777072.810255 762801.0797556 57.0272536995 -0.0553772656 0.7869204475 90.3579841241 6.8125484137 -0.0273739055 -0.0953576595
29210 312976.29 113.8470802191 34.0873284712 3777072.835139 762802.1171561 57.0176682212 0.0344694946 0.81645846 90.2725592104 7.0150639371 -0.0188066918 -0.035931614
29211 312976.44 113.8470917803 34.0873284529 3777072.862858 762803.1847063 57.0102122007 0.0101270831 0.842210773 90.1810332541 7.2131336743 -0.0103968953 -0.0641092703
29212 312976.58 113.8471028561 34.08732845 3777072.891042 762804.2073983002 57.0036193766 -0.0224722166 0.8541393193 90.0851726611 7.3916472599 0.0050081132 -0.0313007243
29213 312976.72 113.8471142082 34.0873284657 3777072.922004 762805.2555378 56.9984002616 -0.0853293846 0.8412354769 90.0028097842 7.5798083459 0.0202780461 -0.0602370658
29214 312976.86 113.8471258375 34.087328492 3777072.954853 762806.3292335002 56.9888849584 -0.0846267623 0.8303350876 89.9298871964 7.7569048327 0.0256057246 -0.0759910135
29215 312976.99 113.8471368819 34.0873285294 3777072.987431 762807.3488961 56.9828692935 -0.1458955312 0.864144418 89.8981036281 7.9259606533 0.0339398659 -0.0588230334
29216 312977.12 113.8471481552 34.087328568 3777073.020727 762808.3896858002 56.9745478351 -0.1929069373 0.8620764912 89.8886811504 8.0873050484 0.0364363268 -0.077525472
29217 312977.25 113.8471596487 34.0873286123 3777073.0552199986 762809.4507959002 56.9642369486 -0.0858976598 0.7912280093 89.8851363488 8.2369032042 0.0424822802 -0.084996668
29218 312977.38 113.8471713655 34.0873286591 3777073.090572 762810.5325149 56.9543706318 0.0554056026 0.7961539931 89.9230704011 8.3976281686 0.0322319346 -0.0604226892
29219 312977.5 113.8471823744 34.0873286947 3777073.122859 762811.5489066 56.9475434879 0.0345471114 0.8001278148 89.9726943537 8.5377667955 0.0326963057 -0.0558797654
29220 312977.62 113.8471935623 34.0873287219 3777073.154669 762812.5818493 56.9447292257 -0.028000352 0.774718116 90.0260656489 8.6736788395 0.0176018468 -0.0346536243
29221 312977.74 113.8472049335 34.0873287359 3777073.1854839986 762813.6317596 56.9386976194 -0.1610723025 0.8149363383 90.0619161378 8.8211058301 0.0071655164 -0.0799157199
29222 312977.86 113.8472164855 34.0873287435 3777073.216068 762814.6983793002 56.929778141 -0.0299600899 0.83789486 90.1129689174 8.9560589425 -0.0027401197 -0.0600882723
29223 312977.98 113.8472282108 34.0873287408 3777073.245944 762815.7810295 56.9196005808 0.2416749374 0.8504965063 90.145153732 9.0808962646 -0.0035429188 -0.0866846688
29224 312978.09 113.8472390875 34.0873287434 3777073.274223 762816.7853210998 56.9147940427 0.253897472 0.8213301566 90.1919583842 9.1809405626 -0.0015996551 -0.000836346
29225 312978.2 113.8472500874 34.0873287434 3777073.302532 762817.8009819002 56.9170837579 0.0057490874 0.7668847017 90.2170579299 9.2938642935 -0.0079004114 0.0288226777
29226 312978.31 113.847261223 34.0873287399 3777073.330808 762818.8291892 56.9178181458 -0.1292300284 0.7186796871 90.2474327015 9.4116417412 -0.0132588553 -0.0568266498
29227 312978.42 113.8472724963 34.0873287303 3777073.358761 762819.8701363001 56.9074476389 0.036441379 0.6923841587 90.2694721723 9.5247256791 -0.0170343418 -0.1382395857
29228 312978.53 113.8472838989 34.0873287182 3777073.386766 762820.9230259 56.8977865074 0.222958775 0.6800966265 90.2742817293 9.6297816288 -0.0224304187 -0.0499872812
29229 312978.64 113.8472954268 34.0873287013 3777073.414558 762821.9874965998 56.8974410994 0.181242215 0.721591055 90.2515093649 9.7332678013 -0.0207517359 0.0172419893
29230 312978.75 113.8473070739 34.0873286886 3777073.4431300014 762823.0629622 56.8980942862 0.076449022 0.7218267482 90.2374926288 9.8324189317 -0.0178861604 -0.0251124592
29231 312978.86 113.8473188424 34.0873286812 3777073.472598002 762824.1496208 56.8956021313 -0.0497300618 0.7259469647 90.2221777022 9.9390196828 -0.0134640177 -0.0337537426
29232 312978.97 113.8473307414 34.0873286727 3777073.502276 762825.2483339001 56.8922341745 -0.1148589184 0.7126317624 90.202264997 10.0491328509 -0.0139540683 -0.0414472054
29233 312979.07 113.8473416809 34.0873286699 3777073.530126 762826.2584308 56.8858448137 -0.09604891 0.7241575396 90.1897585005 10.1548100952 -0.0039793067 -0.0975869002
29234 312979.17 113.8473527353 34.0873286682 3777073.558391 762827.279138 56.8771481384 -0.0537986533 0.7474210613 90.1533260213 10.2536763244 -0.0044885379 -0.0809123359
29235 312979.27 113.8473638965 34.0873286693 3777073.587235 762828.3096956 56.8709557289 -0.0593111502 0.7671085583 90.0967121428 10.3517496277 0.0016709838 -0.0454253186
29236 312979.33 113.8473706471 34.0873286742 3777073.605152 762828.9329982 56.8683616053 -0.125587366 0.7943715024 90.0637557198 10.4158418459 0.0095537819 -0.0462858388
29237 312979.43 113.8473819918 34.087328694 3777073.636551 762829.9804406 56.8618877623 -0.1458097973 0.7857404822 90.0183655366 10.525439174 0.0282237557 -0.0820780671
29238 312979.53 113.8473934518 34.0873287201 3777073.668944998 762831.0385105 56.8535300046 -0.1073443445 0.8145083136 89.9686624184 10.6275667591 0.0260446693 -0.0814582763
29239 312979.63 113.8474050271 34.0873287558 3777073.7026949986 762832.1071987 56.8453935627 -0.0642088821 0.793840262 89.9304773917 10.7363773549 0.0404689949 -0.0790163836
29240 312979.73 113.8474167163 34.0873288001 3777073.737706 762833.1863715 56.8381785406 -0.0790828548 0.7939972246 89.9017838633 10.8399490565 0.0494703953 -0.0786513941
29241 312979.83 113.8474285183 34.0873288503 3777073.773653 762834.275945 56.8320677308 -0.1013712255 0.7921017211 89.8723941919 10.944139256 0.0552665631 -0.089456447
29242 312979.93 113.8474404336 34.087328902 3777073.810063 762835.3759726 56.8240513895 -0.0100455623 0.8297078166 89.8404498263 11.048219727 0.0581288541 -0.0964448891
29243 312980.03 113.8474524627 34.0873289601 3777073.847466 762836.4864989 56.8157087993 0.1194446002 0.811384495 89.8158628067 11.1567904131 0.0662545866 -0.0829647678
29244 312980.12 113.847463369 34.0873290195 3777073.8821269986 762837.4933375 56.8119517015 0.1286093879 0.7981036682 89.7931701992 11.2322939836 0.0734010874 -0.0051414693
29245 312980.21 113.8474743607 34.0873290831 3777073.917482 762838.508055 56.8112750603 -0.0252247169 0.7918925095 89.785159751 11.3249549418 0.0756123765 -0.0093410247
29246 312980.3 113.8474854396 34.0873291486 3777073.953265 762839.5308084 56.8085250622 -0.1101500562 0.771229692 89.790002535 11.408270883 0.0758687282 -0.0671642018
29247 312980.39 113.8474966017 34.0873292153 3777073.989401 762840.561246 56.8009008402 -0.059665453 0.7793489097 89.7996875019 11.4961712446 0.0815002258 -0.1225170865
29248 312980.48 113.8475078516 34.0873292766 3777074.025166 762841.5998098 56.7912908616 0.114420436 0.7888416388 89.8023884915 11.5840914639 0.0687094091 -0.0909025297
29249 312980.57 113.8475191779 34.0873293356 3777074.060859 762842.6454311998 56.7862076992 0.1265881478 0.7962905895 89.8039125449 11.6606161546 0.0699855941 -0.0138483043
29250 312980.66 113.8475305861 34.087329395 3777074.096823 762843.6986218998 56.7860935759 -0.0210864698 0.8209679614 89.8107166805 11.7467299599 0.0672364359 0.0004140599
29251 312980.75 113.8475420731 34.0873294543 3777074.132964 762844.7590840998 56.7843166515 -0.0688795075 0.7757210126 89.8071025915 11.8352154199 0.0722194745 -0.0635151356
29252 312980.84 113.8475536463 34.0873295196 3777074.170003 762845.8274828 56.7774544712 0.0724046843 0.76505443 89.8247359836 11.9144490871 0.0784274113 -0.0929727009
29253 312980.93 113.847565299 34.0873295825 3777074.206979 762846.9032279998 56.7701039063 0.1537891908 0.7186916657 89.82982761 11.9915285278 0.0714604424 -0.0615893526
29254 312981.02 113.8475770278 34.0873296443 3777074.244032 762847.9860145 56.7679142719 0.0328023281 0.7353440672 89.837156711 12.0717057674 0.065646476 0.0084314999
29255 312981.11 113.8475888331 34.0873297062 3777074.281285 762849.0758536998 56.7678419175 -0.185850397 0.7402789391 89.829389311 12.158223965 0.0743657171 -0.0349135252
29256 312981.2 113.8476007207 34.0873297674 3777074.318682 762850.1732981 56.7617156599 -0.2272647054 0.8020116118 89.8391152799 12.2378911148 0.0614732879 -0.1145438439
29257 312981.29 113.8476126903 34.0873298258 3777074.355965 762851.2783186998 56.7498497618 -0.0650428888 0.7676252222 89.8442356757 12.3182672051 0.0693291558 -0.1406751232
29258 312981.38 113.8476247399 34.0873298871 3777074.39379 762852.3907213 56.7391544878 0.0673868053 0.8292631691 89.8673277654 12.4001841828 0.0656163528 -0.1108231681
29259 312981.47 113.8476368636 34.0873299431 3777074.431214 762853.5099846 56.7342332955 0.0602580257 0.8092270715 89.8812630886 12.4760920944 0.0670802732 -0.0372932427
29260 312981.55 113.8476477039 34.0873299935 3777074.4647120014 762854.5107546998 56.7328367746 -0.0297268627 0.8282894333 89.9030378736 12.5461836532 0.0564799955 -0.0305002857
29261 312981.63 113.8476586008 34.0873300378 3777074.497671 762855.5167810002 56.7306952765 0.009408328 0.8991433201 89.9139375071 12.6111809426 0.0485564432 -0.0345895354
29262 312981.71 113.8476695594 34.0873300775 3777074.530294 762856.5285154 56.7256140038 0.0725829455 0.9096481753 89.9244556054 12.6842721981 0.0499994041 -0.0804778715
29263 312981.79 113.8476805778 34.0873301186 3777074.563211 762857.5457619 56.7203725241 0.1718946399 0.898573003 89.9449768794 12.7477594646 0.0517974777 -0.0481544142
29264 312981.87 113.8476916531 34.0873301583 3777074.596131 762858.568267 56.7187194508 0.0526052956 0.926045579 89.9605278847 12.8176685223 0.0516924299 0.0044610922
29265 312981.95 113.8477027867 34.0873301936 3777074.628704 762859.5961755 56.7173449779 -0.0135511814 0.8910033935 89.9751986588 12.8783497182 0.0402365738 -0.0376943916
29266 312982.03 113.8477139798 34.0873302303 3777074.661587 762860.6295692 56.7123845182 0.0240595581 0.8850579191 89.9931360658 12.9558253751 0.0491814233 -0.0907645746
29267 312982.11 113.847725235 34.087330253 3777074.693082 762861.6687398001 56.7059284672 0.0674944127 0.9076547105 90.0063433459 13.0188681941 0.0216468912 -0.0788065136
29268 312982.19 113.8477365472 34.0873302716 3777074.724274 762862.7131808002 56.7015355416 0.0246650351 0.8483218763 90.0105777198 13.084116033 0.0320940122 -0.0387561635
29269 312982.27 113.8477479194 34.0873302952 3777074.756158 762863.7631511998 56.6989836963 -0.1055780233 0.8588234971 90.0294067076 13.1535933875 0.0364045092 -0.0374617158
29270 312982.35 113.847759351 34.087330312 3777074.7874550014 762864.8186304 56.6943571418 -0.2018268086 0.8689721393 90.0423325779 13.2227546419 0.0229484185 -0.0733167103
29271 312982.43 113.8477708424 34.0873303309 3777074.8191370014 762865.8796244 56.6860782113 -0.0328420238 0.8312527933 90.077057156 13.292894697 0.0289074284 -0.1377926035
29272 312982.51 113.8477823916 34.0873303465 3777074.850595 762866.945958 56.676162553 0.0620493981 0.8043594374 90.0915242602 13.3512345928 0.0216958684 -0.1122887303
29273 312982.59 113.847793997 34.0873303588 3777074.881839 762868.0175045 56.6705922121 0.0955956391 0.7959591713 90.1095539154 13.4191781861 0.0154564377 -0.0250575777
29274 312982.67 113.8478056546 34.0873303642 3777074.912438 762869.0938839002 56.6709607542 -0.0631988985 0.8174617072 90.1144741868 13.4845296156 0.006663069 0.0275385428
29275 312982.75 113.8478173709 34.0873303697 3777074.943218 762870.1756796 56.6686428459 -0.1535782032 0.8483709981 90.1361032924 13.5518317956 0.0071892565 -0.0774569995
29276 312982.83 113.847829147 34.08733037 3777074.973558 762871.2630169 56.6614545072 -0.081508421 0.8400885336 90.1373449562 13.6171522567 -0.0012246821 -0.0967673303
29277 312982.91 113.8478409789 34.0873303704 3777075.00407 762872.3555085999 56.6530227298 -0.0419206468 0.8441887343 90.1270192163 13.6792966504 0.0011006684 -0.0981952362
29278 312982.99 113.8478528661 34.0873303724 3777075.034886 762873.4530955999 56.6460632309 0.0172984694 0.8086125199 90.1112076942 13.7415150512 0.0106271978 -0.0686111049
29279 312983.07 113.8478648074 34.0873303868 3777075.067234 762874.5556462 56.6400548033 0.0023758062 0.7522596281 90.1153454898 13.8063493805 0.0237512652 -0.0683108229
29280 312983.15 113.8478767988 34.087330405 3777075.100122 762875.6628000998 56.6357127996 -0.0114314445 0.7121467474 90.1144835842 13.8635772347 0.0198815578 -0.0332595487
29281 312983.23 113.8478888411 34.0873304244 3777075.1332769985 762876.7746585 56.6325149722 -0.1244473203 0.6974877878 90.1146531213 13.9189967729 0.0243097208 -0.047466428
29282 312983.31 113.8479009355 34.0873304396 3777075.166088 762877.8913439 56.6272768332 -0.1537821031 0.6759884211 90.0978780327 13.9838405082 0.0194502977 -0.078757845
29283 312983.39 113.8479130806 34.0873304559 3777075.199166 762879.0127066999 56.6192004299 -0.1077308741 0.7144419548 90.0897907045 14.0370746955 0.0188849112 -0.1030834596
29284 312983.47 113.847925274 34.0873304689 3777075.232003 762880.1385346998 56.6104566539 -0.0466233121 0.7438586019 90.0761413321 14.0899576473 0.0151941987 -0.0937885007
29285 312983.55 113.8479375151 34.0873304873 3777075.265553 762881.2687498 56.6042053504 -0.0963438436 0.8293618409 90.0760330379 14.14855131 0.0212885216 -0.0477252016
29286 312983.63 113.8479498032 34.0873304996 3777075.2985519986 762882.4033265002 56.5981395375 -0.0726479681 0.8302626834 90.063435459 14.2017344106 0.0137602101 -0.0745635353
29287 312983.71 113.8479621386 34.0873305192 3777075.332489 762883.5422464 56.5927931881 -0.1826444026 0.8434400088 90.0609847998 14.2579209382 0.023815623 -0.0648113698
29288 312983.78 113.8479729684 34.0873305358 3777075.362207 762884.5421516999 56.587202807 -0.1825265133 0.8193697654 90.0487952248 14.3011966237 0.0253325649 -0.0900625789
29289 312983.85 113.847983835 34.0873305593 3777075.392789 762885.5454409 56.5805202322 -0.1221097059 0.7986140832 90.059078144 14.3539598838 0.0368249059 -0.0993108458
29290 312983.92 113.8479947388 34.0873305834 3777075.423534 762886.5521599 56.5718117347 -0.018303257 0.7781872575 90.0699104642 14.4027630889 0.0302279808 -0.1255540782
29291 312983.99 113.8480056783 34.087330606 3777075.454204 762887.5621863 56.5648817085 0.120315154 0.7633043117 90.0775189752 14.4445085007 0.0322665973 -0.0685966058
29292 312984.06 113.8480166507 34.0873306214 3777075.484169 762888.5752599 56.5642068666 -0.0448317649 0.7982660392 90.0682589664 14.4872583169 0.0152607675 0.0314475649
29293 312984.13 113.8480276568 34.0873306326 3777075.513741001 762889.5914694 56.5645292094 -0.2819899463 0.8473059186 90.050969406 14.5399599772 0.0203637253 -0.030627634
29294 312984.2 113.8480387024 34.0873306452 3777075.543575 762890.6113185 56.5591332829 -0.2912704891 0.8911481468 90.0491873842 14.5906047833 0.0186032838 -0.1203902714
29295 312984.27 113.848049783 34.087330659 3777075.573635 762891.6343919 56.5481901364 -0.1937413326 0.8863405108 90.0503529396 14.6327563511 0.02693611 -0.1714290225
29296 312984.34 113.8480608987 34.0873306778 3777075.604341 762892.6606994 56.5367285106 -0.0007904917 0.8482847803 90.0684926198 14.6776881759 0.0313639703 -0.1395784233
29297 312984.41 113.848072044 34.0873306971 3777075.63518 762893.6897281 56.5301474174 0.0651003648 0.7496588358 90.0772192616 14.7134011336 0.0326890286 -0.0397415968
29298 312984.48 113.8480832199 34.0873307206 3777075.6665550014 762894.7215801 56.5293074334 -0.0698910999 0.6760317039 90.0903845368 14.7541598203 0.0381975879 0.0166955208
29299 312984.55 113.8480944267 34.0873307426 3777075.697848001 762895.7562836 56.5282815332 -0.0763350759 0.6400110979 90.0986127765 14.7976990418 0.0279952546 -0.0315879024
29300 312984.62 113.8481056672 34.0873307624 3777075.728989 762896.7941035 56.52444149 -0.1008199166 0.6255638007 90.106136622 14.8383591193 0.0282008717 -0.0684396722
29301 312984.69 113.8481169386 34.0873307757 3777075.759483998 762897.8348013002 56.5193977943 -0.0921001221 0.5852515149 90.0988015964 14.8733157489 0.0147215985 -0.0586012019
29302 312984.76 113.848128241 34.087330789 3777075.790055 762898.8783615 56.5149727445 -0.1577887506 0.6066014127 90.0914582942 14.9262879759 0.0198939324 -0.0637183223
29303 312984.83 113.8481395734 34.0873307984 3777075.820272 762899.9246964002 56.5088106301 -0.2941557176 0.6962207252 90.086181396 14.9601059046 0.0050860917 -0.0937829722
29304 312984.9 113.8481509375 34.0873308088 3777075.8506910014 762900.9739641 56.499243631 -0.1526070329 0.6912334166 90.0890809126 15.0059629556 0.0216851092 -0.1572933516
29305 312984.97 113.8481623314 34.08733082 3777075.8812690014 762902.025976 56.4910035171 -0.1150171883 0.7250166887 90.0947730855 15.0474843664 0.0082268126 -0.0741470022
29306 312985.04 113.8481737515 34.0873308294 3777075.911711 762903.0804159 56.4842354385 -0.1213714732 0.7863262981 90.0940726089 15.0721248046 0.0178956243 -0.0834735006
29307 312985.11 113.8481851998 34.0873308357 3777075.941886 762904.1374636998 56.4815790504 0.0141898894 0.7930958544 90.09407119 15.1037864078 0.0059434129 -0.0161857708
29308 312985.18 113.848196672 34.0873308412 3777075.972033 762905.1967255998 56.4795487635 -0.0700608446 0.8474748262 90.087268722 15.1444652144 0.0104791313 -0.0324608214
29309 312985.25 113.8482081642 34.0873308506 3777076.002668 762906.2578242 56.4758449812 0.1246454456 0.8576933785 90.0985180704 15.1526913628 0.0150540484 -0.0591259868
29310 312985.32 113.8482196756 34.0873308583 3777076.033151998 762907.3206964 56.4744736878 0.1029027888 0.8716044787 90.0985331065 15.1830119687 0.0130798432 0.0120282582
29311 312985.39 113.8482312025 34.0873308671 3777076.063805 762908.385002 56.4753615493 -0.0510386711 0.8774056293 90.0975466518 15.2035887181 0.0150082289 -0.001633985
29312 312985.46 113.8482427485 34.0873308742 3777076.094329 762909.4510669 56.4741219068 -0.2038022645 0.8776966546 90.091517494 15.2341662873 0.0095996762 -0.035327094
29313 312985.53 113.8482543136 34.0873308841 3777076.1252 762910.5188896 56.467889064 -0.280829936 0.8817991685 90.0857702754 15.2537056319 0.0154097159 -0.1287567024
29314 312985.6 113.8482658945 34.0873308938 3777076.156094 762911.588177 56.4588373406 -0.1412887974 0.8211803225 90.082965033 15.2790834066 0.014850691 -0.1448589872
29315 312985.67 113.8482774923 34.0873309099 3777076.18774 762912.6590066998 56.4501502616 -0.1536494934 0.8271169434 90.0888758094 15.2939083933 0.0277153414 -0.0874672908
29316 312985.74 113.8482891003 34.0873309255 3777076.219356 762913.7307728 56.4452848369 -0.2045372231 0.8012339195 90.0898091231 15.3058693465 0.0263895581 -0.0492535037
29317 312985.81 113.8483007225 34.08733094 3777076.250886 762914.8038523 56.4426548788 -0.3701096916 0.7903777581 90.0943120668 15.3288683226 0.0166453855 -0.0162027705
29318 312985.88 113.8483123557 34.0873309504 3777076.281995 762915.8779665 56.4371646317 -0.502307436 0.8424760716 90.0837738485 15.341962886 0.0122046605 -0.119710061
29319 312985.95 113.8483240042 34.0873309585 3777076.312886 762916.9534960998 56.4270292828 -0.3130599748 0.83568888 90.0787309446 15.3516141578 0.0127630736 -0.1356431615
29320 312986.02 113.8483356611 34.0873309664 3777076.343783 762918.0298043 56.4170881007 -0.3174889596 0.9088987817 90.06966486 15.3693421717 0.01133384 -0.130774076
29321 312986.09 113.8483473271 34.0873309739 3777076.374649 762919.1069529002 56.4090286223 -0.2644689568 0.9120611638 90.0650562596 15.3811132156 0.0167095262 -0.092716792
29322 312986.16 113.8483590012 34.0873309846 3777076.405889 762920.1848443 56.4018611163 -0.3002111877 0.9652765575 90.0624175252 15.3940221974 0.0169811434 -0.090731718
29323 312986.23 113.8483706831 34.0873309994 3777076.437613 762921.2634357 56.3939449061 -0.0945622072 0.9695890972 90.0749488695 15.4011701945 0.0257880221 -0.1126549025
29324 312986.3 113.8483823699 34.0873310114 3777076.469036 762922.3424876998 56.389468655 -0.0934761673 0.9657437621 90.0803359923 15.4069036651 0.0104900928 -0.0179073976
29325 312986.37 113.8483940623 34.0873310252 3777076.500678 762923.4220551999 56.3870179132 -0.144875135 0.9433743999 90.0826627165 15.4157667955 0.0250441807 -0.0251635956
29326 312986.44 113.8484057622 34.0873310393 3777076.532357 762924.5023167 56.3848522427 -0.1628046275 0.9673587536 90.0914747933 15.4292219677 0.0143950548 -0.035226498
29327 312986.51 113.8484174716 34.0873310512 3777076.563833999 762925.5834625 56.3800232103 -0.1493702456 0.9174684711 90.091081341 15.4419507324 0.0237295279 -0.0870510557
29328 312986.58 113.8484291883 34.0873310653 3777076.595569 762926.6652662 56.3750333842 -0.1041080498 0.9205770881 90.0975480836 15.4483417101 0.017307769 -0.0565737878
29329 312986.65 113.8484409117 34.0873310769 3777076.627038 762927.7477044001 56.371123855 -0.1884759204 0.8926306391 90.0938224163 15.4540059014 0.0240873984 -0.0619746807
29330 312986.72 113.8484526425 34.0873310908 3777076.658781 762928.8308167 56.3678228995 -0.2511899777 0.878809597 90.1005647749 15.4677844537 0.0184834168 -0.0313188561
29331 312986.79 113.8484643849 34.0873311034 3777076.690415 762929.915009 56.3623627154 -0.3412302215 0.8476198965 90.0975632896 15.4876995453 0.0235942874 -0.0937508072
29332 312986.86 113.8484761362 34.08733112 3777076.722522 762931.0000055 56.3540915567 -0.2514860295 0.7911052331 90.1045550408 15.4914604856 0.0290913324 -0.1140825195
29333 312986.93 113.8484878977 34.0873311355 3777076.754528 762932.0859409 56.3464464815 -0.1981378266 0.7895198952 90.1101305035 15.5075225437 0.024201356 -0.0953974669
29334 312987.0 113.8484996679 34.0873311509 3777076.786538 762933.1726938002 56.3395275734 -0.0744816236 0.755244087 90.1103032784 15.5155692686 0.0216202537 -0.0781010468
29335 312987.07 113.8485114478 34.0873311626 3777076.818176 762934.2603428002 56.3349857973 0.0041560218 0.7404695319 90.1019017148 15.5376353619 0.0193837746 -0.032818406
29336 312987.14 113.848523236 34.087331177 3777076.850121 762935.3487575 56.3324868158 0.0053033917 0.78029174 90.0970824621 15.5453881062 0.0191282508 -0.0141358556
29337 312987.21 113.848535033 34.0873311894 3777076.881875 762936.4379837 56.3319916846 -0.0347958858 0.7769695108 90.0930000415 15.5600965724 0.0196278816 0.0041518113
29338 312987.28 113.8485468398 34.0873312064 3777076.914164 762937.5281069998 56.3318103878 -0.2058127745 0.7352224513 90.0892130103 15.5659380929 0.0309777537 -0.0099750217
29339 312987.35 113.8485586591 34.087331224 3777076.946553 762938.6193745999 56.329458707 -0.3545043169 0.7746006169 90.0889982463 15.5928050028 0.0228620845 -0.05088231
29340 312987.42 113.8485704935 34.0873312424 3777076.979065 762939.7120438 56.3208286082 -0.3650868253 0.6988538535 90.0861722836 15.609619843 0.0313748812 -0.1527645472
29341 312987.49 113.8485823402 34.0873312612 3777077.011656 762940.8058409998 56.3093151618 -0.230215647 0.6731888228 90.0872603057 15.6269402153 0.0203032416 -0.1459324012
29342 312987.56 113.8485941997 34.0873312795 3777077.044221 762941.9008242 56.298123572 -0.0932639018 0.6616760617 90.0759697088 15.6419787913 0.0245918811 -0.1263877826
29343 312987.63 113.8486060659 34.0873312979 3777077.076824 762942.9964278 56.2904913984 0.162096243 0.6321688364 90.0697245378 15.6443489858 0.0301417941 -0.0617491681
29344 312987.7 113.8486179417 34.0873313227 3777077.110152 762944.0928911 56.2896955824 0.2661559102 0.7283854604 90.0740868649 15.6599356728 0.0368953494 0.0542910212
29345 312987.77 113.8486298213 34.0873313368 3777077.142304 762945.1897473 56.2946506701 0.1781150227 0.7294093064 90.0605089456 15.666876616 0.0203468933 0.0938883653
29346 312987.84 113.8486417096 34.0873313571 3777077.175175 762946.2873785 56.2998055024 0.1397500813 0.6913140838 90.0515467215 15.6754590413 0.0338711009 0.0879889875
29347 312987.91 113.8486536053 34.0873313781 3777077.208139 762947.3856919 56.3033364667 0.0843007379 0.6937579377 90.0394531823 15.6910813581 0.0295750733 0.019912812
29348 312987.98 113.8486655116 34.0873314068 3777077.241977 762948.4849678002 56.3018883718 0.0781301417 0.6116162378 90.0372666617 15.6947226226 0.0513295401 -0.0304506528
29349 312988.05 113.848677426 34.0873314387 3777077.276199 762949.5849798 56.2997597782 0.0843429293 0.5559341089 90.0362484709 15.712448136 0.0520402478 -0.0226229867
29350 312988.12 113.8486893498 34.0873314687 3777077.310236 762950.6858564 56.2976517687 -0.0234924868 0.5340488112 90.0270405159 15.7259552495 0.0514305297 -0.0177290213
29351 312988.19 113.8487012807 34.0873314996 3777077.344388 762951.7873916 56.2951254491 -0.0243107523 0.4769390317 90.0125090837 15.7361352842 0.0566726459 -0.0382666924
29352 312988.26 113.8487132242 34.0873315338 3777077.378935 762952.8900814 56.2913965359 0.069846216 0.4826407919 90.0044721723 15.7506341844 0.0552684807 -0.0445967304
29353 312988.33 113.8487251738 34.0873315658 3777077.413258998 762953.9933486 56.288977663 0.2012078785 0.4813848803 89.9935662626 15.7592173309 0.053119875 -0.001657814
29354 312988.4 113.8487371303 34.0873316012 3777077.447985 762955.0972270998 56.290737005 0.2666709815 0.4600281579 89.9848336004 15.7642329523 0.0638234665 0.0661518845
29355 312988.47 113.8487490901 34.0873316349 3777077.482521 762956.2014285999 56.2962227724 0.1123616877 0.5151820531 89.964812054 15.7723949153 0.0552440148 0.0937962699
29356 312988.54 113.8487610606 34.0873316698 3777077.517214 762957.3066069002 56.2999428129 0.0019210588 0.5492167641 89.9533279281 15.7911295569 0.0573242091 0.036235454
29357 312988.61 113.8487730391 34.0873317054 3777077.552017 762958.4125216998 56.2997831451 -0.1252469553 0.5877237707 89.936168015 15.8009995173 0.0609180324 -0.0246985234
29358 312988.68 113.8487850287 34.0873317443 3777077.587201 762959.5194511998 56.295998822 -0.1671538388 0.6772007718 89.9259876132 15.811095509 0.0677498757 -0.093622219
29359 312988.75 113.8487970276 34.0873317837 3777077.622479 762960.6272391998 56.2884146869 -0.103701211 0.6652687124 89.9137065321 15.8185944511 0.0657552287 -0.1021694311
29360 312988.82 113.8488090383 34.0873318297 3777077.65851 762961.7360955 56.2797031654 0.0032854634 0.6577807989 89.9125120431 15.8348388425 0.0791631899 -0.1049847811
29361 312988.89 113.8488210553 34.0873318765 3777077.694654 762962.8455346 56.2749980334 0.0076568995 0.6459376768 89.9041875364 15.8507103808 0.0706625152 -0.0052098359
29362 312988.96 113.8488330782 34.0873319291 3777077.731447 762963.9554963 56.2747047525 -0.1010256603 0.5794103707 89.9022742654 15.8509376778 0.0911493605 0.0107068658
29363 312989.03 113.8488451081 34.087331984 3777077.768522 762965.0661024002 56.2754678205 -0.0309343198 0.5101642081 89.9026089512 15.8680406788 0.0820895359 -0.0068471488
29364 312989.1 113.8488571514 34.08733204 3777077.80575 762966.1779388002 56.2739612199 0.0026472129 0.5312492855 89.9026563099 15.8834154064 0.0883938101 -0.0092103951
29365 312989.17 113.8488692013 34.0873320946 3777077.842842 762967.2903952 56.268952148 0.4137659104 0.4560366545 89.9018872927 15.8745284645 0.08967045 -0.0761905369
29366 312989.24 113.8488812584 34.0873321469 3777077.879697 762968.4035129001 56.2703218125 0.5396338756 0.5107833074 89.9004068037 15.8928138211 0.0822056305 0.1246523436
29367 312989.31 113.8488933116 34.0873321918 3777077.915716 762969.516297 56.281109604 0.2325696976 0.6146911957 89.8756252705 15.8986038579 0.0745809634 0.1633329465
29368 312989.38 113.8489053723 34.0873322397 3777077.9520910014 762970.6297668 56.2875385266 0.2295733804 0.6918885179 89.8723795406 15.9019163185 0.0857755566 -0.0112910393
29369 312989.45 113.8489174451 34.0873322847 3777077.988179 762971.7443634 56.2894200953 0.2789765896 0.7497090501 89.8752766278 15.9239516669 0.0748114442 0.0316104742
29370 312989.52 113.848929524 34.0873323344 3777078.0247949986 762972.8595096 56.2896911642 0.2327323021 0.7873617581 89.8976157865 15.922972513 0.0887919137 -0.0081503679
29371 312989.59 113.8489416074 34.0873323836 3777078.061378 762973.9750621 56.2903628163 0.3006143741 0.7514616511 89.9188331741 15.9322065599 0.0823661454 0.0082395622
29372 312989.66 113.8489536998 34.0873324333 3777078.098032 762975.0914514 56.2936078329 0.1753622436 0.7238963784 89.945282102 15.9459971645 0.0871354447 0.055754659
29373 312989.73 113.8489657967 34.0873324822 3777078.134615 762976.2082631 56.2955017826 0.141201915 0.6718878461 89.9766063133 15.948402156 0.0785371788 -0.0021343583
29374 312989.8 113.8489779043 34.0873325283 3777078.170914 762977.3260649 56.296523734 0.0934181208 0.569613213 90.0069119043 15.9688883609 0.07563824 0.0167526794
29375 312989.87 113.8489900157 34.0873325706 3777078.206798998 762978.4442353002 56.2972685154 -0.0157201871 0.5454688307 90.0308121047 15.9667905009 0.0645409188 -0.0014687531
29376 312989.94 113.8490021364 34.0873326062 3777078.241966 762979.5632815 56.2970716665 -0.0105289019 0.499352761 90.0562416346 15.9882714824 0.0536214301 -0.01403825
29377 312990.01 113.8490142639 34.0873326374 3777078.276656 762980.6829699002 56.2937149657 0.0847807767 0.470497365 90.0784881252 15.990527248 0.0404782037 -0.0579456796
29378 312990.08 113.8490264011 34.0873326624 3777078.310694 762981.8035724 56.291000816 0.2890805397 0.5428839683 90.1019289599 15.9997654337 0.02904067 -0.0019124943
29379 312990.11 113.8490316049 34.0873326701 3777078.324948 762982.2840383 56.2901597945 0.4030915073 0.5793989473 90.1106050494 16.0047921844 0.0267848745 -0.0170552769
29380 312990.18 113.8490437463 34.087332681 3777078.357421 762983.4050757 56.2936321665 0.5214280046 0.5772814467 90.1208278373 15.9979859153 0.0228982429 0.1129414604
29381 312990.25 113.8490558883 34.0873326908 3777078.389786 762984.5261651 56.3041412393 0.3779768084 0.6477003189 90.1349047461 15.9959419666 0.008908328 0.1868053962
29382 312990.32 113.8490680366 34.0873326965 3777078.421698 762985.6478527 56.3150052466 0.1440853617 0.6668701195 90.1485794257 16.0252719136 0.0116244652 0.129232074
29383 312990.39 113.8490801941 34.0873327072 3777078.454195 762986.7703735 56.3199541299 0.0830058676 0.683185131 90.1794698048 16.0314340112 0.0194392067 0.0133544907
29384 312990.46 113.8490923647 34.0873327109 3777078.485951 762987.8941289 56.3194692293 0.1067119831 0.6543239622 90.2059650194 16.0469507421 0.0018690594 -0.017715112
29385 312990.53 113.8491045425 34.0873327131 3777078.517565 762989.0185504 56.3167377198 0.1169646776 0.635610319 90.2225563473 16.0528552209 -0.0044871508 -0.0309274656
29386 312990.6 113.8491167293 34.087332708 3777078.548385 762990.1438229998 56.3147883685 0.0441597701 0.6522447135 90.22351834 16.0715189275 -0.0103023257 -0.0149060828
29387 312990.67 113.8491289269 34.0873327042 3777078.579379 762991.2700971 56.3101200406 0.1693143014 0.6698418987 90.2369837815 16.0753098768 -0.0085773092 -0.0700655284
29388 312990.74 113.849141132 34.0873326972 3777078.610028 762992.3970645 56.3089670697 0.4185919549 0.6210087077 90.2512573036 16.0899975468 -0.0074718694 0.0412286075
29389 312990.81 113.8491533412 34.0873326898 3777078.640653 762993.5244233 56.3154600207 0.2785927551 0.6855566382 90.2596698714 16.0951538197 -0.0146155753 0.1663493427
29390 312990.88 113.8491655584 34.0873326771 3777078.670707 762994.6525246998 56.3232864142 0.1633372172 0.7284734434 90.2635343121 16.1087738924 -0.0148659156 0.0983598769
29391 312990.95 113.8491777861 34.0873326655 3777078.700921 762995.7816011999 56.3290243819 0.1710176436 0.7396593265 90.2756458714 16.1223098544 -0.0208774349 0.0729232999
29392 312991.02 113.8491900226 34.0873326494 3777078.730647 762996.911495 56.3314779941 0.1308528716 0.7756403273 90.2788259826 16.131283896 -0.0228610836 0.018447495
29393 312991.09 113.8492022689 34.0873326254 3777078.759529 762998.0423281002 56.3319222899 0.0904916382 0.7864316178 90.2780539427 16.148165584 -0.0303736853 0.0144439412
29394 312991.16 113.8492145261 34.0873325992 3777078.788179 762999.1741676 56.3305499749 -0.0420078251 0.8166841064 90.2737483252 16.1713684141 -0.027613249 -0.0175264175
29395 312991.23 113.8492267941 34.0873325765 3777078.817262002 763000.3069978 56.3262666436 -0.0320883511 0.7997376158 90.2783745667 16.1793266999 -0.0254451789 -0.0810746985
29396 312991.3 113.8492390725 34.0873325537 3777078.846354 763001.4407829002 56.3210110208 -0.0416742604 0.7525466854 90.2811335098 16.1921803731 -0.0208158879 -0.0469613521
29397 312991.37 113.849251362 34.0873325346 3777078.875884 763002.5755868 56.3162016133 -0.0319810858 0.7643876248 90.2897420238 16.2112702101 -0.0251173405 -0.0507084111
29398 312991.44 113.8492636586 34.087332513 3777078.90516 763003.7110489 56.3117913632 0.0313721451 0.6709041962 90.2894702023 16.2119222836 -0.021566161 -0.0353795005
29399 312991.51 113.8492759593 34.0873324943 3777078.934766 763004.8468901998 56.311008106 0.1191202272 0.7003076645 90.2906144805 16.2146961699 -0.0258943284 0.0298171788
29400 312991.58 113.8492882639 34.087332468 3777078.963546 763005.9831085 56.3113637464 0.2173417948 0.7203383827 90.2756256094 16.2236215447 -0.0306612948 0.0345300155
29401 312991.65 113.8493005652 34.0873324434 3777078.992492 763007.1190148002 56.3138116691 0.36391088 0.7396175084 90.2673387478 16.2070086918 -0.0313810352 0.0628526844
29402 312991.72 113.8493128648 34.0873324172 3777079.021263 763008.2547673 56.3206076659 0.3210059353 0.8016094869 90.2533532375 16.2122088079 -0.0286914935 0.1371100454
29403 312991.79 113.8493251551 34.0873323931 3777079.050246 763009.3896627 56.3275414584 0.2117984509 0.8576157168 90.2356285967 16.1986208491 -0.0243713013 0.0818692125
29404 312991.86 113.84933744 34.0873323732 3777079.079681 763010.5240396998 56.3319503255 0.2916065293 0.8546573964 90.2260915362 16.187652166 -0.0186304593 0.058117033
29405 312991.93 113.8493497132 34.0873323558 3777079.109356 763011.6573334001 56.3358970387 0.1574531481 0.9493031038 90.2149024151 16.1711771089 -0.0205730108 0.0730793603
29406 312992.0 113.8493619741 34.0873323413 3777079.139326 763012.789483 56.3385674264 0.2244687695 0.9246306373 90.2074128188 16.1517896819 -0.0016450966 0.0323814015
29407 312992.07 113.8493742244 34.0873323296 3777079.16959 763013.9206405 56.3420285899 0.1708249286 0.9690743052 90.1961452711 16.139242969 -0.0138111992 0.0825431241
29408 312992.14 113.8493864606 34.08733232 3777079.200042 763015.0504914002 56.3446624177 0.2394682975 0.9949288975 90.1928794085 16.1189055584 -0.0016909985 0.031022542
29409 312992.21 113.849398684 34.0873323091 3777079.230313 763016.1791626 56.3478346076 0.2654692434 1.0247495727 90.1861907603 16.0994400019 -0.0193847576 0.0766160689
29410 312992.28 113.8494108896 34.0873322975 3777079.260461 763017.3061958002 56.3545266045 0.0710707872 0.9911606201 90.1666486568 16.0763386179 -0.003281425 0.124952915
29411 312992.35 113.8494230769 34.0873322925 3777079.291293 763018.4315249 56.3607791364 -0.2651985355 1.0079529644 90.1514644302 16.0527966006 0.0012702391 0.0493096267
29412 312992.42 113.8494352546 34.0873322936 3777079.322782 763019.5559405 56.3583685113 -0.2900779511 0.9603317915 90.1553605435 16.0421752246 0.017116798 -0.0777629497
29413 312992.49 113.8494474183 34.087332298 3777079.354606 763020.679047 56.351080549 -0.2263946337 0.923667353 90.1598771888 16.0252528868 0.0116991741 -0.1107520867
29414 312992.56 113.8494595686 34.087332302 3777079.3863410014 763021.8009245 56.3419843996 0.0328050399 0.8755877021 90.1611658471 16.0021626223 0.016580549 -0.1159911045
29415 312992.63 113.8494716996 34.0873323039 3777079.417805 763022.9210346 56.3382293982 0.2120530614 0.8672351474 90.1569706893 15.9778169749 0.00399971 0.0179134746
29416 312992.7 113.8494838112 34.0873323057 3777079.449204 763024.0393381 56.3420352638 0.2053735467 0.8692499595 90.1524703915 15.9506238601 0.0131419375 0.105366828
29417 312992.77 113.8494959036 34.0873323062 3777079.4804050014 763025.1558809 56.3496250482 0.0756677118 0.8932504694 90.1476838809 15.9247969151 0.0030614465 0.1149316479
29418 312992.84 113.8495079805 34.0873323094 3777079.511869998 763026.2709856 56.3555028867 0.0640051623 0.8665901643 90.1456790213 15.9047139107 0.0210685607 0.0746791049
29419 312992.91 113.8495200426 34.0873323141 3777079.54346 763027.3847186 56.3589464407 -0.001462975 0.858975383 90.1465684429 15.8904832844 0.011813169 0.0368259607
29420 312992.98 113.8495320868 34.08733232 3777079.575137 763028.4967905 56.3603865653 -0.1043644161 0.8126047016 90.1464557924 15.8660574017 0.0227361926 0.0129837485
29421 312993.05 113.8495441169 34.0873323269 3777079.60689 763029.6075603 56.3591065286 -0.1299644819 0.7595783162 90.1427635886 15.843664243 0.0165114718 -0.0471095647
29422 312993.12 113.8495561347 34.0873323359 3777079.638839 763030.7171934 56.355512361 -0.1338932245 0.7414047289 90.1440687019 15.8270537727 0.0229237633 -0.0646573189
29423 312993.19 113.8495681326 34.0873323452 3777079.670783 763031.8249803 56.3505997239 -0.0152760763 0.7411638555 90.1489224228 15.7985953232 0.0128547787 -0.0639794468
29424 312993.26 113.8495801085 34.0873323509 3777079.702266 763032.9307549 56.3479175176 0.1005561587 0.7410205727 90.1517068215 15.7628810622 0.0139174648 -0.0150768392
29425 312993.33 113.8495920579 34.087332352 3777079.733169 763034.0340906 56.3500670558 0.1079335401 0.8029042108 90.1504103816 15.7311681319 -0.0049656615 0.0735741674
29426 312993.4 113.8496039806 34.087332349 3777079.763543 763035.1349766 56.3552082814 0.0466231537 0.8111741717 90.1464862042 15.6959317003 0.0040525736 0.0655406311
29427 312993.47 113.8496158751 34.0873323492 3777079.794199 763036.2332433001 56.3592403429 0.0418743952 0.8761987162 90.1545364498 15.6556633595 0.0010578663 0.0469485261
29428 312993.54 113.8496277396 34.0873323454 3777079.824338 763037.3287542 56.3622316672 0.0679946208 0.9069177897 90.1606009974 15.6131757158 0.0003948352 0.0388427269
29429 312993.61 113.8496395715 34.0873323422 3777079.8544660006 763038.4212564002 56.3642901713 0.0035168798 0.9251839471 90.1652087697 15.5706130228 -0.0031326955 0.0388837384
29430 312993.68 113.8496513665 34.0873323385 3777079.884435 763039.5103486 56.3660743507 -0.0272132055 0.8906949649 90.166672755 15.5192975558 0.0076506011 0.0295593216
29431 312993.75 113.8496631271 34.0873323398 3777079.914876 763040.5962516 56.366882815 -0.0224792015 0.9196347813 90.1809124758 15.4748101675 0.0042220208 0.0111885129
29432 312993.82 113.8496748514 34.0873323389 3777079.944978 763041.6788123 56.3659209358 0.0478323745 0.8865324159 90.188843303 15.4194192594 0.0080287582 -0.0044334706
29433 312993.89 113.8496865369 34.0873323381 3777079.974987 763042.7577871998 56.3671100717 0.0619638105 0.9111993406 90.2051356403 15.370315459 -0.0047992361 0.0537311816
29434 312993.96 113.8496981807 34.0873323315 3777080.004258 763043.8329336 56.3696669061 -0.0417557502 0.9003008649 90.2021636339 15.3090097144 -0.0062615552 0.0516874779
29435 312994.03 113.8497097796 34.087332327 3777080.033629 763044.9039261 56.3725943798 -0.0743776017 0.9100900587 90.2095665602 15.2524008277 -0.0039802451 0.0474952317
29436 312994.1 113.8497213279 34.0873323138 3777080.061917 763045.9702704 56.3721948387 -0.0783224283 0.9233962976 90.21229748 15.1858413212 -0.0109377085 0.0007855006
29437 312994.17 113.8497328136 34.0873323034 3777080.090346 763047.0308305002 56.3715269594 0.0363676435 0.8784117663 90.2305027764 15.0912439651 -0.0036404211 0.0134974095
29438 312994.24 113.8497442396 34.0873322892 3777080.118207 763048.0858804 56.3738221237 -0.0886090491 0.8321141726 90.2325350109 15.01186314 -0.0140083625 0.0757389571
29439 312994.31 113.8497555998 34.0873322771 3777080.146124 763049.1348529998 56.3771083737 -0.238919154 0.7991960212 90.2341486068 14.9307430544 -0.00785868 0.0527973785
29440 312994.38 113.8497668978 34.0873322642 3777080.173803 763050.1780904002 56.3775912346 -0.3712387197 0.7753447383 90.2346285564 14.847665316 -0.0112449261 -0.0050024368
29441 312994.45 113.8497781269 34.0873322536 3777080.201549 763051.2149547 56.3736269763 -0.2538740975 0.7810341836 90.2445843267 14.7528610568 -0.0043865399 -0.0821288858
29442 312994.52 113.8497892873 34.0873322379 3777080.2285629986 763052.2454903001 56.3684985526 0.0403669994 0.7839934946 90.2493766778 14.6586247733 -0.0225640954 -0.0609144271
29443 312994.59 113.849800369 34.0873322182 3777080.2549230014 763053.2687725 56.3670952739 0.1425110877 0.8222213427 90.2380788986 14.5534471871 -0.0210854907 0.041797103
29444 312994.66 113.8498113674 34.0873321986 3777080.281075 763054.2843665 56.3722130125 0.1025135794 0.8851990987 90.2356065469 14.4452256798 -0.0271415849 0.1166837987
29445 312994.73 113.8498222823 34.0873321812 3777080.30726 763055.2922383002 56.3795818007 0.0109365838 0.8422009492 90.2324100311 14.3274724517 -0.0086663442 0.1066304482
29446 312994.8 113.8498331151 34.0873321723 3777080.334179 763056.292511 56.3851322466 -0.0817862417 0.8619108454 90.2490040996 14.2231737668 -0.0039141308 0.0706677488
29447 312994.88 113.849845395 34.0873321577 3777080.3642 763057.4264088002 56.3894323809 -0.1310826157 0.838554163 90.2505989959 14.0924911163 -0.0078790379 0.0526671215
29448 312994.96 113.8498575676 34.087332143 3777080.393924 763058.5504011 56.3912113542 -0.3040498218 0.8332918071 90.2482413968 13.9817668288 -0.0162834593 0.019873236
29449 312995.04 113.8498696333 34.0873321249 3777080.422997 763059.6645423 56.3915591436 -0.4416650342 0.8057279525 90.2281685053 13.8537238399 -0.010796444 -0.0123675399
29450 312995.12 113.8498815957 34.0873321126 3777080.452453 763060.7691209002 56.38750578 -0.4112607835 0.8290538593 90.2217949695 13.7387360853 -0.0172297415 -0.0649002142
29451 312995.2 113.8498934551 34.0873321027 3777080.4819019986 763061.8641766 56.3809444513 -0.2385325869 0.784062436 90.2122441192 13.6114201992 -0.0003394413 -0.0694953935
29452 312995.28 113.8499052028 34.0873320973 3777080.511571 763062.9489169002 56.3767527388 -0.1043495995 0.8784458927 90.219907492 13.4847367726 -0.009977977 -0.0049112114
29453 312995.36 113.8499168418 34.0873320828 3777080.539943 763064.0236386 56.3759305198 0.015342265 0.8660938464 90.2079668148 13.3517258663 -0.0148096122 0.0275837355
29454 312995.44 113.849928364 34.0873320734 3777080.568579 763065.0875582 56.3794350587 -0.0494358108 0.9929459987 90.2017469617 13.2246011777 -0.0071676503 0.072054486
29455 312995.52 113.8499397738 34.0873320572 3777080.596179 763066.1411314 56.3835602021 -0.0468003711 1.0252916786 90.1851999076 13.0885998093 -0.0149597473 0.0575430942
29456 312995.6 113.849951068 34.0873320478 3777080.624232 763067.1839991 56.3861180665 -0.116819468 1.0574480411 90.1881909936 12.9565808266 0.0019854866 0.0327422584
29457 312995.68 113.8499622493 34.0873320389 3777080.652046 763068.216445 56.3877675766 -0.1834896718 1.0449218459 90.1769895442 12.8241291423 -0.0011858292 0.009292422
29458 312995.76 113.8499733115 34.0873320363 3777080.680254 763069.2378745 56.3884901824 -0.3519797933 1.0904342851 90.1745065006 12.6866747376 0.0044170361 -0.0327948218
29459 312995.84 113.8499842608 34.0873320353 3777080.708358 763070.2488726998 56.3861025441 -0.2646067404 1.0603570468 90.1754580427 12.5720491772 0.0053273914 -0.0363450348
29460 312995.92 113.8499950899 34.0873320392 3777080.736691002 763071.2487636999 56.3810472367 -0.0299525842 0.9854325544 90.1858480131 12.4187740072 0.018384812 -0.0623705447
29461 312996.01 113.8500071301 34.087332043 3777080.768126 763072.3604699002 56.3806150314 0.0375207718 1.0184060791 90.1873503415 12.2602778206 0.0019118614 0.0342306577
29462 312996.1 113.8500189989 34.0873320366 3777080.797992 763073.4563933002 56.3865355533 0.0220785848 1.0189048338 90.184014612 12.0930006292 0.0013546774 0.114904542
29463 312996.19 113.8500307053 34.0873320299 3777080.827408 763074.5373116 56.3932487285 -0.0576162166 1.0042575896 90.1819593184 11.9247181041 0.0006796633 0.0790526638
29464 312996.28 113.8500422472 34.0873320189 3777080.855921 763075.6030623 56.3977404134 -0.2217111626 1.0168633928 90.1699909923 11.7492599937 -0.0054627174 0.0255976348
29465 312996.37 113.8500536296 34.087332017 3777080.885042 763076.6540528 56.3994721323 -0.4144402404 0.9317891802 90.1673769676 11.590367632 0.0151996842 -0.024446535
29466 312996.46 113.8500648449 34.0873320217 3777080.914451 763077.6895979998 56.398470006 -0.6730070856 0.9462885232 90.1712141198 11.4129057855 0.0133411388 -0.020998992
29467 312996.55 113.8500758949 34.087332021 3777080.942842 763078.7098957 56.3939084942 -0.6584563268 0.8919889397 90.1755494057 11.2594134284 0.006080098 -0.0855467281
29468 312996.64 113.8500867887 34.0873320266 3777080.9715269986 763079.7157542 56.3806647854 -0.044810421 0.8064527061 90.195244219 11.0872409085 0.016450114 -0.1513425096
29469 312996.74 113.8500986936 34.0873320257 3777081.0021 763080.8149851 56.3756205607 0.2745243821 0.8751997241 90.1976488724 10.9015921212 -0.0003123379 0.0789068932
29470 312996.84 113.8501103814 34.087332018 3777081.031357 763081.8941925998 56.3880235692 0.0342547685 0.8523962445 90.1957542104 10.6958719248 0.0048097538 0.1893814744
29471 312996.94 113.850121836 34.0873320204 3777081.061142 763082.9518376 56.3997976873 -0.2666769167 0.920247207 90.2163566571 10.458269501 0.0100905287 0.0537080276
29472 312997.04 113.850133037 34.0873320109 3777081.088942 763083.9861056998 56.400922358 -0.3337138149 0.903231028 90.2022965093 10.2103613016 -0.0015855205 -0.0161933037
29473 312997.14 113.8501439541 34.0873320072 3777081.116654 763084.9941462 56.3978393152 -0.3953340119 0.9039224608 90.1964757343 9.9412715082 0.0098506335 -0.0273967665
29474 312997.25 113.8501556181 34.0873319986 3777081.145753 763086.0711576 56.3973611826 -0.3595612261 0.8811706643 90.1868353103 9.6293778318 0.0084189405 -0.0145105376
29475 312997.36 113.8501669089 34.0873320003 3777081.175033 763087.1136841999 56.3949562199 -0.2186611487 0.9140861823 90.1973389486 9.3150607649 0.012557174 -0.0082486765
29476 312997.47 113.8501778227 34.0873319973 3777081.202814 763088.1214108 56.3954411503 -0.3131407289 0.8830827617 90.187282663 8.9951553303 0.0019127226 0.0325059517
29477 312997.59 113.850189284 34.0873319988 3777081.232507 763089.1796766 56.4010481276 -0.5170761272 0.8706503645 90.1708322944 8.637177291 0.0124798398 0.0603380689
29478 312997.71 113.8502002921 34.0873320028 3777081.261317 763090.1960949 56.4001545319 -0.4788382159 0.8716514536 90.1582240264 8.2903279168 0.0103616951 -0.0329013776
29479 312997.84 113.8502117068 34.0873320115 3777081.291689 763091.2500378 56.3940836433 -0.2139626003 0.8588808178 90.1373567009 7.9191819177 0.0280922681 -0.0432612554
29480 312997.97 113.8502226259 34.0873320295 3777081.321825 763092.2581845 56.3915473288 -0.1285726265 0.8394192209 90.1072168876 7.5952368305 0.0234117522 0.007587696
29481 312998.1 113.8502331046 34.0873320441 3777081.350443 763093.2256881 56.3956825864 -0.2033873476 0.8503541432 90.0401507779 7.2935304884 0.0241299301 0.0518238273
29482 312998.24 113.8502439334 34.0873320675 3777081.380937998 763094.2254785999 56.400754543 -0.2984536834 0.8351121357 89.9805794688 7.0080709932 0.0346125631 0.0191784213
29483 312998.39 113.8502551009 34.0873321077 3777081.414175 763095.2564992 56.4000343019 -0.0737497924 0.7620318645 89.9234118944 6.7507693871 0.0512508495 -0.014784955
29484 312998.55 113.8502666321 34.087332159 3777081.4495809986 763096.3210686998 56.398156371 0.0128751849 0.7504750004 89.8451782742 6.5655692652 0.048356835 -0.0043382998
29485 312998.71 113.8502778642 34.0873322196 3777081.485238 763097.3579953 56.4028061219 -0.1899871451 0.7257562336 89.7795834523 6.39537463 0.0642427986 0.0552137017
29486 312998.87 113.8502887463 34.0873322958 3777081.521739 763098.3625494002 56.4074593829 -0.3904155178 0.7121110783 89.7205570942 6.1688481136 0.0619793873 -0.0055284143
29487 312999.04 113.8502998418 34.0873323752 3777081.559132 763099.3867979 56.403947481 -0.315185711 0.7239308285 89.6304467417 5.8903193731 0.0628632947 -0.0340698603
29488 312999.22 113.8503110331 34.0873324648 3777081.597913 763100.4198596998 56.3997414075 -0.235932192 0.6645902328 89.5775069297 5.582996829 0.0803807259 -0.025052001
29489 312999.41 113.8503221753 34.0873325626 3777081.637475 763101.4483667 56.3981499346 -0.258260619 0.6322998261 89.5016123823 5.2404439467 0.0698730384 0.0120455692
29490 312999.61 113.8503331185 34.0873326605 3777081.67653 763102.4584941998 56.4013560954 -0.2239499425 0.6733036836 89.457927052 4.8598529416 0.0693664943 0.008578322
29491 312999.83 113.8503442565 34.0873327778 3777081.71825 763103.4865538002 56.3965163529 -0.0544592518 0.6291143051 89.4254142171 4.5123159233 0.078793184 -0.0317181839
29492 313000.06 113.8503552788 34.0873329014 3777081.7603629986 763104.5039139 56.3971558921 0.0406386952 0.6001575366 89.3844791546 4.3501587673 0.067554062 0.0348694395
29493 313000.3 113.8503664133 34.0873330021 3777081.800235 763105.5316913 56.4016090985 0.1423160459 0.6515882047 89.339747992 4.23206099 0.0640333231 -5.81101e-05
29494 313000.54 113.8503772808 34.0873331098 3777081.840183 763106.5348008 56.4021293707 0.2441813578 0.6930154536 89.3360255104 4.1362765684 0.0673062834 0.0070202216
29495 313000.79 113.8503883251 34.0873332293 3777081.881904 763107.5542005999 56.4084752183 0.1614899743 0.6145224263 89.3019440897 4.0270628528 0.0663213182 0.0367584246
29496 313001.05 113.8503995257 34.0873333442 3777081.923514 763108.5880485 56.4144451944 0.0607504624 0.6343670668 89.2797937569 3.9450402477 0.0596649526 0.010452103
29497 313001.3 113.8504103551 34.0873334602 3777081.964294 763109.587619 56.4107694104 0.2730806855 0.6635172615 89.2637115784 4.0816678495 0.0678003994 0.0002156238
29498 313001.54 113.8504212393 34.0873335845 3777082.00613 763110.5922123 56.4106483953 0.4162663259 0.6373490898 89.2662051507 4.304079612 0.0745561099 -0.0140108511
29499 313001.77 113.8504322762 34.0873337021 3777082.047616 763111.6109333 56.410282285 0.575360563 0.6960298968 89.2573212418 4.5718789587 0.0704697224 0.0050694805
29500 313001.99 113.850443501 34.0873338315 3777082.090901002 763112.6469738 56.4115796154 0.7270814785 0.6381929077 89.2571507456 4.8571991332 0.0815536564 0.0024016981
29501 313002.2 113.8504548416 34.0873339664 3777082.13509 763113.6936824998 56.4174732724 0.6561080706 0.663715983 89.2296381254 5.1348461438 0.0775714652 0.0438561564
29502 313002.4 113.8504662389 34.0873340969 3777082.178943 763114.7456403002 56.4241362503 0.6819203069 0.7355818677 89.1649311037 5.4014773096 0.0889286201 0.0436556791
29503 313002.59 113.8504776037 34.0873342495 3777082.22516 763115.794533 56.4279439617 0.8168231066 0.6911409843 89.1137233732 5.6698438771 0.0941784124 -0.0014487624
29504 313002.63 113.8504800679 34.0873342828 3777082.235203 763116.0219522 56.4276145799 0.8898970673 0.6676592775 89.0927003648 5.7253739246 0.100460887 -0.0157290389
