29505 313171.3 113.850494245 34.0875638363 3777107.746949 763116.6200694 56.5328191752 -0.8421639494 0.1103736995 269.9393560801 -3.944242411 0.0008409883 -0.0500322446
29506 313171.56 113.8504832204 34.0875638438 3777107.719372 763115.6020985 56.5172929866 -0.6480353219 0.2346184473 269.8856903875 -3.8594739829 0.0004349771 -0.0536426744
29507 313171.83 113.8504720044 34.0875638233 3777107.688201 763114.5665472 56.4992738077 -0.3245706238 0.19076243 269.8332809199 -3.7797642564 -0.0078905443 -0.0518862511
29508 313172.1 113.8504610505 34.0875638006 3777107.657448 763113.5551917 56.4917104933 -0.2565843987 0.179013338 269.817043448 -3.6846105363 -0.0060797548 -0.0139977318
29509 313172.38 113.8504500205 34.087563784 3777107.627193 763112.5368048 56.4854168771 -0.1778032632 0.2157114103 269.8004943067 -3.5928636212 -0.0039164165 -0.0022857698
29510 313172.66 113.8504389779 34.087563762 3777107.5963 763111.5172579002 56.4751647366 0.1691916512 0.271106333 269.8098006012 -3.7442617406 -0.0064761525 -0.0342258767
29511 313172.92 113.8504280598 34.0875637432 3777107.566076 763110.5092103 56.471999866 0.2454210343 0.3060053889 269.799228494 -4.0226570794 -0.0069009231 -0.0130638662
29512 313173.16 113.8504172047 34.0875637238 3777107.535954 763109.5069734 56.4698295584 0.2336768029 0.2802330402 269.8039728252 -4.3331614867 -0.0062413923 0.0050712884
29513 313173.39 113.8504060075 34.087563719 3777107.506575 763108.4730979 56.4670111332 0.2482790905 0.3764495873 269.7882045115 -4.6621945503 -0.0053590637 -0.0099965988
29514 313173.6 113.8503950594 34.0875637086 3777107.477202 763107.4622501 56.46607209 0.1817334367 0.4086724273 269.7906036014 -4.9683796036 -0.007456721 -0.0171209093
29515 313173.8 113.8503839893 34.0875636849 3777107.446048 763106.4401778001 56.4622015916 0.2383201108 0.3615422732 269.81180136 -5.2536465959 -0.0109716813 -0.0049771071
29516 313173.99 113.8503729044 34.087563679 3777107.416839 763105.4166792 56.4601027938 0.2311288655 0.4469123506 269.8258490668 -5.5311253968 -0.0013589482 -0.0320324425
29517 313174.17 113.8503618382 34.0875636726 3777107.387618 763104.3949145002 56.4536378169 0.3111268294 0.4278060346 269.9040172556 -5.8087637571 -0.0124560948 -0.0059811591
29518 313174.34 113.8503508936 34.0875636739 3777107.3595550014 763103.384345 56.4551297166 0.1567677018 0.3271067751 269.9704642325 -6.0659640142 0.0046252235 0.0051086089
29519 313174.51 113.8503394864 34.0875636996 3777107.3330230014 763102.3309898 56.4507596493 0.1650246864 0.3871428986 270.0787906374 -6.3090555337 0.0203080316 -0.0258594289
29520 313174.67 113.8503283529 34.0875637437 3777107.30923 763101.3028571 56.4470297024 0.1296998424 0.4043433186 270.1691873159 -6.5257804366 0.0309892156 -0.00785374
29521 313174.83 113.8503168431 34.0875637933 3777107.285076998 763100.2399524 56.4424685007 0.1659890516 0.3542923052 270.2784803598 -6.7440741548 0.0365309861 -0.0326153896
29522 313174.98 113.8503057179 34.0875638586 3777107.263658 763099.212512 56.436645261 0.2201895746 0.3766190613 270.3443265998 -6.9405315617 0.0619194899 -0.0207245834
29523 313175.13 113.8502942836 34.0875639495 3777107.244288 763098.1564617 56.434335025 0.2412273645 0.4486422228 270.3449266657 -7.1273873687 0.0676752477 -0.0018670813
29524 313175.27 113.8502833386 34.0875640249 3777107.224457 763097.1456288 56.4308530735 0.2419056805 0.4853949495 270.3318582363 -7.3007078868 0.0524002358 -0.0252906032
29525 313175.41 113.8502721331 34.087564099 3777107.203804 763096.1107513 56.4283698583 0.2578309306 0.4966376386 270.2879717578 -7.4720900606 0.0582352105 -0.0065691489
29526 313175.55 113.8502606744 34.087564168 3777107.1819339986 763095.052504 56.4259450035 0.2534821426 0.5862779474 270.2479695824 -7.6336934418 0.0535976793 -0.0157454783
29527 313175.68 113.8502498162 34.0875642341 3777107.1612989986 763094.0497197 56.42348128 0.252210724 0.6734352362 270.1443169189 -7.780137207 0.052642142 -0.0103643121
29528 313175.81 113.8502387488 34.0875642759 3777107.137424 763093.0276915998 56.4214812405 0.2400301545 0.6961818712 270.062071574 -7.9299760259 0.0215827152 0.0020218553
29529 313175.94 113.8502274761 34.0875642981 3777107.110843 763091.9867616 56.4202273432 0.1550474927 0.7251548426 269.9950002233 -8.0777706204 0.0156290785 -0.0107929163
29530 313176.07 113.8502160021 34.0875643185 3777107.083541 763090.927263 56.4158053678 0.2840688624 0.726966311 269.9411987668 -8.2136701009 0.0062743002 -0.0226326639
29531 313176.2 113.850204336 34.0875643286 3777107.054605 763089.8500513 56.413630141 0.2575770298 0.7617496412 269.891773955 -8.3543503101 0.0044909105 -0.0075984673
29532 313176.32 113.8501933976 34.0875643309 3777107.026682 763088.8400550998 56.4130974729 0.2386646507 0.7548293856 269.8581637315 -8.4764132123 -0.0108833777 0.0097160902
29533 313176.44 113.850182291 34.0875643204 3777106.996897 763087.8145678 56.4122903766 0.1749534585 0.7657251314 269.8398280189 -8.6092724034 -0.0079680859 -0.022474401
29534 313176.56 113.8501710172 34.087564314 3777106.967144 763086.7736381 56.4099994367 0.0797582029 0.7014822871 269.8087475401 -8.7313952944 -0.0177947814 0.0030108757
29535 313176.68 113.8501595896 34.0875642935 3777106.9354300015 763085.718544 56.4081768254 0.0185578837 0.7037401612 269.7874859634 -8.8498490112 -0.0156824508 -0.0159876242
29536 313176.78 113.8501499547 34.0875642807 3777106.909186 763084.8289456 56.404912156 0.0482247123 0.6391662777 269.7580462629 -8.9442460552 -0.0225997066 -0.0405344571
29537 313176.9 113.850138261 34.08756425 3777106.875642 763083.7493138 56.3974833479 0.139422723 0.6406958696 269.7592949276 -9.0468396646 -0.0360148164 -0.0416906171
29538 313177.01 113.850127422 34.0875642291 3777106.845401 763082.7485731 56.3959379168 0.0879499085 0.568653988 269.7325609967 -9.1425516719 -0.0250408269 0.0061418702
29539 313177.12 113.8501164671 34.0875641944 3777106.813333 763081.73717 56.3949915562 0.0518759968 0.5502376251 269.7312321947 -9.2374327283 -0.0384585342 -0.0264875484
29540 313177.23 113.8501053983 34.0875641661 3777106.781669 763080.7152326 56.3885243684 0.1290762668 0.539328024 269.718381918 -9.3347568764 -0.0247463241 -0.0609036684
29541 313177.34 113.8500942222 34.0875641383 3777106.749796 763079.6833749 56.3839979498 0.1581776525 0.5587818779 269.7095498717 -9.4223532053 -0.0350464577 -0.0100319551
29542 313177.45 113.8500829353 34.0875641074 3777106.717285 763078.6413044 56.3836223539 0.0950605137 0.5734625325 269.6968905915 -9.5200553646 -0.0308014521 -0.0051649292
29543 313177.56 113.8500715374 34.0875640743 3777106.684244 763077.5889929 56.3803746356 0.1427375428 0.5653597492 269.6891913383 -9.6073215777 -0.0436585228 -0.0407017324
29544 313177.67 113.8500600363 34.0875640412 3777106.65094 763076.5271503 56.3759742072 0.2168897661 0.599012742 269.680754037 -9.6893037026 -0.0287888336 -0.0258001155
29545 313177.78 113.8500484316 34.0875640064 3777106.617184 763075.4557551 56.3737739241 0.191316968 0.5956450571 269.6724395229 -9.7799446146 -0.0460334139 -0.0104692141
29546 313177.89 113.8500367271 34.0875639684 3777106.5828059986 763074.3751441998 56.372598988 0.1498727842 0.6612485449 269.6643792962 -9.8563419114 -0.0336958719 -0.0042416113
29547 313178.0 113.8500249214 34.0875639328 3777106.548448 763073.2851879002 56.3708474254 0.2057592867 0.6244771742 269.6562784883 -9.9450173427 -0.0504505462 -0.0341491157
29548 313178.11 113.8500130189 34.0875638861 3777106.512595 763072.1863226999 56.3688163357 0.2864805438 0.6175464071 269.6551796673 -10.0293355872 -0.0410670359 -0.0171774396
29549 313178.21 113.8500021114 34.0875638462 3777106.480075 763071.1793163 56.3677452495 0.3225375073 0.5569153008 269.6430298277 -10.1074574868 -0.0485222117 0.0030972565
29550 313178.31 113.8499911254 34.087563799 3777106.446524 763070.1650753 56.3685553335 0.2896770736 0.602320632 269.6420942682 -10.1781821117 -0.0473607913 0.0172251094
29551 313178.41 113.8499800598 34.087563757 3777106.413358 763069.1434736 56.3699171254 0.2526672247 0.5452419314 269.6354650901 -10.2536054496 -0.0481578344 0.0172211007
29552 313178.51 113.8499689148 34.0875637047 3777106.378844 763068.1145735 56.3695012275 0.2258283574 0.555479346 269.6503103475 -10.3271043871 -0.0571056896 -0.0015852543
29553 313178.61 113.8499576879 34.0875636623 3777106.345218 763067.0780738002 56.3699186752 0.1993476525 0.533911043 269.6471960149 -10.4026327469 -0.0409154159 0.0105454881
29554 313178.71 113.8499463839 34.0875636165 3777106.31101 763066.0344753 56.3692107713 0.2051138223 0.5066745027 269.6525569333 -10.469234864 -0.0561039407 -0.0110361923
29555 313178.81 113.8499350015 34.0875635712 3777106.2766660014 763064.9836343002 56.3678212641 0.202800566 0.5203949399 269.6564299176 -10.5468321568 -0.0447395318 -0.0119074098
29556 313178.91 113.8499235423 34.0875635278 3777106.242324 763063.9256909002 56.3677588412 0.1997797203 0.4766671534 269.6599815471 -10.612339484 -0.0538858659 0.0199907066
29557 313179.01 113.8499120079 34.087563481 3777106.2074089986 763062.8608189 56.3673795387 0.2011917903 0.4601183714 269.6668737601 -10.686661851 -0.0467910398 -0.0143949541
29558 313179.11 113.849900396 34.087563439 3777106.172838 763061.7887695 56.3656917242 0.2306348994 0.4659072325 269.6720212568 -10.7487416852 -0.0481504985 -0.0050328115
29559 313179.21 113.8498887122 34.0875634006 3777106.138479 763060.7100745 56.365171981 0.2336773214 0.4831990978 269.6775830886 -10.8200024001 -0.0430737893 -0.0048073383
29560 313179.31 113.8498769504 34.0875633622 3777106.103915 763059.6241769 56.3640718879 0.2633476439 0.4683441419 269.6824591868 -10.8876616669 -0.0482300772 -0.0133866301
29561 313179.41 113.8498651134 34.0875633229 3777106.069061 763058.5313478 56.3633632408 0.2494973211 0.53198967 269.6798269474 -10.9588375899 -0.0399845479 0.0124325402
29562 313179.51 113.8498531995 34.0875632899 3777106.034707 763057.4313909 56.3646295741 0.1851775376 0.5624757699 269.6621887982 -11.0301060296 -0.0446405365 0.0153612639
29563 313179.61 113.8498412097 34.0875632535 3777105.999776 763056.3244334002 56.3648024546 0.2293269368 0.6833349617 269.6364733097 -11.1004947209 -0.0349149673 0.0001343162
29564 313179.7 113.8498303497 34.0875632216 3777105.968258 763055.3217846998 56.3623058498 0.343698819 0.7514168233 269.6071755236 -11.1651032174 -0.0457404224 -0.0322475527
29565 313179.79 113.8498194306 34.0875631782 3777105.93532 763054.3137125998 56.3619760852 0.3442873231 0.7898348545 269.5876329574 -11.2308527019 -0.0563498534 0.0318245105
29566 313179.88 113.8498084498 34.0875631328 3777105.901989 763053.299945 56.3655022066 0.1894188388 0.8018997046 269.5633003481 -11.2979740069 -0.0560107201 0.0566163899
29567 313179.97 113.8497974081 34.0875630806 3777105.867757 763052.2805875 56.3687533876 0.0592156158 0.7923865492 269.5467121232 -11.3596642668 -0.0710447058 0.0119119196
29568 313180.06 113.8497862977 34.0875630229 3777105.832728 763051.2548941999 56.3663225062 0.1035137859 0.7267804478 269.5438070951 -11.432062248 -0.0716476851 -0.056173825
29569 313180.15 113.8497751228 34.087562964 3777105.797401 763050.2232550002 56.3612779062 0.1951701562 0.6593649563 269.5360679965 -11.4820250252 -0.0866119953 -0.0512962049
29570 313180.24 113.8497638857 34.0875629046 3777105.761873 763049.1858681998 56.3590111528 0.1668583823 0.5835095753 269.5276835525 -11.5487577573 -0.0776380701 0.0068483806
29571 313180.33 113.8497525903 34.0875628408 3777105.725686 763048.1431166 56.3596158652 0.0758884363 0.5137920111 269.5319436008 -11.6079016478 -0.0909859593 0.0070854046
29572 313180.42 113.8497412318 34.0875627777 3777105.689429 763047.0945330998 56.3590063918 -0.0144283985 0.470242213 269.5363228809 -11.6772579381 -0.0844191505 -0.0498065353
29573 313180.51 113.8497298094 34.087562716 3777105.653153 763046.0400448001 56.3535685055 0.1874029871 0.417818921 269.5459431644 -11.7427565595 -0.0845449072 -0.0591546795
29574 313180.6 113.8497183273 34.0875626564 3777105.616961 763044.9800447 56.3493584599 0.2959598258 0.4325557678 269.551787985 -11.8028106386 -0.0793531189 -0.0180026788
29575 313180.69 113.8497067881 34.0875626075 3777105.581816 763043.9147336 56.3515411643 0.2074690408 0.4961232897 269.5517923975 -11.8554972218 -0.0603950851 0.0724239131
29576 313180.78 113.849695192 34.0875625587 3777105.546524 763042.8441712 56.3557292353 -0.0128586738 0.5455953964 269.5527665068 -11.9248858746 -0.0714743326 0.0210460017
29577 313180.87 113.8496835333 34.0875625134 3777105.511467 763041.7678149 56.3538942775 -0.0447337883 0.6043490907 269.550406597 -11.9784161902 -0.0632103918 -0.0419811147
29578 313180.96 113.8496718139 34.0875624652 3777105.475929 763040.6858574002 56.3475057781 0.0272511281 0.6442447958 269.5528522681 -12.0485837208 -0.071850624 -0.1049919129
29579 313181.05 113.8496600331 34.0875624145 3777105.439954 763039.5982471999 56.3402794004 0.1363759417 0.6416887405 269.5593106289 -12.1026288966 -0.0741277772 -0.0711859499
29580 313181.14 113.8496482025 34.0875623529 3777105.402644 763038.5060684 56.3371697525 0.1763449318 0.6405708171 269.5703996502 -12.1632057593 -0.0767928748 -0.0037820811
29581 313181.23 113.8496363129 34.0875622925 3777105.365312998 763037.4084442 56.3358522942 0.1680136689 0.5984747148 269.586440595 -12.2166448383 -0.0734040238 -0.0117027468
29582 313181.32 113.8496243703 34.0875622311 3777105.327741 763036.3059224 56.3351041582 0.1701429557 0.5641422291 269.6043890604 -12.2777019069 -0.0700429666 0.0073779015
29583 313181.41 113.8496123702 34.0875621756 3777105.290659 763035.1980791 56.334481053 0.1255119705 0.5287327939 269.6256984548 -12.3362626325 -0.0646961578 0.016825408
29584 313181.5 113.8496003153 34.0875621229 3777105.253761 763034.0851624 56.3328281911 0.1618371895 0.5353639014 269.6506184489 -12.3951109167 -0.0618567594 -0.0079515208
29585 313181.59 113.8495882039 34.0875620772 3777105.217492 763032.9670124 56.3305064728 0.21720041 0.4636803676 269.6780606658 -12.4500164906 -0.0574769382 -0.0293784126
29586 313181.68 113.8495760392 34.0875620301 3777105.180933 763031.8439327 56.3285483271 0.289726532 0.4557168481 269.7162035121 -12.4999887826 -0.0513354244 -0.0056851192
29587 313181.76 113.8495651797 34.0875619972 3777105.149312 763030.8413325 56.3295174381 0.2065537723 0.3735755092 269.7612112154 -12.5605677504 -0.0411812463 0.0371292708
29588 313181.84 113.849554283 34.0875619646 3777105.117622 763029.8352976 56.3314108057 0.0874974677 0.4091198662 269.8272771801 -12.5917800586 -0.0344109735 0.0191377849
29589 313181.92 113.84954334 34.0875619521 3777105.088048 763028.8249293 56.3325159782 -0.1817099583 0.4520660672 269.8748333156 -12.6608219513 -0.00264512 -0.0283759968
29590 313182.0 113.8495323529 34.0875619482 3777105.05931 763027.8104571998 56.3254786376 -0.001538073 0.4561509964 269.919715346 -12.705024394 0.0005666546 -0.0985533199
29591 313182.04 113.8495268417 34.0875619503 3777105.0453550015 763027.3015810002 56.3205266697 0.0701849022 0.4907047436 269.9349425787 -12.7252886471 0.0094284593 -0.1332115609
29592 313182.12 113.8495157814 34.0875619627 3777105.018233 763026.2802935998 56.312625574 0.1514015486 0.524929835 269.9610016344 -12.7766379495 0.0204954859 -0.0513921227
29593 313182.2 113.8495046842 34.0875619754 3777104.991066002 763025.2556026998 56.3105532033 0.1446335089 0.5767137677 270.0013305004 -12.8188891623 0.0238428476 0.009482702
29594 313182.28 113.8494935442 34.0875619941 3777104.964444 763024.22695 56.312378196 0.0743602002 0.532461791 270.0404651038 -12.8731765892 0.028451719 0.0196472982
29595 313182.36 113.8494823632 34.0875620086 3777104.937257 763023.1945112 56.3116903948 0.1372993489 0.4546042183 270.0863213183 -12.921902689 0.0193801606 -0.018675291
29596 313182.44 113.8494711418 34.0875620286 3777104.910567 763022.1583301999 56.3097823896 0.2453504906 0.4130463384 270.1252515877 -12.9652617925 0.0373160312 -0.0164712546
29597 313182.52 113.8494598792 34.0875620572 3777104.884735 763021.1183231998 56.3096051309 0.1917054312 0.4110794844 270.1543872295 -13.0152356974 0.0435918426 0.0255473117
29598 313182.6 113.8494485818 34.0875620953 3777104.859865 763020.0750663 56.3125447407 0.0113785124 0.3984312942 270.1684577955 -13.0494616061 0.0599008801 0.018711613
29599 313182.68 113.8494372393 34.087562139 3777104.835491 763019.0276314 56.3095054114 0.0139107887 0.4590716885 270.178005258 -13.1153881359 0.0595859506 -0.1029913762
29600 313182.76 113.8494258563 34.0875621887 3777104.811695 763017.9764434 56.3022076441 0.2634338252 0.4851479629 270.1874105243 -13.1439875958 0.0755200551 -0.0632305543
29601 313182.84 113.8494144329 34.0875622375 3777104.787681 763016.9215207 56.297977305 0.3588458081 0.4079992037 270.2007614688 -13.2017430697 0.0571215842 -0.0141157439
29602 313182.92 113.8494029765 34.0875622792 3777104.762805002 763015.8635754002 56.3038591156 0.1682595012 0.4367294521 270.2274722613 -13.2415802451 0.065548112 0.1672756353
29603 313183.0 113.8493914796 34.0875623299 3777104.738815 763014.8018668002 56.3071096297 0.0385447761 0.3798856141 270.2453735036 -13.2701016684 0.0639897275 -0.0263045439
29604 313183.08 113.8493799411 34.0875623763 3777104.714244 763013.7363259 56.3071695929 0.1477261847 0.3254279152 270.264431965 -13.3419201315 0.068663338 0.0051770432
29605 313183.16 113.8493683675 34.0875624321 3777104.690623 763012.6675076998 56.3032185426 0.250607407 0.3172636292 270.2642527026 -13.3729303046 0.0841166374 -0.0459998522
29606 313183.24 113.8493567599 34.08756249 3777104.667157 763011.5955561 56.3040479356 0.0907538559 0.3799625388 270.2720739921 -13.4217974844 0.0823643345 0.0368539673
29607 313183.32 113.849345113 34.0875625574 3777104.6446339986 763010.5199415 56.3037557173 0.1688663355 0.4148403866 270.2680309048 -13.4576617777 0.0969823342 -0.0235952735
29608 313183.4 113.8493334254 34.0875626239 3777104.62191 763009.4405725 56.302855039 0.0036998813 0.4794861866 270.2725506488 -13.5062102415 0.0869511784 -0.0298200769
29609 313183.48 113.8493217001 34.0875626902 3777104.599065 763008.3577179 56.3009212446 0.0874988208 0.5081397186 270.2814880913 -13.5493304081 0.1000201414 0.0221694174
29610 313183.56 113.8493099371 34.0875627598 3777104.576496 763007.2713785998 56.298679322 -0.0538424925 0.6158192461 270.2832020353 -13.5874478559 0.0949219627 -0.0423507411
29611 313183.64 113.8492981325 34.0875628321 3777104.554119 763006.1811916998 56.2950622961 0.0799519151 0.6057323139 270.2957986868 -13.6468735708 0.1042353398 -0.0378120444
29612 313183.72 113.8492862956 34.0875629 3777104.531166 763005.0880314 56.2899963772 0.213503996 0.6345337002 270.3099824033 -13.6721711165 0.0928734683 -0.064882553
29613 313183.8 113.8492744222 34.0875629734 3777104.508726 763003.9914783002 56.2895023767 0.2056901795 0.6360027058 270.3232628788 -13.7155981124 0.1110788137 0.0581132806
29614 313183.88 113.8492625189 34.0875630464 3777104.486168 763002.8921705 56.2918927213 0.1766174265 0.5977344324 270.3318082079 -13.7519980942 0.1012806036 0.0480758036
29615 313183.96 113.8492505781 34.0875631189 3777104.463461 763001.7894051998 56.2927871142 0.2816884116 0.5816682107 270.3472167387 -13.7945800331 0.1012275451 -0.0068398764
29616 313184.04 113.8492386056 34.0875631917 3777104.440704 763000.6837084001 56.2927140594 0.2783468544 0.5961783499 270.3593812487 -13.8268189701 0.103659686 0.0253800735
29617 313184.12 113.8492266054 34.087563273 3777104.418826 762999.5754335 56.2953127231 0.2722771388 0.5723300251 270.3517980494 -13.8636642467 0.1177850419 0.0709840629
29618 313184.2 113.8492145735 34.0875633507 3777104.396459 762998.4642417 56.2968426077 0.1122686191 0.6207854604 270.3442252786 -13.895104417 0.1044961112 0.0027596254
29619 313184.28 113.8492025057 34.087563434 3777104.374624 762997.3497107 56.2962995963 0.0938220416 0.6016402937 270.324969086 -13.9475624273 0.1192555952 -0.01111576
29620 313184.36 113.849190406 34.0875635076 3777104.35163 762996.2322653001 56.2927301638 0.038002932 0.6095745322 270.3205463945 -13.976606965 0.1025533025 -0.0527649871
29621 313184.44 113.8491782707 34.0875635815 3777104.328569 762995.1115385002 56.2888804367 0.1370689771 0.5751353383 270.313504054 -14.0233026887 0.1038457062 -0.0344225484
29622 313184.52 113.8491661048 34.0875636512 3777104.304971 762993.987995 56.2866032878 0.0272121579 0.5036025592 270.3049220185 -14.05647561 0.0951805088 -0.0172151429
29623 313184.6 113.8491539057 34.087563717 3777104.280858998 762992.861393 56.2846896648 0.0540965668 0.4396009986 270.3084022839 -14.0933059621 0.0933873836 -0.0100794787
29624 313184.68 113.8491416733 34.0875637815 3777104.25651 762991.7317255 56.2821510481 0.098591114 0.41702968 270.3067122205 -14.136636607 0.089450812 -0.0368445481
29625 313184.76 113.8491294093 34.0875638491 3777104.232429 762990.5991306 56.2797671612 0.1312918161 0.3473276476 270.3047401989 -14.1717622195 0.098186616 -0.0097701137
29626 313184.84 113.8491171187 34.0875639149 3777104.2080809986 762989.4640855 56.2802692251 0.1110619606 0.3332124394 270.3008905973 -14.200644319 0.0903613149 0.0278018132
29627 313184.92 113.8491047957 34.0875639849 3777104.1841050014 762988.3260404002 56.2808610536 0.0454723284 0.3549780261 270.2897066615 -14.2378335026 0.1015033844 0.0004901902
29628 313185.0 113.849092443 34.0875640554 3777104.160117 762987.1852495 56.2787532918 0.0739030061 0.3980388716 270.2793918136 -14.2707681399 0.1002385995 -0.0275355559
29629 313185.07 113.8490816051 34.0875641189 3777104.1392480014 762986.1843414 56.2760396022 0.1077004964 0.3781867607 270.2667636162 -14.3036344005 0.1004550847 -0.0345918532
29630 313185.14 113.8490707434 34.087564178 3777104.117832 762985.1812504 56.2743448187 0.1086304414 0.3723269886 270.256133086 -14.3312820941 0.087267762 -0.0083114997
29631 313185.21 113.8490598569 34.0875642335 3777104.095955 762984.1758832 56.2732064547 0.0981682688 0.3991112989 270.2525074052 -14.3650586448 0.0913123756 -0.0086754172
29632 313185.28 113.8490489491 34.0875642891 3777104.074032 762983.1685503002 56.2722059637 0.1760925435 0.3798996389 270.2438784516 -14.3932744238 0.0844867715 -0.0023814502
29633 313185.35 113.8490380167 34.0875643409 3777104.051626 762982.1589632 56.2716268795 0.1633229538 0.3938377545 270.2386447037 -14.4249550603 0.0852239147 0.0076331305
29634 313185.42 113.8490270647 34.0875643958 3777104.029521 762981.1475426998 56.2722486947 0.160402006 0.4005917479 270.2136686568 -14.4459556244 0.0822353182 0.013786744
29635 313185.49 113.8490160881 34.0875644486 3777104.007107 762980.1338725 56.2736669686 0.1151521789 0.4359356329 270.1873433926 -14.4882997702 0.0831186534 0.0263142551
29636 313185.56 113.8490050892 34.0875644999 3777103.9844699986 762979.1181337 56.2737952508 0.0580468611 0.4858879609 270.1551324397 -14.5084447301 0.0753278418 0.0020857652
29637 313185.63 113.8489940676 34.0875645447 3777103.961065 762978.100325 56.2719559399 0.0298178395 0.47154284 270.1272553479 -14.5421324587 0.0591950028 -0.0297806957
29638 313185.7 113.848983024 34.0875645837 3777103.936945 762977.0805034002 56.2703770408 0.0095572459 0.4996984261 270.1073471219 -14.572916643 0.0625755502 -0.017216025
29639 313185.77 113.8489719585 34.0875646201 3777103.912489 762976.0586751 56.2682387121 -0.133714366 0.5512289095 270.0695943134 -14.6092852059 0.0537676799 -0.0084102611
29640 313185.84 113.8489608686 34.0875646505 3777103.887304 762975.0345999 56.2617810778 -0.0927265117 0.5395977948 270.0350311371 -14.6280554182 0.0511550786 -0.1299024643
29641 313185.91 113.8489497584 34.0875646749 3777103.8614 762974.0086804 56.2558062691 0.1043758338 0.5198847014 270.0001582549 -14.659178504 0.0304000803 -0.0741823414
29642 313185.98 113.8489386257 34.0875646916 3777103.834583998 762972.9806987 56.2522314284 0.0986478208 0.5650446676 269.9689132361 -14.6881493715 0.0261448662 -0.0426099751
29643 313186.05 113.8489274752 34.0875647065 3777103.807518 762971.9510835998 56.251810831 0.1907453579 0.5046362485 269.9357429643 -14.7170132917 0.0219748357 0.0173734345
29644 313186.12 113.8489163042 34.0875647103 3777103.779179 762970.9196063002 56.2542440984 -0.0249175596 0.5256015227 269.9123945956 -14.7439455337 0.0051457478 0.0489550993
29645 313186.19 113.8489051172 34.0875647114 3777103.750487 762969.8866576002 56.2540244544 0.0540541487 0.5069169518 269.8824641329 -14.7423414723 -0.0040369209 -0.0359167152
29646 313186.26 113.8488939062 34.0875647078 3777103.721222 762968.8515090002 56.2548413863 0.0013130427 0.4780329957 269.8611801751 -14.7954235684 -0.0102162831 0.0591676684
29647 313186.32 113.8488842821 34.0875647028 3777103.695881 762967.9628919002 56.2519502323 -0.0746636939 0.5141476905 269.836386888 -14.824918912 -0.0031523271 -0.0445418649
29648 313186.39 113.848873038 34.0875646913 3777103.665648 762966.9247131 56.2445777403 -0.0098080649 0.524798389 269.8141716961 -14.8308186875 -0.0223217745 -0.1181308979
29649 313186.46 113.848861776 34.0875646784 3777103.6352160014 762965.8848874002 56.2390858932 0.1630384259 0.4916812232 269.7874519941 -14.8511479184 -0.0195693549 -0.0419660684
29650 313186.53 113.8488505045 34.0875646606 3777103.6042120014 762964.8442026 56.2379111974 0.1301246529 0.5680405898 269.7625426684 -14.8655434814 -0.0296753529 -0.0165345876
29651 313186.6 113.8488392149 34.0875646422 3777103.573095 762963.8018441 56.2396349842 0.2436272598 0.5126433357 269.7438335571 -14.8974489872 -0.030918604 0.056715021
29652 313186.67 113.8488279132 34.0875646148 3777103.5409449986 762962.7583995 56.2422285723 0.1301010003 0.5222084507 269.7236192843 -14.9096131493 -0.049066907 0.0576449159
29653 313186.74 113.8488165994 34.0875645844 3777103.50844 762961.7138421 56.2450166 0.2150386941 0.5359166487 269.7130368085 -14.9160479513 -0.0420303367 0.0304974819
29654 313186.81 113.848805272 34.0875645546 3777103.475959 762960.6680245999 56.2478149831 0.2476959273 0.4343277307 269.6919323946 -14.9401655198 -0.0539213717 0.0360044084
29655 313186.88 113.8487939292 34.0875645125 3777103.4420839986 762959.6208330998 56.248916612 0.3335805784 0.4061163634 269.6863734283 -14.9603175597 -0.0626086859 0.0252108247
29656 313186.95 113.8487825762 34.0875644734 3777103.408508 762958.5726803001 56.2512198482 0.3296125541 0.4482865477 269.6712835427 -14.9774354586 -0.0575743805 0.0681703812
29657 313187.02 113.8487712119 34.0875644328 3777103.374732 762957.5234962 56.2546449723 0.3021077648 0.4222040697 269.6656179631 -14.9881627328 -0.0619722262 0.0527908223
29658 313187.09 113.8487598391 34.0875643928 3777103.341009 762956.4735236 56.2591034696 0.3884332913 0.3834469272 269.6526823723 -14.9992664212 -0.0656590909 0.0555251465
29659 313187.16 113.8487484549 34.0875643526 3777103.307231 762955.4224949002 56.2650881689 0.284558945 0.4815838137 269.6472259825 -15.0186446205 -0.0553755161 0.1006553256
29660 313187.23 113.8487370616 34.0875643144 3777103.27365 762954.3706314998 56.2696387637 0.2946617123 0.4274193023 269.6272052869 -15.0224838946 -0.0720559771 0.0464562429
29661 313187.3 113.8487256557 34.0875642685 3777103.239183 762953.3176123 56.2738919686 0.3567106246 0.5081879095 269.6370559688 -15.0504572702 -0.0701554181 0.0672780097
29662 313187.37 113.848714239 34.0875642285 3777103.205348 762952.2635924 56.2772882842 0.337650781 0.526101616 269.6275849463 -15.0574366659 -0.0635813157 0.0576159302
29663 313187.44 113.8487028152 34.0875641846 3777103.17106 762951.2089209 56.2814284563 0.3878020193 0.5230438863 269.6318114979 -15.064538486 -0.0721338312 0.0674128628
29664 313187.51 113.8486913819 34.0875641433 3777103.137039 762950.1533633 56.287843205 0.2874509449 0.6022984326 269.6265492776 -15.0786945773 -0.0577271085 0.1121780253
29665 313187.58 113.848679945 34.0875641016 3777103.10296 762949.0974782 56.2929214053 0.2225232534 0.6690686954 269.6255841083 -15.0811737282 -0.0685615563 0.0554445037
29666 313187.65 113.8486684999 34.0875640611 3777103.068987 762948.0408263 56.2967252796 0.2473962537 0.6942492996 269.6338816815 -15.09151161 -0.0590053332 0.0536324293
29667 313187.72 113.8486570521 34.0875640199 3777103.034943 762946.9839329 56.2993003847 0.2406383097 0.7284596129 269.6384385382 -15.0955481221 -0.0680358844 0.0470689437
29668 313187.79 113.848645601 34.0875639784 3777103.000851 762945.9267381 56.3027249118 0.1824030766 0.7277972793 269.6486804584 -15.0980940133 -0.0632313558 0.062371662
29669 313187.86 113.8486341514 34.0875639374 3777102.96682 762944.8696798 56.3064628132 0.1144801639 0.7223451753 269.6583862542 -15.0941511198 -0.0678536234 0.0428701724
29670 313187.93 113.8486227006 34.0875638958 3777102.932713 762943.8125066 56.309036972 0.1601967842 0.6489138155 269.6764740196 -15.0920146101 -0.0635952275 0.0135847016
29671 313188.0 113.8486112519 34.0875638516 3777102.898324 762942.7555367 56.3107537096 0.1603997763 0.5559944848 269.690728351 -15.0949086435 -0.0716640419 0.0358842623
29672 313188.07 113.8485998021 34.087563801 3777102.8632269986 762941.6984866002 56.3125655809 0.1250010615 0.5118557341 269.7144639188 -15.0879020548 -0.0691620103 0.0431784764
29673 313188.14 113.8485883552 34.0875637522 3777102.8283339986 762940.6416989 56.3149752468 -0.0132431669 0.5694927986 269.7356333704 -15.0727476944 -0.0606801946 0.0460643467
29674 313188.21 113.8485769109 34.0875637144 3777102.794672 762939.5851146 56.3171020486 -0.1036084863 0.5385814303 269.7411255117 -15.0768157188 -0.0439028118 0.0209228489
29675 313188.28 113.8485654704 34.0875636825 3777102.761676002 762938.5288654 56.3161512325 -0.1742002033 0.6601014236 269.7307776213 -15.0805511674 -0.0360241104 -0.0414516433
29676 313188.35 113.8485540354 34.0875636574 3777102.72944 762937.4731034002 56.311780883 0.0468477678 0.7545950437 269.7152575061 -15.0641729522 -0.0283320419 -0.0482120116
29677 313188.42 113.8485426056 34.0875636316 3777102.697147 762936.4178216 56.3082832899 0.2709416946 0.8074465486 269.6952315956 -15.051770907 -0.0374501875 0.0024651248
29678 313188.49 113.8485311875 34.0875635968 3777102.6638839985 762935.3636505 56.3103489205 0.4204478478 0.8400039466 269.7017541345 -15.0366996437 -0.0515534431 0.0759601545
29679 313188.56 113.8485197818 34.0875635605 3777102.630493 762934.310626 56.317848104 0.4214304063 0.8480940772 269.6977801617 -15.0163149871 -0.050057589 0.1439122446
29680 313188.63 113.8485083866 34.0875635198 3777102.596629 762933.25859 56.3269307679 0.4005228229 0.8125564002 269.7014516163 -15.0079638445 -0.0616597981 0.1371722787
29681 313188.7 113.8484970005 34.0875634774 3777102.562609 762932.207397 56.33546858 0.3312299279 0.7629837393 269.7020312084 -14.9971438072 -0.0593185831 0.1192023114
29682 313188.77 113.8484856262 34.0875634328 3777102.528366 762931.1573038 56.3421968343 0.3066435533 0.7498445067 269.7083577904 -14.98109595 -0.0586211119 0.097883745
29683 313188.84 113.8484742605 34.0875633919 3777102.494561 762930.1079859 56.3479797831 0.2680894687 0.7507534068 269.7031224844 -14.9692540836 -0.0519036156 0.0801645436
29684 313188.91 113.8484629055 34.0875633513 3777102.460818 762929.0596568001 56.3525184253 0.2437057452 0.775029763 269.7021832692 -14.9540075725 -0.0575141577 0.0664073784
29685 313188.98 113.8484515589 34.0875633125 3777102.427297 762928.0120959 56.3566240268 0.2428673857 0.7999225665 269.6959770871 -14.9431851936 -0.0514272868 0.0534734721
29686 313189.05 113.848440222 34.0875632776 3777102.394242 762926.9654231998 56.360167427 0.3176190888 0.8730499265 269.6924312155 -14.9327288601 -0.0495703786 0.0580917734
29687 313189.12 113.8484288952 34.0875632471 3777102.361686 762925.9196684 56.3638553498 0.3958030705 0.9344973688 269.6922144927 -14.9225449984 -0.0468956317 0.0732809675
29688 313189.19 113.8484175801 34.0875632179 3777102.329312002 762924.8749944002 56.369050961 0.4910281689 1.000213105 269.6906190264 -14.90424777 -0.0477767533 0.0936919323
29689 313189.26 113.8484062795 34.0875631883 3777102.296926 762923.8316543 56.3773490414 0.4966073012 1.0469317276 269.6943712372 -14.881887033 -0.045218126 0.1622053983
29690 313189.33 113.8483949926 34.087563157 3777102.264398 762922.7895826 56.3873674059 0.4272826175 1.0694240853 269.689378165 -14.8686446092 -0.0543882116 0.1631006227
29691 313189.4 113.8483837207 34.0875631223 3777102.231524 762921.7489099 56.3970921524 0.3944656656 1.1177267738 269.7040273077 -14.8465703534 -0.04978456 0.1393607054
29692 313189.47 113.8483724626 34.087563091 3777102.19906 762920.7095011999 56.4059480969 0.2968636471 1.1088687168 269.7063554807 -14.8301908331 -0.0492447546 0.1343772803
29693 313189.54 113.8483612209 34.0875630563 3777102.166265 762919.6716145 56.4134286363 0.2003779336 1.0963663346 269.7158242783 -14.8048656876 -0.0576794369 0.1009576106
29694 313189.61 113.8483499952 34.0875630246 3777102.133844998 762918.6352041998 56.4183700262 0.1892493767 1.0521386772 269.7158144504 -14.7837543346 -0.0527056071 0.0561851693
29695 313189.68 113.8483387812 34.087562989 3777102.101018 762917.599875 56.4218259538 0.1718920893 0.9883146135 269.7242435825 -14.772874941 -0.0617915128 0.0576249681
29696 313189.75 113.8483275863 34.0875629532 3777102.068218 762916.5663194 56.4250330739 0.1237316522 0.9651830608 269.7294103682 -14.7410025874 -0.0564268151 0.050165627
29697 313189.82 113.8483164036 34.0875629184 3777102.035572 762915.5338843 56.4280796889 0.0906094652 0.887683927 269.7379834305 -14.7320835896 -0.0587316755 0.0528988187
29698 313189.89 113.8483052363 34.0875628832 3777102.002912 762914.5028687 56.4302781653 0.0801974836 0.8114967938 269.7426574717 -14.71087815 -0.0554725485 0.0178772655
29699 313189.96 113.8482940846 34.0875628478 3777101.970263 762913.4732973 56.4319908973 0.1704737259 0.7985337137 269.7522162536 -14.6895793302 -0.0594699547 0.0415002237
29700 313190.03 113.8482829482 34.087562815 3777101.9379550014 762912.4451305 56.4343544729 0.1873985495 0.775694374 269.7598888684 -14.6687324858 -0.0496144601 0.0449606129
29701 313190.1 113.8482718277 34.08756279 3777101.906545 762911.4184003 56.4373446647 0.2804486485 0.7279114444 269.7628750332 -14.6422108082 -0.0478209084 0.0575230272
29702 313190.17 113.848260723 34.0875627657 3777101.875255 762910.3931385 56.4422764825 0.2643426749 0.7488813798 269.7684171776 -14.6286060742 -0.043240644 0.0956697874
29703 313190.24 113.8482496365 34.087562745 3777101.844415 762909.3695372 56.4473986914 0.2158390536 0.7591059247 269.7682869851 -14.600448674 -0.0397868023 0.0755780679
29704 313190.31 113.848238567 34.087562724 3777101.813589 762908.3475079002 56.4528559195 0.1688487998 0.7382172271 269.7741989372 -14.5770985431 -0.0382950446 0.0899127243
29705 313190.38 113.8482275141 34.0875627035 3777101.782854 762907.3270125 56.4575379956 0.0911592912 0.7405421778 269.7737301445 -14.5583954014 -0.0391649812 0.0651723539
29706 313190.45 113.8482164786 34.0875626814 3777101.751985 762906.3081275 56.4600650435 0.1363535402 0.7505257205 269.7840421788 -14.533178042 -0.0417604567 0.0214786845
29707 313190.52 113.8482054592 34.0875626624 3777101.721505998 762905.2907216 56.4615596058 0.2420550222 0.7391688821 269.7885537749 -14.5087187385 -0.0362979389 0.0328597729
29708 313190.59 113.8481944595 34.0875626434 3777101.6910769986 762904.2751403 56.4642645223 0.3313138951 0.7310159416 269.7922090836 -14.4864230599 -0.0367861335 0.0701213227
29709 313190.66 113.8481834789 34.0875626263 3777101.66091 762903.2613015 56.469058061 0.4276175187 0.724554201 269.7934276732 -14.4592413248 -0.0314751943 0.0885443355
29710 313190.73 113.8481725178 34.0875626082 3777101.630683 762902.2492744002 56.4755422818 0.5027071269 0.7225145865 269.7996237085 -14.4370195565 -0.0374480494 0.1259749116
29711 313190.75 113.8481693899 34.0875626031 3777101.6220620014 762901.9604821 56.4780716226 0.4545477869 0.7377320137 269.8009692331 -14.4251502703 -0.0358497968 0.1446450676
29712 313190.82 113.8481584576 34.0875625886 3777101.592304 762900.9511055 56.4884377299 0.3825505363 0.7139537715 269.800593821 -14.3893109513 -0.0324642369 0.155227317
29713 313190.89 113.8481475427 34.087562572 3777101.562361 762899.9433363002 56.4978099866 0.285309864 0.693918147 269.8058957068 -14.3746720034 -0.0343579615 0.1330034368
29714 313190.96 113.8481366441 34.0875625554 3777101.532461 762898.9370784 56.5049725361 0.1797643644 0.6810139418 269.806319037 -14.3535746256 -0.0283057233 0.0949846607
29715 313191.03 113.8481257656 34.0875625395 3777101.502694 762897.9326739998 56.5101734921 0.0873785714 0.6834216357 269.807976527 -14.3262290388 -0.0328135744 0.0826705673
29716 313191.1 113.8481149026 34.0875625218 3777101.4727589986 762896.9296997 56.5130302682 0.0830796391 0.679475682 269.8096199701 -14.3041379917 -0.0329802563 0.0236328863
29717 313191.17 113.8481040577 34.0875625064 3777101.443126 762895.9283943 56.513343621 0.3102715303 0.7007883285 269.8099700082 -14.2809085772 -0.0279864699 -0.0025174213
29718 313191.25 113.8480916902 34.0875624902 3777101.409493 762894.7865044002 56.5154353883 0.5374263551 0.7425583004 269.8151796104 -14.240253011 -0.0193195989 0.0698970579
29719 313191.33 113.8480793586 34.0875624772 3777101.376301 762893.6479194 56.5250710035 0.615749125 0.7570838095 269.813022407 -14.1953991245 -0.027482225 0.1847301127
29720 313191.41 113.8480670634 34.087562462 3777101.342963 762892.5126944998 56.5402952954 0.4652194238 0.8022877311 269.8178716346 -14.1602242569 -0.0256787158 0.1990241833
29721 313191.49 113.848054803 34.087562449 3777101.309951 762891.3806831 56.554624904 0.3472347681 0.8651564424 269.8203578002 -14.1216644086 -0.0201068097 0.1556392159
29722 313191.57 113.8480425787 34.0875624366 3777101.277108 762890.2520056998 56.5645822818 0.4330330842 0.8293629079 269.8213004689 -14.0772176759 -0.0201506531 0.1146530802
29723 313191.65 113.8480303974 34.0875624243 3777101.2443800014 762889.1272929 56.5736631593 0.2761981282 0.852728252 269.8161043709 -14.0209053698 -0.0239745425 0.0954993217
29724 313191.73 113.8480182564 34.0875624079 3777101.2113 762888.0063136999 56.5818017041 0.2902290692 0.8309498812 269.8216901874 -13.9806316775 -0.0246157259 0.1097373333
29725 313191.81 113.8480061582 34.0875623931 3777101.1785120014 762886.8892859998 56.5884459484 0.1865997077 0.8378187041 269.8180130218 -13.9239256813 -0.0258509799 0.0789868402
29726 313191.89 113.8479941042 34.0875623753 3777101.145503 762885.7763473 56.5947754988 0.1644090791 0.8073663474 269.824628569 -13.8757174894 -0.0282025084 0.0861410492
29727 313191.97 113.8479820988 34.0875623586 3777101.112748 762884.667894 56.5997917941 0.2177134476 0.8228018479 269.8245080318 -13.8157813718 -0.0253261833 0.0595991688
29728 313192.05 113.847970142 34.0875623449 3777101.080442 762883.5639087 56.6046005469 0.254276991 0.794292111 269.8222361226 -13.7572447296 -0.0239570497 0.0692839239
29729 313192.13 113.8479582345 34.0875623301 3777101.048146 762882.4644899998 56.6097408151 0.3265834793 0.7819865293 269.8244442295 -13.7020506017 -0.0264697911 0.0784502604
29730 313192.21 113.8479463814 34.0875623151 3777101.015963 762881.3700959 56.6163574411 0.35999936 0.7610117961 269.8231453839 -13.6368726639 -0.0265074508 0.1058653983
29731 313192.29 113.847934582 34.0875622996 3777100.983873 762880.280658 56.6246626237 0.3065239159 0.7345569445 269.8276154553 -13.5754085203 -0.0243666886 0.0980474907
29732 313192.37 113.8479228355 34.0875622805 3777100.951514 762879.1961084 56.6333293682 0.2595832867 0.6868263727 269.8381197823 -13.5106848391 -0.0332372961 0.1109744667
29733 313192.45 113.8479111401 34.0875622626 3777100.919413 762878.1162846999 56.6412933152 0.2356601323 0.663567448 269.8389243147 -13.4600522601 -0.0239731211 0.1018459853
29734 313192.53 113.8478994978 34.0875622483 3777100.887856 762877.0413422 56.6482001329 0.1196563163 0.6683566368 269.8362985066 -13.3901946431 -0.0209656762 0.0935785181
29735 313192.61 113.8478879098 34.0875622344 3777100.856479 762875.9714184 56.6530346284 0.050442286 0.6974748478 269.8354608034 -13.3260114813 -0.0252886083 0.0547448929
29736 313192.69 113.8478763774 34.0875622234 3777100.825576 762874.9066263002 56.6555354316 0.0987423295 0.7295245358 269.831777627 -13.2623299974 -0.0167336988 0.0354195452
29737 313192.77 113.8478649015 34.0875622143 3777100.795025 762873.8470367 56.6564311972 0.13139642 0.8190935025 269.8296436064 -13.1975835503 -0.0147418373 0.0178629493
29738 313192.85 113.8478534873 34.0875622084 3777100.764983 762872.79313 56.6589115728 0.1735851414 0.8540779494 269.8246524317 -13.1254358878 -0.012476876 0.0762982231
29739 313192.93 113.8478421371 34.087562201 3777100.734939 762871.7451501 56.6651454726 0.1326976381 0.9092443443 269.8202408519 -13.054249347 -0.0151078921 0.0812487992
29740 313193.01 113.8478308531 34.0875621913 3777100.704813 762870.7032828 56.6701751184 0.1426756405 0.9243661192 269.8211653896 -12.9665735271 -0.0212716387 0.0600934263
29741 313193.09 113.8478196407 34.0875621797 3777100.674665 762869.6680266 56.6748290025 0.1471709889 0.9496670735 269.8234043416 -12.8908796779 -0.0195755448 0.0688112157
29742 313193.17 113.8478085048 34.0875621674 3777100.644637 762868.6398407 56.6795387706 0.0898032616 0.9294670688 269.8230482385 -12.7968041006 -0.0271983496 0.0763840698
29743 313193.25 113.8477974467 34.0875621524 3777100.614505002 762867.6188506 56.6844031839 0.0409672774 0.9121910472 269.8269934606 -12.7089414018 -0.0261623933 0.0589660384
29744 313193.33 113.8477864644 34.0875621406 3777100.5849230015 762866.60485 56.6883049039 0.0888912143 0.9264935075 269.8269395486 -12.6230303129 -0.0178929743 0.0669048182
29745 313193.41 113.8477755638 34.0875621272 3777100.55537 762865.5983956 56.6911203424 0.1115265459 0.8888887464 269.8293378582 -12.5215179988 -0.0294367721 0.0368587785
29746 313193.5 113.8477633948 34.0875621146 3777100.522648 762864.4748165 56.6949316505 0.2166280858 0.9525142002 269.8317577219 -12.4189795992 -0.0162622642 0.054751688
29747 313193.59 113.8477513307 34.0875621056 3777100.490596 762863.3609203 56.7003986053 0.3300034142 0.9617913543 269.8346726166 -12.3133840483 -0.0145844263 0.0773630375
29748 313193.68 113.8477393683 34.0875620963 3777100.458772 762862.2564064 56.7079508267 0.4706034507 0.9687619108 269.8287448599 -12.219618871 -0.0184641182 0.1288436724
29749 313193.77 113.8477274987 34.0875620854 3777100.427001 762861.1604746998 56.7188599408 0.5024643513 0.9580042712 269.8348992864 -12.1248335456 -0.015562405 0.1637410655
29750 313193.86 113.8477157127 34.0875620716 3777100.39513 762860.0722728 56.7315758122 0.4770389684 0.9015698222 269.836319683 -12.0424586032 -0.028490566 0.1412197638
29751 313193.95 113.8477040069 34.0875620529 3777100.362926 762858.9914835 56.7421089513 0.4386499799 0.85667444 269.8440098253 -11.9494536599 -0.0264144075 0.118467087
29752 313194.04 113.8476923835 34.0875620398 3777100.331549 762857.9182913 56.7537782844 0.2043746265 0.7892858811 269.8294750002 -11.8680001402 -0.0154975449 0.1609510117
29753 313194.13 113.8476808492 34.0875620198 3777100.299645 762856.8533375 56.7636049343 0.0932953421 0.6263143569 269.837015769 -11.7995899327 -0.0414716076 0.0983146899
29754 313194.22 113.8476693959 34.0875619988 3777100.267833 762855.7958733 56.766817986 0.1492915906 0.5176477062 269.844229083 -11.704691074 -0.0235625558 0.0245395481
29755 313194.31 113.847658028 34.0875619732 3777100.235725 762854.7463100002 56.768537405 0.2491135287 0.3979394351 269.849054295 -11.6026096712 -0.0469016875 0.0473752216
29756 313194.4 113.847646747 34.0875619582 3777100.205016 762853.7047366 56.7750696782 0.1823579058 0.4950339143 269.8383011598 -11.5333262191 -0.013555306 0.099901985
29757 313194.49 113.8476355548 34.0875619475 3777100.1750199986 762852.67135 56.7813411504 0.3472750288 0.4527175714 269.827014242 -11.4397810473 -0.0169423679 0.1184982349
29758 313194.58 113.8476244489 34.0875619354 3777100.145097 762851.6459371998 56.7896916028 0.2743740487 0.5208719491 269.8157943248 -11.3473788131 -0.019988538 0.0965319687
29759 313194.67 113.8476134224 34.0875619289 3777100.115988 762850.6278311998 56.7972786417 0.1521743197 0.6083025547 269.7843692206 -11.2623689888 -0.0202279218 0.0714702618
29760 313194.76 113.8476024715 34.0875619168 3777100.086462 762849.616729 56.8022820167 0.0432686246 0.6331005042 269.7716684734 -11.1963020258 -0.0315517384 0.0387069659
29761 313194.85 113.8475915986 34.0875618947 3777100.056022 762848.6128612 56.8052193383 -0.0174275575 0.651721267 269.7739160856 -11.1095707348 -0.0389910001 0.0158061064
29762 313194.95 113.8475796102 34.0875618774 3777100.0232339986 762847.5059704002 56.8072060384 0.0348166789 0.73175241 269.7733291649 -11.0187481247 -0.0216042295 0.0085326714
29763 313195.05 113.8475677176 34.0875618582 3777099.990492 762846.4079423002 56.8073899401 0.1800542694 0.6986477008 269.7599933806 -10.9260416952 -0.0339194147 0.0260450727
29764 313195.15 113.8475559305 34.0875618376 3777099.957868 762845.3196553 56.8118947353 0.1508611332 0.7570267518 269.7458091939 -10.8270065919 -0.0170350631 0.094307518
29765 313195.25 113.8475442437 34.0875618142 3777099.925184 762844.2406345998 56.8189624045 -0.0250423136 0.7260081345 269.7407077219 -10.7372640518 -0.040014556 0.0555729292
29766 313195.35 113.8475326613 34.0875617806 3777099.89164 762843.1712957 56.8231411353 -0.1751799425 0.6813676095 269.7584946369 -10.6428980778 -0.0377323216 0.0303878771
29767 313195.45 113.8475211799 34.0875617497 3777099.858662 762842.1112611998 56.823138413 -0.1646598603 0.5824992619 269.7641568022 -10.5484427307 -0.0367325858 -0.0004639375
29768 313195.55 113.8475098061 34.0875617149 3777099.8255199986 762841.0611863001 56.8197477004 4.09515e-05 0.4889710802 269.786674755 -10.4430048369 -0.0371283246 -0.0184468184
29769 313195.65 113.8474985401 34.0875616878 3777099.79352 762840.0210296 56.8178031752 0.1296024424 0.4341047212 269.7916076946 -10.3442200121 -0.0279561776 0.0086863456
29770 313195.75 113.8474873905 34.0875616643 3777099.762213 762838.9916143002 56.8210955877 0.0801628597 0.3822729142 269.80736361 -10.2341297903 -0.0290087466 0.0699382219
29771 313195.85 113.847476354 34.0875616433 3777099.731478 762837.9726372 56.8268715832 -0.0167291262 0.3880367883 269.8167859885 -10.1302822624 -0.0180672672 0.060878041
29772 313195.95 113.8474654338 34.0875616268 3777099.701534 762836.9643765 56.8294730773 0.0248383136 0.3697669822 269.822842738 -10.0225189069 -0.0202035481 0.0196261448
29773 313196.06 113.8474535586 34.0875616098 3777099.669086 762835.8679505 56.8302272204 0.1413360544 0.4190442503 269.8399114987 -9.903108111 -0.014078985 0.0099260632
29774 313196.17 113.8474418329 34.0875615957 3777099.637341 762834.7853058 56.8312939741 0.3639326999 0.4493336457 269.8485062597 -9.7788257602 -0.014593184 0.0432982927
29775 313196.28 113.8474302582 34.0875615922 3777099.60715 762833.7165859 56.8388516158 0.344593845 0.5606278627 269.8505114481 -9.656345453 0.0010001931 0.1018489894
29776 313196.39 113.8474188334 34.0875615863 3777099.577089 762832.6617064 56.8488007383 0.2748489451 0.6095242522 269.8621111816 -9.525305789 -0.00626636 0.1066558018
29777 313196.5 113.8474075565 34.0875615812 3777099.5475 762831.6204723001 56.8565403111 0.3617762101 0.6571213811 269.8667566665 -9.4048997172 -0.0043340874 0.0695773077
29778 313196.61 113.8473964282 34.0875615755 3777099.518227 762830.5929709 56.8620095272 0.5353401595 0.6821336057 269.8821056801 -9.2760693087 -0.0023130646 0.0625965664
29779 313196.72 113.8473854534 34.087561567 3777099.48904 762829.5796528001 56.870187616 0.6339925635 0.62822013 269.8995688311 -9.1516148598 -0.0092531728 0.0971485618
29780 313196.84 113.8473736592 34.0875615519 3777099.457006 762828.4906948 56.8852107646 0.492091229 0.5124927366 269.9184806879 -9.0019028677 -0.0177303042 0.1511484659
29781 313196.96 113.847362048 34.0875615413 3777099.425942 762827.4186196 56.9002923658 0.3495660925 0.5306509985 269.9372784451 -8.8699771298 0.0066645162 0.1187281237
29782 313197.08 113.8473506204 34.0875615495 3777099.397432 762826.3634383002 56.9115084615 0.1349202043 0.6060553975 269.9474784781 -8.7222457602 0.006776848 0.0934945595
29783 313197.2 113.8473393846 34.0875615643 3777099.370163 762825.3259423 56.9182579396 0.1244416836 0.6102921193 269.9686640228 -8.585591731 0.0139806724 0.0629117069
29784 313197.32 113.8473283204 34.087561573 3777099.342644002 762824.3043125 56.9222765705 0.1371740613 0.6130820893 269.9717057206 -8.4518752968 0.0026231899 0.0245150717
29785 313197.44 113.8473174382 34.087561596 3777099.317186 762823.2994407 56.9241081355 0.1538635604 0.6590065811 269.9803510682 -8.3004548196 0.0224219589 0.0486135901
29786 313197.57 113.847305853 34.0875616118 3777099.289128 762822.2296838 56.9340767283 -0.0477426117 0.6697167956 270.0100943832 -8.1683538087 0.0022043201 0.0434379905
29787 313197.7 113.8472944714 34.0875616224 3777099.26101 762821.1787449998 56.9347505327 0.1171618372 0.5307141882 270.0376646323 -8.01657902 0.0076134728 -0.0124451843
29788 313197.83 113.8472832754 34.0875616469 3777099.234913 762820.1449005 56.9358454971 0.2368348135 0.6631560254 270.0403067424 -7.9108286962 0.0333309354 0.04529767
29789 313197.96 113.8472722032 34.087561684 3777099.2105269986 762819.1224396 56.9414184941 0.2025877316 0.6673324257 270.0606492546 -7.8369138777 0.0109640739 0.0516598937
29790 313198.09 113.847261224 34.0875617017 3777099.184236 762818.108629 56.9467794392 0.0060484791 0.6176187756 270.0699210598 -7.7677726564 0.0206365612 0.0509833548
29791 313198.22 113.8472503245 34.0875617317 3777099.159517 762817.1021462 56.9512123019 -0.0720565831 0.6399043732 270.0417925285 -7.7128596095 0.0241843122 0.0348729774
29792 313198.36 113.8472386714 34.0875617509 3777099.131657 762816.0261068002 56.9494528268 0.1083404725 0.6001810346 270.0399187055 -7.659441716 0.0103573614 -0.0820263082
29793 313198.5 113.8472271029 34.0875617606 3777099.102954 762814.9579094 56.9452096671 0.3117099038 0.5154792886 270.0295634061 -7.6015446966 0.0035362022 0.0182211114
29794 313198.64 113.8472156185 34.0875617773 3777099.075247 762813.8974601 56.9531231644 0.2292242213 0.4985253313 270.0061299151 -7.5530540475 0.0145292346 0.0741063755
29795 313198.78 113.8472042029 34.087561788 3777099.047053 762812.8433783002 56.957871194 0.3236005674 0.4475678905 269.9933680399 -7.5094255878 -0.00141957 0.0264396658
29796 313198.92 113.8471928595 34.0875617964 3777099.018794 762811.7959683002 56.9614279829 0.4372576799 0.4000382118 269.9803555655 -7.4573954626 0.0086060517 0.0442205598
29797 313199.06 113.8471815912 34.0875617994 3777098.990119002 762810.7555142 56.9688005261 0.4017006019 0.3529711538 269.9578974849 -7.4084464864 -0.0052430939 0.0579518889
29798 313199.2 113.8471704 34.0875617956 3777098.960897 762809.7221941 56.9768213807 0.3692919465 0.3360473998 269.9536801834 -7.3567533993 0.006815618 0.0813692869
29799 313199.34 113.8471592819 34.0875617989 3777098.932648 762808.6956071 56.9850151325 0.3346236858 0.3016950912 269.9240749251 -7.3135882871 -0.0008349046 0.0465744528
29800 313199.48 113.8471482327 34.0875617851 3777098.902685 762807.6754284 56.9901616294 0.3739890647 0.2251596545 269.9298524192 -7.2676607037 -0.0049053236 0.0479040144
29801 313199.62 113.8471372519 34.0875617795 3777098.873803 762806.661551 56.99606416 0.3786520365 0.1824049698 269.9187501315 -7.2249276591 -0.0077224308 0.0480171131
29802 313199.76 113.8471263286 34.08756177 3777098.84464 762805.6529839 57.0016772328 0.4339823 0.1671936276 269.9727167152 -7.1917311899 -0.0067453315 0.0362216523
29803 313199.9 113.847115435 34.0875617712 3777098.816726 762804.6471291998 57.0061217789 0.5391776369 0.1344991918 270.0070488505 -7.1885508779 0.0060616912 0.0518103667
29804 313200.04 113.8471045555 34.0875617764 3777098.789307 762803.6425688 57.0130755529 0.5253722905 0.12129475 270.067763009 -7.1727862852 0.0064949586 0.0587338618
29805 313200.18 113.8470936896 34.0875617931 3777098.7632 762802.6392226 57.022205485 0.5101961509 0.1228605398 270.133606786 -7.1658288199 0.0174455052 0.0639472621
29806 313200.32 113.8470828224 34.0875618193 3777098.7381379986 762801.6357303001 57.0282982513 0.6326716023 0.1591901232 270.1960852396 -7.1689108275 0.0244769747 0.0408828812
29807 313200.46 113.8470719435 34.0875618614 3777098.71481 762800.631106 57.0347296167 0.7043510063 0.1765990391 270.2159765243 -7.1835619806 0.038315574 0.0703574039
29808 313200.6 113.8470610447 34.0875619014 3777098.691197 762799.6246518 57.0444426779 0.5754388383 0.2125745786 270.1636633436 -7.19800409 0.0263875095 0.0739756864
29809 313200.74 113.8470501168 34.0875619321 3777098.666484 762798.6155388 57.0550961811 0.4833595905 0.2492645701 270.1202994144 -7.2162890321 0.0276870068 0.0772613272
29810 313200.88 113.8470391595 34.0875619552 3777098.640845 762797.6037404 57.062787219 0.4566631587 0.2595090546 270.0626442979 -7.2396250657 0.0112741098 0.0343468888
29811 313201.02 113.8470281715 34.0875619644 3777098.613593 762796.5891398 57.0657928754 0.5810397974 0.2362819639 270.0296895875 -7.2554370654 0.0075842466 0.0316617639
29812 313201.16 113.8470171491 34.0875619816 3777098.587137 762795.5713422 57.0741931973 0.5442747474 0.2714934118 269.9564760638 -7.2687664301 0.0046954168 0.0770285795
29813 313201.3 113.8470061243 34.0875619848 3777098.559119 762794.5533724 57.0832268503 0.5231766087 0.3382731242 269.9211595312 -7.2552127686 0.0010494765 0.0665501064
29814 313201.44 113.8469951366 34.0875619847 3777098.530826 762793.5388368 57.0916983662 0.5275930308 0.3053732573 269.8577965164 -7.2152309217 -0.0148270757 0.0578361657
29815 313201.58 113.8469842298 34.0875619633 3777098.500384 762792.5318279 57.1001038887 0.4928898738 0.2750191772 269.8116363806 -7.1509435585 -0.0207404081 0.0579393234
29816 313201.73 113.846972704 34.0875619384 3777098.467951 762791.4676821 57.1101846378 0.3617722042 0.2691557749 269.7467867409 -7.0249127531 -0.0241336966 0.0724543013
29817 313201.88 113.8469614106 34.0875618982 3777098.434433 762790.4250386999 57.1193300588 0.2789318354 0.2123246098 269.7005187995 -6.8653652208 -0.0432055259 0.0573212733
29818 313202.03 113.8469503672 34.0875618479 3777098.400433 762789.4055133002 57.1255898634 0.2613815192 0.1602142638 269.6399292943 -6.7170411873 -0.0395724844 0.0493989058
29819 313202.18 113.8469395095 34.087561793 3777098.366393 762788.4031533 57.1299163103 0.3062699611 0.0901146361 269.5775865618 -6.6396854227 -0.0576174598 0.0346186622
29820 313202.34 113.8469280502 34.08756172 3777098.328802 762787.3452953 57.1350937635 0.3895828382 0.0437628747 269.5220170319 -6.5712113532 -0.0503066175 0.0325089657
29821 313202.5 113.846916694 34.087561647 3777098.291478 762786.2969598002 57.1409495035 0.4988422723 0.0254070331 269.4522344091 -6.5155027065 -0.0621631361 0.0264303475
29822 313202.66 113.8469054365 34.087561554 3777098.25218 762785.2577963 57.1469311984 0.6283039801 -0.0253582585 269.425884966 -6.4584530455 -0.0619119514 0.0624573833
29823 313202.82 113.8468942839 34.0875614646 3777098.213563 762784.228305 57.1578123206 0.6509505008 -0.0630667223 269.4045987948 -6.3946846068 -0.0696453023 0.060488657
29824 313202.98 113.8468832339 34.087561374 3777098.175068 762783.2082979998 57.1669488344 0.7932944572 -0.0823127702 269.4438921322 -6.3332152465 -0.0647693346 0.0699908987
29825 313203.14 113.846872304 34.0875612961 3777098.138299 762782.1993356 57.1798945432 0.7957335569 -0.1545221554 269.4397793046 -6.2750055437 -0.067057269 0.0881363151
29826 313203.31 113.8468608179 34.087561207 3777098.098856 762781.139056 57.1937525906 0.7789621104 -0.1974044868 269.47335895 -6.2001734189 -0.050071235 0.0921381362
