29917 313218.18 113.8458927668 34.0876607466 3777106.6546870014 762691.4472319002 57.5672708647 0.9569167619 0.3847607844 270.5747839459 -9.0224910161 0.1366264065 0.1645342928
29918 313218.21 113.8458898331 34.0876607794 3777106.650788 762691.1762518 57.5721435035 0.9188063608 0.3651687568 270.5123051051 -9.0315891081 0.1194196887 0.1551987114
29919 313218.33 113.8458780615 34.0876608772 3777106.631355 762690.0890321998 57.5879809987 0.8118600602 0.3497620479 270.2765722147 -9.077876844 0.0813486389 0.1028965614
29920 313218.44 113.8458672196 34.0876609412 3777106.610561 762689.0877640998 57.6001529554 0.7696151922 0.4228202678 270.036029885 -9.112161871 0.0591003818 0.1079005976
29921 313218.55 113.8458563289 34.0876609696 3777106.585707 762688.0820909998 57.6112216292 0.8326076778 0.4432249583 269.8147379247 -9.1550228764 0.0098444528 0.0989323308
29922 313218.66 113.8458453927 34.0876609604 3777106.556544998 762687.0723396 57.6216306184 0.9386342074 0.4824934431 269.5828416047 -9.1949141573 -0.0174975159 0.0870997705
29923 313218.77 113.8458344176 34.0876609188 3777106.5237 762686.0590914 57.6329803178 1.0271468326 0.5114428829 269.3517983806 -9.2226819214 -0.0540420209 0.1218758675
29924 313218.88 113.8458234085 34.0876608382 3777106.486437 762685.042826 57.6492699785 0.9914949867 0.5229013795 269.1238626588 -9.2511536763 -0.0922722962 0.1607033521
29925 313218.99 113.8458123665 34.0876607197 3777106.444871 762684.0236410998 57.6660594912 0.9433151885 0.4990869299 268.9256896001 -9.272622289 -0.1315077985 0.133382782
29926 313219.03 113.8458083439 34.0876606665 3777106.428623 762683.6523898002 57.6715813028 0.9407441726 0.4929955006 268.8687885088 -9.2822377941 -0.1498477831 0.1328405646
29927 313219.14 113.8457972632 34.0876604868 3777106.3801730014 762682.6298216998 57.6868444001 1.0440010939 0.4497200874 268.7221136933 -9.291431717 -0.1718124148 0.1358357083
29928 313219.25 113.8457861869 34.0876602847 3777106.329255 762681.6077290998 57.7028050032 1.1124243313 0.3773319085 268.5811606109 -9.2800945005 -0.1997406623 0.1640004734
29929 313219.36 113.8457751428 34.0876600631 3777106.276252 762680.5886684 57.7226613741 1.0459670187 0.3836841441 268.4279031606 -9.2413192554 -0.2109532728 0.2032482001
29930 313219.47 113.8457641312 34.0876598219 3777106.22116 762679.5726716998 57.7439961201 0.951206064 0.4190126851 268.2860493526 -9.2206218328 -0.2394010756 0.1743411399
29931 313219.58 113.8457531539 34.087659556 3777106.163413 762678.5599101 57.7623500582 0.928861401 0.4288383187 268.1583584316 -9.1928836963 -0.2647379144 0.144717826
29932 313219.69 113.8457422154 34.0876592719 3777106.1037449986 762677.5507966 57.7791007869 0.8995845583 0.489195621 268.0197151685 -9.1565775657 -0.2770149524 0.1410774172
29933 313219.8 113.8457313274 34.0876589735 3777106.042623 762676.5463877 57.7968513733 0.8851409892 0.550176125 267.885692032 -9.1072879986 -0.2958324221 0.1585818648
29934 313219.91 113.8457204857 34.0876586527 3777105.979135 762675.5463253 57.8142439472 0.9215635492 0.5995172515 267.7366695371 -9.0723353881 -0.3177500924 0.1400756402
29935 313220.03 113.845708714 34.0876582752 3777105.906954 762674.4605664002 57.8303894 1.0180199193 0.6252092301 267.549146462 -9.0271155318 -0.341035284 0.1364651284
29936 313220.05 113.8457067594 34.0876582112 3777105.894823 762674.2802879 57.8330058306 1.0219738803 0.6032467887 267.5115595873 -9.0165869347 -0.3510802217 0.1333551515
29937 313220.17 113.8456950696 34.0876577991 3777105.819024 762673.2021931999 57.8518315712 1.0541037845 0.6028156257 267.3117979856 -8.9724249403 -0.3883274973 0.1774608646
29938 313220.29 113.8456834425 34.0876573501 3777105.739288 762672.1300050998 57.8723118994 0.9332346652 0.6250617432 267.1272471437 -8.9241150535 -0.4174428578 0.1604355374
29939 313220.41 113.8456718739 34.0876568772 3777105.657041 762671.0632951 57.8922019005 0.7851360713 0.6308265356 266.930559842 -8.8811846381 -0.4446114304 0.160134792
29940 313220.53 113.8456603627 34.0876563731 3777105.571491 762670.0019811 57.909027067 0.8028650917 0.6273573882 266.7662597574 -8.8299888863 -0.4675601209 0.1182017211
29941 313220.65 113.8456489074 34.0876558473 3777105.483665 762668.9458952 57.9237128263 0.8626747825 0.6225049413 266.5955320934 -8.7861898464 -0.4890213398 0.1249544176
29942 313220.77 113.8456375101 34.0876552904 3777105.392554 762667.8952621998 57.9376171269 0.91701501 0.5753062689 266.4573025228 -8.7476247859 -0.5224347928 0.1243320812
29943 313220.89 113.8456261752 34.087654717 3777105.299764 762666.8504328 57.9549354045 0.8216759624 0.661679545 266.3493404277 -8.693594847 -0.5229975541 0.1607684323
29944 313221.01 113.8456148985 34.0876541361 3777105.206288 762665.8110129002 57.9719833741 0.8484931347 0.7043576506 266.2769589495 -8.6519871608 -0.537588796 0.1312757782
29945 313221.13 113.8456036798 34.087653538 3777105.111054 762664.7769952 57.9857998714 1.0740214897 0.6811047141 266.2138660274 -8.6038539509 -0.5419346298 0.1261953497
29946 313221.25 113.8455925247 34.0876529239 3777105.014203 762663.748903 57.999354749 1.2961621396 0.6739572178 266.1872217845 -8.5518335709 -0.5552665616 0.1273889335
29947 313221.37 113.8455814418 34.0876523206 3777104.918747 762662.7274385 58.0202573594 1.1561091035 0.7453980598 266.1514249654 -8.4947802714 -0.5389703603 0.2375881197
29948 313221.49 113.8455704291 34.0876517102 3777104.8226809986 762661.7124806999 58.0467538396 0.7844000505 0.7264873503 266.1341724537 -8.4489518389 -0.5653647613 0.1974914744
29949 313221.61 113.8455594738 34.087651096 3777104.726342 762660.7028305002 58.0641034283 0.8106957599 0.6979446154 266.1070169087 -8.3991092257 -0.5471465248 0.1204727027
29950 313221.73 113.8455485786 34.0876504796 3777104.629903 762659.6987401998 58.0753283128 0.9142222511 0.6746154951 266.0892482289 -8.35066492 -0.5604917614 0.1046513105
29951 313221.85 113.8455377522 34.0876498654 3777104.533896 762658.7009934 58.0893639652 0.9639047715 0.6563465042 266.070002055 -8.2967056309 -0.5515527486 0.1462684924
29952 313221.98 113.8455260995 34.0876491994 3777104.43001 762657.6271123 58.1089677801 0.8000355624 0.6318669641 266.0411283667 -8.2414815281 -0.561680903 0.1466574564
29953 313222.11 113.845514517 34.0876485353 3777104.326516001 762656.5597085998 58.1274684342 0.7228306641 0.6603019439 265.9839430626 -8.1904139386 -0.5612979367 0.1291209074
29954 313222.24 113.8455030071 34.0876478745 3777104.223577 762655.4989976998 58.1422158703 0.7074321816 0.723548047 265.8436102021 -8.1431552753 -0.5645993097 0.0978730658
29955 313222.25 113.8455021251 34.0876478229 3777104.21558 762655.417718 58.1432295097 0.7180631355 0.7275929866 265.832253194 -8.1349090158 -0.5664517899 0.0963703258
29956 313222.38 113.8454907131 34.0876471363 3777104.110035 762654.3661289002 58.1562475525 0.8199593309 0.6926289201 265.6884607861 -8.055398854 -0.5957354687 0.0928043711
29957 313222.51 113.8454793991 34.0876464231 3777104.001783 762653.3236673998 58.1713321339 0.8716516401 0.6732199979 265.5682266544 -7.9952445071 -0.6071702029 0.1146170628
29958 313222.64 113.845468186 34.0876456954 3777103.892178 762652.2905718002 58.1866348907 0.986885407 0.6183313128 265.4476722074 -7.9175639959 -0.6190507167 0.1291666541
29959 313222.77 113.8454570748 34.0876449574 3777103.7817050014 762651.2669146998 58.2053439347 0.980711475 0.6011331723 265.2609277337 -7.8417294354 -0.633596197 0.1435822437
29960 313222.9 113.8454460536 34.087644192 3777103.668415 762650.2516501 58.2239299621 1.0105544995 0.5514842892 265.0910370783 -7.7847515325 -0.6550922532 0.136157641
29961 313223.03 113.8454351258 34.0876433984 3777103.552238 762649.2450964 58.2426766641 0.8872645283 0.4956925653 264.9021321041 -7.7190017244 -0.6825673973 0.1450912067
29962 313223.16 113.8454242939 34.0876425802 3777103.433577 762648.2474720002 58.2628749069 0.7196100617 0.5173334662 264.7112310451 -7.6474970556 -0.6932099375 0.144545202
29963 313223.3 113.845412753 34.0876416812 3777103.304123 762647.1846324 58.2826980539 0.601509434 0.5944734635 264.4992026276 -7.5514179628 -0.7113831344 0.1185597484
29964 313223.44 113.8454013438 34.0876407503 3777103.171467 762646.1340593002 58.2955941893 0.7882651294 0.6365444002 264.3064660029 -7.4686437609 -0.7369407198 0.0612591402
29965 313223.58 113.8453900803 34.087639804 3777103.037478 762645.0969773001 58.3066921281 0.8999593985 0.6423710015 264.1250783445 -7.3667862492 -0.7435543608 0.0970851843
29966 313223.72 113.8453789833 34.0876388354 3777102.901437 762644.0753408001 58.3275707988 0.7867637983 0.6085976022 264.0083945373 -7.252626437 -0.764098592 0.161102749
29967 313223.86 113.8453680749 34.0876378615 3777102.765307 762643.0711401999 58.3484592186 0.7038828 0.549126022 263.9176340226 -7.1144969023 -0.7585743199 0.104929881
29968 313224.01 113.8453566505 34.0876368264 3777102.621048 762642.0194795 58.3636313966 0.7807920801 0.4719863347 263.8650605053 -6.9205134236 -0.7507628417 0.1096631593
29969 313224.16 113.8453455359 34.0876358322 3777102.482125 762640.9962989 58.3792118402 0.6791856487 0.4909982757 263.8169365941 -6.7297367246 -0.7198783806 0.1104957286
29970 313224.31 113.8453347528 34.0876348716 3777102.347786 762640.0036273 58.3965467606 0.5276342648 0.4827889271 263.77298899 -6.5254703616 -0.7137232775 0.1011420024
29971 313224.47 113.8453236214 34.0876338675 3777102.207727 762638.978922 58.4122229638 0.5147627558 0.400532238 263.7831869426 -6.3085234608 -0.6981236707 0.0714160003
29972 313224.64 113.8453122056 34.0876328378 3777102.064095 762637.9280355 58.4229592392 0.5211555773 0.3910526337 263.7647911016 -6.0803069616 -0.6698001614 0.0643325031
29973 313224.81 113.8453012214 34.08763185 3777101.926217 762636.9168804 58.4360489258 0.537761884 0.4536512208 263.7694798418 -5.8406237685 -0.6317478335 0.0849062675
29974 313224.96 113.8452918925 34.0876310144 3777101.809491 762636.0580851 58.4486127701 0.4771550017 0.5428295429 263.6187766459 -5.6291264836 -0.6136833404 0.0480819045
29975 313225.15 113.845280577 34.0876299446 3777101.661662 762635.016591 58.4613185171 0.4736268489 0.3779112296 263.3876592753 -5.3510497237 -0.6346869471 0.0839203797
29976 313225.34 113.8452697885 34.087628902 3777101.518213 762634.0236728 58.4719593618 0.3729498421 0.4216904147 263.0907492233 -5.1154306152 -0.6028023269 0.0369767128
29977 313225.54 113.8452589913 34.087627809 3777101.369139 762633.0300987 58.4865274066 0.2777484127 0.4482461381 262.8458516604 -4.8351606966 -0.6181318845 0.0737651733
29978 313225.76 113.8452478303 34.0876266315 3777101.209765 762632.0032003 58.4955536518 0.2707864116 0.3783757439 262.581873976 -4.5138531291 -0.5936779867 0.0198603644
29979 313225.99 113.8452370174 34.0876254546 3777101.0513370014 762631.0084396 58.5029157903 0.3517925273 0.4021585831 262.3584059412 -4.1513783151 -0.5583570827 0.0543452753
29980 313226.25 113.8452258848 34.087624193 3777100.8827059986 762629.9844264 58.5139100971 0.2897198285 0.34874049 262.1050125896 -3.7629210379 -0.5317884805 0.033068761
29981 313226.53 113.8452148042 34.0876228858 3777100.709138 762628.9653487 58.5204399116 0.4994458517 0.1933549374 261.9045044794 -3.5548518381 -0.5117390934 0.0441414361
29982 313226.82 113.8452039491 34.0876216053 3777100.5391089986 762627.9670193002 58.5332825817 0.1716870284 0.440230091 261.569574085 -3.3315757406 -0.4925808179 0.0289194326
29983 313227.14 113.845193008 34.0876201846 3777100.353308 762626.9611710998 58.5415123096 0.168362625 0.1594244694 260.7783989992 -2.9677523409 -0.5004690676 0.0523296258
29984 313227.27 113.8451889228 34.0876196156 3777100.279647 762626.5857341 58.5464601563 0.1811232585 0.0369741931 260.4470818668 -2.8378447734 -0.485891458 0.0292572046
