29985 313281.38 113.8469345363 34.0872954788 3777068.798813 762788.7676907 57.0821897984 -0.3307743353 0.8479616557 91.9304782605 1.4849902919 -0.0559909104 -0.0068553502
29986 313282.03 113.8469454425 34.0872952502 3777068.80152 762789.7754088 57.0727763455 -0.318470502 0.9402902224 91.7761024212 1.6216789651 -0.0457056468 -0.0150687172
29987 313282.61 113.8469564054 34.0872950099 3777068.803065 762790.7884106 57.0594947524 -0.1563046856 0.9407175331 91.7232019829 1.9846146915 -0.0519285212 -0.0396991528
29988 313283.04 113.8469672631 34.0872947818 3777068.80569 762791.7916554 57.0480933692 -0.0348688782 0.9932202664 91.6177449558 2.7092257028 -0.06629313 -0.0342751136
29989 313283.38 113.8469783742 34.0872945263 3777068.805930998 762792.8183791 57.0430602264 -0.0628467773 1.0733056317 91.4258163149 3.3284773195 -0.0756223338 -0.0085807849
29990 313283.66 113.8469892214 34.0872943149 3777068.8103870014 762793.820604 57.0325182928 -0.0074490593 1.0980109523 91.285948735 3.8278686978 -0.0785991942 -0.0575916107
29991 313283.91 113.8470001597 34.0872941269 3777068.817671 762794.8311653001 57.0231861882 0.0366550735 1.0929169251 91.2138877739 4.2563118649 -0.0829672694 -0.0508604389
29992 313284.14 113.8470112024 34.0872939301 3777068.824253 762795.8513938001 57.0178838223 0.186435717 1.0669323225 91.092225843 4.6130139947 -0.0770852664 -0.002547422
29993 313284.35 113.8470220817 34.0872937539 3777068.832689 762796.8564652 57.0079406966 0.3154312836 1.0728017177 90.9653360409 4.9498718881 -0.0759587215 -0.0597761517
29994 313284.55 113.8470331457 34.0872935714 3777068.840915 762797.8786201 57.0036651176 0.1909519085 1.1770636361 90.7707740226 5.2549207618 -0.0712811784 0.0293881769
29995 313284.74 113.8470442446 34.0872934642 3777068.857583 762798.9037635 57.0084118191 -0.1822980078 1.0041381904 90.6612077186 5.5325622973 -0.0519884371 -0.0118783751
29996 313284.92 113.8470552893 34.0872933465 3777068.872942 762799.9239322 56.9993547322 -0.2266510108 0.9968797484 90.5102448455 5.8021033354 -0.0613299311 -0.0739347182
29997 313285.09 113.8470661845 34.0872932518 3777068.890474 762800.9302214001 56.9866017075 -0.1103387412 1.0119410762 90.4226562049 6.0354265344 -0.0463486244 -0.0590794605
29998 313285.26 113.8470775221 34.0872931732 3777068.910933 762801.9773215 56.9759446988 0.0067217408 0.9382141128 90.3297623372 6.269743217 -0.0290310872 -0.066658253
29999 313285.42 113.847088588 34.0872931149 3777068.932942 762802.9992627 56.9653989775 0.0475139675 0.8988993589 90.2883375806 6.4929212526 -0.0298942026 -0.0618116465
30000 313285.58 113.8471000399 34.0872930588 3777068.956183 762804.0568387 56.9608111232 -0.0466610338 0.8540809854 90.2241276735 6.7140732075 -0.0255566669 -0.022895943
30001 313285.73 113.8471111219 34.0872930131 3777068.979636 762805.080227 56.9558667997 -0.090569646 0.8630188223 90.1999417435 6.9172142222 -0.0229775106 -0.0561010254
30002 313285.88 113.847122535 34.087292968 3777069.004001002 762806.1341895 56.945067361 -0.0324003123 0.8513829418 90.1590396683 7.1214426521 -0.0165403666 -0.0618552597
30003 313286.02 113.8471334835 34.0872929355 3777069.028571 762807.1452135 56.9381455705 -0.0922050561 0.8145021937 90.1327335466 7.3067260376 -0.0055024544 -0.0284640212
30004 313286.16 113.8471447067 34.0872928979 3777069.053286 762808.1816151 56.9328634115 -0.1586761883 0.8786317848 90.0992355634 7.4916473302 -0.0246821045 -0.0388192597
30005 313286.3 113.8471562038 34.0872928617 3777069.078857 762809.2433064998 56.9235155294 -0.1291475114 0.9492232713 90.0645390558 7.6677558751 -0.0196792564 -0.0788891196
30006 313286.43 113.8471671174 34.0872928345 3777069.103922 762810.251087 56.9139878238 -0.0183386086 0.9906149791 89.9901699438 7.8244463384 -0.0163313262 -0.0465391417
30007 313286.56 113.8471782582 34.087292824 3777069.131432 762811.2798011998 56.9066304853 0.0230313051 0.9567671604 89.9007881464 7.9907415084 0.015776637 -0.081455216
30008 313286.58 113.8471799925 34.0872928245 3777069.135949 762811.4399346998 56.9052234227 0.0390197537 0.9495511645 89.8904896317 8.0156643793 0.01244193 -0.0708091153
30009 313286.71 113.8471913864 34.0872928334 3777069.166263 762812.4919486998 56.9005271783 -0.0562246627 0.9888627757 89.8205576709 8.1714114136 0.0107255119 -0.0150313267
30010 313286.84 113.8472030021 34.0872928478 3777069.19776 762813.5644369002 56.8959590886 -0.124502234 0.9145388516 89.7550188684 8.3257804073 0.0357874127 -0.0712698783
30011 313286.96 113.8472139191 34.0872928758 3777069.228969 762814.5723606 56.8880473115 0.0280040137 0.9263187529 89.7051708483 8.4660640786 0.0429799522 -0.042994319
30012 313287.08 113.8472250204 34.0872929067 3777069.260962 762815.5972976999 56.8786798529 0.2758890213 0.8986190752 89.6705407901 8.6011036176 0.0472004743 -0.0633289432
30013 313287.2 113.8472362912 34.0872929481 3777069.294569 762816.6378558001 56.8747813804 0.2644694674 0.908725121 89.6461018943 8.7358136823 0.0495379592 0.0031324762
30014 313287.32 113.8472477365 34.0872929871 3777069.328355 762817.6945252 56.8772659423 0.0133575388 0.8827387437 89.5957865928 8.8726140975 0.0488700878 0.0262533369
30015 313287.44 113.8472593499 34.0872930329 3777069.363323 762818.7666979998 56.8763251109 -0.0521369379 0.9643937526 89.5624616601 8.9928616617 0.0606427246 -0.0518242608
30016 313287.56 113.8472711292 34.0872930784 3777069.398696 762819.8541903001 56.8658183813 0.0986845736 1.0334594208 89.5304837539 9.1235493149 0.0550618589 -0.0884954782
30017 313287.67 113.8472820639 34.0872931325 3777069.432845 762820.863675 56.859272615 0.2104482639 1.0328307973 89.5060150542 9.2286686082 0.0795662705 -0.0221656201
30018 313287.78 113.8472931304 34.0872931899 3777069.467695 762821.8853165 56.8593358407 0.1532844936 1.0830335517 89.469187188 9.3323589076 0.0665913455 -0.0058569571
30019 313287.89 113.8473043322 34.0872932441 3777069.502543 762822.9194547 56.8582374109 0.0743141096 1.073225401 89.425078113 9.4490705275 0.0776855391 -0.0262130587
30020 313288.0 113.8473156639 34.0872933186 3777069.539974 762823.96553 56.8559647622 -0.0303133857 1.0575853558 89.4018020588 9.5624162309 0.0940327253 -0.0244008562
30021 313288.11 113.8473271243 34.0872933905 3777069.577454 762825.0234949002 56.851420355 -0.0498427061 1.0297457063 89.3840110023 9.6692580244 0.0850830523 -0.0635318312
30022 313288.22 113.8473387124 34.0872934722 3777069.61634 762826.0932205 56.8444735166 -0.0761643188 1.0237134088 89.3786531184 9.7801473524 0.0918935345 -0.0565743441
30023 313288.33 113.8473504314 34.0872935544 3777069.655629 762827.1750373 56.8391638948 -0.0775050124 0.9720400587 89.3773565621 9.8901294408 0.0945485253 -0.0418823225
30024 313288.44 113.8473622847 34.0872936393 3777069.695561 762828.2692356998 56.8329384532 -0.1387016558 0.9987558321 89.3695772574 10.0001807012 0.095344418 -0.0673624335
30025 313288.54 113.8473731765 34.0872937063 3777069.731031 762829.274721 56.8272172809 -0.2091123538 0.993114215 89.3486758 10.1064196339 0.0894385134 -0.0514786211
30026 313288.64 113.8473841812 34.087293782 3777069.767757 762830.2906006 56.8210008415 -0.2130637605 1.0532436147 89.3504065502 10.2154445038 0.094465683 -0.0682731272
30027 313288.74 113.8473953026 34.087293857 3777069.804706 762831.3172564 56.8097394966 -0.0468346363 1.0511913972 89.3476874547 10.3196904888 0.0932394207 -0.1201000286
30028 313288.84 113.8474065289 34.0872939383 3777069.842622 762832.3535699 56.8016835991 0.0053339369 1.0413793381 89.3431145159 10.4117760286 0.1036295094 -0.0458442326
30029 313288.94 113.8474178612 34.0872940167 3777069.880493 762833.3996923 56.7984811803 -0.1019495255 1.0769191877 89.3369977622 10.5128072894 0.096542782 -0.0119761231
30030 313289.04 113.8474293067 34.0872940962 3777069.918769 762834.4562613001 56.7949231342 -0.1631476092 1.0672843805 89.3466003108 10.619198902 0.1013266639 -0.0478685985
30031 313289.14 113.8474408652 34.0872941766 3777069.957446 762835.523259 56.7868444091 -0.0686994319 1.082130287 89.3494740813 10.7226235803 0.095211231 -0.0917272215
30032 313289.24 113.8474525327 34.0872942566 3777069.996356 762836.6003174 56.7775429161 0.1242766457 1.0423633208 89.361252996 10.8222449178 0.1099325765 -0.0916570461
30033 313289.34 113.8474643046 34.0872943382 3777070.035711 762837.6870156 56.7718624752 0.2174800435 1.0320589876 89.3815802492 10.9135407975 0.0932549949 -0.0179265975
30034 313289.44 113.8474761756 34.0872944152 3777070.074808 762838.7828817 56.7730294485 0.0223656169 0.9840964974 89.4021839145 11.0026384606 0.1032492142 0.0467259171
30035 313289.54 113.8474881497 34.0872944915 3777070.114097 762839.8882644 56.7746633105 -0.1970148953 0.9917387249 89.4212322395 11.1015693211 0.0900880643 -0.0211194289
30036 313289.63 113.8474990161 34.0872945516 3777070.148741 762840.8914221 56.7680176562 -0.1024431798 0.9977619972 89.4409346651 11.1862235088 0.0854605235 -0.097662799
30037 313289.72 113.84750996 34.0872946112 3777070.183517 762841.9017371 56.7571802679 0.0554830772 1.043153925 89.4614105385 11.2698618568 0.0797077118 -0.1239295421
30038 313289.81 113.8475209877 34.0872946677 3777070.218175 762842.9197916 56.7503676945 0.1723516231 0.9938204141 89.4808011276 11.3455615138 0.0856195286 -0.0230164699
30039 313289.9 113.8475320844 34.0872947291 3777070.253554 762843.9442139 56.7507816181 0.067324273 1.0183219574 89.5130924896 11.4160539708 0.090264398 0.0208882473
30040 313289.99 113.8475432634 34.0872947863 3777070.28868 762844.9762431999 56.7505719969 0.0470356396 0.9578860985 89.5492105049 11.5060061236 0.0724637367 -0.0208536932
30041 313290.08 113.8475545123 34.0872948498 3777070.324673998 762846.014705 56.7473808816 0.1622687753 0.8914201012 89.5857915281 11.5834882072 0.0831426158 -0.0408587192
30042 313290.17 113.847565837 34.0872949099 3777070.3605 762847.0601784 56.7440238502 0.1328387176 0.910043335 89.6179986582 11.6635538355 0.0618728271 -0.0194805252
30043 313290.26 113.8475772374 34.0872949618 3777070.395601 762848.1126611 56.74471098 -0.0723657337 0.9224411584 89.6447352428 11.7422326489 0.0589037692 0.0430954111
30044 313290.35 113.8475887152 34.0872950065 3777070.430114 762849.1723233 56.7437279122 -0.315229444 0.9923821685 89.6708379447 11.8200411552 0.0451333007 -0.0687170518
30045 313290.44 113.8476002761 34.0872950412 3777070.463714 762850.2396805 56.7322934223 -0.3284708928 1.0300209909 89.6741937594 11.9010977828 0.0461243592 -0.181120401
30046 313290.53 113.847611916 34.0872950778 3777070.497742 762851.3143286 56.7167971777 -0.1190743146 1.0963606283 89.6784181844 11.9893412473 0.0421635678 -0.1765233861
30047 313290.62 113.8476236346 34.0872951161 3777070.532153 762852.3962456 56.704877262 0.1179611064 1.0726927828 89.6821275173 12.0647076588 0.0525402164 -0.0605650497
30048 313290.71 113.8476354247 34.0872951626 3777070.567667 762853.4847243 56.7047189278 -0.0109006674 1.0441550539 89.6919191994 12.1400538854 0.0561473415 0.046514876
30049 313290.8 113.8476472901 34.0872952079 3777070.603236 762854.5801736 56.7077953955 -0.1694860339 1.0729944672 89.7011568522 12.2145803861 0.0511037939 0.0185702387
30050 313290.89 113.8476592322 34.0872952506 3777070.6387160006 762855.6827039 56.7037161151 -0.129091277 1.0538132987 89.702484282 12.3000645771 0.0494984377 -0.0988313847
30051 313290.98 113.8476712472 34.0872952913 3777070.674162002 762856.7919776 56.6941773463 0.0639873764 1.0780735476 89.7101188202 12.3710144456 0.0465071754 -0.0981202581
30052 313291.07 113.8476833387 34.0872953321 3777070.709818 762857.9083107 56.686340698 0.2248504382 1.0666300021 89.7169834443 12.4398733824 0.0444671032 -0.0287692778
30053 313291.16 113.8476955021 34.0872953707 3777070.7454120014 762859.0312949 56.6866275417 0.1015054016 1.0858284186 89.7201926419 12.5115095313 0.0524284408 0.0347169438
30054 313291.24 113.8477063735 34.0872954049 3777070.777192 762860.03499 56.6882152837 -0.0035442488 1.0629204561 89.7257327391 12.5736175836 0.0428212002 0.0266428266
30055 313291.32 113.8477173035 34.0872954398 3777070.809204 762861.0440976998 56.685497201 0.0213148605 0.995793384 89.7324524745 12.6399999336 0.0544964824 -0.0464568883
30056 313291.4 113.8477282878 34.0872954773 3777070.841638 762862.0582114 56.6809908962 -0.0020446195 1.0493914478 89.74577911 12.7043217338 0.0483936617 -0.0493896821
30057 313291.48 113.847739329 34.0872955062 3777070.873267 762863.0775965 56.6763088079 -0.1086672482 1.0254578429 89.7554097697 12.7611665941 0.0369227871 -0.0335310659
30058 313291.56 113.8477504232 34.0872955383 3777070.905387 762864.1018788 56.6719365753 -0.1591387062 0.9918778758 89.7678525382 12.8363623663 0.0428483193 -0.0547860453
30059 313291.61 113.8477573877 34.0872955567 3777070.925352 762864.7448854 56.6679822886 -0.1803558119 1.0005389611 89.7768332932 12.8785282999 0.0370585636 -0.0832750612
30060 313291.69 113.8477685781 34.0872955817 3777070.956935 762865.7780601998 56.659713991 -0.0595729717 0.9964897051 89.788001343 12.9474056141 0.0344676326 -0.1194003518
30061 313291.77 113.8477798242 34.0872956091 3777070.988925 762866.8163798002 56.6513044648 0.0531263946 0.9629881913 89.8134790945 13.0101871112 0.0352027601 -0.0676254954
30062 313291.85 113.8477911223 34.0872956339 3777071.020769 762867.8595053002 56.648908359 0.0594643433 0.9262747653 89.8324176382 13.0680931527 0.0339045646 0.0051384942
30063 313291.93 113.8478024728 34.0872956536 3777071.052169998 762868.9074868 56.6500056414 -0.0953037652 0.9711328182 89.837411612 13.1281591294 0.0169909554 0.0257205092
30064 313292.01 113.8478138787 34.0872956645 3777071.082741 762869.9606098002 56.6483995169 -0.2105700722 0.9733199215 89.8425495616 13.1890115981 0.0171788432 -0.0565424699
30065 313292.09 113.8478253382 34.0872956799 3777071.113956 762871.0186660999 56.6417998839 -0.1619595065 0.991723633 89.8619896272 13.2523051517 0.0178876893 -0.0832240071
30066 313292.17 113.8478368521 34.0872956897 3777071.144677 762872.0817636 56.6322927792 -0.1569028801 1.0043459417 89.8738244845 13.3083948585 0.0134823611 -0.129624427
30067 313292.25 113.84784842 34.087295701 3777071.175714 762873.1498460999 56.6238740096 -0.0259478744 0.9874159089 89.89391836 13.3844014536 0.0113778563 -0.07924157
30068 313292.33 113.8478600388 34.0872957105 3777071.206676998 762874.2226325 56.6181537323 0.0720152844 0.9354845951 89.9162215294 13.4394686259 0.0153740475 -0.0543089154
30069 313292.41 113.8478717091 34.0872957217 3777071.23796 762875.300164 56.6151004638 0.1076186757 0.924248038 89.9456050809 13.4933412315 0.0120545315 0.0032306559
30070 313292.49 113.847883429 34.0872957241 3777071.2684 762876.3823089001 56.616929071 -0.0400356392 0.8644998403 89.9617744375 13.5513451041 -0.0004378475 0.0485597315
30071 313292.57 113.8478952007 34.0872957225 3777071.298528 762877.4692386999 56.6160549531 -0.1570793244 0.8806596686 89.969694762 13.6155897339 -0.0140080009 -0.0244816834
30072 313292.65 113.8479070258 34.0872957119 3777071.327791 762878.5611415 56.6103828475 -0.2241046026 0.9142690095 89.9653643849 13.6761060158 -0.0207839118 -0.1030850431
30073 313292.73 113.8479189036 34.0872957017 3777071.357232 762879.6579008 56.600579692 -0.1565083657 0.992646538 89.9641130941 13.7360440474 -0.0179105436 -0.1386381831
30074 313292.81 113.8479308373 34.0872956869 3777071.3863120014 762880.7598384 56.5906829582 -0.183452719 1.094121713 89.9570282845 13.7939682015 -0.0243616257 -0.1064953661
30075 313292.89 113.8479428212 34.0872956739 3777071.4157199985 762881.8663976 56.5823932299 -0.21229113 1.145583158 89.9438602354 13.8576262121 -0.015349859 -0.0805363567
30076 313292.97 113.8479548577 34.0872956652 3777071.445743 762882.9778069998 56.5739724832 -0.2547169285 1.2063496004 89.9337135502 13.9127705834 -0.0113977789 -0.1109335179
30077 313293.05 113.8479669455 34.0872956618 3777071.476483 762884.0939451 56.5637042122 -0.0094372181 1.1391925662 89.916195239 13.9771010517 0.0039197985 -0.1079882299
30078 313293.13 113.8479790811 34.0872956627 3777071.507833998 762885.2144723 56.5568850786 0.0740623712 1.0932702276 89.8964194591 14.0294362333 0.0039843782 -0.0381683296
30079 313293.21 113.8479912597 34.0872956701 3777071.540001998 762886.338949 56.5565118473 0.1104541751 1.0247404617 89.8725252116 14.0848318382 0.0146466995 0.0422566461
30080 313293.29 113.8480034867 34.0872956786 3777071.572429 762887.4678939 56.557435317 -0.1017066376 1.0317892777 89.8398396011 14.1352912618 0.0134167121 -0.0116998307
30081 313293.37 113.8480157633 34.0872956889 3777071.605167 762888.6014203 56.5552955912 -0.244864411 1.0330992091 89.809590662 14.1960235214 0.0166642012 -0.020626602
30082 313293.45 113.8480280926 34.0872956988 3777071.638008 762889.7398045 56.5473291222 -0.3987412927 1.0548160056 89.7714268177 14.2576102518 0.0203777546 -0.1641338518
30083 313293.52 113.8480389244 34.0872957114 3777071.667297 762890.7399101999 56.5338579463 -0.2197381659 1.0717828413 89.7471995951 14.3117511947 0.0312066679 -0.2120317327
30084 313293.59 113.8480497973 34.0872957306 3777071.697425 762891.7437981998 56.5189418672 -0.0049729783 1.0730927966 89.7350895879 14.3604919533 0.0336744934 -0.1774819147
30085 313293.66 113.8480607023 34.0872957572 3777071.728444 762892.7506146 56.5098138787 0.145207607 1.0112658001 89.7331090549 14.3978206085 0.0526614999 -0.0610661418
30086 313293.73 113.8480716411 34.0872957896 3777071.760198 762893.7605414 56.509094866 0.1449679541 0.9502429303 89.7457661846 14.4539098223 0.0501902231 0.0429759297
30087 313293.8 113.8480826132 34.0872958186 3777071.791667 762894.7735620999 56.5120748458 0.0139166919 0.923310579 89.7614059417 14.4946729615 0.0471980796 0.0752140607
30088 313293.87 113.8480936223 34.0872958457 3777071.823018 762895.7899906 56.5129998857 -0.0765663804 0.8705951663 89.7822051441 14.5429161641 0.0391874226 0.0015107446
30089 313293.94 113.8481046672 34.0872958643 3777071.853521 762896.809758 56.5105058532 -0.0366145815 0.8203979739 89.7885604314 14.586760226 0.0290439792 -0.0462518213
30090 313294.01 113.848115749 34.087295879 3777071.883677 762897.8329409 56.5063317595 -0.1088830275 0.8407200395 89.7884394762 14.6401391264 0.0230469783 -0.0629286104
30091 313294.08 113.8481268685 34.0872958926 3777071.91382 762898.8596093 56.4993803063 -0.0862352545 0.8379050984 89.7850871167 14.6807543427 0.0209519154 -0.1046386001
30092 313294.15 113.8481380243 34.0872959101 3777071.9444800015 762899.8896271 56.4915243052 -0.1009461852 0.8783094772 89.7902094394 14.7383393364 0.0309312558 -0.0758442599
30093 313294.22 113.8481492144 34.0872959286 3777071.975347 762900.9227978 56.4837010894 -0.0982697688 0.9114644545 89.8103455238 14.776429639 0.0251303723 -0.0930694871
30094 313294.29 113.8481604379 34.0872959471 3777072.006294002 762901.9590547 56.4769693948 -0.0926772369 0.9192277454 89.8317048286 14.816761825 0.0315459012 -0.0539308791
30095 313294.36 113.848171697 34.0872959622 3777072.036957 762902.9986089001 56.4719070634 -0.1403798821 0.8735724852 89.8468176164 14.8669967141 0.0164407135 -0.060905665
30096 313294.43 113.8481829872 34.0872959766 3777072.067623 762904.041035 56.4672126975 -0.1719139484 0.9262419899 89.8536360843 14.9149461644 0.0196026664 -0.0365236776
30097 313294.5 113.8481943085 34.0872959852 3777072.097726 762905.0863564998 56.4620794412 -0.2576202949 1.0169301302 89.8474501425 14.9537398709 0.0101851275 -0.1222193835
30098 313294.57 113.8482056637 34.0872959918 3777072.127691 762906.1348119002 56.4544111453 0.0569261587 1.0248376836 89.8515274865 14.990228735 0.012473194 -0.1012422955
30099 313294.64 113.8482170518 34.0872959995 3777072.1578690014 762907.1862996998 56.4483378669 0.0616866248 1.1284849775 89.8381579978 15.0344458553 0.0012181146 -0.0228310739
30100 313294.71 113.8482284634 34.0872960028 3777072.187616002 762908.2399747 56.4483995065 -0.0286581202 1.1615810979 89.8059378393 15.0606136578 0.0068068375 0.0587549582
30101 313294.78 113.84823991 34.0872960136 3777072.21829 762909.2968507 56.4477619901 -0.2508465188 1.2246061842 89.7852120175 15.1247263492 0.0143440199 -0.0236056184
30102 313294.85 113.8482513851 34.0872960297 3777072.249618 762910.3563535998 56.4410541607 -0.2028383454 1.2242076838 89.770415908 15.1438076091 0.0333344894 -0.1385159054
30103 313294.92 113.8482628922 34.0872960528 3777072.281808 762911.418783 56.4316091984 0.0475870691 1.1797693024 89.7686320848 15.1966686275 0.0392064663 -0.1326315933
30104 313294.99 113.8482744281 34.0872960777 3777072.314274 762912.4838606998 56.4230540302 0.1887512635 1.1127508145 89.7569658848 15.2284678914 0.0434332869 -0.0729380484
30105 313295.06 113.8482859865 34.0872961099 3777072.347604 762913.551002 56.421621168 0.1598433681 1.0577063512 89.749347676 15.2555805894 0.0517194456 0.0892000141
30106 313295.13 113.8482975641 34.0872961415 3777072.38092 762914.6199145 56.4269547928 -0.2297364855 0.9792419012 89.7313556309 15.2829417371 0.0581846362 0.0643975059
30107 313295.2 113.8483091751 34.0872961827 3777072.415386 762915.6918771998 56.4259769358 -0.346597649 0.9083798081 89.7363860171 15.3318095862 0.0694439087 -0.0760966882
30108 313295.27 113.8483208224 34.08729622 3777072.449514 762916.7672058 56.415158892 -0.3003232885 0.8285111676 89.7273055453 15.3849473677 0.0524186818 -0.12494859
30109 313295.34 113.8483324923 34.0872962587 3777072.483859 762917.8446216 56.4016509196 -0.149244882 0.7974925812 89.7212798935 15.4053295113 0.0619558704 -0.1851193227
30110 313295.41 113.8483441907 34.0872962912 3777072.517589 762918.9246881 56.3911196729 -0.0630663909 0.8129440439 89.703659771 15.445121144 0.0422101023 -0.0901760446
30111 313295.48 113.8483559135 34.0872963212 3777072.551094 762920.0070119002 56.3854043763 -0.2240826097 0.9143879575 89.6843958667 15.4755965097 0.050173805 -0.0569362054
30112 313295.55 113.8483676639 34.0872963496 3777072.584508002 762921.0918866 56.3795848163 -0.2219999369 1.000477749 89.6791191935 15.5152486166 0.0395088753 -0.070536326
30113 313295.62 113.8483794414 34.0872963785 3777072.618036 762922.1792693002 56.3722606301 -0.2186986035 1.0182163345 89.6735838764 15.5496496167 0.0550397723 -0.1028006816
30114 313295.69 113.8483912484 34.0872964148 3777072.652464 762923.2693507 56.3629102027 -0.0035877318 0.9837668093 89.6914098444 15.586909999 0.0570562005 -0.1174941501
30115 313295.76 113.8484030791 34.0872964545 3777072.687333 762924.3616042 56.3580103181 0.0250550922 0.9256798901 89.7160183407 15.6178589502 0.0664519908 0.00892132
30116 313295.83 113.8484149339 34.0872964968 3777072.722555 762925.4560814 56.3561590277 -0.0158158354 0.8505444844 89.7578071788 15.6476217556 0.0596107498 -0.0047043907
30117 313295.9 113.8484268144 34.0872965326 3777072.757114 762926.5529449 56.3554735603 -0.0331528592 0.7674330627 89.7942340982 15.6914120219 0.0505885125 0.0132837612
30118 313295.97 113.8484387204 34.0872965596 3777072.790768 762927.6521954002 56.3529248312 -0.2400782132 0.744869078 89.8192485844 15.7109106823 0.0323749634 -0.0426467191
30119 313296.04 113.8484506515 34.0872965797 3777072.823715 762928.7537829 56.347488354 -0.1480451933 0.7010503569 89.8417214805 15.7521455174 0.031026478 -0.0904983316
30120 313296.11 113.8484626156 34.0872966024 3777072.85704 762929.8584096999 56.3389800927 -0.1511704873 0.7244267009 89.8669273575 15.795642756 0.0155523543 -0.1135213405
30121 313296.18 113.8484746015 34.0872966202 3777072.88988 762930.9650660999 56.3294836897 0.0121712513 0.7580769717 89.8994280335 15.8116089393 0.0186755688 -0.1190259136
30122 313296.25 113.8484866118 34.0872966296 3777072.921851 762932.0740004 56.3253216855 0.0027126278 0.752265111 89.9266937682 15.8486279072 -0.0053935273 -0.0001985031
30123 313296.32 113.8484986448 34.0872966345 3777072.953375 762933.185046 56.32400811 -0.1438573841 0.7835769803 89.9477469862 15.887582869 -0.0042465602 -0.0076905676
30124 313296.39 113.8485107034 34.0872966349 3777072.984465 762934.2984684 56.3203075966 -0.0896677788 0.8125834113 89.9726326094 15.9112730911 -0.0209690636 -0.0679150182
30125 313296.46 113.8485227846 34.0872966298 3777073.015005002 762935.4139949002 56.3161914805 -0.0229932168 0.7895268483 89.994591046 15.9430177556 -0.0174080443 -0.0463054047
30126 313296.53 113.8485348891 34.0872966257 3777073.045721 762936.5316659 56.3121336447 0.0339762958 0.7507845004 90.0212072879 15.969487544 -0.0207211036 -0.044921417
30127 313296.6 113.8485470131 34.0872966162 3777073.075885 762937.651161 56.3097363906 0.0003378385 0.748107438 90.0357810284 15.9958332716 -0.027144499 0.0032216852
30128 313296.67 113.8485591579 34.0872966047 3777073.105885 762938.7725741002 56.3088554144 -0.1283487415 0.7075435939 90.0508024293 16.0242631353 -0.0358928343 -0.0052774143
30129 313296.74 113.8485713228 34.0872965935 3777073.135962 762939.8958441998 56.3059376581 -0.2703242216 0.7008554041 90.0539941433 16.0534617803 -0.0255577008 -0.0546844295
30130 313296.81 113.8485835075 34.0872965783 3777073.165651 762941.0209617 56.2993074637 -0.1934808957 0.6505260292 90.0437772981 16.0785620706 -0.0454899566 -0.1166294899
30131 313296.88 113.8485957106 34.0872965659 3777073.195696 762942.1477704 56.2900157105 -0.0282717416 0.6421843073 90.0207157112 16.1017800635 -0.0207754064 -0.1275941019
30132 313296.95 113.8486079289 34.0872965545 3777073.225898002 762943.2759726 56.2822552761 0.2963822182 0.6149972266 89.9992468052 16.1128695659 -0.0334471678 -0.0361844279
30133 313297.02 113.8486201548 34.087296548 3777073.256658002 762944.4048618 56.2839364056 0.2320270324 0.6419430517 89.9735558552 16.1237620059 -0.0111085613 0.0982948931
30134 313297.09 113.8486323838 34.0872965484 3777073.2881910014 762945.5340132 56.2908351636 0.0863086012 0.6990503163 89.9461870361 16.1379308252 -0.0153199657 0.1360945795
30135 313297.16 113.8486446255 34.0872965495 3777073.31984 762946.6643401 56.2947200108 0.0532640597 0.747487174 89.9144388519 16.161846816 -0.0102834631 0.0114052219
30136 313297.23 113.8486568788 34.0872965548 3777073.3519769986 762947.7957316 56.2935641948 0.1282413108 0.7557820937 89.8826751207 16.1625223365 -0.002669745 -0.0137977482
30137 313297.3 113.8486691407 34.0872965676 3777073.384976 762948.9278845 56.2915253425 0.2765127946 0.7451859126 89.8577694232 16.1779806171 0.0150567235 -0.0016536549
30138 313297.37 113.8486814073 34.087296589 3777073.41893 762950.0604474 56.2917487984 0.0586735388 0.7733003307 89.8394520316 16.1761983078 0.0237469851 0.0661128537
30139 313297.44 113.8486936688 34.087296615 3777073.453391 762951.1925209 56.2927125608 -0.0152104113 0.7238378734 89.8225700086 16.1653394761 0.0366809461 0.0301188933
30140 313297.51 113.8487059333 34.0872966467 3777073.48849 762952.3248571 56.2915342944 -0.1157961954 0.6739579588 89.8106669812 16.1716475634 0.0333113381 -0.0255717003
30141 313297.58 113.8487181934 34.0872966799 3777073.523749 762953.4567856998 56.2862649243 -0.0496627834 0.6621638891 89.7963218332 16.1584535822 0.0409841118 -0.0533123988
30142 313297.65 113.8487304395 34.0872967152 3777073.559201998 762954.5874168 56.2834567456 0.0601388535 0.6389744993 89.7829103463 16.1422614276 0.042550898 0.0077262385
30143 313297.72 113.8487426699 34.08729675 3777073.594553 762955.7165908002 56.2836444816 0.0498570334 0.6967145951 89.7731197465 16.1145907734 0.0424814655 0.0398340595
30144 313297.79 113.8487548844 34.0872967826 3777073.629633 762956.8443049 56.2875997331 -0.1549629159 0.742336545 89.7589131851 16.1024239578 0.0299103135 0.1047851307
30145 313297.86 113.8487670852 34.0872968157 3777073.66472 762957.9707571998 56.2893263409 -0.3705025422 0.7485796214 89.7452347084 16.082842183 0.0448879489 -0.0328075316
30146 313297.93 113.8487792805 34.0872968503 3777073.699969 762959.0966953 56.2847637059 -0.3879927629 0.7653843427 89.7404611553 16.0784233679 0.0396932513 -0.0944623434
30147 313298.0 113.8487914647 34.0872968891 3777073.735646 762960.2216018002 56.2760827262 -0.3740436332 0.7296665949 89.7413747805 16.0610748376 0.055793839 -0.1118918102
30148 313298.07 113.8488036384 34.0872969318 3777073.77174 762961.3455165 56.2657904588 -0.221764664 0.7542748498 89.764184473 16.0446806086 0.0518446083 -0.1454485264
30149 313298.14 113.8488158061 34.0872969678 3777073.807063 762962.4689061 56.2567965156 0.0146342291 0.6903442805 89.7694935699 16.0244719517 0.0538853286 -0.0763788221
30150 313298.21 113.8488279543 34.0872970027 3777073.842218 762963.5904901 56.2553830147 0.0549086512 0.6341962252 89.7751014971 15.9994304414 0.0452718258 0.0598801721
30151 313298.28 113.8488400839 34.0872970366 3777073.87722 762964.7103644002 56.2589271627 -0.0675703748 0.6287298843 89.7805802776 15.9771554519 0.0524952352 0.0676640135
30152 313298.35 113.8488521971 34.0872970718 3777073.912314 762965.8287252 56.2624532441 -0.1367896208 0.6258152916 89.797901891 15.955878656 0.044825785 0.0450968943
30153 313298.42 113.8488642965 34.0872971026 3777073.946899 762966.9458165 56.262696771 -0.1354512792 0.6568026061 89.8142032396 15.9410786797 0.0435320249 -0.018761954
30154 313298.49 113.8488763812 34.0872971269 3777073.980716 762968.0615710998 56.2596127521 0.0545920868 0.6400274482 89.8150260618 15.9128990299 0.0298428283 -0.0403345994
30155 313298.56 113.8488884472 34.0872971464 3777074.0139480014 762969.1756231 56.2579530366 0.1678005196 0.6863443982 89.8063158355 15.8848166124 0.0309886469 0.0122322506
30156 313298.63 113.8489004964 34.0872971634 3777074.046866 762970.2881209 56.259950324 0.1334321878 0.7655395349 89.8013809688 15.8694461056 0.0130346778 0.0793043087
30157 313298.7 113.8489125288 34.0872971833 3777074.080063 762971.3990681 56.2626940627 0.0829357904 0.8109409108 89.8017957814 15.8492392537 0.0283528011 0.054755114
30158 313298.77 113.8489245424 34.0872972041 3777074.113305 762972.5082693001 56.2665332761 0.1264619105 0.8095370746 89.8117849996 15.8169736416 0.0238665066 0.0706080562
30159 313298.84 113.8489365399 34.087297223 3777074.146299 762973.6159962 56.271333186 -0.0016454224 0.8011482888 89.8137050369 15.8016307422 0.0307926327 0.078599701
30160 313298.91 113.8489485196 34.0872972464 3777074.179756 762974.7220549 56.2739557987 -0.0012871277 0.771461575 89.819363467 15.7795221374 0.032347433 0.0286561652
30161 313298.98 113.8489604827 34.0872972689 3777074.21306 762975.826596 56.2750761183 0.0502848529 0.7429631279 89.824905206 15.7553643411 0.0324801419 0.0248733749
30162 313299.05 113.8489724254 34.0872972934 3777074.24653 762976.929241 56.2759065852 0.0877157149 0.6848043289 89.838111643 15.7308408114 0.033806732 0.0298509072
30163 313299.12 113.8489843467 34.0872973146 3777074.279587 762978.0299173 56.2770051211 0.1149100634 0.6777617411 89.8456066183 15.7072454063 0.0281008182 0.0437071932
30164 313299.19 113.848996248 34.0872973338 3777074.312368 762979.1287625999 56.2803658564 0.015178608 0.693264786 89.8460752045 15.67760473 0.0225252356 0.0836065622
30165 313299.26 113.8490081316 34.0872973476 3777074.344497 762980.2259818001 56.2833511261 -0.0606126075 0.7325284537 89.8426720542 15.667411186 0.0161514118 0.0277866574
30166 313299.33 113.8490199989 34.0872973596 3777074.376399 762981.3217078 56.282992349 -0.0178096453 0.7828847112 89.8451861993 15.6321639119 0.0123691274 -0.0130313785
30167 313299.4 113.8490318478 34.0872973666 3777074.407694998 762982.4157465 56.2821108745 0.0481585864 0.8236446777 89.8403192404 15.6080800464 0.0138001853 0.0117012971
30168 313299.47 113.8490436802 34.0872973775 3777074.439371 762983.5082439998 56.2820202056 0.1780599291 0.8241264149 89.8497556167 15.596708221 0.0151613072 0.010651211
30169 313299.54 113.8490554926 34.0872973913 3777074.471328 762984.5988972 56.2835416952 0.2306163678 0.8265239336 89.8596692131 15.5672237448 0.0256483342 0.0548534855
30170 313299.61 113.849067284 34.0872974086 3777074.503608 762985.687592 56.288834759 0.2873033269 0.7828117603 89.8742178473 15.5342024164 0.0228285598 0.1089855341
30171 313299.68 113.8490790582 34.0872974215 3777074.535368 762986.7747181 56.2965737488 0.0709584501 0.8071224932 89.8713718161 15.5204165973 0.0134190197 0.1312599128
30172 313299.75 113.849090814 34.0872974325 3777074.566859 762987.8601499002 56.302833139 -0.1106262895 0.8150458377 89.8554022559 15.4924770786 0.0122463546 0.0743911433
30173 313299.82 113.8491025559 34.0872974409 3777074.598035 762988.9443019 56.3045930155 -0.2647965191 0.8636200384 89.8280894497 15.4757138396 0.0095379147 -0.0087901604
30174 313299.89 113.8491142835 34.0872974525 3777074.6295300014 762990.0271248 56.3002541186 -0.2466217335 0.9086042057 89.8036356871 15.4490024348 0.0151700217 -0.0777088344
30175 313299.96 113.8491259975 34.0872974672 3777074.661331 762991.1086848001 56.2928857515 -0.0272721485 0.9355403723 89.7843217729 15.4363508422 0.0250617704 -0.0899533412
30176 313300.03 113.8491376961 34.0872974906 3777074.694051 762992.1887932 56.2870064881 0.1592643704 0.9430965151 89.7803154555 15.4163633789 0.0336717553 -0.023814497
30177 313300.1 113.8491493766 34.087297517 3777074.727062002 762993.2672299 56.2878026785 0.2571640703 0.9245728251 89.7729884833 15.3806223953 0.0424972605 0.0662595737
30178 313300.17 113.8491610362 34.0872975474 3777074.760467 762994.3437124002 56.2950204154 0.1387907282 0.9306240043 89.7683516255 15.3526992015 0.0453302471 0.1360216082
30179 313300.24 113.849172679 34.0872975745 3777074.793458 762995.4186613002 56.3018858042 -0.0227631393 0.9629991769 89.746497639 15.3382454459 0.0405070253 0.0834544649
30180 313300.31 113.8491843065 34.0872976027 3777074.826543 762996.4921948 56.3050210196 -0.0966447182 0.9967688142 89.734535533 15.3183441647 0.0384858606 0.0313493593
30181 313300.38 113.8491959182 34.0872976303 3777074.859511 762997.5642708 56.304246393 -0.1080212915 1.0268494674 89.7119565119 15.2999491467 0.0448344688 -0.0197452671
30182 313300.45 113.8492075134 34.0872976617 3777074.89286 762998.6348059 56.3021212649 -0.1377252023 1.0480595245 89.7028644419 15.2753637478 0.0518298541 -0.0215060072
30183 313300.52 113.8492190929 34.0872976944 3777074.926311 762999.7038931998 56.2994461712 -0.1825017345 1.0735432067 89.6917647374 15.2569150584 0.0504755787 -0.0360796823
30184 313300.59 113.8492306577 34.0872977311 3777074.960165 763000.7716047 56.2959057167 -0.1307030192 1.0019436712 89.6901755551 15.2381595765 0.0600677502 -0.0381633595
30185 313300.66 113.8492422067 34.0872977723 3777074.994481 763001.8378495 56.2922977964 -0.0803370106 0.9414674632 89.6996087159 15.2123444105 0.066008681 -0.0314744112
30186 313300.73 113.8492537409 34.0872978189 3777075.02936 763002.9027042 56.2896980606 0.0141677135 0.8728590497 89.7258889403 15.1917690813 0.0762602295 0.0038793384
30187 313300.8 113.849265258 34.0872978618 3777075.063785 763003.9659969 56.2897550147 -0.0087619528 0.8580080652 89.7464663845 15.1704787229 0.0591491074 0.0368063018
30188 313300.87 113.8492767598 34.0872978971 3777075.097326 763005.0279016 56.2902331986 0.0893580347 0.7874254341 89.7613987683 15.1533981606 0.054489891 0.0259079185
30189 313300.94 113.8492882489 34.0872979277 3777075.130314 763006.0886463 56.2909000562 0.1452891022 0.8121639871 89.7740993686 15.1371476065 0.0401955439 0.0351262728
30190 313301.01 113.8492997209 34.0872979527 3777075.162643 763007.1478276 56.2920253482 0.2365659293 0.8650122793 89.7896173056 15.110361242 0.0355739511 0.0259021845
30191 313301.08 113.8493111776 34.0872979735 3777075.194451 763008.2056099 56.2957813824 0.2398664577 0.8728117273 89.8034454043 15.093944857 0.0263458358 0.0904756239
30192 313301.15 113.8493226169 34.0872979927 3777075.226049 763009.2617946 56.3006227314 0.1062087309 0.9071223273 89.8172679181 15.0706449579 0.0298300677 0.067509909
30193 313301.22 113.8493340449 34.087298012 3777075.2576230015 763010.3169282 56.3043169752 0.0898965546 0.9088425785 89.8427749062 15.0652128569 0.0258167358 0.0366483817
30194 313301.26 113.8493405684 34.0872980222 3777075.275563 763010.9192431 56.3053047238 0.0769401726 0.9629509205 89.8625370342 15.0520562123 0.0199701439 0.0306472807
30195 313301.33 113.8493519762 34.0872980347 3777075.306324 763011.9725345002 56.3062768867 0.0526763056 0.9233213551 89.8930632987 15.0357831294 0.0133131603 0.0422700849
30196 313301.4 113.8493633706 34.0872980438 3777075.336688 763013.0246002 56.3060769057 0.014158991 0.9349727471 89.9237175061 15.0118953394 0.0078750706 0.0090535232
30197 313301.47 113.8493747516 34.0872980469 3777075.36635 763014.075453 56.3052629074 0.1655029821 0.9548363934 89.9666527378 14.988995772 -0.0002735773 -0.0043763095
30198 313301.54 113.849386121 34.0872980384 3777075.3946839985 763015.1252611999 56.3063740404 0.0986666839 0.9646748237 89.9953368386 14.9846083331 -0.0276033238 0.0431533458
30199 313301.61 113.8493974742 34.0872980287 3777075.422857 763016.173586 56.3076278986 0.1159503956 0.935636427 90.0354114705 14.9566165191 -0.014120399 0.0297803967
30200 313301.68 113.8494088156 34.087298014 3777075.4504269985 763017.2208301999 56.3100048006 0.0664281645 0.942614691 90.0724680482 14.9438291962 -0.0308716076 0.0522599396
30201 313301.75 113.8494201438 34.0872979929 3777075.47727 763018.2668813 56.3124115132 -0.0217922836 0.9340887933 90.1148211353 14.9311716392 -0.0359128482 0.0536880416
30202 313301.82 113.8494314608 34.0872979669 3777075.503535 763019.3119059 56.3134563947 -0.1909607155 0.9205232366 90.1614751103 14.9158668931 -0.0522777575 0.0178426143
30203 313301.89 113.8494427666 34.0872979349 3777075.529101 763020.3559186999 56.3113591066 -0.16492119 0.8917668862 90.2045053025 14.8975464445 -0.0511806722 -0.0558363624
30204 313301.96 113.8494540634 34.0872978939 3777075.553648 763021.3991281998 56.3070677845 -0.0813422705 0.904597069 90.250978185 14.8886445427 -0.0809462099 -0.0554222301
30205 313302.03 113.8494653474 34.087297844 3777075.577177 763022.4411854 56.3021892458 0.1049911097 0.89416726 90.2840655719 14.8667498353 -0.0815102217 -0.0523093362
30206 313302.1 113.8494766281 34.087297787 3777075.599904 763023.4829556998 56.3002227899 0.2761057875 0.8953024551 90.3241148041 14.8558144566 -0.1022329725 0.0309194003
30207 313302.17 113.8494878908 34.0872977245 3777075.621984 763024.5230908 56.3040033728 0.2015824187 0.9254722208 90.3622008935 14.8309116849 -0.1074291317 0.1020241731
30208 313302.24 113.8494991418 34.0872976576 3777075.643535 763025.5621451 56.3094741413 0.2312706179 0.8943631912 90.4024764447 14.8155304177 -0.1132769482 0.0822299986
30209 313302.31 113.849510381 34.0872975846 3777075.6643839986 763026.6001402 56.3147910107 0.2105826828 0.8229831641 90.4307820875 14.8056147798 -0.1168917983 0.0793071734
30210 313302.38 113.8495216073 34.0872975111 3777075.68515 763027.6369444 56.3183635296 0.1909605372 0.797983338 90.4561818151 14.7854357615 -0.1214497799 0.0608435777
30211 313302.45 113.8495328184 34.0872974302 3777075.70505 763028.6723588002 56.3220982915 0.0943660405 0.8030687424 90.4554868734 14.7597094473 -0.1397732623 0.0648326791
30212 313302.52 113.8495440202 34.0872973471 3777075.724679 763029.706932 56.3248100532 -0.0193016975 0.7932420852 90.4436155603 14.753487977 -0.1342413368 0.0372411969
30213 313302.59 113.8495552143 34.0872972608 3777075.743933999 763030.7408024998 56.3236973984 -0.0559623011 0.8560095518 90.4075559561 14.7445308245 -0.1427896127 -0.0152505583
30214 313302.66 113.8495663988 34.0872971771 3777075.763455 763031.7737718 56.3204658357 -0.0683907137 0.9296215554 90.3746599862 14.7355775321 -0.1275862472 -0.0382676902
30215 313302.73 113.8495775742 34.0872970963 3777075.783277 763032.8058926999 56.31714598 0.0401784631 0.9424646052 90.3307500642 14.722781844 -0.1266650919 -0.0121929292
30216 313302.8 113.8495887377 34.0872970234 3777075.80394 763033.836895 56.3159905849 0.0106831091 0.9909333325 90.2948035919 14.7077387837 -0.1059209587 -0.0081551328
30217 313302.87 113.849599892 34.0872969597 3777075.825607 763034.8670223 56.3156106193 0.175363289 0.9810164081 90.2731087626 14.6885854667 -0.1010278938 0.0043731001
30218 313302.94 113.8496110362 34.0872969044 3777075.848173 763035.8961819998 56.3173631402 0.208051333 0.9458948376 90.2443513592 14.682408656 -0.0828003275 0.062426923
30219 313303.01 113.8496221683 34.0872968592 3777075.871834 763036.9241959002 56.3204550752 0.1525096384 0.9234068173 90.2288876695 14.6555839197 -0.0750248793 0.055776126
30220 313303.08 113.8496332862 34.0872968126 3777075.895296 763037.9509114 56.3244139832 0.0617535367 0.8870703152 90.19789803 14.6500130619 -0.0733283833 0.0551898651
30221 313303.15 113.8496443938 34.0872967701 3777075.9192 763038.9766551999 56.3266575327 0.0018644232 0.8462656797 90.1715411852 14.6316858255 -0.060009763 0.0127327762
30222 313303.22 113.8496554935 34.0872967279 3777075.943104 763040.0016709 56.3257195866 0.0187703542 0.8982432699 90.1403709893 14.6281922291 -0.0704940686 -0.0125281095
30223 313303.29 113.8496665823 34.0872966894 3777075.967396 763041.025666 56.3236044077 0.1017861809 0.8755473167 90.1120721992 14.6016041645 -0.0540440991 -0.0071672225
30224 313303.36 113.8496776598 34.0872966561 3777075.992235 763042.0485984 56.3229332175 0.0884775468 0.8929555332 90.0879460852 14.5932911192 -0.0537353805 0.0380000766
30225 313303.43 113.849688723 34.0872966281 3777076.017626 763043.070203 56.3246125914 0.0486695035 0.899021152 90.0702817135 14.5732256844 -0.0414493748 0.0406297784
30226 313303.5 113.8496997756 34.0872966049 3777076.043524 763044.0908066 56.3255619407 0.0109665265 0.8603402659 90.0553221716 14.5595351923 -0.0431646858 0.0372023835
30227 313303.57 113.8497108127 34.0872965878 3777076.070053 763045.1099666 56.3249932127 0.0377826853 0.8437969758 90.055177364 14.5428805403 -0.0212240748 -0.02101387
30228 313303.64 113.8497218372 34.0872965702 3777076.096505 763046.1279576 56.3241847754 0.1909588383 0.8211861486 90.0476762307 14.5206199917 -0.0329698107 -0.0011090973
30229 313303.71 113.8497328465 34.0872965501 3777076.122633 763047.1445596998 56.3258395102 0.0946239908 0.8017604571 90.0300858792 14.5003508187 -0.0248426709 0.0620268472
30230 313303.78 113.8497438413 34.0872965339 3777076.149159 763048.1598105 56.3278663307 0.0098519755 0.7921519391 90.0195676514 14.4773303374 -0.024819335 0.0158037867
30231 313303.85 113.8497548237 34.0872965184 3777076.175723002 763049.1739151998 56.3289766479 -0.0379781288 0.8331503264 90.0104199446 14.4728478633 -0.0237366018 0.0142845088
30232 313303.92 113.8497657952 34.0872965048 3777076.202481 763050.1869993 56.3282524506 -0.1443742457 0.8369194371 90.0073705576 14.4571639782 -0.0202252511 0.0118256596
30233 313303.99 113.8497767481 34.0872964914 3777076.2292059986 763051.1983729 56.3257458517 -0.1976590402 0.8434331559 90.003983771 14.4190820859 -0.0201169139 -0.042046312
30234 313304.06 113.8497876868 34.0872964817 3777076.256315 763052.2084165999 56.322243127 -0.0817790566 0.8576331606 90.0131340694 14.4027016159 -0.0182472614 -0.0576031726
30235 313304.13 113.8497986065 34.0872964757 3777076.2837769985 763053.2167019 56.3189671794 0.0453314719 0.8703468853 90.011790479 14.3756451052 -0.0208721274 -0.0269838609
30236 313304.2 113.8498094964 34.08729647 3777076.311201 763054.2222274998 56.3169763982 0.2057461581 0.8605492035 90.0127062395 14.3227056448 -0.0122121182 0.0202201427
30237 313304.27 113.8498203473 34.0872964663 3777076.33874 763055.2241502 56.3186081611 0.3151552477 0.8603424111 90.0241000204 14.2649347512 -0.0137103289 0.0640089341
30238 313304.35 113.849832693 34.087296458 3777076.369625 763056.3641103002 56.3260888113 0.3114168856 0.8268323721 90.0401861412 14.1966930744 -0.0225382106 0.1509602325
30239 313304.43 113.849844972 34.0872964492 3777076.400279 763057.4979183002 56.33555198 0.0828995083 0.8310532331 90.0498934754 14.1138155166 -0.0263632792 0.1278633069
30240 313304.51 113.8498571796 34.0872964323 3777076.429847 763058.6251519 56.3435884723 -0.1612774268 0.8099590685 90.0464099082 14.0308904341 -0.0347967139 0.081754114
30241 313304.59 113.8498693141 34.0872964166 3777076.459368 763059.7456269 56.3463019477 -0.3000060966 0.808064317 90.047630667 13.9486203816 -0.0332983393 0.0117535668
30242 313304.67 113.8498813704 34.0872963983 3777076.488398 763060.8588931998 56.3429766437 -0.3447860561 0.8637767788 90.0459569715 13.8509621519 -0.0325645478 -0.0805229057
30243 313304.75 113.8498933422 34.0872963793 3777076.517126 763061.964366 56.3372201389 -0.2212234525 0.9324375524 90.0600204673 13.7569679567 -0.0423905475 -0.0553484791
30244 313304.83 113.8499052236 34.087296355 3777076.5450410014 763063.0615009 56.3327237572 -0.1566351612 0.9338739843 90.0583767478 13.642522564 -0.0422677664 -0.025663125
30245 313304.91 113.8499170099 34.0872963309 3777076.572731 763064.1498538 56.3314289134 -0.2600761517 1.0160411104 90.0634870914 13.5337953329 -0.0463944464 0.0019751269
30246 313304.99 113.8499286997 34.0872963065 3777076.600133002 763065.2293089002 56.3305553375 -0.2091156656 1.0238145344 90.06866552 13.4159598023 -0.0408646439 0.005225604
30247 313305.07 113.849940288 34.0872962809 3777076.627153 763066.2993789002 56.3292949833 -0.2311516473 1.0120470504 90.0809742859 13.3058504116 -0.0393926079 -0.0256484703
30248 313305.15 113.8499517743 34.0872962541 3777076.653763 763067.360042 56.3272432834 -0.1657266347 0.9816884239 90.0916500065 13.1900945528 -0.042618623 -0.0124663241
30249 313305.23 113.8499631522 34.0872962246 3777076.679801998 763068.4107134 56.325973154 -0.2113578777 0.966136426 90.0937922159 13.0596169464 -0.0453064515 -0.0060843727
30250 313305.31 113.8499744257 34.087296195 3777076.705558999 763069.4517315 56.326553693 -0.269634113 0.9416962918 90.0961301653 12.94426228 -0.0454268 0.0147691031
30251 313305.39 113.8499855869 34.0872961636 3777076.730833 763070.4823966 56.3254950242 -0.2286585002 0.9514097888 90.1007247005 12.8076910142 -0.0494339677 -0.0435849344
30252 313305.47 113.8499966387 34.0872961321 3777076.755809 763071.5029515 56.3224637462 -0.0112526896 1.0267487959 90.1180506316 12.6830935677 -0.0519256784 -0.0311078875
30253 313305.55 113.8500075711 34.0872960924 3777076.779566 763072.5125106998 56.3217033651 0.0583877623 1.0033967975 90.1172585491 12.5364876655 -0.0607238851 0.0301350752
30254 313305.64 113.8500197207 34.087296051 3777076.806276 763073.6344641 56.3277645642 -0.1012634245 1.017271705 90.1154223383 12.3743309711 -0.0504338677 0.0884948227
30255 313305.73 113.8500317184 34.0872960056 3777076.832139 763074.7424076 56.3316922774 -0.1512470262 1.0880076835 90.1099522375 12.2251226333 -0.0643719254 0.0061531908
30256 313305.82 113.8500435602 34.0872959662 3777076.858274 763075.8359334002 56.3314983686 -0.1292873273 1.033099104 90.1160145498 12.0591854611 -0.0410877329 0.0084236969
30257 313305.91 113.8500552443 34.0872959329 3777076.884686 763076.9148803 56.3326087808 -0.2669874468 0.887056122 90.0995525982 11.8902547288 -0.0415401006 0.0272878689
30258 313306.0 113.8500667623 34.0872959103 3777076.91185 763077.9784613001 56.3340794221 -0.4607556157 0.8996473955 90.0840450734 11.7147952468 -0.0335910329 0.0278508509
30259 313306.09 113.8500781049 34.0872958827 3777076.938012 763079.0258595998 56.3334872285 -0.4416813281 0.8795240726 90.0655905842 11.5413809353 -0.0278157806 -0.0511754372
30260 313306.18 113.8500892602 34.0872958633 3777076.9646 763080.0559314998 56.3263453618 -0.1147317758 0.9525090949 90.0674694649 11.3408360142 -0.0332773379 -0.058697075
30261 313306.27 113.8501002174 34.0872958242 3777076.988485 763081.0677814998 56.3241877323 -0.0950352668 1.0419587706 90.0094116314 11.1193906996 -0.0480632549 -0.0141768605
30262 313306.37 113.8501121441 34.0872957886 3777077.015265 763082.1691424 56.3300474724 -0.1376353303 1.0683195155 89.9579551682 10.89396561 -0.0246741612 0.1044815863
30263 313306.47 113.8501238036 34.087295767 3777077.042907 763083.2457776 56.3360698754 -0.1924459082 1.1518892909 89.9305328191 10.6340804028 -0.021589035 0.0592737039
30264 313306.55 113.850132944 34.0872957506 3777077.06463 763084.0898056 56.3380501624 -0.2342702092 1.103556074 89.9135307269 10.4495115523 -0.0185936196 0.03921977
30265 313306.65 113.8501441357 34.0872957511 3777077.093522 763085.1231825 56.3380224668 -0.2314031781 1.0212162357 89.9073376317 10.2032863388 0.0027888237 -0.000571573
30266 313306.75 113.8501550579 34.0872957458 3777077.121078 763086.1316938002 56.3389607463 -0.328507037 1.0247439439 89.8613995313 9.9537914396 -0.0093271225 -0.0205160568
30267 313306.86 113.8501667603 34.0872957472 3777077.1513769985 763087.2122254 56.3373175925 -0.2592412539 1.0313494945 89.8462973019 9.6792645108 0.0033015946 -0.0157754166
30268 313306.97 113.8501781202 34.0872957524 3777077.181228 763088.2611167 56.3378590634 -0.3498846136 0.9959681069 89.8254495442 9.3859153451 0.008751709 0.0192791957
30269 313307.08 113.8501891267 34.0872957603 3777077.210455002 763089.2773676999 56.3400139315 -0.4167370323 1.0199461744 89.805525278 9.0880001507 0.0077236193 0.0269635406
30270 313307.2 113.8502007192 34.0872957659 3777077.2409519986 763090.3477379002 56.3367907461 -0.2564379038 1.054418652 89.7904403797 8.7497674409 0.0073765533 -0.0349751961
30271 313307.32 113.8502118747 34.087295778 3777077.271030002 763091.3777351999 56.3329021819 -0.1077782251 1.0542728185 89.7841783894 8.4099119659 0.0111603689 0.0055511901
30272 313307.45 113.8502234561 34.087295788 3777077.301985 763092.447067 56.3383782515 -0.263125025 1.0785444702 89.762415916 8.0398459309 0.0043853498 0.0573031971
30273 313307.58 113.8502345134 34.0872957998 3777077.331775 763093.4680033001 56.3421094622 -0.3867339748 1.0503603698 89.7466301492 7.6682758667 0.0182413673 0.01991757
30274 313307.72 113.850245836 34.0872958142 3777077.362551002 763094.513424 56.3413701905 -0.3224587216 0.9783335669 89.7347282651 7.2605773134 0.0139031874 -0.020558935
30275 313307.87 113.8502572824 34.0872958323 3777077.394052 763095.5702614002 56.338956967 -0.1462695223 1.0040453259 89.7568443792 6.8326164911 0.0017858489 -0.0076455186
30276 313308.03 113.8502687101 34.0872958305 3777077.423294 763096.6254407 56.3378049461 -0.1859909232 1.0585947794 89.7650391838 6.3581830834 0.0036985211 0.0086796361
30277 313308.2 113.8502799382 34.0872958394 3777077.453205 763097.6621539 56.3439217526 -0.3958446248 1.0253626338 89.7255595678 5.8493975065 0.0081167335 0.0445294195
30278 313308.38 113.8502908253 34.0872958394 3777077.4812589986 763098.6674091999 56.3453631392 -0.5330397145 1.1010306818 89.6302479278 5.3183300589 0.0022008469 -0.0141756004
30279 313308.58 113.8503016768 34.0872958623 3777077.511763 763099.6692978 56.3423310947 -0.4653441881 1.0441808786 89.5639316036 4.7146781513 0.0211308433 -0.0149771001
30280 313308.81 113.8503126372 34.0872958964 3777077.5437879986 763100.6812221998 56.3376673702 -0.2630274393 0.9980365961 89.4791219437 4.1067432818 0.0120695002 -0.023739071
30281 313309.08 113.8503236474 34.0872959348 3777077.576416 763101.6977206 56.3337400053 -0.1998656421 1.0236071171 89.4079205082 3.4310569054 0.0280050121 0.0048035441
30282 313309.41 113.8503347403 34.0872960117 3777077.613535 763102.7217425 56.3360548383 -0.148872047 0.996917909 89.3175450576 2.8108901726 0.0063134054 -0.0018783442
30283 313309.8 113.8503457029 34.0872960881 3777077.650253 763103.7337268002 56.3339184243 0.013776227 1.0386332064 89.2293154007 2.4332042043 0.0208998417 0.0017592769
30284 313310.26 113.8503567071 34.0872961978 3777077.690788 763104.7494506 56.3343419358 0.0856362317 1.0254035404 89.1442849834 2.0296796414 0.0224642402 -0.0148296507
30285 313310.8 113.8503676448 34.0872963341 3777077.734087 763105.758957 56.3324197978 0.1929831194 0.9860744611 89.0546839391 1.686851674 0.0263789702 -0.0077183273
30286 313311.54 113.8503785065 34.0872965177 3777077.782457 763106.7612956 56.3295184029 0.2621299624 0.9573644738 88.9815102407 1.0234428247 0.0123869598 -0.0027266546
30287 313312.65 113.8503893587 34.0872967234 3777077.833244 763107.7626891999 56.3287911927 0.3137108874 0.9127321414 89.0964321411 1.0203554615 0.0211263206 -0.0023689757
30288 313313.04 113.850394094 34.0872967896 3777077.852783 763108.1997155 56.3263645452 0.3510358437 0.9429483105 89.4142613697 1.2759863932 0.0147761406 -0.0244756074
