30825 313404.32 113.8491050944 34.0827841704 3776573.734708 763003.148427 55.8689127276 0.2978132572 0.72432248 30.9525963259 4.2962109794 7.098897201 3.41152e-05
30826 313404.44 113.8491107081 34.0827919147 3776574.608604 763003.6428258 55.8704363797 0.342045286 0.7303464581 30.7219882489 4.3429607399 7.2133958914 0.0458950559
30827 313404.56 113.8491163623 34.082799801 3776575.498365 763004.1405194 55.871532023 0.3744075844 0.7350724638 30.4978844281 4.374350196 7.3558576184 0.0094396799
30828 313404.68 113.8491220679 34.0828078197 3776576.402943 763004.6425526 55.8738344843 0.3792415727 0.7528367852 30.2608728292 4.4213116728 7.4783316888 0.0326682739
30829 313404.8 113.8491278192 34.0828159752 3776577.322826 763005.1483789 55.8769040899 0.4286531884 0.769798146 30.0443766879 4.4386364588 7.6019254246 0.0284982651
30830 313404.92 113.8491336122 34.0828242609 3776578.257271 763005.6576520002 55.8809313932 0.3284366343 0.7382931918 29.8797337151 4.4874392974 7.712958033 0.0814095455
30831 313405.04 113.8491394421 34.0828326702 3776579.205527 763006.1699589002 55.885359183 0.2609108727 0.6548656656 29.7915366296 4.4994070047 7.827449072 0.0180911514
30832 313405.16 113.8491453274 34.0828411893 3776580.166109 763006.6870364002 55.8869771501 0.3879274942 0.6317667928 29.7584943953 4.5701268597 7.9130425468 -0.0060048371
30833 313405.27 113.8491507845 34.0828490865 3776581.0565699986 763007.1664975 55.8876273157 0.4759355782 0.6751793149 29.723851435 4.606060595 8.0011908927 0.0316530766
30834 313405.38 113.8491562932 34.0828570676 3776581.956478 763007.65046 55.8912899932 0.4771990968 0.706744591 29.7067236844 4.6539938837 8.0812286492 0.0661157302
30835 313405.49 113.8491618562 34.0828651273 3776582.865246 763008.1391965002 55.8973436104 0.4541902562 0.6982817693 29.7065478629 4.6967143757 8.1674741737 0.1028384148
30836 313405.6 113.8491674693 34.0828732707 3776583.783428 763008.6323011 55.9013626808 0.5030238421 0.7030522993 29.7606542309 4.7477820968 8.2494199299 0.0255278191
30837 313405.71 113.8491731548 34.0828814812 3776584.709256 763009.1318851 55.9046047218 0.569662687 0.7516973985 29.8334109826 4.8103088653 8.312575071 0.0551764846
30838 313405.82 113.8491789057 34.0828897583 3776585.642635 763009.6373035 55.911506569 0.5039085409 0.7371599409 29.9491719772 4.8572744522 8.3795146386 0.0763336013
30839 313405.93 113.8491847249 34.0828980956 3776586.582865 763010.1488344 55.9191459808 0.4516068228 0.7881643958 30.072383598 4.9235007119 8.4332163473 0.0874634723
30840 313406.04 113.8491906214 34.0829064969 3776587.530404 763010.66731 55.9231425589 0.4074831235 0.8555837811 30.1923941746 4.9904532498 8.509782764 0.0222848106
30841 313406.15 113.8491965798 34.0829149684 3776588.485894 763011.1912828 55.9208384808 0.3573668017 0.8652392423 30.3112285915 5.0527495345 8.5695605896 0.0344869858
30842 313406.26 113.8492026087 34.0829235085 3776589.449177 763011.7215534 55.9205877008 0.2276812822 0.8762748883 30.420195441 5.1080006854 8.6399937577 0.0474957102
30843 313406.36 113.8492081604 34.0829313293 3776590.331404 763012.2099847 55.9184546508 0.2006187414 0.8787095369 30.5124595231 5.1733759473 8.7019053004 0.020698759
30844 313406.46 113.8492137659 34.0829392136 3776591.220812 763012.7031919 55.9122921052 0.2968912611 0.8445598611 30.621705454 5.2222996329 8.7736946332 0.0012070336
30845 313406.56 113.8492194333 34.0829471532 3776592.11653 763013.201934 55.908134128 0.2474301815 0.7486541949 30.7199473235 5.2804979117 8.8362185526 0.0340992199
30846 313406.65 113.8492245805 34.0829543488 3776592.928333 763013.6549531 55.9071134152 0.1024849728 0.7403184393 30.8147251563 5.323798782 8.8950125505 0.0409899692
30847 313406.75 113.8492303667 34.0829623951 3776593.836181 763014.1643362 55.9035964133 0.0330568617 0.6378393776 30.9270271342 5.387362327 8.9467272442 -0.0115455282
30848 313406.85 113.8492362141 34.0829704984 3776594.750526 763014.6792019 55.8966225591 0.0748076265 0.513200495 31.0357776437 5.4378635141 9.0095495364 -0.0420821884
30849 313406.95 113.849242125 34.0829786555 3776595.670997 763015.1997586 55.8875346137 0.2180979161 0.4298417151 31.148875401 5.5056574379 9.0615006267 -0.0104470354
30850 313407.05 113.8492481028 34.0829868557 3776596.5964339986 763015.7263657 55.882220814 0.2724633646 0.3412304222 31.247002907 5.5601024025 9.1227524152 0.0089890495
30851 313407.15 113.8492541491 34.0829951059 3776597.527587 763016.2591371 55.8824322959 0.3051566798 0.3102840114 31.3632668678 5.6143713536 9.1701964682 0.00551326
30852 313407.25 113.8492602639 34.0830034018 3776598.463986 763016.7980979 55.8827711362 0.3797886753 0.2416836347 31.4482738409 5.6709504462 9.2295647901 0.0071999217
30853 313407.35 113.8492664359 34.083011751 3776599.406457 763017.3421625998 55.8834107136 0.5242517986 0.2481456911 31.5269103377 5.7302727373 9.2802443731 0.0359411433
30854 313407.45 113.849272663 34.0830201454 3776600.354082 763017.8911919 55.8875140175 0.5639268159 0.2463828231 31.5828068935 5.7782475446 9.3372406062 0.0789965178
30855 313407.55 113.8492789391 34.0830285915 3776601.307565 763018.4445783001 55.8949607229 0.4761865454 0.2016525064 31.6515482664 5.8169122744 9.3933264565 0.0881344883
30856 313407.65 113.8492852612 34.0830370872 3776602.266675 763019.0020579002 55.9022277342 0.4069055009 0.1476447768 31.7118726247 5.8621419767 9.444302717 0.0733837219
30857 313407.74 113.8492909946 34.0830447771 3776603.1348480014 763019.5076675002 55.9070245354 0.377748282 0.122254084 31.7656220689 5.9052765123 9.4953620339 0.0465637449
30858 313407.83 113.8492967713 34.0830525055 3776604.007401 763020.0171608 55.9093521824 0.4341913901 0.0407894955 31.8163216158 5.9413024394 9.5461356898 0.0444415959
30859 313407.92 113.8493025835 34.083060278 3776604.8849370014 763020.5297999 55.9124544486 0.3415257838 0.1067136078 31.8804678338 5.9883726853 9.5910217574 0.0344155522
30860 313408.01 113.8493084504 34.0830680843 3776605.766362998 763021.0473801999 55.9169433489 0.242910573 0.022214309 31.9161465089 6.0438488332 9.6510884731 0.0518211016
30861 313408.1 113.8493143512 34.0830759344 3776606.652747 763021.5679565 55.9193174653 0.3060857893 0.0436736732 31.9538927938 6.0822977064 9.7010087188 0.0427917008
30862 313408.11 113.8493150102 34.0830768092 3776606.751525 763021.6260916998 55.9194233716 0.2805369515 0.0634274351 31.9575775024 6.0883325182 9.7045182639 0.0290545771
30863 313408.2 113.8493209714 34.0830846973 3776607.642274 763022.1521296998 55.919948237 0.3024483206 0.0949301762 31.9680332972 6.1403633003 9.749776654 0.0250513837
30864 313408.29 113.8493269534 34.0830926311 3776608.538157 763022.6799436 55.9232589426 0.3273009649 0.0925197815 32.0098369977 6.1557438069 9.8092734739 0.0734654868
30865 313408.38 113.8493329804 34.0831006032 3776609.438398 763023.2117993 55.9270392321 0.2560838967 0.1635690788 32.0358940098 6.2121588988 9.8382232898 0.0314872644
30866 313408.47 113.8493390485 34.0831086144 3776610.343087 763023.7473225 55.9280648166 0.2298903336 0.1872236449 32.0495678848 6.2456638089 9.9006077175 0.0077621113
30867 313408.56 113.8493451514 34.0831166694 3776611.252726 763024.285924 55.9273323836 0.2326302739 0.2217620577 32.0583078903 6.2746670515 9.9476909195 -0.0050005297
30868 313408.65 113.8493512906 34.0831247662 3776612.167096 763024.8277435 55.9278968507 0.2301300086 0.3098588886 32.0676057839 6.3182166747 10.0001746722 0.0220973463
30869 313408.74 113.8493574594 34.0831329022 3776613.085898 763025.3721806 55.9287569923 0.3045541771 0.3481634927 32.0820015858 6.3337271973 10.0325361297 -0.005258281
30870 313408.83 113.8493636641 34.0831410822 3776614.009669998 763025.9198024 55.9288248066 0.4903401833 0.2867819368 32.1003544169 6.3444477263 10.1260751949 0.0325640223
30871 313408.92 113.8493698816 34.0831493084 3776614.938603 763026.4684498 55.9323022654 0.370555042 0.3282792368 32.185607568 6.3974214733 10.1638908393 0.0670476835
30872 313409.01 113.8493761526 34.0831575552 3776615.869957 763027.0219856999 55.9400551375 0.2456934016 0.2936410342 32.211368491 6.4171774588 10.1937725806 0.0325246154
30873 313409.1 113.8493824556 34.0831658571 3776616.80751 763027.5782981 55.9395944597 0.020605701 0.2835851527 32.2997100028 6.4888868263 10.2607464798 -0.0362162763
30874 313409.19 113.849388818 34.0831741834 3776617.7479300015 763028.1400191998 55.9350257404 0.1617887943 0.3339460147 32.3321958794 6.5485819052 10.2855502098 -0.0231429336
30875 313409.28 113.8493952194 34.0831825486 3776618.692768 763028.7052268 55.931525086 0.2603250862 0.4128421178 32.3862283246 6.5896200704 10.3203394648 0.0214430561
30876 313409.37 113.8494016627 34.0831909448 3776619.641138 763029.2741985 55.9329922376 0.2860048767 0.4115128343 32.431406598 6.6351945118 10.361045637 0.0634591919
30877 313409.46 113.849408137 34.0831993799 3776620.593925 763029.8459229 55.9357191352 0.2885445326 0.4413156586 32.4993213017 6.665451965 10.4164999519 0.0497768858
30878 313409.55 113.8494146575 34.0832078461 3776621.550273998 763030.4218114 55.9369393727 0.31570973 0.4371007067 32.5618897826 6.714995465 10.4460776373 0.0504285951
30879 313409.64 113.8494212201 34.0832163459 3776622.510455 763031.0014854998 55.9385230169 0.3452751079 0.4944046532 32.6141379836 6.758354464 10.4887589747 0.0268857255
30880 313409.72 113.8494270956 34.0832239262 3776623.366829 763031.5205567 55.9408890894 0.2768842104 0.5343491758 32.6390354893 6.8010614495 10.5312002267 0.0517303203
30881 313409.8 113.8494329963 34.0832315346 3776624.226388 763032.0418629 55.9426083462 0.3380432847 0.5287194127 32.6610299804 6.8223997098 10.5677276456 0.0450921836
30882 313409.88 113.8494389228 34.0832391722 3776625.089252 763032.5654709 55.9449912086 0.2534270771 0.6045877849 32.6915710623 6.8553804839 10.6067445315 0.0494932892
30883 313409.96 113.8494448742 34.0832468403 3776625.955563 763033.0912774998 55.9462881023 0.2961268355 0.5542396666 32.7312308129 6.8781704396 10.6568969182 0.033960274
30884 313410.04 113.8494508475 34.0832545387 3776626.825292 763033.619015 55.9475291381 0.2158717653 0.5186341782 32.7636176969 6.907966003 10.685817471 0.0247316309
30885 313410.12 113.8494568358 34.0832622724 3776627.698976 763034.1480328002 55.9470783556 0.1674203328 0.4981066179 32.777220224 6.9431305536 10.7290975745 0.0239683494
30886 313410.2 113.8494628539 34.0832700344 3776628.575887 763034.6797085998 55.944228624 0.2161631031 0.5170939831 32.7890965263 6.9797892162 10.7663405238 -0.0299359947
30887 313410.28 113.8494688938 34.083277828 3776629.456347 763035.2132973 55.9411926717 0.2503606584 0.5066248714 32.8155126214 6.9980399814 10.8216764259 0.0048402834
30888 313410.36 113.8494749542 34.0832856518 3776630.340224 763035.7486844 55.9388711033 0.3250738846 0.539443014 32.8571058553 7.0324968998 10.847338355 0.0298700576
30889 313410.44 113.849481054 34.0832934935 3776631.2261809986 763036.2876589 55.9389931634 0.3631451949 0.5598368752 32.8686271298 7.0731818303 10.8803654887 0.0494978414
30890 313410.52 113.8494871748 34.0833013628 3776632.11526 763036.8284926 55.9415305797 0.3955227874 0.5494132126 32.8933160082 7.0955557533 10.9229746592 0.0650063168
30891 313410.6 113.8494933217 34.0833092561 3776633.007065 763037.3716484 55.9431967251 0.4187297753 0.6176668677 32.9106868421 7.1291931633 10.9528370213 0.0644011855
30892 313410.68 113.8494994945 34.0833171757 3776633.901863 763037.9171241 55.945884835 0.5366141825 0.6607587052 32.9379315524 7.1609982802 10.9865643144 0.0904546395
30893 313410.76 113.8495056955 34.0833251174 3776634.799184 763038.4651299 55.9495730018 0.5863781043 0.6389803693 32.9447786138 7.1829747738 11.0167064686 0.0917543833
30894 313410.84 113.8495119128 34.0833330868 3776635.699613 763039.0145579 55.9552998748 0.5634041304 0.7124874244 32.9708559638 7.2075765444 11.0520652317 0.112874568
30895 313410.92 113.8495181587 34.0833410767 3776636.602404 763039.5665635 55.9612344522 0.5707495352 0.7262912638 32.980109307 7.2425930716 11.0774167811 0.1143680158
30896 313411.0 113.8495244249 34.0833490941 3776637.508292 763040.1203607 55.9671324231 0.5120807298 0.7612913533 33.0034230528 7.2577319075 11.1214284416 0.1050286744
30897 313411.08 113.8495307284 34.0833571279 3776638.416088 763040.6775508 55.9737518486 0.4340569745 0.7656899952 33.0258138294 7.293485047 11.1496878864 0.0945983345
30898 313411.16 113.8495370633 34.0833651807 3776639.3260800014 763041.2375748 55.9800358443 0.3438289369 0.7852470325 33.0493076423 7.3160018612 11.1866689648 0.0483404811
30899 313411.24 113.8495434262 34.0833732602 3776640.239115 763041.8001076 55.9821075629 0.3866250633 0.778660974 33.0746510184 7.3518622031 11.227139417 -0.0189825826
30900 313411.32 113.8495498121 34.0833813649 3776641.1549989986 763042.3646844 55.9828853393 0.5112541283 0.7460003843 33.0999604774 7.3772481158 11.2659737839 0.034343704
30901 313411.4 113.8495562215 34.0833894933 3776642.073569 763042.9313563 55.9863765612 0.5730739611 0.74373185 33.1220405955 7.4077459862 11.2857591128 0.07209325
30902 313411.48 113.8495626574 34.083397644 3776642.994691 763043.5004131 55.9936961029 0.4954112308 0.7528985617 33.1364672873 7.430016142 11.3244422466 0.1152903148
30903 313411.56 113.8495691128 34.0834058186 3776643.91851 763044.0711851 56.0015977984 0.4986129389 0.7093453527 33.1621874855 7.457208584 11.354356239 0.1111071019
30904 313411.64 113.8495755908 34.0834140156 3776644.844872 763044.6439784 56.0088421889 0.4293998418 0.7124999513 33.1838370041 7.4801457982 11.3871765175 0.078983822
30905 313411.72 113.8495820937 34.0834222343 3776645.773721 763045.2190028002 56.0148278764 0.3977042892 0.6750672317 33.2021351264 7.512551959 11.4136108445 0.0707921417
30906 313411.8 113.8495886174 34.0834304759 3776646.7051449986 763045.7958861 56.0201523649 0.3860815516 0.6480827603 33.2082782253 7.5327524773 11.4513808229 0.0741864661
30907 313411.88 113.8495951636 34.0834387416 3776647.6393160014 763046.3747596998 56.0243890313 0.4051782678 0.6375871841 33.2054802785 7.5643385569 11.4784466746 0.0501047198
30908 313411.96 113.8496017276 34.0834470308 3776648.576135 763046.9552128002 56.0285995603 0.437868019 0.6074867021 33.1873855387 7.5693331988 11.5213250112 0.064585127
30909 313412.04 113.8496083017 34.0834553475 3776649.516031 763047.5365109 56.0341664134 0.3974919624 0.608530553 33.1803643212 7.5969965585 11.5460186336 0.0867748248
30910 313412.12 113.8496148868 34.0834636906 3776650.458889 763048.1187388998 56.039996394 0.3435313425 0.5648080231 33.1564325808 7.6057136605 11.589710851 0.0916031829
30911 313412.2 113.8496214857 34.0834720595 3776651.404641001 763048.7021664 56.0450161286 0.2484703404 0.5668628326 33.125728609 7.6330294138 11.6127977831 0.0610752212
30912 313412.28 113.8496281025 34.0834804535 3776652.353225 763049.2871669001 56.0480941292 0.15773687 0.5401136833 33.0709992532 7.6387935448 11.6648626554 0.0469224552
30913 313412.36 113.8496347284 34.0834888782 3776653.305242 763049.8729145002 56.0490932465 0.1581859386 0.565318715 33.0283700642 7.6635643977 11.7001372182 0.0079945593
30914 313412.44 113.8496413659 34.0834973307 3776654.260366 763050.4596436998 56.0486633126 0.1750784219 0.5369143197 32.9821076205 7.6615554275 11.7479114608 -0.0062101948
30915 313412.52 113.8496480122 34.0835058146 3776655.219007 763051.0470891 56.0474677598 0.287719862 0.5346241194 32.9474066713 7.6812898426 11.7753909418 0.0053974041
30916 313412.6 113.8496546734 34.0835143228 3776656.180376 763051.6358366 56.0494610676 0.262346404 0.5099644344 32.8944806326 7.6914627895 11.8197430129 0.0532157162
30917 313412.68 113.8496613423 34.0835228591 3776657.14489 763052.2252076 56.0529415943 0.1776407094 0.5483391189 32.8514626487 7.707645141 11.8479093934 0.0543229762
30918 313412.76 113.8496680262 34.0835314217 3776658.112366 763052.8158751 56.0559460893 0.1138023725 0.5549577385 32.7958908857 7.7178255949 11.8969490197 0.0469530719
30919 313412.84 113.8496747197 34.0835400142 3776659.0831699986 763053.4073444002 56.0557700498 0.0701164146 0.6361346189 32.7479806382 7.7340459301 11.9297397973 -0.018003934
30920 313412.92 113.8496814252 34.0835486338 3776660.057025 763053.99984 56.0538204554 0.2533933149 0.6350021373 32.7004905421 7.7393056501 11.9745770015 -0.0117193435
30921 313413.0 113.8496881359 34.0835572823 3776661.034101 763054.592718 56.0529438611 0.2540391846 0.6664117773 32.6609885895 7.7500902008 12.0041226717 0.0092201033
30922 313413.07 113.8496940143 34.0835648702 3776661.891325 763055.1120353001 56.0542433327 0.3426722542 0.6427579441 32.6275362323 7.7561784544 12.0422227716 0.0398961157
30923 313413.14 113.8496998951 34.0835724792 3776662.75089 763055.6314986 56.0577268759 0.3008595939 0.6432534368 32.5992310353 7.7642463485 12.0696737388 0.0713736113
30924 313413.21 113.8497057856 34.0835801035 3776663.6121910014 763056.1518189998 56.0609239563 0.3094278162 0.6260959873 32.5642402756 7.7710575412 12.0970941198 0.0395568963
30925 313413.28 113.8497116789 34.083587749 3776664.4758440014 763056.6723309 56.0639849436 0.4281615696 0.6240955309 32.5406660397 7.7754393663 12.1276170494 0.0508392698
30926 313413.35 113.8497175858 34.0835954068 3776665.34091 763057.1940518002 56.0681044348 0.3830879973 0.658769907 32.4960803274 7.8038329293 12.1451365932 0.0856748536
30927 313413.42 113.8497234968 34.0836030814 3776666.207832 763057.7161035 56.0728611257 0.3469340722 0.703667623 32.4546568746 7.8005123951 12.1707918318 0.0766269593
30928 313413.49 113.8497294152 34.0836107711 3776667.076465 763058.2388004 56.0776210809 0.3294211839 0.7299758207 32.3997367643 7.8069717519 12.1952809484 0.062864716
30929 313413.56 113.8497353343 34.0836184808 3776667.947308 763058.7614859 56.0812718198 0.3426795665 0.751215214 32.356140437 7.8035401092 12.2325194274 0.0444287844
30930 313413.58 113.8497370262 34.0836206871 3776668.196518 763058.9108858 56.0824164692 0.343487642 0.7787617511 32.3417808326 7.8103908254 12.2396603011 0.0698278868
30931 313413.65 113.8497429492 34.0836284176 3776669.069688 763059.4338771 56.0856007272 0.3481433635 0.8031380721 32.2969211218 7.811652132 12.2621307481 0.0510378519
30932 313413.72 113.8497488722 34.0836361673 3776669.944975 763059.9567989 56.0888860999 0.447136661 0.7784286535 32.2652967426 7.805675252 12.294619755 0.0323156051
30933 313413.79 113.8497547968 34.0836439322 3776670.821971 763060.4798312 56.0941310842 0.5335210763 0.8035218943 32.2303136704 7.8181848034 12.3121442253 0.0952877251
30934 313413.86 113.8497607286 34.0836517117 3776671.700592 763061.003483 56.1012452943 0.3494478551 0.8471722414 32.1884995989 7.8298420646 12.346278484 0.1331109484
30935 313413.93 113.8497666634 34.0836595036 3776672.580607 763061.5273656 56.1078227675 0.2745863014 0.8843865657 32.1433672468 7.8307601663 12.3556198571 0.0786401866
30936 313414.0 113.8497726044 34.0836673107 3776673.462319 763062.0517794002 56.1139710564 0.2349345756 0.9119931074 32.0916103804 7.8325304242 12.3861925353 0.088193287
30937 313414.07 113.8497785464 34.0836751344 3776674.345872 763062.5762292 56.1179765267 0.0907572102 0.9468813915 32.041477262 7.8423631089 12.4058004078 0.0546073457
30938 313414.14 113.8497844879 34.083682977 3776675.231523 763063.1005828 56.1190498089 0.1006716878 0.9517757142 31.9900010855 7.8358480219 12.4438181115 0.0133340265
30939 313414.21 113.8497904268 34.08369084 3776676.119443 763063.6246278002 56.1183877187 0.0508053353 0.9894588032 31.939800835 7.8405779514 12.4738351458 0.0089425056
30940 313414.28 113.8497963672 34.0836987177 3776677.00899 763064.1487678002 56.1161659434 0.0997347625 0.925099956 31.8743072727 7.8305081347 12.4947655491 -0.023809303
30941 313414.35 113.8498022987 34.0837066131 3776677.90047 763064.6720215002 56.1148678651 0.223536212 0.9192439012 31.8173056781 7.8238980632 12.5175378795 0.0145480293
30942 313414.42 113.8498082269 34.0837145154 3776678.792726 763065.194961 56.1168023022 0.1180071137 0.9059028001 31.7432455496 7.8353961797 12.5367195843 0.074619061
30943 313414.49 113.8498141448 34.083722425 3776679.685752 763065.7169225998 56.1196073061 0.0271886023 0.8745993574 31.6582110715 7.8003241303 12.535945329 0.0202779445
30944 313414.56 113.8498200569 34.0837303384 3776680.579188 763066.2383356 56.1218169415 0.2057926833 0.8211656529 31.5541782493 7.7924831403 12.5381409361 0.0190300238
30945 313414.62 113.8498251109 34.083737129 3776681.345809 763066.6839911998 56.1237476952 0.2421619767 0.8183263814 31.4611454341 7.7570207662 12.5577876428 0.0600667908
30946 313414.69 113.8498309773 34.0837450523 3776682.240219998 763067.2011511999 56.127684094 0.1478059411 0.8621381226 31.3730177021 7.7235481439 12.5466755927 0.0932398944
30947 313414.76 113.8498368246 34.0837529756 3776683.134586 763067.716557 56.1317203697 0.0514752086 0.8845358453 31.2760582117 7.6990507641 12.5587282378 0.0981837332
30948 313414.83 113.8498426531 34.0837608984 3776684.028854 763068.2302173 56.1345149539 -0.1201875289 0.9105711809 31.1646633239 7.6809477189 12.5569321137 0.0427310412
30949 313414.9 113.8498484629 34.0837688198 3776684.92292 763068.7421625998 56.1346740257 -0.1391868593 0.949641892 31.0391561742 7.6443217642 12.5551713423 -0.0071078714
30950 313414.97 113.8498542478 34.0837767448 3776685.817308998 763069.2517904 56.1327991364 -0.0992731918 1.0869437519 30.924306758 7.6125448731 12.5498963902 -0.0227538086
30951 313415.04 113.849860011 34.0837846738 3776686.712095 763069.7594080998 56.1298630023 -0.0864078534 1.0760921399 30.8059703145 7.5822767795 12.5723019763 -0.0124929778
30952 313415.11 113.8498657352 34.08379262 3776687.608688 763070.2633711 56.123968712 0.0130102022 1.0968148708 30.7050042533 7.5559803553 12.5856056649 -0.0299009688
30953 313415.18 113.8498714379 34.0838005636 3776688.50494 763070.7653497 56.1203664774 0.0774157491 1.0946515692 30.5976786947 7.526465592 12.5760588656 0.0068449167
30954 313415.25 113.8498771072 34.0838085094 3776689.401347 763071.26425 56.1205796814 0.1491408026 1.0171078542 30.4983372662 7.4673270366 12.5755171917 0.0515505848
30955 313415.32 113.8498827573 34.0838164604 3776690.298271 763071.7613484998 56.1233837083 0.0592762324 1.008622984 30.4122265291 7.4627475025 12.5876733948 0.0891553138
30956 313415.39 113.849888386 34.083824413 3776691.195332 763072.256471 56.1247305516 -0.0733249434 0.9799955531 30.3153078422 7.425292606 12.5954030785 0.0438085607
30957 313415.44 113.8498923961 34.083830097 3776691.836457 763072.609158 56.1234129686 -0.0837477153 0.9954730488 30.2487540189 7.4182998869 12.5925507398 0.0035636689
30958 313415.51 113.8498979999 34.0838380558 3776692.734139 763073.1019623 56.1193697639 -0.0474245822 0.9923182448 30.1440220918 7.3965640754 12.5952024653 -0.0147388167
30959 313415.58 113.8499035834 34.0838460218 3776693.63257 763073.5928681998 56.1143246777 -0.0002281351 0.9882898858 30.0441491354 7.3747796277 12.6109238844 -0.020136994
30960 313415.65 113.8499091505 34.0838539938 3776694.531611 763074.0822443 56.1094694873 0.0426290912 0.9621954695 29.9330477061 7.3443279011 12.6243665438 -0.0055993033
30961 313415.72 113.849914692 34.0838619737 3776695.431482 763074.5692274 56.1064810855 0.08332267 0.9391008582 29.8353699628 7.3062402085 12.6352631157 0.0199668571
30962 313415.79 113.8499202174 34.0838699602 3776696.332028 763075.0547063 56.1053548297 0.105351183 0.9419362509 29.7358432 7.2903164617 12.6437371664 0.0461473659
30963 313415.86 113.8499257228 34.0838779556 3776697.233515 763075.5383176998 56.1050060242 0.0976118917 0.9254534352 29.6540504989 7.2645134095 12.6623645535 0.0525608714
30964 313415.93 113.8499312174 34.0838859569 3776698.135632 763076.0209060998 56.1042686952 0.0748761825 0.9250163536 29.5638277237 7.2646538655 12.6666815904 0.0510082574
30965 313416.0 113.8499367011 34.0838939652 3776699.038494 763076.5024665 56.1026527826 0.0425185846 0.9487067265 29.4667757346 7.2374983306 12.6824800518 0.0349855142
30966 313416.07 113.8499421781 34.0839019784 3776699.941893 763076.9833866998 56.1018115133 0.0847396776 0.9421659685 29.3810995119 7.2195816785 12.6982482857 0.0036443239
30967 313416.14 113.8499476463 34.0839099967 3776700.8458300014 763077.4634883 56.1030064514 0.0820563638 0.9516056482 29.296059089 7.1994344287 12.7122511696 0.0397330119
30968 313416.21 113.8499531008 34.0839180246 3776701.750788 763077.9422901 56.1042849561 0.0029351793 0.9402529241 29.2189202153 7.1856585225 12.725224041 0.0162168517
30969 313416.28 113.8499585419 34.083926064 3776702.656996 763078.4198237 56.1037971023 0.090486666 0.848771739 29.1458874262 7.1625848042 12.7447193746 -0.0138250164
30970 313416.35 113.8499639704 34.0839341142 3776703.564366 763078.8961574 56.1041566674 0.0074021653 0.8711724536 29.0755011802 7.1640545863 12.7623994934 0.0432782404
30971 313416.42 113.8499693926 34.0839421718 3776704.472544 763079.3718824 56.1036318466 0.0224940537 0.8004730582 28.9950503906 7.137986868 12.7736412253 -0.0057605851
30972 313416.49 113.8499748013 34.0839502416 3776705.38205 763079.8463286 56.10363252 0.0886501657 0.6827989427 28.9280875158 7.12809707 12.7943562005 0.0198193276
30973 313416.56 113.8499802005 34.083958322 3776706.292697 763080.319858 56.1040269006 0.0460778384 0.6010774342 28.8572793962 7.1155245702 12.8103260252 0.0098441228
30974 313416.58 113.8499817401 34.0839606329 3776706.553112 763080.4548645002 56.1039120657 0.1111598772 0.5655755783 28.8419815094 7.1064715786 12.8166824274 0.0021391964
30975 313416.65 113.8499871248 34.0839687282 3776707.4653839986 763080.9270214002 56.1047231182 0.0986279511 0.5317272277 28.7849571451 7.1070629743 12.8332067918 0.0353128922
30976 313416.72 113.8499925057 34.0839768321 3776708.378589 763081.3987852 56.1058540465 0.06121466 0.4588565989 28.7207323312 7.0910464321 12.851254349 0.0314074017
30977 313416.79 113.8499978769 34.0839849481 3776709.293122 763081.8696287 56.1066180756 0.0918251491 0.4610831019 28.670953672 7.0783300577 12.8650279489 0.015497588
30978 313416.86 113.8500032527 34.0839930709 3776710.208408002 763082.3408627 56.1076863259 0.1294905182 0.4302522202 28.5987445493 7.0865264782 12.8759765811 0.0369563095
30979 313416.93 113.8500086208 34.0840012058 3776711.125032 763082.8113593998 56.1081420425 0.1221294591 0.4720332823 28.5374594009 7.0757374915 12.8964263054 0.0156849038
30980 313417.0 113.850013987 34.0840093493 3776712.0425949986 763083.2816466 56.108778731 0.257442723 0.4826089578 28.471386565 7.0744932362 12.9135275592 0.0372316736
30981 313417.07 113.8500193347 34.0840175107 3776712.962105 763083.750175 56.1087205587 0.209851622 0.5300644211 28.4237125956 7.0505833731 12.9383116957 0.0422092204
30982 313417.14 113.8500246739 34.0840256828 3776713.882771 763084.2178876 56.1091727903 0.237303118 0.5718091916 28.3824210388 7.0568223906 12.9383950491 0.0660246278
30983 313417.21 113.8500300151 34.0840338651 3776714.804583 763084.6857448001 56.110327037 0.1581485734 0.5684799191 28.3187325275 7.0558804985 12.9711184078 0.0675353325
30984 313417.28 113.8500353517 34.084042057 3776715.727437998 763085.1531588 56.1099226931 0.1572749999 0.6222319374 28.2529625324 7.0549511219 12.9742649759 0.0337157326
30985 313417.35 113.8500406886 34.0840502613 3776716.651683 763085.6205528001 56.1084986646 0.2259104875 0.6582230788 28.1761724386 7.0455221211 13.0114418799 0.0307585227
30986 313417.42 113.850046011 34.0840584779 3776717.577251 763086.0865738002 56.1078008609 0.168060001 0.7065668321 28.108087125 7.0303006657 13.0204927301 0.0640420746
30987 313417.49 113.8500513263 34.084066707 3776718.504183 763086.5518923 56.1069616433 0.1815501128 0.7211680496 28.039514343 7.014257117 13.0411169206 0.0210516414
30988 313417.56 113.8500566311 34.0840749515 3776719.432804 763087.0162043 56.1058874792 0.3383499116 0.6726582741 27.9639925307 7.0041304752 13.0686069108 0.0524544938
30989 313417.63 113.8500619276 34.0840832095 3776720.3629 763087.4796998 56.1054572137 0.2158417083 0.7068807195 27.8789138115 6.9958431273 13.0898782699 0.0619441167
30990 313417.7 113.8500672101 34.0840914785 3776721.29417 763087.9418748 56.1059105145 0.308272689 0.6818597501 27.8000940051 6.9675652721 13.0957336308 0.0499900847
30991 313417.77 113.8500724876 34.0840997605 3776722.226885 763088.4035478 56.1088404916 0.1990779584 0.6674675047 27.7127109005 6.9686245691 13.1264351847 0.0990596733
30992 313417.84 113.8500777525 34.0841080576 3776723.161232 763088.8640033002 56.1102016605 0.1074933382 0.6660922456 27.6326082058 6.9484801927 13.15435658 0.0631451921
30993 313417.9 113.8500822605 34.0841151786 3776723.963111 763089.2582109 56.1100327978 0.0948917875 0.6746647148 27.5608659026 6.9531461939 13.1677008635 0.0525585112
30994 313417.97 113.8500875107 34.0841235012 3776724.900259 763089.7172368 56.1067333296 0.0621688379 0.6995651966 27.4801949588 6.928483766 13.1879840345 -0.0025736893
30995 313418.04 113.850092749 34.0841318355 3776725.838679 763090.1751287 56.1031666072 0.2238916333 0.6381979007 27.4037766055 6.9096561072 13.2019452308 -0.0135380411
30996 313418.11 113.8500979831 34.0841401835 3776726.778598 763090.6325870998 56.1023831684 0.2358431631 0.6370138305 27.3252044233 6.8994318426 13.2283478627 0.0423097792
30997 313418.18 113.8501032052 34.0841485442 3776727.719897 763091.0888934 56.1029581884 0.239861845 0.6392574089 27.2564917696 6.892442503 13.2519537973 0.0600665134
30998 313418.25 113.8501084205 34.0841569148 3776728.662275 763091.5445451002 56.1048793485 0.152534929 0.6058436696 27.1883802064 6.8776013566 13.2676867305 0.0598312878
30999 313418.32 113.8501136258 34.0841652974 3776729.605967 763091.9992341999 56.1062989188 0.118837299 0.6301738656 27.1255505568 6.8701655824 13.2798436157 0.0377417158
31000 313418.39 113.8501188291 34.0841736911 3776730.550878 763092.4537068001 56.1069733286 0.1237960407 0.6016211641 27.0511641559 6.8604929082 13.3039858121 0.0278597511
31001 313418.46 113.8501240211 34.0841820989 3776731.497331 763092.9070992 56.1063277954 0.1023297675 0.621815892 26.9842608235 6.8509357077 13.3226882133 0.0131720544
31002 313418.53 113.8501292097 34.0841905175 3776732.4449660014 763093.360134 56.1051653922 0.1837096069 0.6161031884 26.9073042589 6.8474283376 13.3461216222 0.0160077791
31003 313418.6 113.850134387 34.0841989507 3776733.394195 763093.8120771 56.1041445369 0.154796571 0.6427755011 26.8312735594 6.8296001293 13.3673620912 0.0359742599
31004 313418.67 113.8501395559 34.0842073936 3776734.344487 763094.263224 56.1036255658 0.2389798373 0.6695856816 26.7480062536 6.81833209 13.3782387796 0.0090456773
31005 313418.74 113.8501447149 34.0842158497 3776735.296208998 763094.713413 56.1046760166 0.3448649178 0.6709458147 26.6652812594 6.8003584329 13.403512317 0.0605817245
31006 313418.81 113.8501498623 34.0842243176 3776736.249212 763095.1624943 56.1061553732 0.3891189425 0.6707968825 26.5769591295 6.7870319865 13.4192301657 0.0477937271
31007 313418.88 113.8501549971 34.0842327965 3776737.203407 763095.6103748 56.1095338715 0.5381455104 0.6952742602 26.4952435303 6.7706574005 13.4358533383 0.0995856879
31008 313418.95 113.8501601221 34.0842412849 3776738.158630002 763096.0573225998 56.1155760605 0.4497959623 0.7033526142 26.4056567899 6.7623767517 13.4564588651 0.1380846696
31009 313419.02 113.8501652313 34.0842497841 3776739.115011 763096.5027743 56.1220673742 0.4278018016 0.6956510328 26.3198138422 6.7302103569 13.4654037235 0.1183041888
31010 313419.09 113.8501703256 34.0842582978 3776740.0729559986 763096.9468118 56.1281282436 0.3497731209 0.7163607828 26.2260485911 6.7297163201 13.4863570516 0.1151067313
31011 313419.16 113.8501754069 34.084266825 3776741.032374 763097.3896044 56.1321789119 0.3034970422 0.7157790259 26.1268697609 6.6974000968 13.5151662597 0.0798953892
31012 313419.23 113.850180469 34.0842753668 3776741.993366 763097.8305809 56.1343569346 0.3198358895 0.7615478664 26.041218022 6.6807995751 13.5328003105 0.0611553019
31013 313419.3 113.8501855199 34.0842839216 3776742.955762 763098.2704765998 56.1356832646 0.3711807108 0.737768373 25.9594326384 6.6573114232 13.5567487663 0.0497284983
31014 313419.37 113.8501905531 34.0842924897 3776743.919587 763098.7087042 56.1378895445 0.4416022652 0.7194795037 25.8888804968 6.648207506 13.5752269766 0.0846193485
31015 313419.44 113.8501955794 34.0843010673 3776744.884461 763099.1462612 56.1418159567 0.3240863595 0.6929715391 25.8009868156 6.6371255644 13.5907863014 0.0988141202
31016 313419.51 113.8502005931 34.0843096547 3776745.850385 763099.5826205999 56.146035959 0.2171957619 0.7066782007 25.7090755264 6.6168032711 13.6011420479 0.0710470477
31017 313419.58 113.8502056011 34.0843182532 3776746.817526 763100.0184231 56.1488380199 0.2162664658 0.6977992558 25.6140121435 6.6040547532 13.6222963754 0.0418784118
31018 313419.65 113.8502105921 34.0843268709 3776747.786749 763100.4525998 56.1485512862 0.1236435924 0.7535885999 25.5352386933 6.5902857134 13.6591769444 0.0298255946
31019 313419.72 113.8502155752 34.084335497 3776748.756888 763100.8860216 56.1468107728 0.1096908977 0.73535821 25.4497421281 6.580513072 13.6659517817 -0.0015719909
31020 313419.79 113.8502205436 34.0843441372 3776749.728546 763101.3180341 56.1452307543 0.1098557663 0.7414594645 25.3732164103 6.5556687595 13.6864743591 -0.0086659441
31021 313419.86 113.8502255049 34.0843527897 3776750.701563 763101.7493596999 56.1431338368 0.1193902848 0.7141088355 25.2861050671 6.5444099928 13.7108016126 0.010652845
31022 313419.93 113.8502304506 34.084361457 3776751.676173 763102.1791963 56.1410317132 0.1100259691 0.6817164481 25.214477166 6.5239546703 13.7330167691 0.00290274
31023 313420.0 113.8502353874 34.0843701366 3776752.652134 763102.6081736998 56.1396097038 0.0908480145 0.6556209245 25.1401693726 6.5160987498 13.7564230575 0.0420343598
31024 313420.07 113.8502403178 34.0843788304 3776753.629646 763103.0365135 56.1391469799 0.0117106771 0.6236924007 25.0698223375 6.4999570304 13.777116566 0.0194515892
31025 313420.14 113.8502452468 34.0843875355 3776754.608419 763103.4646889 56.1386874737 -0.000920323 0.5432067279 24.9919391105 6.4944026009 13.7928201558 -0.0001976865
31026 313420.17 113.8502473553 34.0843912714 3776755.02845 763103.6478123 56.1381160831 0.0327319043 0.5194086779 24.9590711386 6.4838328073 13.8096991954 -7.43143e-05
31027 313420.24 113.850252266 34.0843999967 3776756.009409 763104.0742416 56.1363688987 -0.0168162347 0.5327633666 24.8972091084 6.4771169184 13.8233729815 -0.0075503081
31028 313420.31 113.8502571725 34.0844087331 3776756.99159 763104.5002463 56.1341251321 -0.0304044244 0.4555979654 24.8295782216 6.4636387319 13.8447845623 -0.029620185
31029 313420.38 113.8502620657 34.0844174834 3776757.975286 763104.924977 56.1315789279 -0.091287766 0.425295124 24.7703296387 6.4522905154 13.8651694844 -0.0186883103
31030 313420.45 113.8502669548 34.084426243 3776758.959989 763105.3493 56.1282564485 -0.0982216453 0.3906345835 24.7051264846 6.441021428 13.875684086 -0.0418381339
31031 313420.52 113.8502718358 34.0844350161 3776759.9461839986 763105.772827 56.1240248671 -0.0403997757 0.353281329 24.6497626605 6.4324792345 13.903016897 -0.0429935932
31032 313420.59 113.8502767137 34.0844437987 3776760.933422 763106.1960507 56.1196310232 0.0489585158 0.3289761631 24.5887720377 6.4371830149 13.9191559676 -0.0254211465
31033 313420.66 113.8502815808 34.0844525911 3776761.921711 763106.6182434 56.1167080337 0.0783238207 0.3264028098 24.531511726 6.4098217559 13.9301824051 -0.0092125081
31034 313420.73 113.8502864424 34.0844613903 3776762.910744 763107.0398989002 56.1163600609 0.1432511312 0.2960179438 24.4748754324 6.400641166 13.9282096025 0.0324489966
31035 313420.8 113.850291297 34.0844702024 3776763.901193 763107.460874 56.118286958 0.0394386572 0.3963139832 24.4281557887 6.4076161397 13.9739370824 0.0691091185
31036 313420.87 113.8502961506 34.0844790206 3776764.892325 763107.8817396 56.117162291 -0.0470522129 0.3497037576 24.3683221083 6.4003811676 13.9727695186 -0.0230579956
31037 313420.94 113.8503009931 34.0844878502 3776765.884687002 763108.3015377 56.112884949 0.3025584628 0.3170720437 24.3201474094 6.3766511969 13.9790333778 -0.0864286079
31038 313421.01 113.8503058282 34.0844966903 3776766.878189 763108.7206316999 56.112568019 0.4309552986 0.311198755 24.2781042861 6.3806284561 14.0076631408 0.0688931771
31039 313421.08 113.8503106428 34.0845055338 3776767.872024 763109.1378098001 56.1173653714 0.3201441703 0.3271322121 24.2370290984 6.3528330579 14.0053722055 0.1075720519
31040 313421.15 113.8503154528 34.0845143826 3776768.866422 763109.554558 56.1251811646 0.2573473852 0.2630584436 24.1809452282 6.3584575767 14.0236229226 0.126631256
31041 313421.22 113.8503202569 34.0845232394 3776769.861706 763109.9707295 56.1307066549 0.0917019055 0.3321053803 24.122615011 6.3529825957 14.029318213 0.0537055459
31042 313421.29 113.8503250599 34.0845321021 3776770.857637998 763110.3867784 56.1327888286 0.1196484051 0.3351408916 24.0606930151 6.3477927478 14.0416230161 0.0081279994
31043 313421.36 113.8503298557 34.0845409766 3776771.854857 763110.8021323001 56.1318369796 0.1486208286 0.3475410709 23.9965388738 6.3299835477 14.0624415519 -0.0150344824
31044 313421.43 113.8503346401 34.0845498595 3776772.852986 763111.2164066 56.130749953 0.1677719528 0.3443188026 23.9395269581 6.3232141514 14.0793070718 0.0041427071
31045 313421.47 113.8503373683 34.0845549405 3776773.423894 763111.4525902 56.1307979627 0.1633737573 0.3529376964 23.9123561935 6.3052040057 14.0897526626 0.0260666746
31046 313421.54 113.8503421365 34.0845638374 3776774.4235269986 763111.8653252 56.1317380574 0.1173071962 0.423052403 23.8620779097 6.3017123892 14.0912535621 0.0357477495
31047 313421.61 113.8503469006 34.0845727442 3776775.424262 763112.2776446 56.1324145244 0.0976570238 0.3102896078 23.8027630031 6.2812610805 14.1174350878 0.0193858751
31048 313421.68 113.8503516474 34.0845816639 3776776.426367 763112.6883318 56.1324622752 0.1999073244 0.3238001807 23.7533887445 6.2640567635 14.1353696542 0.0511682441
31049 313421.75 113.8503563907 34.0845905904 3776777.429232 763113.098673 56.1334010288 0.1395147853 0.3376862408 23.6884384605 6.2582331097 14.1428666464 0.0097294222
31050 313421.82 113.8503611228 34.0845995257 3776778.433039 763113.5079526 56.13486946 0.3388235902 0.287790691 23.6308338732 6.2430947088 14.1556482348 0.0300083801
31051 313421.89 113.8503658525 34.084608469 3776779.437724 763113.9169921 56.138128995 0.2547429772 0.3133750782 23.5478813631 6.2477686338 14.173333857 0.0890147213
31052 313421.96 113.8503705707 34.0846174171 3776780.442918 763114.3249495998 56.1412094142 0.3185330061 0.4420040583 23.4722842724 6.2277308532 14.1715061679 0.0372322207
31053 313422.03 113.8503752887 34.0846263723 3776781.448896 763114.7328591 56.1451204857 0.4548930673 0.5087787073 23.3888063605 6.2388387152 14.1899630246 0.0833195587
31054 313422.1 113.8503799948 34.0846353328 3776782.455427 763115.1396646 56.1514453022 0.3274755168 0.6584082594 23.306941744 6.2092284501 14.203361163 0.1159883998
31055 313422.17 113.8503846893 34.0846442986 3776783.462529 763115.5453823 56.158218231 0.2820543809 0.7492248369 23.213230668 6.1888454043 14.2056552981 0.091344612
31056 313422.24 113.8503893681 34.0846532759 3776784.470856 763115.9496106999 56.1633534078 0.3073934395 0.8234239757 23.121507818 6.1689667727 14.2300627108 0.0504111483
31057 313422.31 113.8503940292 34.084662267 3776785.480672 763116.3521596 56.1658689035 0.3000507532 0.8930685637 23.0347253848 6.1504063096 14.2610163614 0.0409676551
31058 313422.38 113.8503986692 34.084671266 3776786.491306 763116.7527393 56.16808654 0.3421134004 0.9127758137 22.9470550005 6.1113387684 14.2600220132 0.0489721925
31059 313422.45 113.8504032941 34.0846802732 3776787.502819998 763117.1518931999 56.172414436 0.3036157382 0.8696043193 22.8484714472 6.0971659822 14.2704579465 0.0605620007
31060 313422.52 113.8504078973 34.0846892944 3776788.515829 763117.5490109 56.1777462559 0.188640469 0.9058165236 22.7518057293 6.0693907935 14.3098241384 0.079979856
31061 313422.59 113.850412487 34.0846983249 3776789.529832 763117.944846 56.181094192 -0.0104911052 0.9115650686 22.6470588467 6.0613364749 14.3231977292 0.0301983079
31062 313422.66 113.8504170575 34.0847073656 3776790.544917 763118.3388757 56.1814612914 -0.0310235983 0.8283237531 22.5444395536 6.0141997682 14.3256966736 -0.0408293507
31063 313422.71 113.8504203103 34.0847138336 3776791.271104 763118.6191989002 56.1787464991 -0.0878083573 0.8025451016 22.475845459 6.003933188 14.3500532445 -0.136036202
31064 313422.78 113.8504248484 34.084722899 3776792.288847 763119.0101658001 56.174947015 0.0774961563 0.7149404458 22.3809904533 5.9830510914 14.3776927465 -0.0605131391
31065 313422.85 113.8504293666 34.084731977 3776793.307943 763119.3992456 56.1717763171 -0.0338472519 0.6727900758 22.2815929868 5.9595537583 14.3986026651 -0.0433679513
31066 313422.92 113.8504338691 34.084741063 3776794.3278809986 763119.7868604 56.1697047018 0.0751254612 0.5812344887 22.1788705336 5.929741024 14.4015217468 -0.0577739906
31067 313422.99 113.8504383541 34.0847501615 3776795.3491629986 763120.1728168002 56.1700946484 0.1116872318 0.5880789402 22.0844113228 5.9187614773 14.4262239515 0.0200239609
31068 313423.06 113.8504428283 34.0847592727 3776796.3718199986 763120.5577385002 56.1705298154 0.0013162157 0.5098420479 21.972267784 5.8924446968 14.4425272639 0.0007032453
31069 313423.13 113.8504472795 34.0847684013 3776797.396358 763120.9404783002 56.16974892 0.0896136357 0.4312627532 21.8668690675 5.8586831012 14.4640021695 -0.0189958308
31070 313423.2 113.8504517136 34.084777541 3776798.422081 763121.3216125999 56.1697488157 0.0433801859 0.3828856566 21.7627547694 5.8398365962 14.481908061 0.006039232
31071 313423.27 113.850456124 34.0847866932 3776799.449136 763121.7005130998 56.1692886204 0.0178610311 0.3311134248 21.6734181489 5.8096599275 14.4988025131 -0.0162080983
31072 313423.34 113.8504605246 34.0847958558 3776800.477309 763122.0784806 56.1682939725 -0.0265997105 0.3447469915 21.571252654 5.8083934591 14.5144538943 -0.0041386579
31073 313423.41 113.8504649091 34.0848050291 3776801.506635 763122.4549193 56.1646751026 0.1000240876 0.3741646637 21.459237016 5.7756040574 14.5342222118 -0.0605555806
31074 313423.48 113.8504692881 34.0848142122 3776802.537035 763122.8308315 56.1619636258 0.3227989193 0.3077937075 21.3367859343 5.7595535064 14.5601589231 -0.0017435571
31075 313423.55 113.8504736366 34.0848233986 3776803.567714 763123.2039066 56.1653891522 0.1948144921 0.4131441201 21.233829596 5.7167130984 14.5375710157 0.0931511644
31076 313423.62 113.8504779679 34.084832594 3776804.599352 763123.575373 56.1723307837 0.1760509998 0.51910859 21.149525583 5.7030356081 14.5541119202 0.1651977669
31077 313423.69 113.8504822913 34.0848418016 3776805.632328 763123.9460689998 56.1736090593 -0.2300520947 0.5315290961 21.0383424076 5.6848206031 14.5827290315 0.0952286534
31078 313423.76 113.8504865869 34.0848510167 3776806.666065 763124.3141795 56.1694689402 -0.0885004437 0.5229734487 20.9550187028 5.6430743163 14.5807144054 -0.0694608543
31079 313423.78 113.8504878143 34.0848536545 3776806.9619620014 763124.4193465002 56.1684255535 -0.0638578269 0.5204563916 20.9219362738 5.6706740214 14.6287823976 -0.0548236339
31080 313423.85 113.8504920856 34.0848628807 3776807.996867 763124.7851704 56.160828446 0.0876572321 0.4412088045 20.8389266492 5.6095099809 14.6105769553 -0.1824902192
31081 313423.92 113.8504963352 34.084872117 3776809.032827 763125.148966 56.1579782628 0.5759248968 0.3122750937 20.7831038536 5.590999303 14.6258359845 0.0102385398
31082 313423.99 113.8505005667 34.0848813544 3776810.068878 763125.5110825 56.1635953775 0.4273222069 0.3430541688 20.7107043232 5.5809985208 14.6280100596 0.1672903872
31083 313424.06 113.8505047893 34.0848905861 3776811.1042660014 763125.8723958 56.1743448423 0.4149509447 0.3723799656 20.6398425141 5.5661774522 14.6171963177 0.1493758404
31084 313424.13 113.8505090055 34.0848998177 3776812.139622 763126.2331199 56.1860023281 0.2510110874 0.4597007553 20.5630799539 5.561461926 14.6323653734 0.1679993057
31085 313424.2 113.8505132132 34.0849090493 3776813.174961 763126.5930584002 56.1930822451 0.1378266584 0.592918527 20.4809654124 5.5379475148 14.6224261569 0.0457628362
31086 313424.27 113.8505174118 34.084918285 3776814.2107379986 763126.9521479 56.196637298 0.1685441928 0.7043209163 20.4010093215 5.5330167271 14.6377041983 0.0358639292
31087 313424.34 113.8505215971 34.0849275239 3776815.246821 763127.3099904 56.1973758247 0.0351745439 0.756946317 20.3246973444 5.5085676109 14.6416214722 -0.0048643167
31088 313424.41 113.8505257563 34.0849367697 3776816.283616 763127.6654044002 56.1961893169 0.0747161855 0.754498615 20.2702905836 5.4751087111 14.6514891356 -0.0240840858
31089 313424.48 113.8505298979 34.0849460218 3776817.321064 763128.0191800002 56.1942722509 0.0616655011 0.7062694751 20.2110592875 5.4530772953 14.6616710552 -0.0155897739
31090 313424.55 113.8505340186 34.0849552791 3776818.35902 763128.371001 56.192722017 0.1553922354 0.6065361114 20.1444361462 5.4251925308 14.6722048148 -0.0046137575
31091 313424.62 113.8505381271 34.0849645395 3776819.397302 763128.7216901998 56.1936642695 0.1191962804 0.5463495674 20.0651042438 5.4139240435 14.6778411812 0.0397313075
31092 313424.69 113.8505422206 34.0849738014 3776820.43571 763129.070989 56.1961408406 0.0959308997 0.5041503651 19.9794136471 5.3937915766 14.6718519635 0.036483754
31093 313424.76 113.8505463038 34.084983069 3776821.474719 763129.4193215 56.1987158563 0.0016399659 0.505613244 19.8882182182 5.3820578239 14.6895882934 0.0370953798
31094 313424.83 113.850550371 34.0849923414 3776822.514233 763129.7661574 56.1994888941 -0.1072250569 0.5273868747 19.7939346751 5.3552829432 14.6968465748 -0.0022028146
31095 313424.9 113.8505544212 34.0850016195 3776823.554318 763130.1114130998 56.1979068145 -0.1475880826 0.5139324434 19.6925112742 5.3253014947 14.703553862 -0.038902938
31096 313424.97 113.8505584524 34.085010906 3776824.5953 763130.4548817 56.1936976751 -0.1008704793 0.5274549747 19.5946625222 5.3034570411 14.7181088871 -0.0582832991
31097 313424.98 113.8505590276 34.0850122337 3776824.7441300014 763130.5038760002 56.1930544768 -0.1343518244 0.5453155334 19.5800420715 5.3080833852 14.7252794983 -0.0590431294
31098 313425.05 113.8505630338 34.0850215331 3776825.78647 763130.8449998 56.1868712772 -0.0890410412 0.5490408968 19.4771428264 5.2770901461 14.7375223959 -0.0796972526
31099 313425.12 113.85056701 34.0850308436 3776826.829968 763131.1833216 56.1821783884 0.0214666315 0.5558662734 19.3745243293 5.2468167402 14.7386799498 -0.0484749056
31100 313425.19 113.8505709695 34.0850401597 3776827.874042 763131.5200785998 56.1806697678 0.0734991453 0.5580588106 19.265329663 5.2236746713 14.7498156063 0.0047738601
31101 313425.26 113.8505749088 34.0850494826 3776828.91883 763131.8549458 56.1803500634 0.0690841698 0.6123525832 19.15252625 5.2032653477 14.7694367734 0.0231419528
31102 313425.33 113.8505788279 34.0850588086 3776829.963901 763132.1879381 56.1804265911 0.1608507957 0.6919685373 19.0475023047 5.1718444387 14.7605087112 0.0022992464
31103 313425.4 113.8505827297 34.0850681387 3776831.0093769985 763132.5193294 56.1825305317 0.2582048939 0.7142937564 18.938848524 5.1484809386 14.7727514874 0.0488552485
31104 313425.47 113.8505866079 34.0850774744 3776832.055421 763132.8485210999 56.1861636592 0.155158797 0.7967316675 18.8345469902 5.1201417855 14.7878842098 0.0821426698
31105 313425.54 113.8505904634 34.0850868127 3776833.1017 763133.1756056 56.1888682786 0.1871869689 0.8693095175 18.7378813708 5.0852506847 14.7826156385 0.0273356781
31106 313425.61 113.850594301 34.0850961556 3776834.148437 763133.5010184 56.1918350421 0.2529447829 0.841390098 18.6411902772 5.0593005948 14.7935527754 0.0516036556
31107 313425.68 113.8505981161 34.0851055041 3776835.195736 763133.8243388 56.1946788877 0.279964668 0.9266492464 18.5601097796 5.0379788918 14.7993586542 0.0628664557
31108 313425.75 113.8506019163 34.0851148549 3776836.243248 763134.1462859998 56.1980287488 0.2648864977 0.930564966 18.4800044132 5.0180326093 14.804087057 0.0653857896
31109 313425.82 113.8506056963 34.0851242092 3776837.291108 763134.4663479 56.2021104796 0.2513283999 0.9207406056 18.4125087959 4.9860775569 14.8093614568 0.0561619847
31110 313425.89 113.8506094612 34.0851335663 3776838.339229 763134.7850078 56.2066341564 0.1977451821 0.9122132029 18.3459918869 4.9704277793 14.8128197052 0.0648842092
31111 313425.94 113.8506121415 34.085140252 3776839.088092 763135.0117915 56.2096811887 0.1234883234 0.89612618 18.2949668074 4.9521113188 14.8159732443 0.037849641
31112 313426.01 113.8506158796 34.0851496167 3776840.137003 763135.3279533002 56.2118105851 0.1156959979 0.8996427261 18.2399089667 4.9397838414 14.8302192867 0.0068641893
31113 313426.08 113.8506196081 34.0851589804 3776841.185765 763135.6432298998 56.2118556667 0.1952489392 0.8741604676 18.1824622542 4.9149524856 14.8321233486 -0.004290018
31114 313426.15 113.8506233272 34.0851683428 3776842.234363 763135.9576462 56.2125349725 0.2453879071 0.8985546682 18.1266097896 4.9077152538 14.8317075062 0.0142689375
31115 313426.22 113.8506270393 34.0851777061 3776843.28304 763136.271419 56.2151448205 0.2494667143 0.8892431137 18.0588402537 4.8967790277 14.8353298283 0.0473378275
31116 313426.29 113.8506307379 34.0851870715 3776844.331911 763136.5839307 56.2189923842 0.1905074548 0.8622869549 17.9889994705 4.8763446689 14.842077144 0.0598449678
31117 313426.36 113.8506344219 34.0851964399 3776845.38109 763136.8950853002 56.2228222061 0.1586635471 0.8669588497 17.9231716629 4.8558687154 14.8424641122 0.0305935418
31118 313426.43 113.850638091 34.0852058121 3776846.43064 763137.2048545999 56.2261272669 0.1537415178 0.7908673503 17.8610570034 4.835404623 14.8536536474 0.033442654
31119 313426.5 113.8506417434 34.0852151912 3776847.480912002 763137.5130556 56.2280423725 0.1049216839 0.7509246113 17.801607812 4.8157691718 14.8630752421 0.0203476935
31120 313426.57 113.8506453811 34.085224572 3776848.531346 763137.8199001 56.2295588609 0.0776593605 0.6715298903 17.7401643016 4.7973944665 14.8667351271 0.0198499553
31121 313426.64 113.8506490057 34.0852339571 3776849.582221 763138.1255134 56.2308853511 -0.0393132307 0.5999981851 17.679753976 4.7742863711 14.8629458006 -0.00357846
31122 313426.71 113.8506526196 34.0852433468 3776850.633572 763138.430131 56.2303913059 -0.0539302085 0.5428051051 17.6163429451 4.7650094445 14.8772430198 -0.0141791318
31123 313426.78 113.8506562234 34.0852527435 3776851.685676 763138.7337957 56.2276658518 -0.0375391248 0.4860668382 17.5493629705 4.747091593 14.8984505726 -0.0520588915
31124 313426.85 113.8506598138 34.0852621415 3776852.737891 763139.0362151 56.22390466 0.0806001111 0.5085359864 17.4850196686 4.7337240127 14.8922119107 -0.0587213808
31125 313426.92 113.8506633987 34.0852715422 3776853.790396 763139.3381204002 56.2224049168 0.3599140608 0.5107866575 17.4131057297 4.7245465314 14.8927353753 -0.0014116727
31126 313426.99 113.8506669722 34.0852809432 3776854.842893 763139.6389686 56.2262200257 0.3360649872 0.5871804398 17.339657511 4.7143768966 14.8965925462 0.0996376571
31127 313427.06 113.8506705333 34.0852903417 3776855.895093 763139.9386806998 56.2339845095 0.2468999623 0.6703767584 17.2601368059 4.6931634315 14.8907492592 0.1155224911
31128 313427.13 113.8506740796 34.0852997416 3776856.94741 763140.2370201 56.2417500634 0.1287106979 0.7491646541 17.1852142718 4.6756048137 14.9006351005 0.0951549289
31129 313427.15 113.8506750903 34.0853024283 3776857.248176 763140.3220206 56.2430968201 0.0716916742 0.7744517298 17.1628711252 4.6695743272 14.9019582821 0.0563845267
31130 313427.22 113.8506786172 34.0853118363 3776858.301336 763140.6185466 56.2453280073 0.0922785328 0.8283703846 17.0951960666 4.6478607655 14.9092413111 0.0023230181
31131 313427.29 113.8506821296 34.0853212479 3776859.354863 763140.9137225002 56.2451472888 0.0953969593 0.8641948495 17.0248527358 4.6286141353 14.917485862 -0.0208734536
31132 313427.36 113.8506856259 34.0853306654 3776860.408993 763141.2073996 56.2439193269 0.1859505101 0.9067490387 16.9609601634 4.6086383534 14.9229432882 -0.0147842954
31133 313427.43 113.8506891096 34.0853400852 3776861.463354 763141.4998991 56.2440350046 0.1994400538 0.9362097017 16.8927245898 4.5959838914 14.9289726545 0.0228704469
31134 313427.5 113.8506925777 34.085349508 3776862.518011 763141.7909451 56.2464016732 0.1656514522 0.9663979378 16.8222838131 4.569947541 14.933466877 0.0435664946
31135 313427.57 113.8506960341 34.0853589323 3776863.572798 763142.0809078 56.2499180445 0.1369092658 1.0241545932 16.752006255 4.5595624163 14.9322191211 0.0480877489
31136 313427.64 113.8506994773 34.0853683621 3776864.628159 763142.3696358001 56.2527641226 0.1069550843 1.0848198334 16.6790943347 4.5376129903 14.9453637573 0.0371232994
31137 313427.71 113.8507029084 34.0853777931 3776865.683627 763142.6572513998 56.2549460679 0.0836250771 1.1218261435 16.6069796674 4.5270782362 14.9484973141 0.0330000702
31138 313427.78 113.8507063244 34.0853872291 3776866.739614 763142.9434500998 56.2558445735 0.0560203066 1.1474578961 16.5364492971 4.4985204326 14.953575415 -0.004717603
31139 313427.85 113.8507097238 34.0853966691 3776867.796001 763143.2281004002 56.2561193174 0.1889580744 1.1384528897 16.4754065717 4.4807052845 14.9640572178 0.0024939166
31140 313427.92 113.8507131084 34.0854061141 3776868.852897 763143.5113672 56.2571447808 0.160750593 1.1271446633 16.4125073044 4.4593068527 14.9711453522 0.0318324693
31141 313427.99 113.8507164766 34.0854155596 3776869.90982 763143.793125 56.2596219601 0.1778051593 1.0903544624 16.3585135989 4.4405161018 14.9676508998 0.0436168963
31142 313428.06 113.8507198364 34.0854250101 3776870.967265 763144.0740909 56.2635413017 0.0488013196 1.0447016068 16.3001807074 4.4292234318 14.9793626155 0.0626865751
31143 313428.13 113.8507231847 34.0854344627 3776872.024917 763144.3539845998 56.2660157336 0.0244648898 1.0057423445 16.2516466984 4.4082654106 14.979391385 0.0110945965
31144 313428.2 113.8507265246 34.0854439213 3776873.083212 763144.6330834002 56.2666232251 0.0295700608 0.9605164412 16.2029847714 4.3976100593 14.9942837551 0.0007051253
31145 313428.27 113.8507298523 34.0854533823 3776874.1417410006 763144.9110524 56.2655354124 0.0608793206 0.9341016713 16.1589535796 4.3805850557 14.9908468778 -0.025922877
31146 313428.34 113.8507331758 34.0854628461 3776875.200573 763145.1886239002 56.2656606696 0.0473255526 0.9052084657 16.1064812185 4.3793061636 14.9985760528 0.0164547718
31147 313428.41 113.8507364904 34.0854723124 3776876.2596519985 763145.4653575 56.2658370677 -0.0531230963 0.8777465056 16.0496541608 4.3656866875 15.0032656979 -0.0019581046
31148 313428.48 113.8507397946 34.0854817826 3776877.319143 763145.741125 56.2656073598 -0.0792387538 0.8421702138 15.998418825 4.3502249717 15.0103811845 -0.0195151174
31149 313428.55 113.850743087 34.0854912573 3776878.379104 763146.0157911 56.2638325533 -0.072324374 0.7405743784 15.949910766 4.3342849046 15.0137193281 -0.0456610103
31150 313428.62 113.8507463635 34.0855007376 3776879.43965 763146.2889672 56.2616714053 -0.0139881046 0.6247293087 15.9111077103 4.3100007967 15.0282873215 -0.0185555335
31151 313428.69 113.8507496269 34.0855102203 3776880.500417 763146.5609353002 56.2599025657 -0.0720862247 0.5472925661 15.8734359932 4.3022578477 15.0277235622 -0.0120766238
31152 313428.76 113.8507528814 34.0855197045 3776881.5613379986 763146.8320662 56.2585514588 -0.0324088422 0.4406393225 15.8348828948 4.2857994831 15.0338143906 -0.0133592063
31153 313428.83 113.8507561309 34.0855291894 3776882.622321 763147.1027373 56.2573061706 -0.0604496745 0.4213810277 15.7882762656 4.2864477326 15.0281664915 -0.0281904338
31154 313428.9 113.8507593763 34.0855386726 3776883.683099 763147.3730382 56.255858657 0.0028047553 0.4071000009 15.7333280942 4.27079733 15.0230111238 -0.01877341
31155 313428.97 113.8507626155 34.0855481548 3776884.743755 763147.6427699 56.2551779607 0.005492278 0.4683599965 15.6736647915 4.2693909782 15.0241517077 0.0039398831
31156 313429.04 113.8507658463 34.0855576351 3776885.804181 763147.9117298 56.2548086615 0.0209252036 0.5561896763 15.6140379734 4.2546711093 15.026109962 -0.0117693211
31157 313429.11 113.8507690638 34.0855671156 3776886.864587 763148.1794528002 56.2543858085 0.0411631264 0.6496255377 15.546055004 4.2397330925 15.0174624316 0.0044664269
31158 313429.18 113.8507722696 34.0855765928 3776887.9246 763148.44612 56.2549162097 0.1076882079 0.7425806123 15.4616378936 4.2218156455 15.0093844132 0.0103030098
31159 313429.25 113.8507754604 34.0855860702 3776888.984592 763148.7113891 56.2564992979 0.0847303138 0.8137849343 15.3575293572 4.2029487785 15.0170957765 0.0485232567
31160 313429.32 113.8507786285 34.085595545 3776890.0442449986 763148.9745774 56.2574763028 0.1258867466 0.9074649777 15.2508052714 4.169439624 15.0051049449 0.0120562498
31161 313429.39 113.8507817747 34.0856050201 3776891.103876 763149.2357346999 56.2592090834 0.2099769304 0.9655426069 15.1448948502 4.1386583821 15.0097469113 0.038672573
31162 313429.4 113.850782222 34.0856063735 3776891.255225 763149.2728526 56.259581334 0.1815752338 0.9766142493 15.1273973532 4.1331955412 15.0099015821 0.0430982959
31163 313429.47 113.8507853371 34.0856158433 3776892.3141809986 763149.5311523002 56.2625772413 0.2459686616 0.994782805 15.030327892 4.0936303919 14.9979356045 0.051586828
31164 313429.54 113.8507884274 34.0856253099 3776893.372721 763149.7871869 56.2675740961 0.1776739532 1.0604328522 14.9325148154 4.0682244891 14.9926444508 0.0769584702
31165 313429.61 113.8507914952 34.0856347692 3776894.430394 763150.0411541 56.2722759247 0.1673350762 1.0869330954 14.8269345368 4.0311772741 14.9789777611 0.0553049371
31166 313429.68 113.850794541 34.0856442239 3776895.487507 763150.2931078 56.2772407616 0.0734905268 1.1262954704 14.7143990337 4.0104388939 14.9763154412 0.0753488836
31167 313429.75 113.8507975616 34.0856536724 3776896.543858 763150.5427564002 56.2798898341 -0.0150360731 1.1604180959 14.5829229326 3.9704582023 14.9614777722 0.0210856488
31168 313429.82 113.8508005554 34.0856631175 3776897.599762 763150.7899437 56.2812212082 0.0173428231 1.2008159832 14.4331490555 3.9324689765 14.9603341353 0.014631545
31169 313429.89 113.8508035189 34.0856725582 3776898.6550980015 763151.0343401 56.2813519668 0.0433456277 1.2353701068 14.2628720013 3.8915856078 14.9561376122 -0.0010686593
31170 313429.96 113.8508064451 34.0856819932 3776899.709713 763151.275311 56.2817079555 0.1432574649 1.2553657846 14.0845152382 3.8375715275 14.9455960152 0.0097762063
31171 313430.03 113.8508093311 34.0856914241 3776900.763756 763151.5125901 56.2836739067 0.1590677476 1.2648638535 13.8892063268 3.7838427738 14.9376212866 0.0503427978
31172 313430.1 113.8508121796 34.0857008465 3776901.816775 763151.7464221999 56.2884270866 0.0824870848 1.2915312637 13.6819280215 3.7323417771 14.9210806657 0.0828548012
31173 313430.13 113.8508133867 34.0857048862 3776902.268201 763151.8453729 56.2904964658 0.0272044057 1.3112410405 13.5909650558 3.6994591597 14.9361593257 0.0660115667
31174 313430.2 113.8508161707 34.0857143051 3776903.320654 763152.0732664 56.2945805425 -0.1533300295 1.3738727434 13.3780760367 3.6349696591 14.9233588102 0.0360091807
31175 313430.27 113.8508189079 34.0857237231 3776904.372892 763152.2968403002 56.2947932566 -0.1548692724 1.403667762 13.1612483936 3.5735426199 14.9214585644 -0.0341198008
31176 313430.34 113.8508216021 34.0857331441 3776905.425349 763152.5164288002 56.2912195306 -0.1929049956 1.4154641824 12.9325970948 3.5243161691 14.9395648639 -0.0586680259
31177 313430.41 113.8508242472 34.08574256 3776906.477125 763152.7315015 56.2863167264 -0.086912096 1.4367662351 12.7055548496 3.4594403031 14.9220154334 -0.0695194792
31178 313430.48 113.8508268448 34.0857519736 3776907.528505998 763152.9421993 56.2829165608 0.0488715504 1.3821319432 12.4706679658 3.3866487531 14.9166117118 -0.0490419345
31179 313430.55 113.8508293889 34.0857613861 3776908.57964 763153.1479634 56.2830535136 0.1697106428 1.3727785998 12.2418280828 3.324941226 14.9175319702 0.0244871435
31180 313430.62 113.8508318864 34.0857707938 3776909.630115 763153.3494379001 56.2866719822 0.1164707856 1.3480034011 12.0007230004 3.2639082443 14.9064470135 0.0653056023
31181 313430.69 113.8508343346 34.085780203 3776910.680631 763153.546348 56.2912619803 0.0801588227 1.3469442774 11.7630810821 3.1969741342 14.9097991863 0.0652786232
31182 313430.75 113.8508363959 34.0857882669 3776911.580851998 763153.7117013 56.2948209187 0.0333359656 1.3528679084 11.5530326287 3.1439677366 14.9059083385 0.0597587514
31183 313430.82 113.8508387538 34.0857976772 3776912.63125 763153.9002832 56.2976728948 -0.0568626107 1.3806514419 11.3150368824 3.0751640726 14.9135915862 0.0255362707
31184 313430.89 113.8508410654 34.0858070887 3776913.681671 763154.0845784 56.2983599147 -0.107150419 1.3758140936 11.0775304133 3.015358865 14.9154941366 -0.0012071223
31185 313430.96 113.8508433258 34.0858165033 3776914.732309 763154.2641324998 56.2973220032 -0.098817688 1.393026557 10.8473365474 2.9467519046 14.9168298651 -0.0290476755
31186 313431.03 113.850845541 34.0858259194 3776915.782987002 763154.4395095998 56.2952521518 -0.0463816223 1.3612320292 10.6135421065 2.8927819258 14.9276504083 -0.0382251174
31187 313431.1 113.8508477046 34.0858353418 3776916.8342370014 763154.610105 56.2929137843 0.0012715386 1.316284168 10.3804217125 2.8160713751 14.9280801433 -0.0349187584
31188 313431.17 113.8508498214 34.0858447627 3776917.885196 763154.7763868 56.291555902 0.0800550559 1.2812767378 10.1469324908 2.7624130186 14.9259512255 -0.0188491497
31189 313431.24 113.8508518902 34.0858541814 3776918.935786 763154.9382349 56.2932320656 0.0397846993 1.2434664309 9.8979294638 2.6957671354 14.9195573775 0.0405967176
31190 313431.31 113.8508539107 34.0858635959 3776919.985788 763155.0956386 56.2955990145 -0.0181888103 1.2023739453 9.6421878576 2.6334686523 14.911095131 0.0219541306
31191 313431.38 113.8508558801 34.0858730095 3776921.035558 763155.2483301 56.2970455494 0.0283916323 1.1677942944 9.3827999367 2.5613605845 14.9127670656 0.0215261461
31192 313431.45 113.8508577925 34.0858824202 3776922.084865 763155.3957648 56.2971739154 0.1189158774 1.1557857382 9.1309616435 2.4861869699 14.9013111947 0.0082880193
31193 313431.52 113.8508596543 34.085891827 3776923.133604 763155.5385426 56.2980672512 0.2248095181 1.1758748973 8.8795107403 2.4214776228 14.898416389 0.0214666437
31194 313431.59 113.8508614656 34.0859012262 3776924.181364 763155.6766848002 56.3013908053 0.2841481915 1.1807931393 8.6266801725 2.358449383 14.880191115 0.0647872126
31195 313431.66 113.8508632279 34.0859106158 3776925.227938 763155.8103237 56.3076578127 0.2681094137 1.1956049344 8.355141036 2.2859312749 14.8684758597 0.0950413551
31196 313431.73 113.8508649339 34.0859200002 3776926.273792 763155.9387795 56.3149198722 0.2151874717 1.2908442937 8.1008599859 2.2178972425 14.8622919515 0.100090322
31197 313431.8 113.8508665883 34.0859293767 3776927.318629 763156.0625021 56.3209036589 0.2034284212 1.2846240128 7.8436285699 2.1450201022 14.8490610177 0.0808330494
31198 313431.87 113.8508681867 34.0859387465 3776928.362587 763156.1810720002 56.326259057 0.2465601506 1.2862068524 7.602127503 2.0780376178 14.8366118698 0.0660707768
31199 313431.94 113.8508697355 34.0859481079 3776929.405479 763156.2950858001 56.3311111033 0.2757369791 1.2471645598 7.3455768369 2.0108235903 14.8237191462 0.0826789864
31200 313432.01 113.8508712277 34.0859574614 3776930.447345 763156.4038961 56.3366552722 0.2375651486 1.2111033815 7.0940211397 1.9327961489 14.8116248392 0.0768263401
31201 313432.08 113.8508726645 34.0859668044 3776931.487914 763156.5076274 56.3422228824 0.2559608381 1.2181605495 6.8353694716 1.8648566339 14.7909956089 0.0799523982
31202 313432.15 113.8508740514 34.0859761378 3776932.527277 763156.6067878 56.3489979133 0.1688577492 1.2129300314 6.5690429676 1.8011506101 14.7749494924 0.0991988711
31203 313432.22 113.8508753856 34.085985463 3776933.565605 763156.7010908001 56.3548568115 0.0914943844 1.2380926076 6.3055511994 1.7306715342 14.768591999 0.0803443296
31204 313432.29 113.8508766649 34.0859947807 3776934.602946 763156.7903641999 56.3582493244 0.0827832311 1.220121905 6.0446282935 1.6577487069 14.7598758728 0.0341766085
31205 313432.36 113.8508778913 34.0860040878 3776935.6389910006 763156.8747736998 56.3608083706 0.0684869199 1.1187351155 5.7886224387 1.5873197154 14.7394135931 0.0443197455
31206 313432.43 113.8508790531 34.0860133849 3776936.673743 763156.9532566 56.3628377886 0.1258721324 0.9592069028 5.5402055133 1.4908529596 14.7186413335 0.0006260082
31207 313432.46 113.8508795322 34.0860173679 3776937.117004 763156.9851604998 56.3640541984 0.1211598516 0.9329449725 5.4400037961 1.4669435913 14.7227579352 0.0437321953
31208 313432.53 113.8508806153 34.0860266503 3776938.149926 763157.0564168 56.365692826 0.2185063899 0.8314520646 5.1911150964 1.3999111527 14.69795097 0.0270950063
31209 313432.6 113.8508816505 34.0860359202 3776939.181341 763157.1232877 56.3692809679 0.3338856464 0.8376861632 4.9475546553 1.3444642706 14.6760712549 0.0738919661
31210 313432.67 113.8508826472 34.0860451765 3776940.211154 763157.1866564 56.3744325256 0.3604392173 0.874840159 4.6762919904 1.2932847229 14.6535899632 0.0773345399
31211 313432.74 113.850883603 34.0860544192 3776941.239348 763157.2462764 56.3821057407 0.3934488177 0.8964091438 4.3836589029 1.2384882159 14.6329190102 0.1167813225
31212 313432.81 113.8508845073 34.0860636497 3776942.266047 763157.3011857 56.3916314179 0.1788396289 0.9808259312 4.0836291631 1.154969374 14.6175863143 0.1403011988
31213 313432.88 113.8508853389 34.0860728677 3776943.291185 763157.3494241 56.3999504121 -0.0383907609 1.0601472357 3.8297954529 1.0555720952 14.5893344813 0.0928406141
31214 313432.94 113.8508860015 34.0860807619 3776944.168965 763157.386158 56.4050109582 -0.1888953427 1.0511103256 3.6430157728 0.9945373009 14.5767450832 0.0483507761
31215 313433.01 113.8508867288 34.0860899658 3776945.192257 763157.4248047 56.4053891534 -0.337713343 0.9791850755 3.4169199297 0.9354134539 14.5740263084 -0.0233049002
31216 313433.08 113.8508874125 34.0860991604 3776946.2144120014 763157.459456 56.4000698365 -0.1961549751 0.8725504701 3.1785988515 0.8831387019 14.5528531895 -0.0676026488
31217 313433.15 113.8508880574 34.0861083475 3776947.235641 763157.490545 56.3937519388 -0.0432873511 0.810482616 2.9224924918 0.821440645 14.5494417846 -0.0481641058
31218 313433.22 113.8508886499 34.0861175184 3776948.254926 763157.5168526 56.3892063489 0.0851138765 0.8389378551 2.7007223487 0.759967006 14.505772402 -0.0237631253
31219 313433.29 113.850889206 34.0861266737 3776949.272391 763157.5398424 56.3899826445 0.1377446193 0.7989345621 2.4993083986 0.708978307 14.4823656401 0.0421489431
31220 313433.36 113.8508897181 34.0861358104 3776950.287676 763157.5588311 56.3947710888 0.1569899551 0.7181643933 2.3530094122 0.648513583 14.4556967156 0.0630712771
31221 313433.43 113.8508901926 34.0861449309 3776951.301061 763157.5743923 56.3996231696 0.0768308648 0.6900130298 2.2604291378 0.6154432555 14.4352968002 0.064507198
31222 313433.5 113.8508906424 34.0861540328 3776952.312325 763157.5877391 56.4021524135 0.1833658091 0.6068899621 2.2075771521 0.5853674507 14.396851751 0.0209457498
31223 313433.57 113.8508910802 34.0861631158 3776953.321455002 763157.6000313001 56.4052357571 0.2731386825 0.5434319232 2.1683172416 0.584909969 14.3682976511 0.0516260015
31224 313433.64 113.8508915113 34.0861721755 3776954.327996 763157.6117761 56.4094319148 0.271539647 0.5193209589 2.1301503013 0.5679722484 14.3284261649 0.0791652909
31225 313433.71 113.8508919377 34.0861812104 3776955.331759 763157.6231583002 56.4158548648 0.1572778785 0.5155308953 2.1026202785 0.5700588692 14.2934293702 0.0952051816
31226 313433.78 113.8508923626 34.0861902222 3776956.3329550014 763157.6344826 56.4220187785 0.0450222657 0.5190461648 2.0891357068 0.5608972761 14.255772218 0.0800921477
31227 313433.86 113.850892843 34.0862004917 3776957.473877 763157.6470338 56.4258700758 -0.0456183148 0.5673180691 2.1299598813 0.5647992895 14.2125332428 0.0127309559
31228 313433.94 113.8508933287 34.0862107272 3776958.61104 763157.6601776 56.4262506934 0.0212363225 0.4796261083 2.217380067 0.5680372746 14.1547365761 0.0101976109
31229 313434.02 113.8508938172 34.0862209227 3776959.74376 763157.6737041 56.4260499477 0.1391782202 0.3628516941 2.3604700096 0.5783920457 14.1007915755 -0.0070104444
31230 313434.1 113.8508943144 34.0862310703 3776960.871195 763157.688186 56.4268329246 0.2885559284 0.2741773314 2.5374614339 0.6004001477 14.0256761936 0.0272433824
31231 313434.18 113.8508948458 34.0862411649 3776961.992839 763157.7059834001 56.4331814861 0.2824225573 0.2421287819 2.7427701487 0.6564519499 13.9615511084 0.1213129417
31232 313434.26 113.8508954252 34.0862512043 3776963.108480002 763157.7283937 56.4427278163 -0.0564522759 0.2206328495 2.9400522744 0.7162267875 13.8763643446 0.1259578361
31233 313434.32 113.8508958898 34.0862586979 3776963.941286 763157.74808 56.4480896732 -0.2352839252 0.2541697977 3.090844488 0.7497712091 13.8185131863 0.0683110088
31234 313434.4 113.8508965514 34.0862686463 3776965.047044 763157.7783511998 56.4489951692 -0.2520840466 0.3199888393 3.2959336291 0.8095834405 13.7563123329 -0.0304170502
31235 313434.48 113.8508972526 34.086278543 3776966.147151 763157.8124454 56.443532696 -0.1451405563 0.3609574287 3.5152979238 0.8514395249 13.6827492114 -0.0760151035
31236 313434.56 113.8508979907 34.0862883869 3776967.241505 763157.8501151998 56.4377339734 0.0569619765 0.3588137351 3.7358341438 0.8931654451 13.6068047551 -0.0439975772
31237 313434.64 113.8508987658 34.0862981778 3776968.330072 763157.8913589001 56.437216768 0.0759141349 0.4151577393 3.9522712143 0.9396754305 13.5424305335 0.0397678059
31238 313434.72 113.8508995874 34.0863079306 3776969.414534 763157.9370071 56.4410081413 -0.0572424388 0.4558421915 4.1482094739 0.9913505441 13.4939329854 0.0602607536
31239 313434.8 113.8509004447 34.0863176499 3776970.495361 763157.9860685002 56.4438031102 -0.143380645 0.5128172731 4.3394496612 1.0302916174 13.4513961497 0.0278298183
31240 313434.88 113.8509013435 34.0863273374 3776971.572764 763158.0390473 56.4436953804 -0.1309379066 0.5418337519 4.4987437877 1.0790833499 13.4081266016 -0.0108248616
31241 313434.96 113.8509022717 34.0863369922 3776972.646626 763158.0948495 56.4414950004 -0.0725797162 0.6207820989 4.6367867366 1.1043155919 13.3595421698 -0.0209719637
31242 313434.97 113.8509023899 34.0863381968 3776972.780611 763158.1020384 56.4411349455 -0.0754793152 0.6312989291 4.6536759279 1.1117882569 13.3543557958 -0.0262019919
31243 313435.05 113.8509033524 34.0863478139 3776973.850366001 763158.1611226 56.4387031896 0.0192059881 0.68184836 4.7736382624 1.1416176953 13.30961579 -0.0180099534
31244 313435.13 113.8509043364 34.0863573866 3776974.915255 763158.2223306998 56.4391230904 -0.076757304 0.7283512912 4.9075062794 1.1574779669 13.2569674352 0.0281277445
31245 313435.21 113.8509053409 34.0863669237 3776975.976247 763158.2855399002 56.440393623 -0.1352155671 0.6885068768 5.0409920585 1.1816134076 13.2072890121 0.0043580642
31246 313435.29 113.850906362 34.0863764248 3776977.03328 763158.3504011 56.4408272728 -0.145819596 0.6471729491 5.1777967145 1.2014613013 13.1600822018 -0.0083225843
31247 313435.37 113.8509074045 34.0863858892 3776978.086303 763158.4173471 56.4388574213 -0.0173890662 0.5703401545 5.3093090916 1.2279429459 13.1094257549 -0.0375239752
31248 313435.45 113.850908466 34.0863953138 3776979.134955 763158.4861689 56.4375666874 0.1434123578 0.5207969447 5.4245465142 1.2480577108 13.0466948452 0.0045581904
31249 313435.53 113.8509095506 34.0864046992 3776980.179317 763158.557241 56.4395850385 0.1522400725 0.5309180662 5.5212211686 1.2787765558 12.9978846443 0.0409859887
31250 313435.61 113.8509106528 34.0864140466 3776981.2195 763158.6300606 56.4439279381 0.1509194372 0.5565400573 5.6040773057 1.2888990402 12.9480774267 0.0599441991
31251 313435.69 113.8509117718 34.0864233676 3776982.256807 763158.704521 56.4488955764 0.0723021551 0.6011588028 5.676056244 1.3152645281 12.916372133 0.0501308837
31252 313435.77 113.8509129031 34.0864326634 3776983.291346 763158.7801793 56.452912271 0.0469729799 0.6317100694 5.7317257221 1.317814583 12.8846812871 0.0477886048
31253 313435.85 113.8509140416 34.0864419405 3776984.323827 763158.8565755 56.455106263 0.0593119071 0.671255562 5.7788773279 1.3341237224 12.8593047874 0.0105335789
31254 313435.93 113.8509151874 34.0864511959 3776985.353911 763158.9337069 56.4560594074 0.0356590266 0.6249321545 5.8108108695 1.32998923 12.8315168806 0.0258412734
31255 313436.01 113.8509163284 34.0864604332 3776986.381986 763159.0104507 56.457721537 -0.0280963835 0.6141400164 5.8534496905 1.3321887825 12.8010734386 0.026684564
31256 313436.09 113.8509174759 34.0864696496 3776987.407756 763159.0878566 56.4588729898 -0.013269466 0.5456051686 5.8870486392 1.3310701861 12.780051688 0.0043607071
31257 313436.17 113.8509186242 34.0864788489 3776988.431625 763159.1653915 56.4589721924 0.0067325587 0.5705278002 5.9335500784 1.3377751485 12.7529204284 0.0019370202
31258 313436.25 113.850919784 34.0864880293 3776989.453434 763159.2440487 56.4590536514 -0.0127043296 0.535052081 5.9623385014 1.3463021832 12.7251694708 0.0035165297
31259 313436.33 113.8509209457 34.0864971887 3776990.472905 763159.3229446998 56.4605106004 -0.1033478967 0.5728029452 5.9927478037 1.3529898687 12.693919923 0.024516481
31260 313436.41 113.8509221179 34.0865063249 3776991.489837 763159.4028784 56.4605841106 -0.0663952921 0.5969037115 6.0109286936 1.3616702129 12.6630404503 -0.0237127187
31261 313436.49 113.8509232887 34.0865154368 3776992.504068 763159.4827675 56.4592803391 0.0542011043 0.6248010265 6.0292173363 1.3514333959 12.6264861577 -0.0260676995
31262 313436.57 113.8509244592 34.0865245199 3776993.515105 763159.5627104 56.4585311655 0.1798225325 0.6684481989 6.0366428038 1.3595901465 12.5851935073 0.0240692856
31263 313436.65 113.8509256298 34.0865335711 3776994.522601 763159.6427651 56.4618693814 0.1332893705 0.6708427239 6.0174596961 1.3503101149 12.5373880859 0.0630449381
31264 313436.73 113.8509267906 34.0865425955 3776995.527097 763159.7219926 56.4676750405 0.0009449754 0.6937286341 6.0069769063 1.3444038381 12.5053439859 0.0609176081
31265 313436.81 113.8509279436 34.0865515991 3776996.529258 763159.8005646998 56.4703670479 0.067568095 0.6379773547 6.000002671 1.3265295595 12.480865862 0.0215211454
31266 313436.89 113.8509290865 34.0865605839 3776997.529309 763159.8782706 56.4701269828 0.1408312621 0.6277746919 5.9996195749 1.3257363235 12.4497288598 -0.0230126528
31267 313436.97 113.8509302309 34.0865695422 3776998.526425 763159.9561905 56.4724139553 0.0928758917 0.5992536842 5.984901566 1.3267019616 12.4139042273 0.0507881848
31268 313437.06 113.8509315111 34.0865795926 3776999.645089 763160.0432662 56.4771726811 -0.0661554053 0.6171039387 5.97033604 1.3144846 12.3780900434 0.0338813617
31269 313437.15 113.850932795 34.0865896163 3777000.760806 763160.1307724 56.4794563754 -0.1155287451 0.6170111029 5.9513682978 1.3149981157 12.3432892672 -0.0072560643
31270 313437.24 113.8509340692 34.0865996138 3777001.873577 763160.2174523 56.4778811112 0.09521533 0.6601481586 5.9444357795 1.3060480686 12.3110613058 -0.0427354182
31271 313437.33 113.8509353407 34.0866095825 3777002.983156 763160.3039865 56.476562419 0.3354394302 0.6615975805 5.942904333 1.3001242534 12.2724317397 -0.0021211321
31272 313437.42 113.8509366019 34.0866195157 3777004.088772 763160.3896732 56.4826130373 0.3396590949 0.6561399323 5.9593255125 1.2931192462 12.2277604225 0.1178983395
31273 313437.51 113.8509378636 34.086629411 3777005.190171 763160.4755234 56.4950408051 0.0348952607 0.6071653746 5.9791668165 1.2916093879 12.1815443676 0.1233252552
31274 313437.6 113.8509391192 34.0866392731 3777006.287878 763160.5609076 56.5026950166 -0.2049289671 0.5773531714 6.013510615 1.2878587845 12.141060914 0.0193961621
31275 313437.69 113.8509403775 34.0866490999 3777007.381669998 763160.6466565 56.5016199062 -0.1419440505 0.4809941973 6.0455560672 1.2912198616 12.094095067 -0.0563507941
31276 313437.78 113.8509416319 34.0866588889 3777008.47126 763160.7321623 56.4970918121 0.0773566229 0.4579994351 6.0743015534 1.2893981263 12.0480020581 -0.0575524982
31277 313437.87 113.8509428943 34.0866686359 3777009.556205 763160.8185331 56.4962049602 0.2138691849 0.4597644605 6.069730415 1.2983323278 11.9953418745 0.0219491462
31278 313437.96 113.8509441529 34.0866783418 3777010.63659 763160.904688 56.5027839597 0.1386626119 0.5203908658 6.0382810742 1.2892398462 11.9465566442 0.0909511687
31279 313438.05 113.8509454075 34.0866880177 3777011.713623 763160.9905554 56.5105785895 0.0046162129 0.5483839406 5.9712658917 1.2808775013 11.9152351523 0.0593345186
31280 313438.14 113.8509466396 34.0866976688 3777012.787847 763161.0744348002 56.5139595382 0.0171757043 0.6024718718 5.8984091067 1.2557785779 11.8853727679 0.0066949949
31281 313438.23 113.8509478559 34.0867072946 3777013.8592300015 763161.1569259 56.5146210184 0.0879481507 0.6383843049 5.797507913 1.2410396063 11.8520887215 -0.0090572092
31282 313438.32 113.8509490469 34.0867168953 3777014.927756 763161.237157 56.5155701982 0.1486776969 0.6575722008 5.6817909653 1.2089811391 11.8198527126 0.0337717108
31283 313438.41 113.8509502108 34.0867264716 3777015.993508 763161.3149651 56.5192326577 0.0477026644 0.6470087603 5.5553154966 1.1804106649 11.7921592274 0.0529038326
31284 313438.5 113.8509513401 34.0867360244 3777017.056559 763161.3896550002 56.5235161809 -0.0421256533 0.6297638354 5.4371322364 1.1414381844 11.7629794642 0.0344505483
31285 313438.59 113.8509524448 34.086745553 3777018.116863 763161.4621409002 56.5249119215 -0.0061561024 0.6379261266 5.3195678332 1.1247172074 11.7316762166 -0.0077297885
31286 313438.68 113.8509535246 34.0867550535 3777019.1739879986 763161.5324124 56.5238400102 0.1490883121 0.6573642287 5.2076831221 1.0936752167 11.6941378511 -0.0088205868
31287 313438.77 113.8509545827 34.0867645204 3777020.227325 763161.6007963 56.5248451782 0.2341062918 0.6814190104 5.1106078618 1.0774557921 11.6514175717 0.0307044673
31288 313438.86 113.8509556162 34.0867739481 3777021.276254 763161.6670151 56.5300954822 0.1867440827 0.6770276244 5.0312395365 1.045478742 11.5972265227 0.069673789
31289 313438.95 113.8509566264 34.0867833342 3777022.320501 763161.7312223002 56.5363361277 0.1217059798 0.7103969676 4.9774453173 1.0310158422 11.5429849402 0.0622298238
31290 313439.04 113.8509576247 34.0867926726 3777023.359413 763161.794481 56.5411593337 0.05278657 0.7397991816 4.9217862276 1.0162390938 11.4826823041 0.0452966771
31291 313439.08 113.850958067 34.0867968042 3777023.819069002 763161.822518 56.5430465303 -0.0083386262 0.7609338918 4.8963060344 1.0116878253 11.4534757037 0.0291064477
31292 313439.17 113.8509590501 34.0868060683 3777024.849715 763161.8845963002 56.5462545035 -0.1453875575 0.7429255442 4.8417314679 0.9911845424 11.4003351402 0.0100182079
31293 313439.26 113.8509600124 34.0868152855 3777025.875087002 763161.9449071998 56.547196799 -0.1610513424 0.7267004942 4.7891639787 0.9728100415 11.3448372638 -0.0079894015
31294 313439.35 113.8509609621 34.0868244558 3777026.895226 763162.0041901999 56.5456442908 -0.0080953736 0.7446083632 4.7427362542 0.9594977971 11.2872645842 -0.0383588393
31295 313439.44 113.8509618987 34.0868335766 3777027.909848 763162.0624164002 56.5432476206 0.1714094698 0.7453794459 4.7045285639 0.9438707354 11.2194946493 -0.0237954242
31296 313439.53 113.850962819 34.0868426433 3777028.918411 763162.1193136999 56.545774051 0.1593169115 0.7399357345 4.66040491 0.9329066069 11.1517068124 0.048912748
31297 313439.62 113.850963729 34.0868516648 3777029.921942 763162.1753926 56.5529208016 -0.0445383146 0.7409971804 4.5989471828 0.9166640353 11.1055361092 0.0648989107
31298 313439.71 113.8509646238 34.0868606517 3777030.921589 763162.2301793002 56.5577614438 -0.1260624605 0.8058214973 4.5322138271 0.9069939146 11.0685038944 0.0122170439
31299 313439.81 113.8509656025 34.0868705943 3777032.027512002 763162.2897482 56.5567038357 0.0174337781 0.7868407226 4.4392502173 0.8856659029 11.0102901263 -0.031647142
31300 313439.91 113.8509665528 34.0868804803 3777033.127086 763162.3468705999 56.5553648341 0.0677076256 0.814694283 4.3432501798 0.8606004052 10.9458874595 0.0053116998
31301 313440.01 113.8509674768 34.0868903078 3777034.220089 763162.4017476 56.559366433 -0.1626943202 0.7241132591 4.2507651847 0.8297289804 10.8784364017 0.0360407546
31302 313440.11 113.8509683579 34.0869000715 3777035.305917 763162.4528631 56.5635737861 -0.3561575478 0.7227335851 4.1917977016 0.8024402489 10.7916648117 0.0057711843
31303 313440.21 113.8509692248 34.0869097538 3777036.382663 763162.5029192 56.5600186996 -0.171409223 0.7162593512 4.1333223558 0.7981900726 10.6940398328 -0.0763689343
31304 313440.31 113.8509700739 34.0869193372 3777037.448389 763162.5516379002 56.5536438208 0.1164869061 0.69458553 4.0636286551 0.7776351569 10.5770341587 -0.0331264817
31305 313440.41 113.8509709019 34.0869288159 3777038.502442 763162.5987304 56.557611254 -0.0059638839 0.6779941153 3.9816144498 0.7570873692 10.461068504 0.0724682717
31306 313440.51 113.8509717009 34.086938192 3777039.545034 763162.6434609998 56.5651341118 -0.1686484739 0.6722179158 3.9174148852 0.7249185188 10.352799478 0.0372026512
31307 313440.55 113.8509720132 34.0869419152 3777039.959027 763162.6607675 56.5662625954 -0.1422790045 0.6378280791 3.8954844978 0.7176614027 10.3103757094 0.0053420304
31308 313440.65 113.8509727759 34.0869511584 3777040.986783 763162.702559 56.5640331879 0.0388456041 0.5132285412 3.8504264875 0.6945210765 10.2031171945 -0.0314266515
31309 313440.75 113.8509735185 34.0869603301 3777042.006543 763162.7427192 56.5638958458 0.0614541096 0.4101241144 3.7949197879 0.6904825922 10.1589981972 0.0402080972
31310 313440.85 113.8509742493 34.0869694557 3777043.021163 763162.7819364 56.5692625986 -0.0581755062 0.3702070829 3.7316093481 0.6754826985 10.1046769643 0.0578457433
31311 313440.95 113.8509749719 34.0869785404 3777044.031215 763162.8205131 56.5715844361 -0.1956346918 0.3637878187 3.6697694826 0.6588955322 10.0666560461 -0.0325243883
31312 313441.05 113.8509756771 34.0869875843 3777045.036705 763162.8576159 56.5687953606 -0.1431390544 0.3036556232 3.6143479328 0.6533042308 10.005788098 -0.0911307322
31313 313441.16 113.8509764402 34.0869974694 3777046.135691 763162.897461 56.5704543516 -0.5119047885 0.3413486734 3.52480335 0.6277974373 9.9401176262 0.092363271
31314 313441.27 113.8509771832 34.087007292 3777047.227693 763162.9356425002 56.5660725944 -0.5590865942 0.3752682456 3.4620900731 0.6258442188 9.8909545857 -0.0485390262
31315 313441.38 113.850977905 34.0870170359 3777048.310897 763162.9721021 56.5569789764 -0.4444858773 0.3603108669 3.3904393684 0.5960197218 9.7957598407 -0.0884771178
31316 313441.49 113.8509786047 34.0870267015 3777049.385364 763163.0067745999 56.5498462264 -0.1384754844 0.2827146038 3.296822754 0.5753319047 9.7085435212 -0.0521831928
31317 313441.6 113.8509792773 34.0870362879 3777050.450969 763163.0391870999 56.5479468135 0.0525891349 0.2638900807 3.181000766 0.5556886101 9.6356610449 -0.0056753741
31318 313441.71 113.8509799255 34.0870458047 3777051.50879 763163.0695524 56.5493150298 0.1604335884 0.3268442743 3.0431872697 0.5398469194 9.5745266461 0.0238007097
31319 313441.82 113.850980546 34.0870552615 3777052.559884 763163.0975608 56.5542305997 0.0717631751 0.3649156408 2.8196182281 0.5009393216 9.5142024326 0.049828761
31320 313441.93 113.8509811179 34.0870646584 3777053.6041910006 763163.121257 56.5605300795 -0.0751925915 0.3827800117 2.5126058184 0.4571625799 9.4451527571 0.0521590104
31321 313442.04 113.8509816304 34.0870739733 3777054.639264 763163.1397257 56.5630032644 -0.070582616 0.4388563063 2.1290942156 0.3945830929 9.3519726225 -0.0074251278
31322 313442.15 113.8509820516 34.0870831832 3777055.662433 763163.1500953 56.5617609713 0.0750011112 0.4919804089 1.7071749263 0.3174507173 9.2386144632 -0.0130583708
31323 313442.19 113.8509821844 34.0870865063 3777056.031562 763163.1520566 56.5619110111 0.0771264323 0.4963466784 1.5287341207 0.2922507493 9.2041774406 -0.0010185299
31324 313442.3 113.8509824821 34.0870955645 3777057.037584 763163.1514856998 56.5657857349 0.016118712 0.4643341045 0.9646610976 0.2014179052 9.0789570962 0.0457103916
31325 313442.42 113.85098268 34.087105317 3777058.120397 763163.1395582 56.5727963746 -0.1178123241 0.4880725603 0.2634622198 0.0950452335 8.9639620459 0.0436402938
31326 313442.54 113.8509827423 34.0871149392 3777059.188413 763163.1154988002 56.5760477241 -0.1931567816 0.582111152 359.4696301156 -0.0074603395 8.8379117595 -0.0127539282
31327 313442.64 113.8509826747 34.0871228522 3777060.066399 763163.0847473 56.5764249517 -0.2107598219 0.6006860655 358.7379965802 -0.1198650753 8.7313282276 0.0026286662
