3337 308655.61 113.8412853442 34.0912867565 3777497.214949 762254.8324591998 58.2508261418 0.8740350655 0.4628443252 261.5763391266 -1.6869675702 -0.2475615455 0.0075602324
3338 308656.06 113.8412744306 34.0912854486 3777497.041765 762253.8288479 58.2528095869 0.9121467348 0.4828516074 261.998526498 -2.7879685519 -0.3965153998 0.022485363
3339 308656.38 113.8412634698 34.091284178 3777496.872605 762252.8207594 58.2548846565 0.8765531268 0.4414613369 262.0544713547 -3.5233234675 -0.4957833896 0.0195997554
3340 308656.64 113.8412527008 34.0912829356 3777496.7070660014 762251.830294 58.2608014317 0.7962534091 0.4634549121 262.0373562974 -4.1402727925 -0.5625740475 0.0212627165
3341 308656.87 113.8412416355 34.0912816554 3777496.536578 762250.8125886 58.2629678724 0.7950480438 0.5494873191 261.9078541015 -4.7461133335 -0.6757307303 -0.0217794168
3342 308657.07 113.8412307992 34.0912803674 3777496.365803 762249.8160549 58.2628725702 0.8948564392 0.4644117316 261.6808868366 -5.256161309 -0.7670241631 0.0046988238
3343 308657.26 113.8412195106 34.0912789883 3777496.18376 762248.7780386999 58.2660040101 0.9449320923 0.3991645322 261.4378355539 -5.7140952411 -0.8566205639 0.0068611927
3344 308657.43 113.8412086102 34.0912776186 3777496.00376 762247.7758313002 58.2666417798 1.0389248724 0.4046513376 261.2454523182 -6.1149555069 -0.9338303408 0.0211154592
3345 308657.59 113.8411976934 34.0912762172 3777495.8202019986 762246.7722127 58.2738333205 0.8396232706 0.3523868717 261.0778823642 -6.4776001539 -1.0264188925 0.0487880975
3346 308657.74 113.8411869008 34.0912747942 3777495.634557 762245.7801221998 58.2797512822 0.7675767282 0.2970299453 260.9625454019 -6.8080051108 -1.0790929838 0.0322411118
3347 308657.89 113.8411755927 34.0912733054 3777495.44029 762244.7406499 58.2818434546 0.7477238353 0.3616405315 260.8023653563 -7.1041591643 -1.136740029 0.0026031394
3348 308657.91 113.8411740489 34.0912731 3777495.413531 762244.5987468002 58.2816666048 0.7687262622 0.3593821387 260.7793136624 -7.1419046555 -1.1502503975 -0.0115147105
3349 308658.05 113.8411630134 34.0912716007 3777495.218798 762243.5844683001 58.2819505557 0.8111650827 0.3272369919 260.6573607012 -7.4125931387 -1.2219747832 0.0167674302
3350 308658.19 113.8411515472 34.0912700269 3777495.014694 762242.530656 58.2856749939 0.7087103314 0.3117889882 260.4953347021 -7.6929894187 -1.2853345335 0.0314942139
3351 308658.32 113.8411405238 34.091268485 3777494.815269 762241.5176188 58.2885002988 0.5386006106 0.3409934879 260.3319237661 -7.9497125686 -1.351855525 0.0118165185
3352 308658.45 113.8411291462 34.0912668722 3777494.607062 762240.4721136999 58.2901892085 0.6467045441 0.3735159396 260.1487121444 -8.1982065822 -1.4089225026 -0.0017695201
3353 308658.57 113.8411183387 34.0912653104 3777494.405984 762239.4790755998 58.2862566719 0.9288773894 0.4041768472 259.9689883474 -8.4180786676 -1.4821267134 -0.0414812614
3354 308658.69 113.8411072471 34.0912636753 3777494.196037 762238.4600406998 58.288885978 0.9286181939 0.3953972978 259.7940507295 -8.637793103 -1.5467175873 0.0906550954
3355 308658.81 113.8410958346 34.0912619595 3777493.976316 762237.4116234998 58.3006180432 0.6970849495 0.4068736537 259.6074456146 -8.9081495606 -1.6263645277 0.0893591539
3356 308658.92 113.8410850678 34.0912603164 3777493.766317 762236.422595 58.3052261751 0.6950931311 0.4339849036 259.4403550713 -9.1463114092 -1.6889648032 1.6492e-06
3357 308658.97 113.8410800809 34.0912595457 3777493.667975 762235.9645398002 58.3045571167 0.7201263445 0.4321370429 259.3610672146 -9.2561123689 -1.7279365532 -0.033043053
3358 308659.08 113.8410689047 34.0912577928 3777493.444742 762234.9380511999 58.3017444713 0.7746325893 0.4345810599 259.1857455282 -9.4912609752 -1.805816328 0.0059723317
3359 308659.19 113.8410574661 34.091255978 3777493.213962 762233.887533 58.3053874569 0.6882943426 0.4327260845 258.9918723094 -9.6992871313 -1.8769350823 0.0201685703
3360 308659.3 113.8410457839 34.0912540883 3777492.974242 762232.8147516998 58.3074146919 0.6538267534 0.4380368158 258.7972559213 -9.8970445223 -1.9431506035 0.0064357222
3361 308659.4 113.841034967 34.091252311 3777492.749225 762231.8215120998 58.3069893252 0.5587024805 0.4802334948 258.6068776146 -10.0649758587 -2.0114743823 -0.0024710299
3362 308659.5 113.8410239834 34.0912504768 3777492.517461 762230.8130566998 58.3093258468 0.3956295127 0.6128862818 258.4039028356 -10.2083413828 -2.0725151876 0.0437645367
3363 308659.6 113.8410128448 34.0912485888 3777492.279336 762229.7904664002 58.3101701131 0.3282510092 0.6586798277 258.1895337332 -10.3451420752 -2.1363081873 -0.0272610215
3364 308659.7 113.8410015679 34.0912466321 3777492.033222 762228.7553128 58.3058202872 0.4679755092 0.6744944088 257.9619117916 -10.4619589755 -2.2171963155 -0.0484244261
3365 308659.8 113.8409901702 34.0912446241 3777491.781101 762227.7091606 58.3051084196 0.6204963309 0.7137114577 257.7272350234 -10.568835305 -2.2624719419 0.0655471424
3366 308659.81 113.8409890233 34.0912444205 3777491.755561 762227.6038922 58.3056907738 0.5411792989 0.7355046067 257.6996350897 -10.5876670573 -2.2691384202 0.0762141966
3367 308659.91 113.8409775126 34.0912423369 3777491.49477 762226.547544 58.3092336059 0.5221776871 0.7748059969 257.4815983724 -10.6688825272 -2.3557502265 0.0646577803
3368 308660.01 113.8409659075 34.091240203 3777491.228151 762225.482638 58.3148823716 0.3880872158 0.8778246008 257.2518472925 -10.7459106287 -2.3915510602 0.0479588338
3369 308660.11 113.8409542008 34.0912380226 3777490.956117 762224.4084859998 58.317534917 0.2532116842 0.9039302972 256.9939977687 -10.8320936981 -2.4684213057 0.008159794
3370 308660.2 113.8409435911 34.0912360077 3777490.705256 762223.4351135 58.317763052 0.3166003688 0.9492136443 256.7590192816 -10.9092474946 -2.5180690802 0.0276056715
3371 308660.29 113.8409329182 34.0912339401 3777490.448397 762222.4560675 58.3125652168 0.5006704928 0.9483250282 256.5118081719 -10.9647500508 -2.5949631996 -0.0743033786
3372 308660.38 113.8409221894 34.0912318153 3777490.185042 762221.4720415998 58.3136403784 0.5291193201 0.8938466589 256.2751878953 -11.0082496553 -2.6670424476 0.0474171058
3373 308660.47 113.8409114092 34.0912296369 3777489.915594 762220.4834279 58.3198963208 0.5632024954 0.8411822442 256.0340454323 -11.07588044 -2.7280302583 0.0757257131
3374 308660.56 113.8409005733 34.0912274071 3777489.640317 762219.4898377 58.3251407174 0.6119609064 0.8254287954 255.7948461303 -11.1230550435 -2.7854504389 0.0683967411
3375 308660.65 113.840889687 34.091225135 3777489.360204 762218.4917225002 58.333509692 0.4749844763 0.8050830869 255.5490842073 -11.1789293407 -2.8481338882 0.0882202757
3376 308660.74 113.840878746 34.0912228056 3777489.073594 762217.4887324 58.3388703978 0.3435355884 0.800340985 255.325687585 -11.236280399 -2.9117507621 0.0565516005
3377 308660.83 113.8408677523 34.0912204301 3777488.781745 762216.4810139 58.3428835869 0.2251897964 0.7978244514 255.120080538 -11.290903527 -2.9715567165 0.028523781
3378 308660.92 113.8408567051 34.0912180051 3777488.484246 762215.468517 58.3417103644 0.2644623409 0.7666754237 254.9434231686 -11.3491627637 -3.0280175745 -0.0335457193
3379 308661.01 113.8408456075 34.0912155383 3777488.181996 762214.4514891 58.3386649499 0.3996478206 0.7294182168 254.7784015746 -11.395722897 -3.0778364801 -0.0142860297
3380 308661.1 113.8408344607 34.091213032 3777487.875225 762213.4300412 58.3386072814 0.5686642193 0.7554741942 254.6273348272 -11.4686099671 -3.1204308964 0.0216053403
3381 308661.15 113.8408282431 34.0912116224 3777487.702826 762212.8603249 58.340144108 0.67436653 0.7412837098 254.5524082532 -11.4951152204 -3.144315939 0.0494547904
3382 308661.24 113.8408170104 34.0912090576 3777487.389342 762211.8311291998 58.3477725536 0.6613692507 0.7826992501 254.4034090596 -11.5439766004 -3.1819751372 0.1109946397
3383 308661.33 113.8408057248 34.0912064578 3777487.0718410006 762210.7971531 58.3586924607 0.4189496142 0.8056453163 254.2573855734 -11.6001149972 -3.2318867599 0.1220863367
3384 308661.42 113.8407943827 34.0912038174 3777486.7497 762209.7580903001 58.3664433425 0.2519749514 0.8522723974 254.1319568219 -11.6629978102 -3.2805208316 0.0592560452
3385 308661.51 113.840782983 34.0912011384 3777486.42311 762208.713823 58.3656590693 0.2902949003 0.8214565655 254.0410710259 -11.7161803401 -3.32926449 -0.0311064488
3386 308661.6 113.8407715207 34.0911984242 3777486.092464 762207.66389 58.362040109 0.3788248451 0.7945823816 253.9639935537 -11.7863783157 -3.3664404153 -0.0396683555
3387 308661.69 113.8407600019 34.0911956818 3777485.758536 762206.6088237 58.3618657207 0.422759347 0.7681008701 253.8941481509 -11.8446312262 -3.4043787215 0.0368302821
3388 308661.78 113.8407484259 34.0911929181 3777485.422103 762205.5485463 58.3663840657 0.3366799298 0.815615198 253.8175338278 -11.9009943995 -3.4218126411 0.0383103599
3389 308661.87 113.8407367911 34.0911901299 3777485.082799 762204.4829098 58.370113954 0.2789001333 0.8047749919 253.7400430124 -11.9546009958 -3.459432427 0.0308525692
3390 308661.96 113.8407251001 34.0911873144 3777484.740318 762203.4121699 58.3720585797 0.3153213252 0.9129379217 253.6707832138 -12.0214087943 -3.486780273 -0.0072222558
3391 308662.04 113.84071466 34.091184791 3777484.433471 762202.4560306999 58.3706535632 0.463320015 0.9247017753 253.6217017674 -12.0644032972 -3.5140015315 -0.0094377639
3392 308662.12 113.8407041776 34.0911822467 3777484.124193 762201.4960435 58.372337399 0.4424379458 0.9409731038 253.5629901415 -12.1177925097 -3.5421941012 0.0544217631
3393 308662.2 113.8406936498 34.0911796816 3777483.812499 762200.531932 58.3771149423 0.3834221854 0.9569705428 253.4731988198 -12.1800245219 -3.5794769162 0.0532903742
3394 308662.28 113.8406830703 34.0911770941 3777483.498175 762199.5631167 58.3812508536 0.3608944631 0.9970748287 253.3733222218 -12.2374527121 -3.6104560298 0.043869986
3395 308662.36 113.840672438 34.0911744744 3777483.1801410015 762198.5895235 58.3816188127 0.4581599129 1.0014453938 253.2678287645 -12.2995629838 -3.6637398354 0.0122618536
3396 308662.44 113.8406617558 34.0911718241 3777482.858594 762197.6114156 58.3834543219 0.5040801944 1.0027229433 253.1558337549 -12.360217506 -3.6989520982 0.060021228
3397 308662.52 113.8406510243 34.0911691435 3777482.533547 762196.6288487 58.3881049492 0.340017881 1.0265248739 253.020894343 -12.4036696392 -3.7483693487 0.0621771727
3398 308662.6 113.840640234 34.0911664266 3777482.204329 762195.6409696002 58.3917461969 0.2130865787 1.0525224185 252.8866024377 -12.4862572857 -3.7936870476 0.0154027749
3399 308662.68 113.8406293884 34.0911636736 3777481.870954 762194.6480945 58.3903950742 0.3656483131 1.0464897275 252.7507589426 -12.5432923645 -3.8472852742 -0.0246235258
3400 308662.76 113.8406184885 34.0911608807 3777481.533026 762193.6503254 58.3874055045 0.3439771561 1.0789874699 252.6277495277 -12.6010961167 -3.9056906147 -0.0415087031
3401 308662.84 113.8406075374 34.0911580543 3777481.191237998 762192.6479322 58.3873622948 0.31357544 1.0483276641 252.4896478835 -12.6629027715 -3.945746013 0.0361726701
3402 308662.91 113.8405979188 34.0911555494 3777480.888544 762191.7675805 58.3896221518 0.2692920422 1.052769277 252.3747542136 -12.7060076215 -3.9951439668 0.0259823597
3403 308662.99 113.8405868805 34.0911526557 3777480.539068 762190.7573417 58.3912215754 0.2414587118 1.0621089194 252.2263637708 -12.763229211 -4.0416457009 0.0074172235
3404 308663.07 113.8405758046 34.0911497226 3777480.185125 762189.7437589002 58.3894502791 0.4832800382 1.0207185509 252.0898147074 -12.7981943401 -4.0938365618 -0.018625048
3405 308663.15 113.8405646927 34.0911467527 3777479.8269940014 762188.7269666998 58.3904687511 0.595548033 1.0459594814 251.9439012588 -12.8439368141 -4.1369703787 0.0464855792
3406 308663.23 113.8405535533 34.0911437498 3777479.465139 762187.7077345 58.3963005319 0.5524339987 1.033318728 251.7886531615 -12.8707661717 -4.18770539 0.113658299
3407 308663.31 113.8405423871 34.0911407149 3777479.099662 762186.6861250999 58.4064261252 0.3031740324 1.0875122438 251.6251789959 -12.9022378235 -4.2254931333 0.1326005972
3408 308663.39 113.8405311922 34.0911376439 3777478.73011 762185.6619793 58.4118219996 0.1190473179 1.0982660117 251.4649680342 -12.9332214266 -4.2848192252 0.0160940985
3409 308663.47 113.8405199713 34.0911345347 3777478.356249 762184.6355511 58.4094476113 0.1816123982 1.1021375428 251.3204050391 -12.9637039683 -4.3346540399 -0.0572229687
3410 308663.55 113.840508729 34.091131392 3777477.978606 762183.6072526 58.4047854021 0.3399771672 1.0697821853 251.1821289207 -12.9857708011 -4.3831934423 -0.0471833483
3411 308663.62 113.8404988788 34.0911286146 3777477.645089 762182.7063574998 58.4028402716 0.3716361593 0.9920206839 251.0615138792 -12.9947230383 -4.4193389285 0.0146939271
3412 308663.7 113.8404876106 34.0911254096 3777477.260476 762181.6758516 58.4066924453 0.2660591883 0.9060184548 250.9270986007 -13.0076085905 -4.4635286374 0.0826143173
3413 308663.78 113.8404763268 34.0911221732 3777476.87234 762180.6440087 58.4110957133 0.2563515588 0.8790440497 250.8076021134 -13.0304232884 -4.5014502293 0.0383710391
3414 308663.86 113.8404650255 34.0911189136 3777476.481581 762179.6106194 58.4126609247 0.3591672574 0.818994935 250.6905109983 -13.0418832635 -4.5363275923 0.0120393111
3415 308663.94 113.8404537251 34.0911156359 3777476.088807 762178.5773733002 58.4160487521 0.3966160095 0.8010711867 250.5757050526 -13.0400055996 -4.5527116839 0.0794274999
3416 308664.02 113.8404424242 34.0911123417 3777475.69421 762177.5441279 58.4232547125 0.1649010431 0.8797562043 250.4518237594 -13.0417417074 -4.5825626296 0.0783236452
3417 308664.1 113.8404311366 34.0911090254 3777475.297194 762176.512183 58.4292793432 -0.1123855418 0.8860962931 250.3252574809 -13.0191673197 -4.6061799415 0.0511997587
3418 308664.18 113.8404198637 34.0911056859 3777474.897645 762175.4816549 58.4282287108 -0.1142948897 0.9120792071 250.2074422228 -12.9999165474 -4.6375160686 -0.0556879426
3419 308664.26 113.840408618 34.0911023338 3777474.496758 762174.4536869002 58.4223087039 -0.0302917568 0.9500224484 250.0747500474 -12.9518303219 -4.6421914664 -0.066333383
3420 308664.34 113.8403974385 34.0910989786 3777474.095709 762173.4318435 58.4190256037 0.0141642573 0.9392801893 249.9201777695 -12.8536846026 -4.6488204735 0.0001735552
3421 308664.42 113.8403863535 34.0910956208 3777473.694601998 762172.4187258 58.4205693593 -0.0822473097 0.9717827087 249.7565423019 -12.7337272024 -4.6424671722 0.0411427563
3422 308664.5 113.840375371 34.091092267 3777473.294214 762171.4150611998 58.4240396023 -0.185038303 1.0104145451 249.5825124041 -12.6172273504 -4.6389852082 0.0378523577
3423 308664.58 113.8403645004 34.0910889162 3777472.894441 762170.421723 58.4245654857 -0.1953941278 1.0168592409 249.4055822574 -12.4825126095 -4.6391703475 0.00617416
3424 308664.66 113.8403537494 34.091085571 3777472.4955940014 762169.4394076 58.4250905756 -0.2599049509 1.0494206666 249.2312936338 -12.331034246 -4.618185733 0.0036710995
3425 308664.74 113.8403431216 34.0910822341 3777472.097986 762168.46844 58.4242393896 -0.404065435 1.0446546623 249.0502415615 -12.1963022517 -4.6184266626 -0.0352606071
3426 308664.82 113.8403326344 34.0910789051 3777471.701614 762167.5104297 58.4233557144 -0.5404084035 1.0084900773 248.8732611775 -12.0244582588 -4.5956392507 0.0019871884
3427 308664.9 113.8403222876 34.0910755869 3777471.3068019985 762166.565355 58.4178918758 -0.545491382 1.0076037115 248.6901537648 -11.8589063455 -4.5917194597 -0.1050936272
3428 308664.98 113.8403120881 34.0910722847 3777470.914147 762165.6338238001 58.4114146512 -0.4292716975 0.984144766 248.504943636 -11.6872043141 -4.557651991 -0.0727107052
3429 308665.07 113.8403007938 34.0910685921 3777470.475358 762164.6024146 58.4038001169 -0.2122439781 0.9398739854 248.2874948992 -11.4771030249 -4.5313263889 -0.0561875
3430 308665.1 113.8402970731 34.0910673683 3777470.329989 762164.2626568001 58.4031588193 -0.2001070367 0.9682536384 248.2159033502 -11.4105467035 -4.5082993752 0.0060445976
3431 308665.19 113.8402860489 34.0910637128 3777469.896007 762163.2560773002 58.4029053086 -0.0741175223 0.9350633168 248.0032409477 -11.1790289804 -4.4776335361 0.0133887643
3432 308665.28 113.8402752343 34.0910600864 3777469.465796 762162.2687554 58.4059867915 -0.2857239407 0.9118289937 247.8138920147 -10.96879943 -4.4471256966 0.0185441665
3433 308665.37 113.8402646389 34.0910564954 3777469.040076 762161.3015651 58.4119100785 -0.6119069384 0.8525030443 247.6575314128 -10.7548043394 -4.395889886 0.1158364805
3434 308665.46 113.8402542595 34.0910529477 3777468.61971 762160.3541821 58.4134693276 -0.9606828978 0.7694509376 247.5184315321 -10.5377702784 -4.3436552728 -0.0268269282
3435 308665.55 113.8402440911 34.0910494437 3777468.204738 762159.4261525 58.4051551958 -1.0804580524 0.7081777123 247.3910396115 -10.3010788607 -4.2769683085 -0.1143651725
3436 308665.65 113.8402330423 34.0910456152 3777467.751491002 762158.4178294 58.3885472715 -0.8521894411 0.6187141724 247.2564589603 -10.067946634 -4.2010889863 -0.1999784137
3437 308665.75 113.8402222643 34.0910418548 3777467.3065019986 762157.4342978002 58.3707741182 -0.3079891363 0.5819160121 247.1430728929 -9.818974867 -4.1182171613 -0.1289507177
3438 308665.85 113.8402117661 34.0910381823 3777466.871991 762156.476333 58.3626202066 0.1193363898 0.5796316066 247.0241184242 -9.5598857559 -4.0138655588 -0.0201916017
3439 308665.89 113.8402076459 34.091036734 3777466.700688 762156.1003853001 58.3633540878 0.1100991913 0.5595728081 246.9776949408 -9.4465193307 -3.9969970991 0.022564624
3440 308665.99 113.8401975511 34.0910331584 3777466.277954 762155.1793614002 58.371529879 -0.1126287789 0.5818416952 246.8801704617 -9.1805400276 -3.9081222483 0.0793861756
3441 308666.1 113.8401867826 34.0910293325 3777465.825724 762154.1969202 58.3827846116 -0.5295942286 0.5346624018 246.7562710181 -8.8875697705 -3.810607814 0.0975306987
3442 308666.21 113.8401763642 34.091025593 3777465.383975 762153.2465232 58.3868325539 -0.7922534838 0.5270755031 246.6638834158 -8.6065702375 -3.7090621757 -0.0112722385
3443 308666.32 113.8401662667 34.0910219661 3777464.955541 762152.3254152 58.3787224013 -0.7158091461 0.5031112719 246.5403611611 -8.3376284061 -3.6049064588 -0.101451516
3444 308666.44 113.8401556253 34.091018118 3777464.501169998 762151.3547674 58.3665553089 -0.5113495436 0.5888573389 246.3822102156 -8.045962173 -3.4931926729 -0.0770171545
3445 308666.56 113.8401453599 34.0910143881 3777464.060889 762150.418475 58.3621753445 -0.4751336761 0.6258479781 246.1772758386 -7.7499519908 -3.3977580451 -0.0091398138
3446 308666.68 113.8401354509 34.0910107375 3777463.630309 762149.5148397 58.3605295504 -0.4363229012 0.6112964788 246.0086672225 -7.5133461928 -3.3382079236 -0.0226258046
3447 308666.81 113.8401250204 34.0910068598 3777463.173203 762148.5637576998 58.3545853188 -0.2502227281 0.5308500436 245.8320167827 -7.3028982222 -3.2684862728 -0.0409697377
3448 308666.94 113.8401148846 34.0910030624 3777462.72575 762147.639642 58.3514955789 -0.1095252109 0.5296954651 245.6434431918 -7.1002633675 -3.1983388897 -0.0046935287
3449 308667.02 113.8401087894 34.0910007646 3777462.4551019985 762147.0839626 58.3520661062 -0.1222063284 0.5201404024 245.5100744711 -6.9730703541 -3.1575445722 0.0105274879
3450 308667.16 113.8400983922 34.0909968062 3777461.989118 762146.1362012 58.3537964467 -0.1610011043 0.5038311333 245.2600269107 -6.7375923046 -3.0862401215 0.0072886938
3451 308667.3 113.8400883008 34.0909929303 3777461.533065 762145.2164176998 58.3551662294 -0.1843370573 0.440799199 245.0178978983 -6.5605668814 -3.0509900265 -0.0018500791
3452 308667.44 113.8400784762 34.0909891003 3777461.082808 762144.3211325 58.35414558 -0.1595107998 0.3656715307 244.8593555126 -6.3768937685 -2.9966501296 0.0070468402
3453 308667.59 113.8400682924 34.0909851156 3777460.614447 762143.3931556 58.356054971 -0.2181689391 0.383850745 244.7028259922 -6.1419803677 -2.8901695635 -4.12926e-05
3454 308667.75 113.8400578888 34.0909810153 3777460.1327059986 762142.4452489 58.3541427301 -0.1894596894 0.4397068732 244.591761422 -5.8514142164 -2.7790459345 -0.021209488
3455 308667.91 113.8400480161 34.0909771024 3777459.673108 762141.5457774 58.3547384357 -0.3621427337 0.4582291294 244.4741728435 -5.5223267382 -2.6370181655 0.0160545675
3456 308668.08 113.8400381994 34.0909731852 3777459.213187 762140.6514868 58.3581019491 -0.4704041861 0.4027692453 244.3658672835 -5.1236192918 -2.4615767879 0.0233847725
3457 308668.27 113.8400281089 34.0909691342 3777458.737713 762139.7323319 58.3534757579 -0.3805511831 0.3864089122 244.220725413 -4.666806486 -2.2565834382 -0.0382757912
3458 308668.48 113.8400180563 34.0909650728 3777458.261186 762138.8167043 58.3508466678 -0.3993852832 0.3782637238 244.0974775571 -4.1545530003 -2.0179528587 0.0092516539
3459 308668.49 113.8400176068 34.0909648909 3777458.239843 762138.7757639 58.3508609524 -0.4089686541 0.3686152576 244.0903359368 -4.1307192146 -2.0071251204 0.0047853696
3460 308668.73 113.8400076541 34.0909608203 3777457.762551 762137.8693910999 58.3491316996 -0.4039401384 0.2512412829 243.9508719497 -3.5171296709 -1.7362836854 -0.003399985
3461 308669.02 113.839997702 34.0909567365 3777457.283799 762136.9631136998 58.3481567437 -0.4477622027 0.247185703 243.7940233146 -2.8007707568 -1.381306171 -0.011265666
3462 308669.41 113.8399878241 34.0909526596 3777456.805997 762136.0636665998 58.3444311591 -0.3522000597 0.2804114892 243.6334936741 -1.8613188755 -0.9397757998 0.0059605991
