31421 313454.72 113.8503688288 34.0876038634 3777111.865894 763104.9159173998 56.39975126 0.0803820067 0.399936917 266.9160675241 -7.5269047798 -0.3874284182 0.0107492538
31422 313454.86 113.8503572925 34.0876033713 3777111.781548002 763103.8522474 56.4002769226 -0.0349560409 0.436906186 267.1152143369 -7.6885751358 -0.3728164706 -0.0211619276
31423 313454.99 113.8503463683 34.0876029361 3777111.705108 763102.8449193 56.3921257509 0.1427256358 0.4507517107 267.3220890564 -7.8308701081 -0.3509839134 -0.0918291006
31424 313455.12 113.850335247 34.0876025327 3777111.631684 763101.8192935 56.3854227671 0.153178333 0.5006657259 267.5144262627 -7.9737423032 -0.3225160526 -0.0177448631
31425 313455.25 113.8503239242 34.087602149 3777111.559924 763100.7749988001 56.3855945002 0.045144691 0.4692647638 267.7502702372 -8.1191392227 -0.3154535062 0.0024936172
31426 313455.38 113.8503123956 34.0876017934 3777111.490767 763099.7116224 56.3810391296 0.1091878239 0.4828461593 268.004646125 -8.2648388733 -0.2749092452 -0.0719409028
31427 313455.5 113.8503015705 34.0876015032 3777111.43066 763098.7129882 56.373947016 0.2127132746 0.4618577846 268.2486254729 -8.3969169215 -0.250765392 -0.0391182575
31428 313455.62 113.8502905729 34.0876012484 3777111.374051 763097.6983247 56.3729825364 0.1508059727 0.4674596203 268.4775318472 -8.5330844465 -0.2155666041 0.0029462802
31429 313455.74 113.8502793999 34.0876010303 3777111.321058 763096.6673521998 56.3730594497 0.0458143213 0.5165318654 268.6971059856 -8.6677103964 -0.1816227805 -0.0224108263
31430 313455.86 113.850268053 34.0876008425 3777111.270985 763095.6202284 56.3675508956 0.0899891582 0.5651797605 268.903183722 -8.7994326827 -0.1507178019 -0.0454824141
31431 313455.98 113.8502565419 34.0876006881 3777111.224187 763094.5578413 56.3633239567 0.0650599111 0.5988648994 269.0443657604 -8.9244880877 -0.1286254773 -0.0227623933
31432 313456.1 113.8502448775 34.0876005503 3777111.178847 763093.4812444998 56.3597556688 0.0789439453 0.5977059955 269.1766755057 -9.033298422 -0.1115903058 -0.0136954854
31433 313456.2 113.8502350375 34.0876004525 3777111.142634 763092.5729816 56.3563557267 0.0549289437 0.5754282442 269.2846042255 -9.1396359062 -0.1025912912 -0.034191105
31434 313456.31 113.8502240841 34.0876003573 3777111.103857 763091.561903 56.3514637789 0.0826906024 0.5128433375 269.4145324212 -9.2564528424 -0.0881348418 -0.0229767771
31435 313456.42 113.8502129989 34.087600284 3777111.067151 763090.5385891 56.3477204302 0.1160302353 0.5909807053 269.5305505382 -9.3643421566 -0.0507589124 -0.0423989937
31436 313456.53 113.8502017834 34.0876002326 3777111.032553 763089.5031792 56.3429232631 0.2246569726 0.6048846787 269.6609721389 -9.4750723996 -0.0434789633 -0.0315826205
31437 313456.64 113.8501904427 34.0876001974 3777110.999432 763088.4561493 56.3403819827 0.2832754373 0.6087556118 269.758051251 -9.5733111642 -0.0230280713 0.0014256955
31438 313456.75 113.8501789792 34.0876001788 3777110.967833 763087.3977398 56.3401154885 0.2305885427 0.6178351805 269.8376829379 -9.6763540631 -0.0071781068 0.016408633
31439 313456.86 113.8501673969 34.0876001736 3777110.937418 763086.3283163002 56.3414684012 0.1224987007 0.6745223538 269.8890022585 -9.7774521564 0.0050244661 0.0022391715
31440 313456.97 113.8501556857 34.087600173 3777110.907178 763085.24697 56.3389289472 0.2017177667 0.6619587098 269.927319271 -9.8876061468 0.0015954475 -0.0457163109
31441 313457.08 113.8501438488 34.0876001753 3777110.876934 763084.1540127 56.334155879 0.3033380629 0.6065680435 269.9615657166 -9.9883034005 0.0042315255 -0.0230811316
31442 313457.18 113.8501329855 34.0876001786 3777110.849306 763083.1509567 56.3342667082 0.1908829984 0.6169360172 269.9853560135 -10.0799247768 0.0094261264 0.0399719821
31443 313457.28 113.8501220206 34.0876001933 3777110.8226910015 763082.1384695 56.3362445058 0.1031159777 0.6068054275 269.9897502396 -10.1804812215 0.0205901664 0.0208848149
31444 313457.38 113.8501109453 34.0876002089 3777110.795893 763081.1158009 56.3327551326 0.0983238088 0.6458212264 269.9916738464 -10.2820352276 0.0161724047 -0.0694473673
31445 313457.48 113.8500997612 34.0876002247 3777110.768824 763080.0830777 56.3264245316 0.1334878218 0.6818106294 269.9796820078 -10.3811028136 0.021802268 -0.0381189843
31446 313457.58 113.8500884703 34.0876002392 3777110.741354 763079.0404909 56.32504916 0.0754283515 0.705578835 269.9691569394 -10.4810383589 0.0072393853 0.0132085009
31447 313457.68 113.8500770691 34.0876002475 3777110.712897 763077.9877484002 56.3235296747 0.0490638726 0.7187626131 269.9688610234 -10.5823505832 0.0149285534 -0.0294802337
31448 313457.78 113.8500655588 34.087600258 3777110.684411 763076.9249203 56.3183536613 0.1022124463 0.7393122967 269.9536917676 -10.6813391188 0.0111381617 -0.0612156823
31449 313457.88 113.8500539412 34.087600265 3777110.655256 763075.8521979002 56.3134584231 0.1124609109 0.7411018821 269.949077087 -10.7807855537 0.0081529059 -0.0362240908
31450 313457.98 113.8500422172 34.0876002717 3777110.625792 763074.7696529998 56.310727044 0.1337113028 0.748016085 269.9326872984 -10.8811041962 0.0091511147 -0.0232147001
31451 313458.08 113.8500303877 34.0876002808 3777110.596325 763073.6773655 56.3077113461 0.1435768562 0.7790496485 269.9414426302 -10.9779090468 0.0126772 -0.0328162977
31452 313458.18 113.8500184501 34.0876002919 3777110.566801 763072.5750806999 56.3043786334 0.2421228861 0.7654205999 269.9322190785 -11.070276191 0.0014951411 -0.017043
31453 313458.28 113.8500064217 34.0876003001 3777110.536728 763071.4644221 56.3031006837 0.3069553015 0.7778857919 269.930251298 -11.1503276936 0.0028308681 -0.0157209949
31454 313458.37 113.849995515 34.0876003072 3777110.509421 763070.457344 56.3028557701 0.398657618 0.7519513163 269.9168809239 -11.2272403871 0.0027358618 0.0221095349
31455 313458.46 113.8499845397 34.0876003096 3777110.4814019985 763069.4439447 56.3056845469 0.3448643589 0.7499543167 269.9025244268 -11.2956723113 -0.0087707609 0.0452313795
31456 313458.55 113.8499734937 34.0876003134 3777110.453367 763068.4240094 56.309579188 0.2069507393 0.7608783896 269.8699963762 -11.3715931022 -0.0032509025 0.021048468
31457 313458.64 113.8499623732 34.0876003106 3777110.424407 763067.397218 56.3104640115 0.2266606762 0.739712325 269.846666065 -11.4424338479 -0.0146823616 0.0047213569
31458 313458.73 113.8499511873 34.0876003018 3777110.394614 763066.3643974 56.3101544799 0.2520487895 0.7333456606 269.8232217012 -11.5096932573 -0.0251126442 -0.017007541
31459 313458.82 113.8499399314 34.0876002897 3777110.364274 763065.3251362 56.3086929461 0.3210135453 0.7168623775 269.8015165119 -11.5857654064 -0.0214308135 -0.0086804101
31460 313458.91 113.8499286143 34.0876002706 3777110.332997 763064.2802363002 56.3106541838 0.2709376002 0.6711113518 269.7798935536 -11.6468640986 -0.0357760888 0.040805329
31461 313459.0 113.8499172323 34.0876002511 3777110.301513 763063.2293508998 56.3128687274 0.1988744079 0.6937460918 269.7664448277 -11.7121621542 -0.0279351975 0.0260545386
31462 313459.09 113.8499057882 34.087600226 3777110.269251 763062.1727489 56.3139566537 0.2143827507 0.6492408418 269.7779353386 -11.7798625836 -0.0328984983 -0.000704557
31463 313459.18 113.8498942813 34.0876002027 3777110.237015 763061.1103460002 56.3132274784 0.226091624 0.6747213978 269.7787359441 -11.843246488 -0.0316996796 0.0225151601
31464 313459.27 113.8498827109 34.0876001821 3777110.2049300014 763060.0420694002 56.3144807666 0.1327086072 0.6886812206 269.7803865888 -11.904888517 -0.0243988452 0.01566286
31465 313459.36 113.8498710694 34.0876001634 3777110.172856 763058.9672178002 56.313570193 0.0768640747 0.714668634 269.779394241 -11.9789598797 -0.0356548623 -0.026502313
31466 313459.45 113.8498593625 34.0876001425 3777110.1403769986 763057.8863316998 56.310104223 0.0732670032 0.7592832282 269.7877904591 -12.0521906746 -0.0272532285 -0.0509227768
31467 313459.54 113.8498475901 34.087600127 3777110.108333 763056.7993948002 56.3065461824 0.0605814493 0.8070411507 269.7844674581 -12.1155113977 -0.022237941 -0.0327930532
31468 313459.63 113.8498357532 34.0876001095 3777110.075897 763055.7064984002 56.3043863121 -0.0121234396 0.8673398084 269.7888956503 -12.1849715081 -0.0226997804 -0.0417546418
31469 313459.72 113.8498238503 34.0876000942 3777110.0435379986 763054.6075029002 56.3003275013 0.1126172889 0.9235993299 269.7764940377 -12.2524171202 -0.024904896 -0.0434160524
31470 313459.81 113.8498118831 34.0876000769 3777110.010794 763053.5025751998 56.2952429838 0.2407621933 0.955360319 269.7487284007 -12.3151605881 -0.0266149938 -0.0493567278
31471 313459.9 113.8497998573 34.0876000546 3777109.97733 763052.3922529998 56.2952416362 0.2689004026 0.9743089295 269.7096074315 -12.3699743971 -0.0409095755 0.0419007364
31472 313459.99 113.8497877699 34.0876000202 3777109.942377 763051.276281 56.2983521372 0.220841648 0.9407809309 269.6852451775 -12.4343306702 -0.0555298071 0.0221617466
31473 313460.08 113.8497756213 34.0875999803 3777109.906656 763050.1546757 56.2984827869 0.2335600585 0.9025860452 269.6741998441 -12.4986704094 -0.0554714205 -0.008205692
31474 313460.16 113.8497647739 34.0875999456 3777109.87486 763049.1531923 56.2979513975 0.3049013346 0.8716929048 269.655668212 -12.5435935578 -0.0614381273 -0.0138718191
31475 313460.24 113.8497538774 34.0875999076 3777109.842579 763048.1471974 56.2989101009 0.2439659974 0.8430976054 269.6301789348 -12.608952306 -0.0662643112 0.0297556573
31476 313460.32 113.8497429364 34.0875998649 3777109.809654 763047.1370988 56.3008512063 0.2751274616 0.845613919 269.6193595826 -12.6532077523 -0.0687246983 0.0370962878
31477 313460.4 113.8497319464 34.0875998248 3777109.77689 763046.1224737 56.3024658477 0.1938422202 0.8776112981 269.6015167995 -12.7116725503 -0.0659857872 0.0079012877
31478 313460.48 113.8497209078 34.0875997812 3777109.743616998 763045.1033646 56.3030081904 0.2487466524 0.8680892777 269.594272627 -12.7726680107 -0.0737541138 0.0077256703
31479 313460.56 113.8497098248 34.0875997378 3777109.710247 763044.0801596 56.3037721179 0.1706523068 0.8753736412 269.577897291 -12.8186027436 -0.0680061083 0.0277728649
31480 313460.64 113.8496986938 34.0875996915 3777109.676435 763043.0525346998 56.3053675936 -0.0184193891 0.9007261248 269.5662529439 -12.8778126903 -0.0790345839 0.0125623256
31481 313460.72 113.8496875149 34.0875996402 3777109.641951 763042.0205001 56.3035042128 -0.1308567444 0.9037817021 269.5592709432 -12.935307034 -0.0824726474 -0.0364691793
31482 313460.8 113.8496762872 34.0875995862 3777109.607031 763040.9839656998 56.2985503301 -0.1929473733 0.8321462921 269.5601232651 -12.9928028373 -0.0914411336 -0.0817185368
31483 313460.88 113.8496650059 34.0875995242 3777109.571089 763039.9425098002 56.2881173156 -0.0219336139 0.7595414077 269.5743900517 -13.0521627422 -0.0905660912 -0.1293813997
31484 313460.96 113.8496536768 34.0875994643 3777109.535258 763038.8966404998 56.2791843954 0.2412005761 0.7077354688 269.5808559365 -13.1025555958 -0.0889710965 -0.0617121877
31485 313461.04 113.8496423051 34.0875994068 3777109.499589 763037.8468198002 56.27922842 0.2068464028 0.6811923552 269.5944670229 -13.1486868412 -0.0820029232 0.069729447
31486 313461.12 113.8496308845 34.0875993537 3777109.464274 763036.7924755998 56.2821453419 0.2266255274 0.6812520574 269.5954634264 -13.2005716074 -0.0735928143 0.0437340322
31487 313461.2 113.8496194185 34.0875993039 3777109.429218 763035.7339243002 56.285253509 0.0901405045 0.7460901355 269.6028284752 -13.2582120533 -0.0732945216 0.0232826497
31488 313461.28 113.849607908 34.0875992555 3777109.394198002 763034.6712680998 56.2853245074 0.1694760643 0.8099453481 269.6152971937 -13.3085875762 -0.074055768 -0.0197442909
31489 313461.36 113.8495963513 34.0875992123 3777109.359634 763033.6043181 56.2831397867 0.1844732258 0.8880542608 269.6228346667 -13.3625777409 -0.0634737038 -0.0329380476
31490 313461.44 113.8495847529 34.0875991732 3777109.325411 763032.5335159 56.281096139 0.3057680331 0.9470705795 269.6230446443 -13.4088883378 -0.0632187744 -0.0044122057
31491 313461.52 113.849573113 34.0875991331 3777109.290984 763031.4588823002 56.280421475 0.4126323368 1.0463095865 269.6162886621 -13.4545524291 -0.0619990006 0.013453069
31492 313461.6 113.8495614331 34.0875990956 3777109.256739 763030.3805425002 56.2846436426 0.2853126579 1.0717645415 269.5854203711 -13.5081687712 -0.0610814135 0.0694044098
31493 313461.68 113.8495497188 34.0875990476 3777109.2212269986 763029.2990649998 56.2936553415 -0.2274013457 1.0320501667 269.5646060706 -13.5462476079 -0.081103532 0.1136641072
31494 313461.76 113.8495379603 34.0875989862 3777109.184132 763028.2135435998 56.292691838 -0.2923191925 0.9090167088 269.5529582276 -13.5975832392 -0.1021697676 -0.1021483056
31495 313461.84 113.8495261544 34.0875989136 3777109.145665 763027.1236791 56.2820972279 -0.3943355334 0.7600282215 269.5490873247 -13.6509507721 -0.1193452982 -0.1835239366
31496 313461.92 113.8495143103 34.0875988328 3777109.106185 763026.0303143002 56.2650965434 0.0863856 0.546004957 269.5546227413 -13.6921948987 -0.1231505554 -0.1865310962
31497 313462.0 113.8495024293 34.0875987539 3777109.066827 763024.9335383 56.2560228612 0.295316279 0.5024114149 269.5385131474 -13.7275327361 -0.114708765 -0.0300095877
31498 313462.08 113.8494905154 34.0875986836 3777109.028344 763023.8336960998 56.2591981152 0.2210864152 0.5829196462 269.5043509405 -13.7675185967 -0.0973054749 0.1062268785
31499 313462.16 113.8494785704 34.0875986168 3777108.990155 763022.730971 56.2652758258 0.3063151296 0.6892157194 269.4704900685 -13.7924016035 -0.1006362919 0.0595255895
31500 313462.24 113.8494665891 34.0875985528 3777108.952195 763021.624886 56.2707636384 0.1410290183 0.8055561567 269.4246230867 -13.8512964458 -0.092492728 0.054059098
31501 313462.32 113.8494545812 34.0875984778 3777108.912937 763020.5163868 56.271935354 0.1200067529 0.9058810397 269.3966715838 -13.8658244394 -0.1108312167 0.003191782
31502 313462.4 113.8494425372 34.0875983952 3777108.872751 763019.4045714 56.2703191061 0.1276540976 0.9510706919 269.3802119913 -13.9192562225 -0.1236579042 -0.0205033437
31503 313462.48 113.8494304611 34.0875982989 3777108.830957 763018.2898293 56.26527825 0.1458706169 0.907287541 269.3906088296 -13.9531102759 -0.1445198705 -0.0471784381
31504 313462.56 113.8494183595 34.0875982016 3777108.788989 763017.1727413 56.2622805843 0.4783140845 0.7841107462 269.3896979516 -13.9739369367 -0.1323618634 -0.0178343286
31505 313462.64 113.8494062284 34.0875981091 3777108.747475 763016.0529129001 56.26653089 0.420650133 0.7651098135 269.3655262799 -14.0047575545 -0.1330542767 0.1257294945
31506 313462.72 113.849394071 34.0875980157 3777108.705804 763014.9306588002 56.2754074037 0.3476667949 0.8001923065 269.3359794254 -14.0520769372 -0.1274455837 0.1609709778
31507 313462.8 113.8493818898 34.0875979228 3777108.664114 763013.8062097 56.2843907159 0.160182775 0.8285373315 269.2992276043 -14.0619471251 -0.1359486277 0.0728023138
31508 313462.88 113.8493696711 34.0875978232 3777108.621594 763012.6783170998 56.2863291316 0.2311875585 0.8862018035 269.2684984302 -14.1157862643 -0.1441478981 0.0339401824
31509 313462.96 113.8493574228 34.0875977146 3777108.57799 763011.5477206998 56.2844978683 0.073941071 0.9670833081 269.2534765281 -14.1388349652 -0.159959402 -0.033389678
31510 313463.04 113.8493451456 34.0875975987 3777108.5335019985 763010.4144687 56.2816726789 0.0708713382 0.9637335004 269.2510304814 -14.1806860807 -0.1540289244 0.0029600161
31511 313463.12 113.8493328323 34.087597485 3777108.489178 763009.2778898 56.27772462 0.064315564 0.9559262993 269.2389599122 -14.2113899236 -0.1645258013 -0.0597008971
31512 313463.2 113.8493204864 34.0875973717 3777108.444803 763008.1382894 56.2742871633 -0.1954130941 1.0645836611 269.2277920739 -14.2555160786 -0.1602079145 -0.003593777
31513 313463.28 113.849308114 34.0875972572 3777108.40023 763006.9962531 56.2698560776 -0.0409440333 1.02370114 269.2249662748 -14.2785344397 -0.1695756451 -0.0341130672
31514 313463.35 113.8492972612 34.0875971557 3777108.361015 763005.9944776 56.2663686527 -0.0426599037 1.0658737264 269.2159128419 -14.3219425913 -0.1638342958 -0.0518774876
31515 313463.42 113.8492863866 34.0875970503 3777108.3213059986 763004.9907155 56.2628521295 0.1832434444 0.9886334654 269.2225452815 -14.3439081795 -0.1800038639 -0.0110332215
31516 313463.49 113.8492754919 34.0875969404 3777108.281044 763003.9851051 56.262252748 0.265031472 0.971720004 269.2321941685 -14.3723392124 -0.1838554885 0.028953472
31517 313463.56 113.8492645794 34.0875968328 3777108.240997 763002.9778419002 56.266191761 0.2520261621 0.9408815731 269.2411522213 -14.3955394302 -0.1828741901 0.0663986226
31518 313463.63 113.8492536488 34.0875967273 3777108.201141 763001.9688981 56.2720565228 0.1945899379 0.8872487071 269.2416845633 -14.420588337 -0.1760501961 0.0677233706
31519 313463.7 113.8492426946 34.0875966255 3777108.1616300014 763000.9577643 56.2746488796 0.1592214787 0.9126953535 269.2296086271 -14.4518630731 -0.1686204017 -0.0012549854
31520 313463.77 113.8492317217 34.0875965256 3777108.122275 762999.944902 56.2754592663 0.1557437647 0.9563908122 269.2240265757 -14.4770766434 -0.1696862648 0.0255762243
31521 313463.84 113.8492207273 34.0875964254 3777108.082849 762998.9300591998 56.2757543363 0.0853616068 0.9663623378 269.2227623015 -14.5089871081 -0.1683422709 0.0051443983
31522 313463.91 113.8492097132 34.0875963198 3777108.042758 762997.9134051 56.2751635024 0.0697993331 0.9869083354 269.2420166427 -14.5269335767 -0.1788450196 -0.0024533224
31523 313463.98 113.8491986765 34.0875962172 3777108.002939 762996.8946588 56.274145416 -0.0004536695 0.9816802576 269.2575438705 -14.5643304388 -0.1717509965 -0.0246661411
31524 313464.05 113.8491876209 34.0875961137 3777107.962984 762995.8741748 56.2727133725 0.0969649749 0.8975908235 269.2796962182 -14.5825804575 -0.1720242496 -0.0259999748
31525 313464.12 113.849176543 34.0875960104 3777107.922994 762994.8516229 56.2707934901 0.088945122 0.867509398 269.2930792469 -14.624304805 -0.1671252901 0.0059073593
31526 313464.19 113.8491654462 34.0875959082 3777107.883067 762993.8273303 56.2693330646 0.1130888458 0.8348147384 269.309606437 -14.6417985826 -0.1700153537 -0.0079249526
31527 313464.26 113.8491543327 34.0875958086 3777107.843395 762992.8014851 56.2701687738 0.1901462343 0.7988258598 269.3258564267 -14.6641438405 -0.1588940487 0.0417531083
31528 313464.33 113.849143197 34.0875957151 3777107.804335 762991.7735671998 56.2720575798 0.1117803265 0.793374906 269.3346883175 -14.6950758567 -0.1515916921 0.0423288829
31529 313464.4 113.8491320434 34.0875956231 3777107.765397 762990.7439973 56.2728321562 0.145380732 0.7758517436 269.3464390245 -14.7155517635 -0.1490937012 0.0101069255
31530 313464.47 113.8491208677 34.0875955329 3777107.7266089986 762989.7123819998 56.2726759911 0.1377067317 0.79197282 269.3636913368 -14.7505439859 -0.1468148592 -0.0081981291
31531 313464.54 113.8491096748 34.0875954451 3777107.688037 762988.6791661 56.2728456901 0.118399937 0.7837454835 269.3879776194 -14.7680337062 -0.1442852119 0.0029274338
31532 313464.61 113.8490984607 34.0875953614 3777107.64986 762987.6439806998 56.2734427145 0.0676296461 0.7549701001 269.4072433086 -14.7956129809 -0.1376911551 0.0201868886
31533 313464.68 113.8490872288 34.0875952785 3777107.611742 762986.6071463 56.2734251851 0.0023044071 0.7242913038 269.4283832646 -14.8252065058 -0.13890978 0.0076703539
31534 313464.75 113.8490759774 34.0875951994 3777107.573982 762985.5685044002 56.2716488307 -0.0106626231 0.7408869514 269.450083711 -14.8476713104 -0.1266776656 -0.0320704485
31535 313464.82 113.8490647142 34.087595125 3777107.536714 762984.5287577 56.2685027122 0.1236798254 0.7046760616 269.4698974088 -14.8464913993 -0.1268922398 -0.0386632792
31536 313464.89 113.8490534464 34.0875950519 3777107.499583 762983.4885804 56.2679686863 0.1181844734 0.7348193354 269.4979394454 -14.8605538262 -0.1227809346 0.0133630863
31537 313464.96 113.8490421764 34.0875949858 3777107.463226 762982.4481824002 56.2695199335 0.0332922318 0.7370656735 269.5180825901 -14.8609533454 -0.1109998444 0.043116341
31538 313465.03 113.8490309075 34.0875949225 3777107.427179 762981.4078765998 56.2715601977 -0.0692959597 0.7499876426 269.5445515221 -14.8543286099 -0.1028653418 0.0338526429
31539 313465.1 113.8490196455 34.087594862 3777107.391465 762980.3682011998 56.272328821 -0.1000140281 0.7767362339 269.568330835 -14.8382837176 -0.0928654467 -0.0069139017
31540 313465.17 113.8490083917 34.0875948059 3777107.356252 762979.3292645002 56.2713932283 -0.0772706015 0.8685173098 269.6016179154 -14.8344239364 -0.0836871535 -0.0242494554
31541 313465.24 113.8489971452 34.0875947597 3777107.3221660014 762978.2909688002 56.2697913768 -0.1060640441 0.8560272705 269.6271892377 -14.8202070806 -0.072602629 -0.003199197
31542 313465.28 113.848990724 34.0875947326 3777107.3026230014 762977.6981579 56.268619867 -0.1366127158 0.8855322135 269.6494369638 -14.8153179201 -0.0753359009 -0.0359811039
31543 313465.35 113.8489794922 34.0875946891 3777107.268865 762976.6612140002 56.2666020766 -0.1607801265 0.9069131535 269.6786495568 -14.8015597945 -0.0665353243 -0.026194475
31544 313465.42 113.8489682712 34.0875946514 3777107.235783 762975.6252567 56.2649480598 -0.2131073882 0.8658783042 269.7058999989 -14.7860231253 -0.0641163026 -0.0230515561
31545 313465.49 113.8489570596 34.0875946126 3777107.202607 762974.590155 56.2621963341 -0.2088197193 0.8330927529 269.7501728891 -14.7769145428 -0.059760739 -0.0621261025
31546 313465.56 113.8489458632 34.0875945789 3777107.170027 762973.5564531 56.2598657375 -0.1377570237 0.8899240054 269.7915984297 -14.757718781 -0.041262431 -0.0176190926
31547 313465.63 113.8489346777 34.087594557 3777107.1387910014 762972.5237222 56.2580126151 -0.1112493075 0.8090890968 269.8135300711 -14.7498925856 -0.0309621791 -0.0271604033
31548 313465.7 113.8489235102 34.0875945372 3777107.107834 762971.4926375 56.2559479065 0.0076562191 0.7870239245 269.847194519 -14.7059896057 -0.0301103981 -0.0657853144
31549 313465.77 113.8489123572 34.0875945249 3777107.077746 762970.4628738002 56.2563359793 0.1451735752 0.7556995757 269.8804996553 -14.6912552983 -0.0129238116 0.0135726231
31550 313465.84 113.8489012214 34.0875945149 3777107.047961 762969.4346976 56.2603054903 0.0256594886 0.7063095349 269.9060767363 -14.6682456624 -0.0113565752 0.0903914994
31551 313465.91 113.8488901006 34.0875945066 3777107.018405 762968.4078952 56.2649341207 -0.2944459459 0.6985264827 269.9437082797 -14.6583956947 -0.0142379977 0.0415883802
31552 313465.98 113.8488789893 34.0875945033 3777106.9894199986 762967.3819516 56.2632053383 -0.2395161813 0.6774525444 269.9812861152 -14.6432249411 0.0042462108 -0.0258473448
31553 313466.05 113.8488678889 34.0875945095 3777106.961526002 762966.3569853002 56.2586014001 -0.3606934473 0.6899922171 270.0091996004 -14.6273078917 0.0175406166 -0.081626671
31554 313466.12 113.8488567964 34.0875945216 3777106.934294998 762965.3327381 56.2509154137 -0.1809932467 0.7177255336 270.0361495959 -14.6018704424 0.035021726 -0.0987430808
31555 313466.19 113.848845714 34.0875945415 3777106.907969 762964.3093921 56.2431483753 -0.0035574806 0.7948792335 270.0497511216 -14.5940657625 0.0394732276 -0.0783507355
31556 313466.26 113.8488346483 34.0875945655 3777106.882139 762963.2875777 56.2396574607 0.1326188651 0.8386662027 270.0707553765 -14.5724161344 0.04692384 0.0193297782
31557 313466.33 113.8488236046 34.0875945891 3777106.856318 762962.2677948001 56.2413318371 0.1367072974 0.8271373599 270.0953800634 -14.536428204 0.0359160861 0.0642483998
31558 313466.4 113.8488125813 34.0875946129 3777106.830567 762961.2498949 56.2462042635 0.1848102087 0.8286332423 270.1287623548 -14.5093083199 0.0414215093 0.0932871568
31559 313466.47 113.8488015744 34.0875946402 3777106.805253 762960.2334922 56.2509416286 0.1888096404 0.8090767803 270.1534983911 -14.4955763281 0.0504687073 0.0841662238
31560 313466.54 113.8487905863 34.0875946708 3777106.780358 762959.2188239 56.2533822777 0.2311593908 0.7694659604 270.1703324976 -14.4696148858 0.0565440976 0.0497326528
31561 313466.61 113.8487796175 34.0875947043 3777106.755824 762958.2059243 56.2559001939 0.2219522724 0.75191554 270.1843414568 -14.4377389444 0.057772881 0.0478490882
31562 313466.68 113.8487686687 34.0875947395 3777106.731535 762957.1948688001 56.2593520051 0.2696037585 0.7648965006 270.2038157232 -14.4111888211 0.0606647201 0.0497891963
31563 313466.75 113.8487577383 34.0875947806 3777106.707948 762956.1854966 56.2643761132 0.2055900342 0.723276346 270.2142694477 -14.3898830984 0.0715967073 0.1064571348
31564 313466.82 113.8487468283 34.0875948193 3777106.684151 762955.1780099 56.2688164851 0.0724130059 0.7489589636 270.2307134015 -14.3652000443 0.0658655476 0.0708414733
31565 313466.89 113.8487359362 34.0875948641 3777106.661073 762954.1721662 56.2717312919 0.1017013798 0.7694411319 270.2455934154 -14.338669915 0.0828058583 0.0444019737
31566 313466.96 113.8487250644 34.0875949122 3777106.638416 762953.1681781998 56.2739968961 0.0294133165 0.787933715 270.2524266993 -14.3118818416 0.0804829707 0.0512388491
31567 313467.03 113.8487142129 34.0875949628 3777106.616086 762952.1660569 56.2754550436 -0.0621813684 0.8567930539 270.2506925503 -14.2846404777 0.0861083769 0.0381678021
31568 313467.11 113.8487018433 34.0875950276 3777106.591422 762951.0237196998 56.2760771206 -0.0357268236 0.9320955217 270.2275063712 -14.2528016362 0.086440788 -0.015994357
31569 313467.19 113.8486894962 34.087595093 3777106.566895 762949.8834611 56.275334267 -0.0536449577 1.0390719429 270.1911585796 -14.2296901694 0.0871956771 -0.007229042
31570 313467.27 113.8486771758 34.0875951522 3777106.541738 762948.7456812 56.2750640605 0.0222635756 1.0920348945 270.153163245 -14.2011867263 0.0708214237 0.0173391831
31571 313467.35 113.8486648805 34.0875952026 3777106.51567 762947.6102575 56.2764079832 -0.0510645977 1.2024459056 270.1204395756 -14.1658343148 0.0656262598 0.0238434661
31572 313467.43 113.8486526095 34.0875952443 3777106.488697 762946.4770905 56.2771793939 0.0850089144 1.1711846159 270.0992012757 -14.1453817716 0.0472954725 0.0191992491
31573 313467.51 113.8486403653 34.0875952769 3777106.460787 762945.3464405 56.2784695905 0.0841382809 1.2038875319 270.0862172271 -14.1051227227 0.0468481579 0.0330207266
31574 313467.59 113.8486281494 34.0875953061 3777106.432569002 762944.2184005999 56.2818611767 0.1872775744 1.0869824528 270.0748079065 -14.0784072883 0.0304838521 0.0699104756
31575 313467.67 113.8486159598 34.0875953284 3777106.403656 762943.0928226998 56.2849539658 0.1828217969 1.1124685306 270.0746461529 -14.0451002589 0.0372504027 0.0443157448
31576 313467.75 113.8486038018 34.0875953524 3777106.375007 762941.9701445 56.2893082695 0.3154108292 0.9641596183 270.0715060841 -14.0057207173 0.0240060132 0.0862590396
31577 313467.83 113.8485916733 34.0875953706 3777106.345806 762940.8502147 56.2962022796 0.1988730416 0.8838223626 270.0803570956 -13.971693511 0.0308243284 0.1200338427
31578 313467.91 113.848579575 34.0875953875 3777106.316522 762939.7330757 56.3040048545 0.028100447 0.7528833453 270.0851651989 -13.9423150063 0.0131630513 0.0915090337
31579 313467.99 113.8485675032 34.0875954054 3777106.2874199986 762938.6183845998 56.3087698845 -0.0610939047 0.6990616892 270.1014390488 -13.9084536748 0.0333433596 0.0437764248
31580 313468.07 113.8485554518 34.0875954275 3777106.258846 762937.5055595002 56.3088405188 -0.0344044873 0.6352134776 270.1103691572 -13.8937273501 0.0286353148 -0.0166251982
31581 313468.15 113.8485434263 34.087595455 3777106.230932 762936.3951132 56.3068591999 0.0749802668 0.6481981009 270.1091181936 -13.8529910007 0.0479351927 0.0128099763
31582 313468.23 113.8485314288 34.0875954893 3777106.20385 762935.2872314 56.3070674632 0.1620925002 0.7024844979 270.1022562605 -13.818881922 0.048169468 0.0001442044
31583 313468.31 113.8485194568 34.0875955251 3777106.176987 762934.1816988002 56.3098598011 0.1513690524 0.756385246 270.0994333054 -13.7918981682 0.0515850033 0.0667390228
31584 313468.39 113.8485075154 34.0875955577 3777106.149862 762933.0789953 56.3137795627 0.1887810775 0.7809589155 270.1053482833 -13.7550626954 0.0409241433 0.0605328905
31585 313468.47 113.8484955997 34.0875955891 3777106.12266 762931.9786814002 56.3183910372 0.1911577114 0.8180744317 270.1140488337 -13.7289183693 0.0467585583 0.076025927
31586 313468.55 113.8484837131 34.0875956201 3777106.095494 762930.8810399 56.3222922506 0.2551234324 0.8215232163 270.1163172726 -13.6915929263 0.0374287341 0.063735256
31587 313468.63 113.8484718544 34.0875956532 3777106.068632 762929.7859753 56.3274393519 0.2026953217 0.8389365662 270.1094268649 -13.6597560208 0.0460378823 0.0853184606
31588 313468.71 113.8484600236 34.0875956862 3777106.041833998 762928.693494 56.3326122155 0.1817025461 0.8840245282 270.0967180408 -13.6303874371 0.0411787055 0.0706997887
31589 313468.79 113.8484482199 34.087595721 3777106.015311 762927.6034987 56.3378753588 0.038270985 0.9730964447 270.0764456178 -13.5979009045 0.0497968213 0.0964687172
31590 313468.87 113.848436443 34.0875957534 3777105.988573 762926.5159934 56.3409199137 0.0005759382 1.037535894 270.0586032066 -13.5635238831 0.0374414551 0.0275373241
31591 313468.95 113.8484246871 34.087595784 3777105.961701 762925.430429 56.3409339497 0.0847767503 1.1440210432 270.0398794808 -13.5417778338 0.0432611422 0.007073807
31592 313469.03 113.8484129578 34.0875958147 3777105.934913 762924.3473216 56.340203491 0.1985667973 1.2103492907 270.0177855902 -13.5092034864 0.0369733742 0.0062510551
31593 313469.11 113.8484012616 34.0875958448 3777105.908133 762923.2672709002 56.3425697684 0.3115671508 1.2497826358 269.9994108159 -13.4805952022 0.0348315271 0.0745414833
31594 313469.19 113.8483895945 34.0875958696 3777105.880847 762922.1899226998 56.3480730783 0.2448220149 1.2933962214 269.9787732713 -13.4498037977 0.0224788515 0.0672700705
31595 313469.27 113.8483779541 34.0875958866 3777105.852762 762921.1150617 56.3541735206 0.3627416261 1.293144966 269.974877775 -13.4234559469 0.0170240191 0.0954806596
31596 313469.35 113.8483663438 34.0875959029 3777105.824672 762920.0429845002 56.36136878 0.1981077529 1.3064290348 269.9561098252 -13.3743399414 0.0179875523 0.1056714381
31597 313469.43 113.8483547591 34.0875959152 3777105.796218 762918.9732824998 56.3670362504 0.2386882214 1.2534991737 269.9406616173 -13.3531454251 0.0110439572 0.0587233582
31598 313469.51 113.8483432 34.0875959228 3777105.767294 762917.9059628 56.3704515453 0.3177236854 1.1775347178 269.9264815542 -13.3204489516 0.0005444877 0.0633513575
31599 313469.59 113.8483316704 34.0875959241 3777105.737749 762916.8413840998 56.3745259782 0.3260236804 1.1652557417 269.9211699961 -13.2821124506 -0.0029905025 0.0830552983
31600 313469.66 113.848321606 34.0875959279 3777105.712261 762915.9120919 56.3813027255 0.2905010375 1.0646930794 269.9053133338 -13.2558681215 -0.0002537002 0.1272282488
31601 313469.74 113.8483101309 34.0875959247 3777105.682358 762914.8525545 56.3888200633 0.2436367039 1.0075510052 269.8990475303 -13.2247832369 -0.0098009098 0.0872515156
31602 313469.82 113.8482986781 34.0875959224 3777105.652614 762913.7950774 56.3938116515 0.2671092617 0.9989044987 269.8888683926 -13.1970118951 -0.00766969 0.0767211749
31603 313469.9 113.8482872544 34.0875959211 3777105.623056 762912.7402866 56.3986817701 0.2471561112 0.9797093089 269.8747565707 -13.164527716 -0.0065649751 0.0883600865
31604 313469.98 113.8482758575 34.087595921 3777105.593708 762911.6879691 56.4049728885 0.1229073626 1.0070360044 269.8559078842 -13.1359463952 -0.0038077873 0.0683300771
31605 313470.06 113.8482644817 34.0875959186 3777105.56415 762910.6376031 56.4077788508 0.1969092144 1.0471210542 269.8448463914 -13.1095726733 -0.0083623464 0.0234096077
31606 313470.14 113.8482531222 34.0875959135 3777105.534343 762909.5887441 56.4093975443 0.2782118342 1.0271321454 269.8294011002 -13.0890114609 -0.012696625 0.041128955
31607 313470.22 113.8482417837 34.0875959002 3777105.503671 762908.54186 56.4135380387 0.278177763 0.9874006487 269.8268391604 -13.0654728103 -0.0263577468 0.0958035845
31608 313470.3 113.8482304626 34.0875958821 3777105.472516 762907.4965898001 56.4203028996 0.1776991607 0.9421298364 269.8258345707 -13.0426795305 -0.0288112889 0.0958123155
31609 313470.38 113.8482191549 34.0875958631 3777105.4412879986 762906.4525625998 56.4255732009 0.0972226124 0.9109517356 269.824651437 -13.0311277797 -0.0300732908 0.070880233
31610 313470.46 113.8482078633 34.0875958447 3777105.41018 762905.4100223002 56.4290740266 0.0592284414 0.9283018011 269.8300620511 -13.0109900901 -0.0241517227 0.0480391949
31611 313470.54 113.8481965854 34.0875958335 3777105.379899 762904.3687275 56.4309405973 0.0621151339 0.9647882056 269.8281531627 -13.0016659346 -0.0134331593 0.0210972665
31612 313470.62 113.8481853225 34.0875958273 3777105.350208998 762903.3287947 56.429851803 0.3063801105 1.0491175895 269.8268336464 -12.9793544834 -0.007478845 0.0019394782
31613 313470.7 113.8481740765 34.0875958229 3777105.320768 762902.2904162 56.4297120869 0.5944598025 1.0416006578 269.833426486 -12.9526666775 -0.0143711951 0.0386270662
31614 313470.78 113.8481628551 34.0875958138 3777105.29087 762901.2543316 56.4367621439 0.7111064518 1.0306299796 269.8474063812 -12.9229377558 -0.0143476379 0.1596901576
31615 313470.86 113.8481516576 34.087595803 3777105.260838 762900.2204497 56.4523951188 0.440372923 0.9765328552 269.8628491375 -12.903772171 -0.0204710154 0.2091272324
31616 313470.94 113.8481404794 34.0875957874 3777105.230331 762899.188377 56.4660375798 0.2504674342 0.8525763969 269.8965841318 -12.8849652358 -0.0214802477 0.1556568806
31617 313471.02 113.8481293134 34.0875957739 3777105.200078 762898.1574093002 56.4741926184 0.0976052709 0.7623399856 269.9281642767 -12.8718629403 -0.0133947993 0.0764786552
31618 313471.1 113.8481181637 34.0875957652 3777105.17041 762897.127946 56.4771402711 0.0914622873 0.7168530308 269.9580904326 -12.8497970489 -0.0038113599 0.0229160674
31619 313471.18 113.8481070279 34.087595767 3777105.141943 762896.0997274 56.4758058749 0.259309462 0.7478997667 269.9734379685 -12.8291333275 0.0123452584 -0.0148395768
31620 313471.26 113.8480959103 34.0875957799 3777105.114749 762895.0731551 56.4760237513 0.3904008754 0.8319046933 269.9798488201 -12.8100583392 0.0261160963 0.0575155172
31621 313471.34 113.8480848131 34.0875957983 3777105.088222 762894.0484466999 56.4813226638 0.4480270925 0.8965174643 269.9856862955 -12.7905173191 0.0285233198 0.1285442894
31622 313471.42 113.8480737364 34.0875958181 3777105.061903 762893.0256288 56.4901884738 0.3644869388 0.9517331281 269.9835470934 -12.758447152 0.0243899781 0.1196569119
31623 313471.5 113.8480626806 34.0875958339 3777105.035198998 762892.0047559 56.4993260568 0.277227611 1.0693909381 269.9946089704 -12.7407693832 0.0245214621 0.1081644288
31624 313471.58 113.8480516434 34.0875958509 3777105.008671 762890.9855878 56.5052226689 0.4039634442 0.993211409 270.0009756144 -12.7155577322 0.0087033595 0.0658639508
31625 313471.66 113.8480406255 34.0875958606 3777104.981379 762889.9682333 56.5089721493 0.4124048758 0.99846697 270.0134301689 -12.6935027739 0.0207019128 0.0473530901
31626 313471.74 113.8480296315 34.0875958761 3777104.954797 762888.9530626 56.5148036396 0.4694310997 0.9384576608 270.0040155686 -12.6627358528 0.0172694745 0.0997285963
31627 313471.82 113.8480186616 34.0875958862 3777104.927667 762887.9401426999 56.522852581 0.3566352171 0.9693440542 270.0069296953 -12.6400969471 0.0128722378 0.1244730755
31628 313471.9 113.8480077126 34.0875959005 3777104.901076 762886.9291279998 56.5311002582 0.3276923685 0.9497248483 270.0007775503 -12.6121588675 0.0241083802 0.134486095
31629 313471.98 113.8479967871 34.0875959127 3777104.874298 762885.9202939002 56.5379881188 0.2810050272 0.9371331195 269.9971784461 -12.5851549805 0.0129265387 0.1075934096
31630 313472.06 113.8479858785 34.0875959242 3777104.847494 762884.9130231999 56.5422851974 0.2876534689 0.9588564438 269.9964827525 -12.5614547436 0.0172122573 0.0512279561
31631 313472.14 113.8479749918 34.0875959359 3777104.820757 762883.9077785999 56.546226996 0.2860872989 0.9787379026 269.9910005532 -12.5456808938 0.0211732546 0.0688450043
31632 313472.22 113.8479641295 34.0875959447 3777104.793774 762882.9047868 56.5514529906 0.3048824341 0.9613624457 269.9896009183 -12.5222629682 0.0137258051 0.0831796562
31633 313472.3 113.8479532901 34.0875959529 3777104.766784 762881.9039227 56.5564635396 0.3454149804 0.9849605385 269.9897660404 -12.4891337541 0.0184328641 0.0720649536
31634 313472.39 113.8479411238 34.087595963 3777104.736580998 762880.7805260002 56.5622579698 0.397734701 0.9968694879 269.9871235124 -12.4539029676 0.0162844393 0.0646498814
31635 313472.48 113.8479289905 34.0875959726 3777104.706404 762879.6601768001 56.5699430639 0.4208690095 0.9662182538 269.9784390642 -12.4239727164 0.0101641585 0.1038886062
31636 313472.57 113.847916892 34.087595979 3777104.675976998 762878.5430569 56.5791658824 0.4032360205 0.954533749 269.9656517152 -12.3870036988 0.0206711807 0.1457582059
31637 313472.66 113.8479048292 34.0875959837 3777104.645436 762877.4292314998 56.5890853023 0.2689158267 0.9029702211 269.9383379431 -12.3442314486 -0.0058200619 0.1227160222
31638 313472.75 113.8478927986 34.0875959823 3777104.614317 762876.3184076 56.596546974 0.1161672374 0.9277047696 269.9251702142 -12.3248973747 0.009431202 0.0669166439
31639 313472.84 113.8478808042 34.0875959787 3777104.583037 762875.2109276998 56.6006110786 0.0396913328 0.8880965984 269.9086698862 -12.2741349573 -0.0153001502 0.0391493808
31640 313472.93 113.8478688395 34.087595973 3777104.551605 762874.1061903002 56.6002754606 0.021907125 0.912452528 269.8928936145 -12.2514186295 -0.0020640933 -0.0308926233
31641 313473.02 113.8478569077 34.0875959686 3777104.520396 762873.0044945 56.6002920847 -0.1263707283 0.993783289 269.8631862914 -12.2115751339 -0.0079665832 -2.63228e-05
31642 313473.11 113.8478449988 34.0875959641 3777104.489241 762871.9049165 56.6015600823 -0.2014430015 1.1146175242 269.839715042 -12.1896475489 0.0027998993 0.0259389233
31643 313473.2 113.8478331167 34.0875959554 3777104.457694 762870.8078199 56.5989603316 0.0016907038 1.1821056398 269.8266692969 -12.1662964801 -0.0087015764 -0.0200345917
31644 313473.29 113.8478212645 34.0875959437 3777104.425876002 762869.7134951 56.5954514798 0.2652991493 1.2808455995 269.8136893999 -12.1270230538 -0.0105944185 -0.0020389334
31645 313473.38 113.8478094493 34.0875959304 3777104.393992 762868.6225863001 56.5981757557 0.2859648067 1.3160467425 269.7989455931 -12.0824821572 -0.0175681934 0.0884089291
31646 313473.47 113.8477976695 34.0875959086 3777104.361239 762867.5349816999 56.6062702285 0.1070413579 1.3094277813 269.7872120548 -12.053066921 -0.0296960345 0.080832741
31647 313473.56 113.8477859226 34.0875958845 3777104.328326 762866.4504183001 56.6106605735 0.0903605124 1.2979801759 269.7748777467 -12.0192336414 -0.0254254095 0.0371904349
31648 313473.65 113.8477742099 34.0875958573 3777104.295158 762865.3690151 56.6114340257 0.2070302101 1.2985502841 269.7640673877 -11.9780967366 -0.0326534763 -0.0086438203
31649 313473.74 113.8477625329 34.0875958318 3777104.262276 762864.2909156998 56.6132606566 0.2733505676 1.3169799013 269.7527057287 -11.9430977329 -0.026743812 0.0628541548
31650 313473.83 113.8477509008 34.0875958007 3777104.228872 762863.2169746 56.6181328977 0.3562424787 1.3392455413 269.7502176584 -11.8984785715 -0.0337781603 0.0921023332
31651 313473.92 113.84773931 34.0875957738 3777104.196056 762862.1468316 56.6242297087 0.448254871 1.3682160409 269.73839239 -11.8510471596 -0.0275031265 0.0697132777
31652 313474.01 113.8477277672 34.0875957422 3777104.162835 762861.0811312 56.6308739167 0.5410376047 1.363799675 269.7398014698 -11.7965866346 -0.0417858752 0.0908350478
31653 313474.1 113.8477162824 34.0875957178 3777104.130559 762860.0207716 56.6418175306 0.5327791238 1.497927903 269.7401925863 -11.7496764728 -0.0241773122 0.1293094167
31654 313474.19 113.8477048452 34.0875957014 3777104.099297 762858.9647784 56.653033847 0.5093723351 1.5273637435 269.7399914141 -11.7092818344 -0.0260756623 0.1364762542
31655 313474.28 113.8476934524 34.087595679 3777104.067489 762857.9129039 56.6646229923 0.4102138143 1.554102819 269.746008191 -11.6637305346 -0.0339268134 0.1412409371
31656 313474.37 113.8476820979 34.087595663 3777104.036486 762856.8645486998 56.6742426092 0.4429983214 1.5295726609 269.7440229968 -11.631230002 -0.0150564706 0.0910868922
31657 313474.46 113.8476707778 34.0875956359 3777104.004332 762855.8194044002 56.6803942258 0.625764073 1.3570071843 269.7731234562 -11.5765440017 -0.0492358994 0.0860843381
31658 313474.55 113.8476594997 34.0875956022 3777103.971559 762854.7781516998 56.6888285242 0.6076584674 1.3035499912 269.8157224041 -11.5347532719 -0.034597636 0.1462317469
31659 313474.64 113.8476482612 34.0875955765 3777103.939777 762853.7405383 56.7020810554 0.4696937628 1.1361276389 269.8444391318 -11.5023357562 -0.036518863 0.1364490178
31660 313474.73 113.8476370594 34.0875955601 3777103.909122 762852.7062797 56.7142379573 0.1862222812 1.1305087643 269.8710856629 -11.4641205555 -0.0090999063 0.1394503127
31661 313474.82 113.8476258902 34.0875955555 3777103.879865 762851.6750017 56.722978713 -0.0202591311 1.0874070534 269.8798355644 -11.4379372836 -0.0067420707 0.0786983761
31662 313474.91 113.847614744 34.0875955536 3777103.850967 762850.6458352 56.724637121 0.0171303868 1.1596031998 269.9053843592 -11.4177933738 0.0032887398 0.0169692554
31663 313475.0 113.8476036252 34.0875955591 3777103.8229519986 762849.6191713 56.7225822266 0.100164254 1.1714916096 269.9320202004 -11.3852453912 0.007362974 0.0148910038
31664 313475.09 113.847592532 34.0875955642 3777103.794961 762848.5948715998 56.724381553 -0.0298936239 1.247018388 269.9633428265 -11.3547640693 0.008616615 0.0229027055
31665 313475.18 113.8475814636 34.087595578 3777103.767999 762847.572842 56.726897764 -0.1256383903 1.3142888281 269.9900023313 -11.3274620148 0.0153834457 0.0080960599
31666 313475.27 113.8475704211 34.0875955941 3777103.741365 762846.5531939998 56.725593226 -0.0218811073 1.363236551 270.0245319696 -11.3043259199 0.0226698795 -0.0336628777
31667 313475.36 113.8475594103 34.0875956167 3777103.715536 762845.5364524 56.7228633184 0.0861497268 1.4275501295 270.0440534209 -11.2692472846 0.027967497 -0.0157199247
31668 313475.45 113.8475484374 34.0875956424 3777103.690143 762844.5232056999 56.7234547483 0.1459657383 1.4570448852 270.0619190485 -11.2289767679 0.0288320598 0.0503191915
31669 313475.54 113.8475375077 34.0875956678 3777103.66483 762843.5139428 56.7274221247 0.1581550462 1.4329585807 270.0775808856 -11.1760465633 0.028477243 0.0505865435
31670 313475.63 113.8475266173 34.0875956897 3777103.639225 762842.5083183 56.7312883036 0.1407925608 1.3680680025 270.0966796227 -11.1405993455 0.0248353677 0.0435552591
31671 313475.72 113.8475157706 34.0875957119 3777103.613765 762841.5067340998 56.7340485295 0.1893797825 1.3339656199 270.1087043356 -11.0987260623 0.0287237052 0.022509577
31672 313475.82 113.8475037641 34.0875957414 3777103.58613 762840.3980335 56.7383281849 0.2208110159 1.2240618405 270.1177534559 -11.0537485233 0.0243786053 0.0189494189
31673 313475.92 113.8474917992 34.0875957657 3777103.558033 762839.2931853002 56.7425036915 0.306889382 1.1217165101 270.1417925483 -11.0181512163 0.0287531187 0.0479878728
31674 313476.02 113.8474798765 34.0875957933 3777103.530409 762838.1922332 56.7499219878 0.2971951915 1.0568566315 270.1572854575 -10.9839137982 0.0326939456 0.0982874689
31675 313476.12 113.8474679983 34.0875958198 3777103.502772 762837.0953849 56.7567660538 0.2743287274 0.9547781709 270.1704173373 -10.9447573321 0.032724983 0.0617311688
31676 313476.22 113.8474561604 34.0875958464 3777103.475257 762836.0022689998 56.7633694122 0.2188211337 0.9275780675 270.1609731598 -10.907182722 0.0398661739 0.0629139715
31677 313476.32 113.8474443624 34.0875958797 3777103.448583 762834.9128057 56.7696963782 0.2102124705 0.964690421 270.1376963513 -10.8679686114 0.0457959723 0.0879971617
31678 313476.42 113.8474326039 34.0875959111 3777103.421805 762833.8269999 56.7730817376 0.1478602401 0.9760944566 270.1028249134 -10.8330885102 0.0313714924 0.0350431409
31679 313476.52 113.8474208907 34.0875959352 3777103.394328 762832.7454028 56.7774878731 0.0948180798 1.0165969544 270.0636260841 -10.7884673792 0.0321553114 0.0362222458
31680 313476.62 113.8474092296 34.0875959534 3777103.366338 762831.6686270002 56.78089849 0.1808144793 1.013763603 270.0257343991 -10.740737333 0.0142720083 0.007874336
31681 313476.72 113.8473976245 34.0875959567 3777103.336829 762830.5970741 56.7809349466 0.5539598046 1.0203831549 270.0060008008 -10.6815897058 0.0044961676 0.0149487782
31682 313476.82 113.8473860849 34.0875959626 3777103.3077839985 762829.5315577 56.7851255722 0.8766398358 1.0252814422 269.9521663789 -10.6207813209 0.0103108431 0.0995464378
31683 313476.92 113.8473746183 34.0875959629 3777103.278309 762828.4727976 56.800805605 0.8562020614 1.0989718752 269.8889568741 -10.5531231132 0.0054657189 0.210135264
31684 313477.02 113.8473632219 34.0875959565 3777103.24826 762827.4205409002 56.8217643471 0.5137994732 1.0551004754 269.8003466937 -10.4904016388 -0.0148754189 0.2239715366
31685 313477.12 113.847351896 34.0875959353 3777103.216753 762826.3748455 56.8382606246 0.1427190207 1.1074586698 269.7286092907 -10.4394307662 -0.0287321502 0.1310862651
31686 313477.22 113.8473406304 34.0875959038 3777103.1842660015 762825.3347433001 56.8441901775 0.0519456694 1.0055987667 269.6696054028 -10.3755333198 -0.0527120011 0.0339779192
31687 313477.32 113.8473294304 34.0875958496 3777103.149428 762824.3007706 56.8448824622 0.0409335145 0.8951730954 269.6402623243 -10.3125005582 -0.061969055 0.0091224737
31688 313477.42 113.8473183042 34.0875957839 3777103.113496 762823.2736447 56.8448694767 0.2296943203 0.6362028338 269.6048474361 -10.2385718444 -0.0824784782 0.0445227373
31689 313477.52 113.8473072598 34.0875957073 3777103.076568 762822.2541098002 56.8474909086 0.3284774134 0.4934488531 269.5949470945 -10.1586347939 -0.0904196989 0.071650221
31690 313477.62 113.8472962998 34.0875956404 3777103.040936 762821.2423297 56.8548375405 0.3082429896 0.5136276312 269.5843090445 -10.0828011122 -0.0662884392 0.0910895889
31691 313477.72 113.8472854248 34.0875955841 3777103.006698 762820.2383714 56.8635612596 0.1923468248 0.4812972991 269.5607172793 -10.004461469 -0.071134875 0.0663404183
31692 313477.83 113.8472735568 34.0875955157 3777102.968556 762819.1427685 56.8694465756 0.1864227206 0.5853447174 269.5482707245 -9.9191047009 -0.0613250836 0.0628942921
31693 313477.94 113.847261787 34.0875954615 3777102.932251 762818.0561834001 56.8730131555 0.2082698108 0.7313758493 269.5135628966 -9.8391078325 -0.0594835517 0.0378024036
31694 313478.05 113.8472501157 34.0875954004 3777102.895431 762816.9787144 56.8761604428 0.2155117587 0.7893662495 269.5069302245 -9.7547352095 -0.0682018741 0.0469019318
31695 313478.16 113.8472385431 34.0875953285 3777102.8576629986 762815.9103939 56.8820287855 0.2195926004 0.757992248 269.499430272 -9.6689577404 -0.0752118515 0.0283113422
31696 313478.27 113.8472270715 34.0875952525 3777102.819708002 762814.8514111999 56.8875270095 0.2440678768 0.7236760363 269.5123774093 -9.5810361633 -0.0799849098 0.0511570741
31697 313478.38 113.8472156995 34.0875951708 3777102.781376 762813.8016396 56.8916472038 0.3462797587 0.6543933073 269.5303863547 -9.4992059734 -0.0793784344 0.0527641103
31698 313478.49 113.8472044306 34.0875950953 3777102.743992 762812.76137 56.8972160462 0.3886886545 0.6210512529 269.5412615922 -9.4120012614 -0.0777376538 0.0611372109
31699 313478.6 113.8471932647 34.0875950235 3777102.707283 762811.7305976 56.9053897532 0.3852306014 0.5919654369 269.5682676552 -9.3301571878 -0.0724109563 0.0723456669
31700 313478.71 113.8471822008 34.0875949512 3777102.670786 762810.7092463 56.9141714005 0.4327028023 0.5728620044 269.6141037674 -9.245888466 -0.0703752739 0.0796212408
31701 313478.82 113.847171238 34.0875948914 3777102.635932 762809.697197 56.9214006942 0.4683986119 0.5584159071 269.6458426918 -9.152881075 -0.0537211257 0.0636959685
31702 313478.93 113.8471603796 34.0875948407 3777102.602361 762808.6947489 56.9307942214 0.3409684878 0.525981342 269.676394198 -9.0700386376 -0.0592759978 0.1041119024
31703 313479.05 113.8471486525 34.0875947909 3777102.566648 762807.6120997 56.941063866 0.2688931758 0.524776889 269.7176011617 -8.9732052789 -0.0386623297 0.0654895939
31704 313479.17 113.8471370393 34.0875947602 3777102.533353 762806.5398993 56.9451856706 0.372485137 0.4941373164 269.7627351342 -8.9094232266 -0.039292824 0.0308773031
31705 313479.29 113.8471255094 34.0875947378 3777102.501198 762805.4753681999 56.9486780725 0.4943519621 0.4948754554 269.8111137676 -8.8502117722 -0.0238381837 0.048745716
31706 313479.41 113.8471140708 34.087594724 3777102.470227 762804.4192380002 56.9556131112 0.5420983288 0.4875503343 269.8761056685 -8.7710826553 -0.0189722951 0.0907708031
31707 313479.53 113.8471027272 34.08759472 3777102.440588 762803.3718445 56.9651458263 0.4511062158 0.4922644774 269.9412611387 -8.6970132373 -0.0086970597 0.0921127587
31708 313479.65 113.8470914912 34.0875947311 3777102.412907 762802.3343441 56.9736806527 0.3943514543 0.5076894222 269.9978782233 -8.6092636247 0.0048625366 0.0947618815
31709 313479.77 113.8470803676 34.0875947513 3777102.38652 762801.3071983 56.9810977802 0.357922677 0.5312335357 270.0549501274 -8.5254152576 0.012628843 0.0582655287
31710 313479.89 113.8470693606 34.0875947789 3777102.361251 762800.2907926 56.9855753928 0.4567545123 0.5300010436 270.1070329403 -8.4322890017 0.0159912361 0.0564949007
31711 313480.01 113.8470584716 34.0875948149 3777102.337226 762799.2852551999 56.9912102586 0.3635261068 0.5602823856 270.1645382979 -8.3432264228 0.0290395168 0.0563950874
31712 313480.14 113.8470468101 34.0875948478 3777102.31086 762798.2084045998 57.0017091446 0.2029324888 0.5329318084 270.2102671409 -8.2363673583 0.0343034672 0.0988699672
31713 313480.27 113.8470352892 34.0875948854 3777102.285384 762797.1445145 57.0104858475 0.2327255024 0.5189082509 270.2642870739 -8.1348454152 0.0400019332 0.0290026781
31714 313480.4 113.847023904 34.0875949245 3777102.260429 762796.0931537 57.0131518571 0.4203249529 0.4741340398 270.3238438055 -8.0370015054 0.038760602 0.0056962372
31715 313480.53 113.8470126618 34.0875949738 3777102.236966002 762795.0549613001 57.0183800217 0.4479412529 0.4639153634 270.4092204775 -7.9431087432 0.0517660616 0.0765467017
31716 313480.66 113.8470015679 34.0875950389 3777102.215636 762794.0304181 57.0307190344 0.3111388708 0.3805687644 270.561750206 -7.8324478981 0.0634287555 0.0898313399
31717 313480.79 113.8469906184 34.0875951235 3777102.196848 762793.0191464 57.0405992158 0.3916009106 0.3246439613 270.8153397274 -7.7309736192 0.0931908364 0.0411048097
31718 313480.82 113.8469881123 34.0875951494 3777102.19327 762792.7876689 57.0419542473 0.3988485513 0.2922567082 270.8860879149 -7.7063715504 0.1049281889 0.0307078922
31719 313480.96 113.8469765304 34.0875952989 3777102.180054 762791.717806 57.046672943 0.5670127769 0.1594843115 271.2873189352 -7.5756179867 0.1433758587 0.0505856506
31720 313481.1 113.8469651793 34.0875955171 3777102.175054 762790.6690391 57.0601429017 0.3998497241 0.1467537351 271.7881156624 -7.4110383785 0.2193593599 0.116736269
31721 313481.24 113.8469540892 34.0875958148 3777102.179558 762789.6441198002 57.0751245255 0.2802964115 0.0103471015 272.3949234263 -7.2380464687 0.2628403053 0.0758631769
31722 313481.38 113.8469432688 34.0875961901 3777102.193359 762788.6438669 57.0835245596 0.3250809157 -0.143620115 273.1212154171 -7.0563008234 0.3386818013 0.0371694573
31723 313481.53 113.8469319784 34.0875967184 3777102.222934 762787.5997457 57.0925472351 0.3375525766 -0.2141485678 273.9596409164 -6.8555186084 0.4445693954 0.064750776
31724 313481.68 113.8469210148 34.0875973735 3777102.2674199985 762786.5854107 57.1027710801 0.3604330473 -0.2947097872 274.8687011406 -6.6589952081 0.5249982916 0.0547231542
