32206 313529.18 113.8442294261 34.0906452634 3777433.589724 762528.6415781 57.5907430993 0.2604178982 1.3586899626 126.5755634192 6.1300164617 -4.5966523824 -0.0536974544
32207 313529.31 113.8442381884 34.090639888 3777433.015712002 762529.467215 57.5873916997 0.2409099282 1.0768136214 125.7031952942 6.3280488273 -4.5850827627 0.0019256772
32208 313529.44 113.8442472116 34.0906345142 3777432.442538 762530.3169409998 57.5889744889 0.0265860485 0.8613456656 125.0434710238 6.5018588262 -4.5959298706 0.0112750272
32209 313529.57 113.844256462 34.0906291016 3777431.865649 762531.187764 57.5860948805 0.0223497339 0.885820988 124.4445023515 6.6552520301 -4.638592018 -0.0530868429
32210 313529.7 113.8442659359 34.0906236503 3777431.285043 762532.0793433002 57.5772938859 0.1825358295 0.9529901167 123.8540049411 6.8254263431 -4.6477340126 -0.0794553013
32211 313529.75 113.8442696469 34.0906215558 3777431.062144 762532.4284481 57.5742959036 0.2194686781 0.9765560922 123.6808532842 6.8952810623 -4.6472707953 -0.0575704118
32212 313529.87 113.8442786835 34.0906165174 3777430.526233 762533.2783766999 57.5726920031 0.1514201707 0.8909188064 123.3420613552 7.0291713769 -4.6698211979 0.0192965154
32213 313529.99 113.8442878921 34.0906114497 3777429.98751 762534.1442751 57.5736133084 0.0473149308 0.8078229825 123.1676644951 7.1580868169 -4.7063838139 -0.0086631108
32214 313530.11 113.8442972684 34.0906063374 3777429.444271 762535.025794 57.5680367295 0.122754959 0.7190873345 123.1487647222 7.2693274399 -4.7685391851 -0.061495849
32215 313530.23 113.8443067754 34.0906011467 3777428.892668 762535.91962 57.5611473555 0.4005767355 0.7809857692 123.0696320701 7.3586477948 -4.841128595 -0.0432977406
32216 313530.35 113.8443164117 34.0905958892 3777428.333979 762536.8255991 57.5582910227 0.5128480385 0.8654683734 122.9313063401 7.4678636665 -4.8887502623 0.0027072391
32217 313530.47 113.8443261822 34.090590595 3777427.771564 762537.7440736998 57.5638395045 0.3413705135 0.7915405534 122.7999653982 7.5673414093 -4.9121597996 0.0547831372
32218 313530.59 113.8443360983 34.0905852698 3777427.206092 762538.6760894 57.5693868902 -0.0123580034 0.7277360488 122.7698150257 7.6785867492 -4.9608129328 0.027875277
32219 313530.7 113.8443452888 34.0905803279 3777426.681285 762539.5399313002 57.5656904727 -0.1177855491 0.6391672587 122.7384177696 7.7546025473 -5.0179010388 -0.1054915634
32220 313530.81 113.8443545784 34.0905753367 3777426.15126 762540.4130695 57.555588305 0.0408393224 0.6539598251 122.7211519254 7.8344128494 -5.0694858792 -0.1162133136
32221 313530.92 113.8443639605 34.090570288 3777425.615095 762541.2949318001 57.5454675956 0.3142803258 0.6544529222 122.6877531086 7.9142634131 -5.1236412586 -0.0839886553
32222 313531.03 113.8443734418 34.0905652026 3777425.075112 762542.1860576002 57.5439329185 0.3236983299 0.7112924053 122.7003788812 7.999805931 -5.157668878 0.0194101326
32223 313531.14 113.8443830211 34.0905600634 3777424.529403 762543.086411 57.548792935 0.084087883 0.6958656087 122.6879825575 8.0678112733 -5.2198088238 0.0509604803
32224 313531.25 113.8443927084 34.0905548818 3777423.979271 762543.9968574 57.5496572396 -0.1021232076 0.677692121 122.6841991677 8.1695010176 -5.2598745608 -0.0381170287
32225 313531.36 113.8444024891 34.0905496371 3777423.422382 762544.9161233002 57.5396891655 0.084534362 0.7797512417 122.635487427 8.2327862115 -5.3343223857 -0.1307856471
32226 313531.47 113.8444123646 34.0905443431 3777422.860265 762545.8442965 57.5288591757 0.3185568508 0.8379580443 122.5295491344 8.3305735372 -5.3560873525 -0.0526694458
32227 313531.58 113.8444223504 34.0905390231 3777422.295544 762546.7827383998 57.5270398026 0.2663811391 0.9317661452 122.4066042257 8.4116648103 -5.4035977222 0.0383025388
32228 313531.62 113.8444260052 34.0905370788 3777422.089164 762547.1261929 57.5281163966 0.1866269125 0.9289755566 122.3552418507 8.4450160321 -5.4100071833 0.0329108739
32229 313531.72 113.8444352116 34.0905322106 3777421.572582 762547.9912708 57.5297579141 0.0547140388 0.9137813857 122.2709240177 8.5357657521 -5.417222465 0.0006430749
32230 313531.82 113.8444445074 34.0905273159 3777421.053284 762548.864693 57.5256220596 0.1370256921 0.8975866575 122.1861269359 8.6092452367 -5.4598968975 -0.0777671242
32231 313531.92 113.8444538894 34.0905223882 3777420.530554 762549.7461646 57.5170341991 0.3386335651 0.9008251729 122.0998059932 8.6951980472 -5.4913277201 -0.0622935242
32232 313532.02 113.8444633501 34.0905174359 3777420.005281 762550.6349891998 57.5156358294 0.2874254106 0.8851026166 122.0339446765 8.7555368461 -5.5208249661 0.0384693521
32233 313532.12 113.8444728909 34.090512455 3777419.477046 762551.5312878 57.5201659156 0.0544337383 0.8548482902 121.9777169401 8.8343515082 -5.5421578161 0.0275069372
32234 313532.22 113.8444825165 34.0905074434 3777418.9456339986 762552.4355194998 57.5176014025 0.0864161922 0.8466202575 121.9664053847 8.9107184893 -5.5913540848 -0.0781762238
32235 313532.32 113.8444922141 34.0905023931 3777418.4101 762553.3465085998 57.5090655191 0.3069734998 0.8034490502 121.949862546 8.9803088448 -5.6238299879 -0.0833974418
32236 313532.42 113.8445019787 34.0904973114 3777417.871255 762554.2637898001 57.5059087677 0.2970250724 0.8422074798 121.9361062255 9.0319628195 -5.6680802276 0.0176421339
32237 313532.52 113.8445118072 34.0904921907 3777417.328247 762555.1870914 57.5093408748 0.1171690341 0.8623265583 121.9094818624 9.1031093278 -5.7016405191 0.0369048797
32238 313532.62 113.8445217113 34.0904870438 3777416.782531 762556.1174485 57.5099175088 0.0297626021 0.879521075 121.9104338639 9.1681581072 -5.7379130609 -0.0223964827
32239 313532.72 113.8445316842 34.0904818607 3777416.232961 762557.054273 57.5039091287 0.1980565338 0.8233265116 121.9006195456 9.2370047367 -5.7755972457 -0.0719264951
32240 313532.82 113.8445417322 34.0904766493 3777415.680458 762557.9981282 57.4971730784 0.3924087683 0.7762312227 121.9250437574 9.2957999179 -5.8053155054 -0.0335110565
32241 313532.92 113.8445518399 34.0904714014 3777415.124048 762558.9475915999 57.4979001488 0.3481389895 0.7487046434 121.9754320191 9.3562105977 -5.8434419056 0.0652668648
32242 313533.02 113.8445620046 34.090466113 3777414.563293 762559.9024573001 57.5035842257 0.257435748 0.7867540646 122.070540323 9.3978772643 -5.9146810438 0.0612918853
32243 313533.11 113.8445711967 34.0904613013 3777414.052949 762560.7660438 57.5042121401 0.3046503937 0.682677537 122.1401550889 9.4356690346 -5.9449259838 -0.0265805088
32244 313533.2 113.8445804405 34.0904564618 3777413.53964 762561.6344835998 57.502086862 0.3447006889 0.7029302677 122.2489482694 9.4854373489 -5.9907905879 -0.0164621444
32245 313533.29 113.8445897133 34.090451576 3777413.021278 762562.505749 57.5031585712 0.2974119544 0.7489870389 122.3595150044 9.5196801555 -6.058267174 0.0176518323
32246 313533.38 113.8445990353 34.0904466547 3777412.499095 762563.3816716998 57.5049470384 0.1272476769 0.6348231928 122.5307863111 9.5777152189 -6.085714593 0.0310633366
32247 313533.47 113.8446083976 34.0904416901 3777411.972212998 762564.2614423 57.5070753964 0.0644560312 0.5409212927 122.7289860016 9.6102544343 -6.1620030756 0.0251039593
32248 313533.56 113.8446177887 34.090436667 3777411.438909 762565.1440594 57.5039740419 0.1367254767 0.4736638496 122.9437256776 9.6397956701 -6.2285578099 -0.0806192104
32249 313533.65 113.8446272139 34.090431582 3777410.898833 762566.0300106 57.4973306758 0.3255047889 0.3766144981 123.1930995401 9.6630728482 -6.2998376118 -0.097429052
32250 313533.66 113.8446282621 34.0904310141 3777410.838505 762566.1285434 57.4965261631 0.4038326686 0.3593419382 123.2239762405 9.6630848933 -6.3048409423 -0.0911012409
32251 313533.75 113.8446377109 34.0904258649 3777410.291357 762567.0168766999 57.4957049582 0.3663949192 0.3494091288 123.510140507 9.6828406938 -6.3840831807 0.0498615408
32252 313533.84 113.8446471726 34.0904206422 3777409.736092 762567.9066305 57.5009452673 0.1986523937 0.3578564308 123.7978515723 9.6978054205 -6.4874347664 0.0823500338
32253 313533.93 113.8446566538 34.0904153519 3777409.173374 762568.7983864 57.5040866882 -0.0103880761 0.3014169008 124.088728745 9.735301738 -6.5592228812 -0.0143036047
32254 313534.02 113.8446661623 34.0904099964 3777408.603482 762569.6928683 57.4997787857 -0.0052728816 0.2971074462 124.395190178 9.7518057458 -6.6480641025 -0.093453033
32255 313534.11 113.844675698 34.0904045608 3777408.024778 762570.5901043002 57.491367911 0.1660091011 0.2426226922 124.6972297255 9.7773591516 -6.7358807916 -0.0852355087
32256 313534.2 113.8446852543 34.0903990532 3777407.438136 762571.4894716998 57.4864722416 0.2137310677 0.2960219491 125.0105417956 9.7896900111 -6.8340841495 -0.0207264365
32257 313534.29 113.8446948198 34.0903934689 3777406.843009 762572.3899276998 57.4872612096 0.0685370883 0.3068927093 125.3043248327 9.8074341203 -6.9180244843 0.0217054639
32258 313534.38 113.8447044036 34.090387815 3777406.2402 762573.2922748 57.4866105374 0.0461964087 0.3535781037 125.6153462718 9.8234329284 -7.0192646207 -0.0436110126
32259 313534.47 113.8447140007 34.0903820801 3777405.628438 762574.1961161 57.4807312544 0.2338886334 0.3657232415 125.902798216 9.8321408441 -7.1091883202 -0.0807276628
32260 313534.56 113.8447236174 34.0903762743 3777405.008848 762575.101976 57.4755340684 0.4383352071 0.5027020886 126.2078209208 9.8562315465 -7.2085516718 -0.0351106361
32261 313534.65 113.8447332438 34.0903703884 3777404.380404 762576.0089838002 57.4761047522 0.3512069423 0.4505983509 126.4847501927 9.8780380196 -7.2862956336 0.0444225295
32262 313534.68 113.8447364593 34.0903684155 3777404.1697370014 762576.3119775 57.4784630481 0.2205128044 0.438051193 126.5895698431 9.8807289161 -7.299179884 0.0910214373
32263 313534.77 113.8447461171 34.0903624466 3777403.532155 762577.2221404 57.4841926359 -0.1210400785 0.50584008 126.8916097628 9.903082691 -7.415947275 -0.0617818088
32264 313534.86 113.8447557988 34.0903563934 3777402.885291 762578.1347626 57.4740918567 0.0491546878 0.3463773728 127.1951314833 9.9299935935 -7.4976563595 -0.14172124
32265 313534.95 113.8447655025 34.0903502731 3777402.231026 762579.0496318 57.4622064419 0.2199749052 0.3355816628 127.4995174075 9.9336110221 -7.5905823384 -0.1152756751
32266 313535.03 113.8447741309 34.0903447597 3777401.6413589986 762579.8633495 57.456775873 0.2638424789 0.3577710789 127.7311155206 9.945048376 -7.6770897463 -0.0630000407
32267 313535.11 113.8447827686 34.0903391837 3777401.04476 762580.6781087 57.4570350265 0.2713944904 0.4151071637 127.9748514221 9.9623629836 -7.7747863179 0.0467967538
32268 313535.19 113.8447914167 34.090333553 3777400.442125 762581.4940016 57.4595033172 0.1722368503 0.3952027968 128.2187212525 9.9773110681 -7.8321766437 0.0112711956
32269 313535.27 113.844800086 34.0903278698 3777399.833713 762582.3120085 57.4607064156 0.0219260327 0.4495147898 128.4811324156 10.0001919804 -7.9196863741 -0.0030386093
32270 313535.34 113.8448076759 34.0903228458 3777399.295686 762583.0283261 57.4574302733 0.1356811789 0.4450092746 128.695474283 10.0050833419 -7.9870084786 -0.0876471898
32271 313535.42 113.8448163648 34.0903170498 3777398.674808 762583.8484941998 57.4515432902 0.2702088011 0.4113465367 128.9495301643 10.0239611142 -8.0715241144 -0.0742556198
32272 313535.5 113.8448250588 34.0903111954 3777398.047454 762584.6693182 57.4488788638 0.3059686679 0.4064443469 129.1901896169 10.0223677945 -8.1561512772 0.0036364538
32273 313535.58 113.8448337607 34.0903052858 3777397.414005 762585.4910364002 57.4493181445 0.247232358 0.421054376 129.4362296399 10.0383296475 -8.2228929654 -0.0060509816
32274 313535.66 113.8448424722 34.0902993188 3777396.774204 762586.3138206998 57.4504855024 0.2476307686 0.4564275427 129.6896204143 10.0418866025 -8.3166066402 0.0080493883
32275 313535.74 113.8448511908 34.0902932912 3777396.127701 762587.1374502 57.4505066332 0.2137703496 0.4603573124 129.9326989253 10.059561325 -8.398222424 -0.0166487887
32276 313535.82 113.8448599168 34.0902872053 3777395.47475 762587.9619388998 57.4502609279 0.1347870714 0.5034512439 130.152060357 10.0629872509 -8.4812842881 -0.0165777974
32277 313535.9 113.8448686518 34.0902810609 3777394.815324 762588.7874496 57.449307532 0.0326115312 0.5365210864 130.3339125068 10.0814243498 -8.549450055 -0.0281885736
32278 313535.98 113.8448774039 34.0902748638 3777394.150099 762589.614694 57.4450350227 -0.0037081587 0.6257262058 130.5111655041 10.0962588316 -8.6267110342 -0.0881315464
32279 313535.99 113.8448784987 34.0902740851 3777394.066497 762589.7181795 57.4440965652 0.0218684155 0.6257010087 130.5323011853 10.0962399447 -8.6379254744 -0.1011965171
32280 313536.07 113.8448872646 34.0902678279 3777393.394632 762590.5468910999 57.4365706304 0.1332784983 0.6061294832 130.6992378936 10.12315704 -8.7001113099 -0.0923907616
32281 313536.15 113.8448960431 34.0902615193 3777392.717099 762591.376921 57.4302979503 0.2529899325 0.6309715665 130.8849157916 10.1332370626 -8.776100394 -0.0701408679
32282 313536.23 113.8449048338 34.090255161 3777392.034085 762592.2082216998 57.4290628871 0.3002122488 0.5417172781 131.0624665183 10.1575991757 -8.8313457068 0.0195250096
32283 313536.31 113.8449136415 34.0902487574 3777391.346084 762593.0412412 57.4308691658 0.1807330922 0.5458967158 131.2526461012 10.1658253728 -8.8996365044 0.02679503
32284 313536.39 113.8449224588 34.0902423025 3777390.652413 762593.8753077 57.4326649662 0.1245900102 0.530128147 131.4475796879 10.1851435897 -8.9725948927 0.008335609
32285 313536.47 113.8449312903 34.0902357956 3777389.953 762594.7108397 57.430601636 0.1452345491 0.4984348612 131.6423231899 10.1974565571 -9.0472363207 -0.0458323605
32286 313536.55 113.8449401285 34.0902292358 3777389.247749 762595.5471641999 57.4267892866 0.1442996591 0.532845466 131.827437197 10.2024918464 -9.1125786721 -0.0596298173
32287 313536.63 113.8449489727 34.0902226231 3777388.536637 762596.3841977 57.4239270575 0.2159231064 0.6082251832 132.0133661247 10.21011345 -9.1993308162 -0.0313673587
32288 313536.71 113.8449578222 34.0902159562 3777387.819521 762597.2218867 57.4209880894 0.3421497697 0.6546815637 132.1954773365 10.2193371701 -9.2649779047 -0.0339398888
32289 313536.72 113.8449589298 34.0902151197 3777387.7295410014 762597.326736 57.4208838819 0.3355966787 0.6599901811 132.2205229299 10.2246811352 -9.2705609495 -0.0162962329
32290 313536.8 113.8449677904 34.0902083994 3777387.006522 762598.1656195 57.4207021557 0.3304610899 0.6991014688 132.4249927361 10.2261613528 -9.340416072 0.003652146
32291 313536.88 113.844976657 34.0902016297 3777386.278044 762599.0052085 57.4237431483 0.2964552734 0.6900927468 132.6347374555 10.2416760053 -9.4044194087 0.0457815761
32292 313536.96 113.8449855328 34.0901948102 3777385.544068 762599.8458039 57.4255229589 0.2705348423 0.7164933171 132.8696272707 10.2410534469 -9.484596425 0.0014895916
32293 313537.04 113.8449944093 34.0901879359 3777384.804005 762600.686626 57.4254520135 0.4027415817 0.6234649573 133.098843877 10.244130196 -9.5527720569 0.0030253733
32294 313537.12 113.8450032972 34.0901810072 3777384.05794 762601.52868 57.4274305943 0.3235496908 0.6565877618 133.353806874 10.2379666699 -9.6410158426 0.0401182934
32295 313537.2 113.8450121722 34.0901740179 3777383.305114 762602.3697216 57.4306976786 0.1975649857 0.6205385501 133.5985945405 10.2263947197 -9.7180780101 0.0324601314
32296 313537.28 113.8450210451 34.0901669696 3777382.545731 762603.2107502 57.4317906331 0.0742228383 0.6061650075 133.8548379217 10.2233977153 -9.8039706594 -0.0089570256
32297 313537.36 113.8450299129 34.0901598617 3777381.779722 762604.0514994 57.4305904675 -0.1104765203 0.591686822 134.108753563 10.22377774 -9.8820150067 -0.0347086501
32298 313537.39 113.8450332386 34.0901571818 3777381.490866 762604.3668523001 57.4287783448 -0.1266582035 0.5847515805 134.2099104587 10.2226095828 -9.9110943703 -0.0782364847
32299 313537.46 113.8450409957 34.0901508933 3777380.812935 762605.1025077 57.4223550688 -0.1158320586 0.552371518 134.4402848858 10.2141648076 -9.9906514013 -0.1245792656
32300 313537.53 113.8450487505 34.0901445599 3777380.130026 762605.8380979998 57.4132693978 -0.0064258484 0.5105761407 134.6757168811 10.2144079325 -10.0587917509 -0.1315669425
32301 313537.6 113.8450564996 34.0901381827 3777379.442226 762606.5732984998 57.4057191769 0.0417195807 0.4836928937 134.9086415188 10.2003538461 -10.1321330803 -0.0867162552
32302 313537.67 113.8450642382 34.090131759 3777378.749249 762607.3076665 57.4021622399 -0.0030381292 0.4575728345 135.1369402406 10.1916646095 -10.1990013196 -0.040085894
32303 313537.74 113.845071971 34.0901252888 3777378.051094 762608.0416515 57.4002067745 -0.0466929505 0.4648105154 135.3719496088 10.1820302421 -10.2813592728 -0.0355947853
32304 313537.81 113.8450796972 34.0901187692 3777377.347431 762608.7751701998 57.396424179 -0.0598790688 0.3873111977 135.6000711468 10.1798959409 -10.3560674443 -0.0732642715
32305 313537.88 113.8450874214 34.0901122052 3777376.638851 762609.5086479 57.3909753999 -0.0109702164 0.3281188284 135.8314789942 10.1736196097 -10.4244049569 -0.0835348001
32306 313537.95 113.8450951369 34.0901055944 3777375.92505 762610.2414603 57.3861966031 0.037616176 0.3270366837 136.0572608615 10.1555358707 -10.4991740536 -0.0764068477
32307 313538.02 113.8451028476 34.0900989354 3777375.205879 762610.9739837 57.3813147573 0.1487386516 0.3023301887 136.281667615 10.1545911838 -10.5808225078 -0.0750821152
32308 313538.09 113.8451105488 34.0900922294 3777374.4814699986 762611.7057799 57.3776949281 0.2777624551 0.3241397343 136.4856278711 10.1407965708 -10.659699136 -0.0341243912
32309 313538.16 113.8451182404 34.0900854784 3777373.752056 762612.436825 57.377915239 0.1810514025 0.3533635679 136.6916075122 10.1309171751 -10.7244872939 0.019866715
32310 313538.23 113.8451259228 34.0900786846 3777373.017849 762613.1671529 57.3793433001 0.1285425425 0.4118765398 136.894611189 10.1109712179 -10.7882611154 -0.0160912007
32311 313538.3 113.8451335991 34.0900718433 3777372.278365 762613.8970623 57.3791681826 0.2026551978 0.483379055 137.0974559427 10.1161172355 -10.8679252032 -0.0521105774
32312 313538.37 113.8451412683 34.0900649574 3777371.533918 762614.6264525 57.3764660349 0.2264650173 0.512634512 137.2870754094 10.0968374324 -10.9419366638 -0.0445873201
32313 313538.44 113.8451489312 34.0900580322 3777370.785092 762615.355386 57.3745297231 0.2926457711 0.4834400581 137.4619119848 10.095710227 -10.9882805307 -0.0164294871
32314 313538.51 113.8451565931 34.090051071 3777370.032261 762616.0843365 57.3767494205 0.2140924106 0.4611315993 137.6279897564 10.0954554686 -11.0547765655 0.0382619152
32315 313538.58 113.8451642554 34.090044073 3777369.275348 762616.8134403002 57.3786329739 0.0525736933 0.381095432 137.7907672595 10.0995533862 -11.1052341743 -0.0020073472
32316 313538.65 113.8451719218 34.0900370406 3777368.514632 762617.5430295998 57.3783929516 0.0344387034 0.3316144942 137.9591436378 10.1039205694 -11.1727856709 -0.028562018
32317 313538.72 113.8451795841 34.0900299673 3777367.749365 762618.2723668 57.3750761915 -0.075243996 0.2594792269 138.1156080627 10.0966969768 -11.2245572476 -0.0810777377
32318 313538.79 113.845187246 34.0900228559 3777366.97987 762619.0017826002 57.3696753038 0.0472511715 0.2407823119 138.2674046855 10.0864703286 -11.2899543816 -0.0818286448
32319 313538.86 113.8451949003 34.090015699 3777366.205304 762619.7306376 57.3646690072 0.070912068 0.2786001929 138.3934169135 10.0815928019 -11.3656066838 -0.0683882427
32320 313538.93 113.8452025549 34.0900085041 3777365.42652 762620.4596472 57.3590617264 0.1340452048 0.3538184301 138.5103822509 10.0828803141 -11.4190020398 -0.056272839
32321 313539.0 113.8452102074 34.0900012741 3777364.643835 762621.1885554 57.35722805 0.1254757561 0.4194163864 138.6010473709 10.0836173099 -11.4759366457 -0.0123428635
32322 313539.07 113.8452178662 34.0899940135 3777363.857784 762621.9181527 57.3561638715 0.0953751463 0.4569948955 138.6865305866 10.1004351712 -11.5167606098 -0.0375531587
32323 313539.14 113.8452255305 34.0899867236 3777363.068483 762622.6483462 57.3547508391 0.141523232 0.4291562717 138.7838801076 10.1064115428 -11.5592428312 -0.0210920608
32324 313539.21 113.8452332073 34.0899794074 3777362.2763 762623.3797656 57.3540055947 0.0311757639 0.3872216918 138.8928949624 10.1245169258 -11.6041335022 -0.0059994073
32325 313539.28 113.8452408902 34.0899720616 3777361.480839 762624.1118535 57.3521182295 -0.0842840952 0.389918492 138.9989659788 10.1289604083 -11.6653446276 -0.0335941725
32326 313539.35 113.8452485797 34.0899646823 3777360.681685 762624.8446509 57.3473022757 -0.173340257 0.3844500297 139.1038844408 10.1455973012 -11.7101340859 -0.1040048358
32327 313539.42 113.8452562725 34.0899572685 3777359.878708 762625.5778544 57.338116643 -0.0395558664 0.4124420944 139.2022537594 10.1386841802 -11.7682471729 -0.1611933365
32328 313539.49 113.8452639672 34.0899498191 3777359.071791 762626.3113420998 57.328762495 0.1823031031 0.4000818415 139.2955362416 10.151340643 -11.8217883186 -0.1168833764
32329 313539.56 113.8452716642 34.0899423404 3777358.261622 762627.0451431 57.3241229933 0.2613477803 0.4220740305 139.398485971 10.1418839026 -11.8634579245 -0.0154333818
32330 313539.63 113.8452793676 34.0899348353 3777357.448539 762627.7796082 57.3264478454 0.1531797534 0.4008397265 139.5229442321 10.1603462166 -11.9080038234 0.0715483791
32331 313539.7 113.8452870738 34.0899273008 3777356.632209 762628.514425 57.3304186659 -0.0968127064 0.3785056776 139.6680388882 10.1579516527 -11.9577895564 0.0166846723
32332 313539.77 113.8452947818 34.0899197318 3777355.812042 762629.2495184 57.3289787788 -0.0121306948 0.2635140507 139.8240251491 10.1619404895 -12.0086975358 -0.0637569726
32333 313539.84 113.8453024886 34.0899121244 3777354.987619 762629.9846130002 57.323463683 0.0431116917 0.1999145437 139.9779537146 10.1567761649 -12.0799668131 -0.0944381093
32334 313539.91 113.8453101862 34.0899044829 3777354.159389 762630.7189665998 57.3179574302 0.1553559547 0.1791327342 140.1299648569 10.1394639359 -12.1223067495 -0.0696520158
32335 313539.98 113.8453178718 34.089896803 3777353.326867 762631.452335 57.3159703715 0.2011482709 0.2730735726 140.2760218713 10.1191006785 -12.1959932224 -0.0192890693
32336 313540.05 113.8453255463 34.0898890789 3777352.489404 762632.1848105 57.3136407565 0.3704557809 0.3805983532 140.4128260422 10.1128389109 -12.2700313619 -0.0392725023
32337 313540.12 113.845333211 34.0898813179 3777351.647826 762632.9164945 57.3151471168 0.4832469096 0.4539236009 140.5602654125 10.0934850203 -12.3139862356 0.046438989
32338 313540.19 113.8453408624 34.0898735256 3777350.802739 762633.6470536998 57.3260219013 0.2476057324 0.5280468608 140.7036023441 10.0832724006 -12.3621102107 0.169632129
32339 313540.26 113.8453485132 34.0898656992 3777349.953865 762634.3776537 57.3338789353 -0.0391906678 0.5690924073 140.8627173622 10.0860994503 -12.4238854952 0.0450532397
32340 313540.33 113.8453561658 34.0898578385 3777349.1011910015 762635.1085341 57.3325205958 -0.1159764615 0.4430831455 141.0392247078 10.0906453876 -12.4690078344 -0.0858029269
32341 313540.4 113.8453638203 34.0898499432 3777348.244686 762635.8396906 57.325091539 -0.070412225 0.3146066135 141.2283607635 10.0850038983 -12.5312760323 -0.1399960678
32342 313540.47 113.8453714683 34.0898420107 3777347.384026 762636.5703687 57.3149483735 -0.0557649719 0.2270206857 141.4090100219 10.0752613232 -12.5880521318 -0.1593393573
32343 313540.54 113.8453791028 34.0898340398 3777346.519082 762637.299915 57.3065306582 0.0262257275 0.231535122 141.588986654 10.0505189309 -12.654936725 -0.1128265453
32344 313540.61 113.8453867181 34.0898260235 3777345.649041998 762638.027827 57.2998301377 0.0627938548 0.2488785795 141.7525531799 10.027113842 -12.7252979514 -0.0926191132
32345 313540.63 113.8453888903 34.0898237262 3777345.399683 762638.2354975998 57.2982790209 0.1171980347 0.2607384575 141.7960748503 10.0174240027 -12.7375100056 -0.0790688268
32346 313540.7 113.8453964802 34.0898156598 3777344.524014 762638.9612173 57.29730359 0.0950233974 0.2791692794 141.9479220431 9.992550207 -12.7977364661 0.0232798115
32347 313540.77 113.8454040613 34.0898075607 3777343.644706 762639.6862313001 57.2993114563 0.0793584275 0.2631916131 142.1087844428 9.9896935005 -12.8547023352 0.0178528358
32348 313540.84 113.8454116396 34.0897994326 3777342.762169 762640.411078 57.3005370349 0.1003201108 0.0609882382 142.282457182 9.9900683467 -12.8918424705 -0.0465913153
32349 313540.91 113.8454192177 34.0897912801 3777341.876919002 762641.1359784 57.2998128915 0.2312863229 0.0118486912 142.4762649877 9.9675193987 -12.9372833715 0.0098689391
32350 313540.98 113.8454267803 34.0897830887 3777340.98731 762641.8595687 57.2989812624 0.1870061053 -0.2459035534 142.6518827698 9.9589725868 -13.0114799297 0.01146906
32351 313541.05 113.8454343292 34.0897748716 3777340.0948230014 762642.581983 57.2984227017 0.137180254 -0.2796410256 142.8274984697 9.9272028866 -13.0411675416 -0.0308035254
32352 313541.12 113.8454418515 34.0897666153 3777339.19791 762643.3020506 57.2988974107 0.1289183703 -0.2421543772 142.9771554871 9.8809714476 -13.1030462353 0.0541934403
32353 313541.19 113.8454493476 34.0897583124 3777338.295758 762644.0198503 57.2951440038 -0.0569743507 0.0276840188 143.1176475122 9.8518927918 -13.2015052836 0.0032136227
32354 313541.26 113.8454568218 34.0897499724 3777337.389436 762644.7357345 57.287453088 -0.0913994467 0.2905118408 143.252311215 9.829278055 -13.2383599158 -0.1893618487
32355 313541.29 113.8454600198 34.0897463862 3777336.999669 762645.0420995 57.2850636141 0.1698271148 0.3765734977 143.3098529181 9.8316074425 -13.287066009 -0.0216486641
32356 313541.36 113.8454674682 34.0897379962 3777336.087732 762645.7557585 57.2808216633 0.074971207 0.5945336398 143.4592294688 9.8047239518 -13.3121385609 -0.070513516
32357 313541.43 113.8454749134 34.0897295784 3777335.172705998 762646.4692101 57.2795493705 0.1721109142 0.6179720809 143.6382700185 9.8054457562 -13.3511710197 0.0044405306
32358 313541.5 113.8454823547 34.0897211366 3777334.255003 762647.18238 57.2814241452 0.0056873493 0.6053310864 143.8393627236 9.796162059 -13.4072582117 0.0166487003
32359 313541.57 113.8454897871 34.089712665 3777333.333961 762647.894818 57.2819510419 -0.0160097347 0.4961243573 144.0481490306 9.7935044584 -13.4585647918 -0.0220626519
32360 313541.64 113.8454972029 34.0897041591 3777332.409077 762648.6058266 57.2804259453 -0.1082541906 0.3625209004 144.2520508129 9.7575879404 -13.5138375845 -0.0488219897
32361 313541.7 113.8455035444 34.0896968389 3777331.613019998 762649.2139789001 57.2753480179 0.0038850353 0.2897508693 144.4145354406 9.7328735694 -13.5605203431 -0.1046055316
32362 313541.76 113.8455098686 34.0896894895 3777330.813669 762649.8206272 57.2699477226 0.0255622091 0.2698408491 144.566594429 9.7007980899 -13.6072405613 -0.1066930329
32363 313541.82 113.8455161732 34.0896821121 3777330.011162 762650.4255544002 57.2650876623 0.0598183273 0.2789529852 144.7081222654 9.6767735444 -13.6660601068 -0.0637140883
32364 313541.88 113.8455224588 34.0896747081 3777329.205655 762651.0288061999 57.2615262074 0.0821587907 0.3516382494 144.8493560938 9.645745761 -13.7181342653 -0.0557389743
32365 313541.94 113.8455287251 34.0896672754 3777328.396912 762651.6303601 57.2591849864 0.0908361731 0.446962595 144.979355526 9.6182416867 -13.765093968 -0.017248656
32366 313542.0 113.8455349777 34.0896598193 3777327.585539 762652.2307236 57.2578559248 0.1274371672 0.5025468129 145.1156007025 9.602907547 -13.8077614316 -0.0186987458
32367 313542.05 113.8455401777 34.0896535857 3777326.9071370014 762652.7301212 57.2573795766 0.1355456324 0.5373322778 145.2287886451 9.5840286523 -13.8391512534 -0.0157830927
32368 313542.11 113.8455464063 34.0896460843 3777326.090672 762653.3284175 57.257669596 0.1286890745 0.5461344171 145.3677404367 9.5785161036 -13.8755969532 -0.01388397
32369 313542.17 113.8455526253 34.0896385601 3777325.271654 762653.925884 57.2576761804 0.1510084295 0.5815484989 145.5246244695 9.558238069 -13.9260112413 -0.0318491241
32370 313542.23 113.8455588329 34.089631011 3777324.449849 762654.5223849 57.2570691546 0.1595746477 0.5671165843 145.6714050677 9.5426522313 -13.9723829243 -0.0020151955
32371 313542.29 113.8455650259 34.0896234376 3777323.6253059986 762655.1176093002 57.2566202926 0.094204551 0.5404175555 145.8103644506 9.5153958245 -14.0213815616 0.0244267946
32372 313542.35 113.8455712057 34.0896158418 3777322.798233 762655.7116886999 57.2566795936 -0.073084266 0.5440040466 145.9408575925 9.4975522558 -14.0557973892 0.001805267
32373 313542.41 113.8455773735 34.0896082216 3777321.968439 762656.3047318001 57.2547031855 -0.1839079549 0.5660367594 146.0758333154 9.4754715537 -14.1017628782 -0.0766072106
32374 313542.47 113.8455835277 34.0896005756 3777321.135739 762656.8965977 57.2492292887 -0.1611702906 0.498578897 146.2055688347 9.4599395792 -14.1468957443 -0.1231425016
32375 313542.53 113.8455896737 34.0895929064 3777320.300439 762657.4877837 57.2416923772 -0.1264642098 0.4975256256 146.3396563695 9.4458797853 -14.1919488524 -0.1460099531
32376 313542.59 113.8455958052 34.0895852124 3777319.462354 762658.0777068002 57.2325592646 0.0179945178 0.4914788441 146.4707142322 9.4197530021 -14.241498464 -0.1428089928
32377 313542.65 113.8456019235 34.0895774972 3777318.6218839986 762658.6664696 57.2266430426 0.1416218631 0.510107513 146.5996932107 9.4026301844 -14.2746493931 -0.0604572014
32378 313542.71 113.845608028 34.0895697599 3777317.778924 762659.2540296 57.2254200978 0.1504121134 0.4970964422 146.7358280618 9.3779745678 -14.312630555 -0.0084531929
32379 313542.77 113.8456141189 34.0895620019 3777316.933631 762659.8404023001 57.226992269 0.1051290793 0.4461499261 146.8733570506 9.3623381009 -14.3540343852 0.0359647309
32380 313542.81 113.8456181739 34.0895568184 3777316.368816002 762660.230834 57.2287725359 -0.0072571627 0.4098070638 146.9706127347 9.3501468999 -14.377485014 0.0317105967
32381 313542.87 113.8456242471 34.0895490243 3777315.519472 762660.8156804 57.2299511488 -0.116668096 0.3483290624 147.1141822024 9.335593374 -14.4211706061 -0.0081272806
32382 313542.93 113.845630308 34.0895412078 3777314.667609 762661.399466 57.2277617026 -0.1596039348 0.3078251964 147.2589454952 9.3112413821 -14.4663709798 -0.0599857275
32383 313542.99 113.8456363527 34.0895333658 3777313.812868 762661.9818244 57.2219482586 -0.1436872889 0.3005208431 147.3958357566 9.2849039762 -14.5106514877 -0.1308353779
32384 313543.05 113.8456423832 34.0895254989 3777312.9553410006 762662.5629537 57.2131876778 0.0536978372 0.3482158442 147.5230491665 9.2612066897 -14.5591851878 -0.1586368079
32385 313543.11 113.8456483929 34.0895176071 3777312.09499 762663.142242 57.2070284942 0.2345429847 0.4024899926 147.647912416 9.2238916806 -14.6060545185 -0.0886044525
32386 313543.17 113.8456543856 34.0895096955 3777311.232399 762663.7200253 57.2054133043 0.3017858109 0.4467495183 147.7713444524 9.2033497175 -14.639266887 0.0106945028
32387 313543.23 113.8456603618 34.0895017652 3777310.36769 762664.2963353002 57.2091488726 0.1654712235 0.4780893265 147.9076703699 9.1755282676 -14.6731534388 0.0652614837
32388 313543.29 113.8456663263 34.089493816 3777309.50085 762664.8716254 57.2137313364 0.0364183441 0.5020291849 148.0471438521 9.1619280733 -14.7064465051 0.0350019567
32389 313543.35 113.8456722801 34.089485844 3777308.63146 762665.4460024 57.2146401014 0.0346350307 0.4734040569 148.2030104436 9.1431374811 -14.7596016316 -0.0350002439
32390 313543.41 113.8456782202 34.0894778505 3777307.759649 762666.019176 57.2129068496 0.0225801965 0.4275148373 148.3501212826 9.123218647 -14.7921362326 -0.0583876738
32391 313543.47 113.8456841426 34.0894698351 3777306.885351 762666.5907874 57.2104245387 0.0393868766 0.4172277789 148.4979984685 9.0890527623 -14.8376601446 -0.0529496596
32392 313543.53 113.8456900446 34.0894617976 3777306.008563 762667.1605840998 57.2081209654 0.0758490202 0.444067604 148.6375830402 9.0589632022 -14.8733435413 -0.0530503945
32393 313543.59 113.8456959262 34.0894537347 3777305.128894 762667.7285715998 57.2063648431 0.0889396689 0.483143047 148.7730309543 9.0236558964 -14.9237766327 -0.0304751269
32394 313543.65 113.8457017885 34.0894456491 3777304.246661 762668.2948465998 57.2045283876 0.1160953584 0.5305689319 148.9055645114 9.0020806855 -14.9670121954 -0.0240931665
32395 313543.71 113.8457076334 34.089437543 3777303.362101998 762668.8595858002 57.2036562981 0.094637346 0.6065553784 149.0449877354 8.9711948301 -15.0024058639 -0.004391942
32396 313543.77 113.8457134588 34.0894294146 3777302.475018 762669.4225834 57.2040024148 0.0381310868 0.614670407 149.1812129443 8.9429829805 -15.0412216931 0.0016072287
32397 313543.83 113.8457192717 34.0894212669 3777301.585762 762669.9844912 57.2041936768 0.0104039327 0.6194848887 149.3280309009 8.9253292738 -15.0788749372 -0.0141973461
32398 313543.89 113.8457250699 34.0894130965 3777300.693954 762670.5451115 57.2022912279 0.0793728946 0.6072009729 149.484843616 8.9016487509 -15.1156327548 -0.0642998675
32399 313543.95 113.8457308546 34.0894049049 3777299.799753 762671.1045581 57.1993559282 0.1822489141 0.5635742434 149.651032979 8.877498647 -15.1555139667 -0.0460437872
32400 313544.01 113.8457366199 34.089396693 3777298.9032559986 762671.6622644 57.1999272117 0.1192523433 0.4912998426 149.8242629223 8.843938211 -15.1948852173 0.0184115657
32401 313544.07 113.8457423616 34.0893884641 3777298.00481 762672.21785 57.20185073 0.0086591953 0.4691702517 149.9967109546 8.8116675001 -15.2348100167 0.0111523199
32402 313544.13 113.8457480769 34.0893802082 3777297.103293 762672.7710823001 57.202231707 -0.1113106294 0.4328590533 150.1651125565 8.7735733255 -15.2928550385 -0.0428502953
32403 313544.19 113.8457537694 34.0893719275 3777296.198968 762673.3222903 57.1986093139 -0.1390402835 0.3387018512 150.3244928471 8.7406204376 -15.3327247046 -0.098071281
32404 313544.21 113.8457556627 34.0893691624 3777295.896976 762673.5056469 57.197083151 -0.1431743275 0.3153645418 150.3791536883 8.7341481333 -15.3460337716 -0.0865521327
32405 313544.27 113.8457613272 34.0893608528 3777294.989373 762674.054354 57.1920399358 -0.1897335351 0.2703177878 150.5410428157 8.700898995 -15.3879704336 -0.0925063404
32406 313544.33 113.845766974 34.0893525211 3777294.07927 762674.6015002 57.1842590552 -0.087942429 0.2949194938 150.7101451897 8.6691628112 -15.4282723775 -0.1548589024
32407 313544.39 113.8457725926 34.0893441625 3777293.166115 762675.1461255 57.1764013683 0.0539675419 0.2913079772 150.8735291765 8.6219186189 -15.4773352486 -0.1263261305
32408 313544.45 113.8457781855 34.0893357835 3777292.250621 762675.6884299 57.1722484687 0.1153886082 0.2638512967 151.0299930367 8.5862019098 -15.5110322649 -0.0485352326
32409 313544.51 113.8457837542 34.0893273852 3777291.332932 762676.2285729 57.1732338062 -0.0045461971 0.2279737761 151.1841386457 8.5481681312 -15.5434031463 0.0278135981
32410 313544.57 113.845789304 34.0893189673 3777290.41301 762676.7670196998 57.1753177345 -0.181831727 0.2359019166 151.3364758627 8.5255692025 -15.5868614642 -0.0083908568
32411 313544.63 113.8457948349 34.0893105269 3777289.490549 762677.3037994 57.1732218657 -0.2399575543 0.169762798 151.4973331537 8.4958231073 -15.626585379 -0.0879727807
32412 313544.69 113.8458003446 34.0893020652 3777288.565673 762677.8386896999 57.1682522884 -0.2487371171 0.1116596248 151.6423778718 8.4638990815 -15.6635104824 -0.1091550525
32413 313544.75 113.8458058331 34.0892935842 3777287.638592 762678.3716699 57.1614912739 -0.1546512565 0.0916013238 151.7872430007 8.4271872144 -15.7031044925 -0.1412925549
32414 313544.81 113.8458112991 34.0892850815 3777286.709043 762678.9026518002 57.1540199546 -0.0333781479 0.0832121811 151.9177145192 8.3954479701 -15.7402346763 -0.126149965
32415 313544.87 113.8458167435 34.0892765604 3777285.777409 762679.4316885 57.149060525 0.0052806575 0.0987964816 152.0544968084 8.3575370728 -15.7746945887 -0.0452645165
32416 313544.88 113.8458176485 34.0892751386 3777285.621944 762679.5196455 57.1486654934 -0.0314416428 0.1152354018 152.0772009505 8.3511044587 -15.778360052 -0.0361097492
32417 313544.94 113.8458230671 34.089266598 3777284.688071 762680.0463702 57.146238124 -0.0382926617 0.1547409483 152.2110370032 8.3255475248 -15.8065444748 -0.047122448
32418 313545.0 113.8458284635 34.089258037 3777283.751882 762680.5711003002 57.1439552968 0.0300996591 0.1614960412 152.3493722182 8.2838179434 -15.8439185635 -0.0367337585
32419 313545.06 113.8458338425 34.0892494594 3777282.813803 762681.0942729 57.1426257901 0.0374214377 0.135301501 152.4811659944 8.2615995574 -15.8716898922 -0.0250063801
32420 313545.12 113.8458392067 34.0892408693 3777281.874296 762681.6161291 57.1430307673 -0.0734873622 0.1005402705 152.6230118247 8.2314048379 -15.8929092598 0.0015339531
32421 313545.18 113.8458445526 34.089232266 3777280.933287998 762682.1363255 57.1431713151 -0.2021906464 0.0931998121 152.7671454854 8.2046062558 -15.9217663994 -0.0168236367
32422 313545.24 113.845849878 34.089223647 3777279.99047 762682.6546798 57.13927997 -0.219470315 0.0186239441 152.9221494121 8.1665114341 -15.9541836307 -0.1032524996
32423 313545.3 113.8458551789 34.0892150135 3777279.045989 762683.1708208 57.1326341685 -0.1361427254 -0.0229026609 153.0664943899 8.1281381128 -15.9750155717 -0.126236548
32424 313545.36 113.8458604525 34.0892063681 3777278.10011 762683.684476 57.126023273 -0.0017265066 -0.0176369147 153.2174407325 8.0837269337 -15.9990760023 -0.1081510682
32425 313545.42 113.8458656927 34.0891977123 3777277.152996 762684.1950744998 57.1219461346 0.0767117499 -0.0063177724 153.3523556802 8.0344150199 -16.0145659699 -0.0366176067
32426 313545.48 113.8458709032 34.0891890487 3777276.204942 762684.7029653002 57.1219432931 0.0744146175 0.1048048807 153.4976341133 7.9864655183 -16.0325856202 0.0339245024
32427 313545.54 113.8458760792 34.089180375 3777275.255682 762685.2076924 57.1227705534 0.1071866533 0.0979266253 153.6430367522 7.9358213418 -16.0465092958 0.0109147443
32428 313545.59 113.8458803722 34.0891731445 3777274.464299 762685.6264377 57.124932833 0.065583052 0.095463415 153.7684529233 7.8998715848 -16.0471764651 0.0532487818
32429 313545.65 113.8458854955 34.0891644675 3777273.514537 762686.1263073002 57.1292743385 -0.1128449325 0.094128299 153.9258322479 7.8525647711 -16.0486240471 0.033902426
32430 313545.71 113.8458905924 34.0891557865 3777272.564248998 762686.6237631 57.1313462313 -0.2341054729 0.1122114078 154.0792572449 7.811358698 -16.0564699459 -0.0269351313
32431 313545.77 113.8458956587 34.0891470995 3777271.613225 762687.1184099 57.1272877939 -0.05993749 0.0486410094 154.2386966177 7.7560330172 -16.0672880988 -0.0949248105
32432 313545.83 113.8459006944 34.0891384065 3777270.661461 762687.6102437 57.1223493926 0.0925285251 0.0752510138 154.3835865255 7.7090753731 -16.0812269912 -0.0628782785
32433 313545.89 113.8459056934 34.0891297129 3777269.709526 762688.0986903001 57.119654295 0.2204210696 0.1076344644 154.5237434809 7.6534141044 -16.0797638032 0.0113329247
32434 313545.95 113.8459106553 34.0891210193 3777268.757508 762688.5837221 57.1226931745 0.209995678 0.1944695108 154.6529437694 7.5971295977 -16.0722781586 0.0832789942
32435 313546.01 113.8459155827 34.0891123244 3777267.805241 762689.0655633 57.1289516334 0.1397952026 0.2571880759 154.7928061077 7.5469254522 -16.0781662779 0.087138343
32436 313546.07 113.8459204777 34.0891036313 3777266.853107 762689.5444041998 57.1360375099 0.0410076282 0.2592037268 154.9277250551 7.5075725962 -16.074871212 0.097572989
32437 313546.13 113.8459253458 34.0890949408 3777265.901178 762690.0207653 57.141259104 -0.0321355733 0.293392519 155.0859896571 7.4644026298 -16.0730611202 0.0670578624
32438 313546.19 113.845930183 34.089086249 3777264.9490309986 762690.4942746 57.143979542 -0.0774091845 0.2766925533 155.2326175307 7.4203300726 -16.0751666107 0.0102383445
32439 313546.25 113.8459349883 34.0890775579 3777263.996886 762690.9648292 57.1445678268 -0.0366601538 0.2210794015 155.3870565279 7.3631318486 -16.0736758391 -0.0121073387
32440 313546.3 113.8459389689 34.0890703137 3777263.2031870014 762691.3547701 57.1439711591 0.0318786668 0.1742080529 155.5113395206 7.3265462305 -16.0765218604 -0.0241467363
32441 313546.36 113.8459437177 34.0890616229 3777262.2509199986 762691.8201108002 57.1438070787 0.082068646 0.1277784374 155.6657398643 7.2795000762 -16.072048673 0.0059659118
32442 313546.42 113.8459484327 34.0890529344 3777261.298822 762692.282317 57.1454386888 0.0941897643 0.1479897488 155.8263853859 7.2305340063 -16.0692774171 0.0367701903
32443 313546.48 113.8459531127 34.0890442438 3777260.3464089986 762692.7413091 57.1468239352 0.1382157909 0.1256562401 155.995258193 7.1727575886 -16.077296011 0.0127052342
32444 313546.54 113.8459577532 34.0890355537 3777259.393947 762693.1966455 57.1497202674 0.2022213237 0.0784480187 156.1497216016 7.1136196265 -16.0722627797 0.0677508659
32445 313546.6 113.845962359 34.0890268669 3777258.4417550014 762693.6487712 57.1544519058 0.2218445111 0.1024046681 156.3220729295 7.0583810612 -16.0643632476 0.0407879881
32446 313546.66 113.8459669259 34.0890181824 3777257.489727 762694.0973033 57.1596832089 0.2675648371 0.0260334102 156.4831650165 6.9960255666 -16.0608346294 0.0802504182
32447 313546.72 113.8459714572 34.0890095027 3777256.538134 762694.5425283002 57.1661056085 0.2275865771 -0.0043825959 156.656074375 6.9440342327 -16.052280733 0.1098160335
32448 313546.78 113.8459759514 34.0890008298 3777255.587201 762694.9843016 57.1722030556 0.167582108 -0.0935095529 156.8340426899 6.8822622839 -16.0352766934 0.1047355991
32449 313546.84 113.8459804076 34.0889921649 3777254.637063 762695.4225448002 57.1785376454 0.0568658106 -0.0612297568 157.0134550328 6.8204642986 -16.02033919 0.0951383148
32450 313546.9 113.8459848189 34.0889835049 3777253.68735 762695.8566354 57.1824977575 0.0596370001 -0.0685576064 157.2019325314 6.7392665867 -16.0119565077 0.0409548498
32451 313546.94 113.8459877342 34.0889777339 3777253.0544 762696.1436532 57.1836236799 0.1068265935 -0.1366757847 157.3150622522 6.7041938394 -16.0059464132 0.0042615925
32452 313547.0 113.8459920694 34.088969089 3777252.106168 762696.5706645 57.1865816368 0.1164281999 -0.1941894138 157.4859131337 6.6327846235 -15.9758850973 0.080556592
32453 313547.06 113.8459963653 34.0889604559 3777251.159153 762696.9940154002 57.1913675368 -0.0204805049 -0.2068834858 157.6622349026 6.5727761932 -15.9482935026 0.0948960084
32454 313547.12 113.8460006242 34.0889518377 3777250.213681 762697.413895 57.1949321004 -0.2451791778 -0.176202497 157.8473467779 6.5214170659 -15.9348511008 0.0422291325
32455 313547.18 113.8460048335 34.0889432315 3777249.2694230014 762697.8291662 57.1952513633 -0.3632618065 -0.0727126964 158.0348449077 6.4298642138 -15.910466697 -0.0086614593
32456 313547.24 113.8460089901 34.0889346396 3777248.326611 762698.2395186998 57.1918745274 -0.3085144363 0.0029307972 158.2046479933 6.3490054024 -15.8667637517 -0.0772322403
32457 313547.3 113.8460130913 34.0889260647 3777247.385537 762698.6447145 57.1878977669 -0.2368969244 0.1141443187 158.3649604434 6.253924477 -15.8364405397 -0.0676439633
32458 313547.36 113.8460171403 34.0889175143 3777246.447062 762699.0450085 57.1851924276 -0.2356258204 0.1886032285 158.5067461251 6.1906132588 -15.7798207761 -0.0493302134
32459 313547.42 113.8460211459 34.0889089916 3777245.511545 762699.4412093002 57.1828487245 -0.1567469089 0.2257619482 158.6638226566 6.118344503 -15.7264611151 -0.0327868751
32460 313547.48 113.846025112 34.0889005009 3777244.579468 762699.8336628 57.1827222742 -0.1451506918 0.2070715754 158.822541578 6.0662798302 -15.6572961133 0.0001305411
32461 313547.54 113.8460290386 34.0888920417 3777243.650798 762700.2223748 57.1838626321 -0.1772664122 0.2295562338 158.9908155988 5.9990358448 -15.6142637922 0.0347454267
32462 313547.6 113.8460329199 34.0888836164 3777242.725769 762700.6067923 57.1868445575 -0.2497135989 0.1577100432 159.1464846974 5.9379920015 -15.5468438556 0.0387201659
32463 313547.67 113.8460373949 34.0888738324 3777241.651475 762701.0502401 57.1883894363 -0.173803599 0.1291249137 159.3250302649 5.853011622 -15.4587414026 -0.0203860682
32464 313547.74 113.8460418001 34.0888640868 3777240.581277 762701.4871154 57.1894297628 -0.1194548907 0.0583658728 159.4866206885 5.7605130318 -15.4075259402 0.073921363
32465 313547.81 113.8460461462 34.088854392 3777239.516557 762701.9183806998 57.191857989 -0.3441961074 0.0909187038 159.6510785793 5.6825364546 -15.3250323113 0.0370310225
32466 313547.88 113.8460504312 34.0888447486 3777238.457379 762702.3438476998 57.1929039285 -0.253536176 0.0891727232 159.8019726291 5.5963549218 -15.2384134682 -0.0235395177
32467 313547.95 113.8460546554 34.088835156 3777237.403696 762702.7635425 57.1918051587 -0.0512397731 0.1408450131 159.9686420258 5.5303304594 -15.1736023783 -0.0383883585
32468 313548.02 113.8460588151 34.0888256186 3777236.355957 762703.1771116002 57.1889027506 0.3951067602 0.1641073768 160.1141619983 5.4240830637 -15.0713273095 0.0184260931
32469 313548.09 113.8460628995 34.0888161461 3777235.315241 762703.5835191 57.1996517517 0.3294804387 0.2806620704 160.2457973248 5.328333769 -14.9536933074 0.2738280573
32470 313548.16 113.8460669178 34.0888067333 3777234.280969002 762703.9836518002 57.2171887523 -0.0871252619 0.385274799 160.3649867279 5.2543826606 -14.8735384024 0.2435023377
32471 313548.23 113.8460708848 34.0887973816 3777233.253354 762704.3788531 57.2268019514 -0.4270298701 0.4842931238 160.5007856808 5.1950629613 -14.7758128843 0.052173531
32472 313548.3 113.8460748046 34.0887880875 3777232.232002 762704.7695192 57.2269747388 -0.3370301689 0.4584804021 160.637820692 5.1337240862 -14.687741616 -0.0401795101
32473 313548.33 113.8460764696 34.0887841234 3777231.7963660015 762704.9355099 57.2252086401 -0.3641822515 0.4689838085 160.7015073895 5.107249172 -14.634306637 -0.0887275792
32474 313548.4 113.8460803176 34.0887749158 3777230.784433 762705.319273 57.2201145487 -0.1146339371 0.3604290018 160.8368999397 5.0395228695 -14.5480252638 -0.0846801495
32475 313548.47 113.8460841164 34.0887657694 3777229.77916 762705.6983099 57.2162901415 0.0008439945 0.3982497407 160.968321495 4.9710365293 -14.4552335628 -0.0283026007
32476 313548.54 113.8460878566 34.0887566846 3777228.780586 762706.0717504001 57.2175260987 0.0928693545 0.4332256808 161.1028976306 4.8832574481 -14.3546804154 0.0540803788
32477 313548.61 113.8460915406 34.0887476564 3777227.788136 762706.4398221999 57.2240169235 -0.0085275457 0.4578047787 161.2280361903 4.826879881 -14.2710530728 0.0999734736
32478 313548.68 113.8460951767 34.0887386746 3777226.800723002 762706.8033271999 57.2312686434 -0.1198321109 0.5055011268 161.3548125132 4.7615464092 -14.2062314605 0.08307274
32479 313548.75 113.8460987697 34.0887297346 3777225.817833 762707.1627226998 57.2367836312 -0.219093681 0.4991113206 161.4760010652 4.7155801359 -14.1398655656 0.0449771499
32480 313548.82 113.8461023244 34.0887208335 3777224.839159 762707.5184616002 57.2389910249 -0.2601074917 0.5343793551 161.6133876426 4.6563072855 -14.0870621826 0.0164380379
32481 313548.89 113.8461058374 34.0887119695 3777223.864491 762707.870235 57.2373651788 -0.2198774664 0.5046182128 161.7381402586 4.6055594565 -14.0165006168 -0.0453818865
32482 313548.96 113.8461093099 34.0887031446 3777222.894066 762708.2181519 57.2349376734 -0.0934669383 0.4886671879 161.8742019318 4.5441608705 -13.9569837062 -0.0330054851
32483 313549.03 113.8461127398 34.0886943568 3777221.92765 762708.562014 57.2335217195 0.0121698501 0.460132739 162.0010844161 4.4949824493 -13.8998741463 -0.0086799835
32484 313549.1 113.846116129 34.0886856072 3777220.9653589986 762708.9020093002 57.234536144 0.1007298359 0.4715115544 162.1436875392 4.4375363348 -13.8333050183 0.0437240391
32485 313549.13 113.8461175676 34.0886818682 3777220.554122 762709.0464039 57.2357679317 0.0712494916 0.4817330348 162.204535828 4.4132821473 -13.8115638603 0.0413069033
32486 313549.2 113.846120893 34.0886731741 3777219.597825 762709.3803291 57.2408452053 0.011946792 0.4266585934 162.3397768517 4.3606154337 -13.7383761353 0.09439727
32487 313549.27 113.8461241786 34.088664519 3777218.645761 762709.710463 57.2468871353 -0.1773287509 0.4472545662 162.4833805399 4.3028028601 -13.6883036291 0.0746925747
32488 313549.34 113.8461274161 34.0886559033 3777217.6979410006 762710.036035 57.2496012561 -0.2033681795 0.4552566582 162.6044189682 4.2371335328 -13.6202439635 0.0262789689
32489 313549.42 113.8461310636 34.0886461114 3777216.620654 762710.4030909998 57.2498491323 -0.2522401583 0.4802105266 162.7333204814 4.1760218226 -13.5338344327 -0.0206924023
32490 313549.5 113.8461346537 34.0886363799 3777215.549919 762710.7646731 57.2478500195 -0.0968564766 0.524937944 162.8493531576 4.1093026433 -13.446101079 -0.0200244439
32491 313549.58 113.8461381901 34.0886267136 3777214.486274 762711.1210856 57.2470881259 -0.0455552167 0.5736182135 162.962096888 4.0505361086 -13.3567662162 0.0031465519
32492 313549.66 113.8461416783 34.088617116 3777213.4301410015 762711.4728454001 57.2481736764 0.0229305258 0.6219485648 163.0861647262 3.9959302784 -13.2526071243 0.0381564275
32493 313549.74 113.8461451158 34.0886075916 3777212.3819949985 762711.8196901998 57.2522847913 -0.0215616485 0.6142323177 163.2289285325 3.9362430079 -13.1527073079 0.0705134869
32494 313549.82 113.8461485031 34.0885981394 3777211.3417339986 762712.1616783001 57.2573857196 -0.0922547719 0.5580331196 163.3950634331 3.8806325975 -13.0538570234 0.0668253498
32495 313549.9 113.8461518329 34.088588761 3777210.309504 762712.4981324 57.2617307315 -0.2052340967 0.4977739534 163.5748774999 3.8044838945 -12.9500092665 0.0461487852
32496 313549.94 113.8461534759 34.0885840972 3777209.796156 762712.6642557 57.2632407229 -0.2503818427 0.4795135717 163.6672535637 3.7709539171 -12.9069936119 0.0314321273
32497 313550.02 113.8461567105 34.0885748219 3777208.77514 762712.9915973 57.26445542 -0.3059779253 0.515386469 163.8247655948 3.6918050264 -12.813406306 -0.0167735947
32498 313550.1 113.8461598896 34.0885656083 3777207.760816002 762713.313621 57.2625484439 -0.1500783899 0.5290750185 163.9607326234 3.6291590419 -12.7353383301 -0.0335051169
32499 313550.18 113.8461630195 34.0885564539 3777206.752937 762713.6309292 57.2605075333 -0.0697441545 0.5561784164 164.090847704 3.5771639162 -12.648649642 -0.0244768056
32500 313550.26 113.8461661047 34.0885473536 3777205.750957 762713.9439310002 57.2616801774 -0.0372364863 0.6009024786 164.2515606434 3.5240227686 -12.5861735251 0.0331860747
32501 313550.34 113.8461691443 34.088538299 3777204.753926 762714.2525885 57.2637532381 0.1045046113 0.5970927851 164.4368800076 3.4736631718 -12.5226190163 0.0203009442
32502 313550.42 113.8461721386 34.0885292858 3777203.761369 762714.556933 57.2670307206 0.04841485 0.5895568351 164.6368537548 3.4182578146 -12.4712780272 0.0500842886
32503 313550.5 113.8461750807 34.088520307 3777202.772492 762714.856351 57.272303652 -0.0131195401 0.5752238651 164.8285414588 3.3566086537 -12.4278836803 0.076319777
32504 313550.58 113.846177972 34.0885113575 3777201.786748002 762715.1509834002 57.2767987223 -0.0684967899 0.5425187114 165.0169843022 3.2972062587 -12.3879463217 0.0426874947
32505 313550.66 113.8461808181 34.088502437 3777200.804097 762715.4413625 57.2789312852 -0.0496007654 0.4988932554 165.2119140388 3.2497131196 -12.3421939689 0.0256475201
32506 313550.72 113.8461829237 34.0884957677 3777200.069376 762715.6564035 57.2795498026 -0.0236149265 0.5090933239 165.3621866699 3.2094507712 -12.3056115387 -0.000618459
32507 313550.8 113.8461856838 34.0884869048 3777199.0928980014 762715.9386554 57.2806426128 -0.0468529275 0.5039966871 165.5619821444 3.1421932464 -12.2621332259 0.0194248595
32508 313550.88 113.8461883887 34.0884780867 3777198.121246 762716.2156795998 57.283351182 -0.1202853191 0.5308550095 165.7588978036 3.0803611909 -12.1895559374 0.0419054845
32509 313550.96 113.8461910376 34.0884693159 3777197.154702 762716.4873832 57.2848746926 -0.1406084694 0.5299917673 165.9561460383 3.0138326963 -12.1230909371 -0.0110836699
32510 313551.05 113.8461939532 34.0884595186 3777196.074937002 762716.7868861 57.2857784703 -0.0981650762 0.5220254145 166.179726994 2.9494322719 -12.0259353697 0.0193258025
32511 313551.14 113.8461967965 34.0884498082 3777195.004614 762717.0794409 57.2869270165 -0.0722831367 0.5125953057 166.3984562286 2.8722647496 -11.9227506799 0.0256712648
32512 313551.23 113.8461995662 34.0884401886 3777193.944191002 762717.3649226 57.2899584658 -0.1251267288 0.4842281737 166.6011834092 2.8031676153 -11.7987006506 0.0372241112
32513 313551.32 113.8462022652 34.0884306675 3777192.894504 762717.6435703 57.2918712124 -0.1360328843 0.5036169196 166.790245145 2.7279691919 -11.6759343003 0.0046338582
32514 313551.41 113.8462048907 34.0884212444 3777191.855515 762717.9151306 57.2927622991 -0.1027405999 0.5304397298 166.9439456355 2.6528098788 -11.5499537444 0.007648582
32515 313551.45 113.846206037 34.0884170908 3777191.397503 762718.0338212 57.2930000508 -0.0524811605 0.5553488505 167.0082913332 2.6230554807 -11.4953201296 0.0207589586
32516 313551.54 113.8462085711 34.0884078222 3777190.375426 762718.296464 57.2951502362 -0.06881843 0.5750958146 167.1426081619 2.5604994082 -11.3579965562 0.0458484757
32517 313551.63 113.8462110478 34.0883986663 3777189.3657 762718.5534617 57.2988285841 -0.2230327201 0.6008024596 167.2793650566 2.5113639337 -11.216829844 0.0342609698
32518 313551.72 113.8462134713 34.0883896236 3777188.368409 762718.8051897 57.3013261836 -0.2617456893 0.5655120843 167.4324732098 2.4519773642 -11.0751448336 0.0067407124
32519 313551.81 113.8462158373 34.0883806985 3777187.384012 762719.0512487 57.3006927269 -0.158951784 0.5131921261 167.583848994 2.3876292957 -10.9240017255 -0.0037781106
32520 313551.9 113.8462181407 34.0883718909 3777186.412497 762719.2911702 57.29996992 -0.0157832873 0.5988746078 167.7380076249 2.3175211521 -10.787773187 0.0109015514
32521 313552.0 113.846220617 34.0883622385 3777185.347676 762719.5496616998 57.3016686793 -0.031412486 0.6515310838 167.8923866041 2.2491280137 -10.6280432147 0.0522569239
32522 313552.1 113.8462230305 34.0883527361 3777184.299329 762719.8018901 57.3065110333 -0.1828580675 0.6734768788 168.061559006 2.1923565699 -10.4659527362 0.0617089951
32523 313552.2 113.846225375 34.0883433816 3777183.267236 762720.0472955 57.3107659137 -0.2688027856 0.68913224 168.1847639881 2.1210203766 -10.2945529794 0.0359761617
32524 313552.3 113.8462276567 34.0883341763 3777182.251524 762720.2864339001 57.3105783574 -0.1410386614 0.7077114896 168.2907103617 2.0784160364 -10.138333611 -0.028647271
32525 313552.4 113.8462298864 34.0883251206 3777181.25228 762720.5203137 57.3081051614 0.0096645793 0.7394790324 168.4074074967 2.0214145786 -9.9627695034 -0.0099255576
32526 313552.42 113.846230325 34.0883233288 3777181.054563 762720.5663504001 57.3080079854 0.0650782953 0.7346712181 168.4274306574 2.0110523517 -9.9251738896 0.0083683206
32527 313552.52 113.8462324797 34.0883144596 3777180.075825 762720.7927284002 57.3121512812 -0.0569882142 0.7510403733 168.5002600501 1.9584909574 -9.7560863194 0.07131997
32528 313552.63 113.8462347863 34.0883048768 3777179.018291998 762721.0353378 57.3192274822 -0.1912404219 0.7871288881 168.5562528523 1.9034594985 -9.5708495124 0.044264665
32529 313552.74 113.8462370374 34.0882954798 3777177.981229 762721.2722500998 57.3209671238 -0.1505811833 0.8399421748 168.6240602424 1.8656436729 -9.3878496896 -0.0006493
32530 313552.85 113.8462392376 34.0882862672 3777176.964504 762721.5038924 57.320110742 -0.138263463 0.8080518892 168.7123097009 1.8185358389 -9.1955838211 -0.0034080206
32531 313552.96 113.8462413784 34.0882772464 3777175.968912 762721.7294556998 57.3226269064 -0.2381252322 0.7899990461 168.7864368785 1.760383383 -9.0042717847 0.0360616219
32532 313553.08 113.8462436442 34.0882676151 3777174.905889 762721.9684484 57.3253909675 -0.1750010889 0.8025909263 168.877225937 1.7068726938 -8.8050888202 -0.0008804451
32533 313553.2 113.8462458352 34.0882582091 3777173.867672 762722.1998345 57.3241229039 -0.0547676585 0.7480687609 168.9479836763 1.6578110554 -8.5896796435 -0.0047379854
32534 313553.32 113.8462479666 34.0882490318 3777172.854691 762722.4250154998 57.3260648716 -0.0492846786 0.7563262424 169.035507288 1.6032121369 -8.3839920973 0.0537006775
32535 313553.44 113.8462500215 34.0882400851 3777171.867094 762722.642418 57.330799167 -0.12444338 0.7549470362 169.1067867354 1.5488942101 -8.1649113585 0.0574117159
32536 313553.57 113.8462521745 34.0882306516 3777170.8257370014 762722.8703849 57.3334718486 -0.196159719 0.7894169719 169.1932846706 1.4890238041 -7.9403045479 0.0199775947
32537 313553.7 113.8462542488 34.0882214891 3777169.814248 762723.0902404 57.3355943616 -0.3270636539 0.7705942184 169.2743429233 1.4440326697 -7.6995959476 0.019793417
32538 313553.83 113.8462562483 34.0882125996 3777168.832857 762723.3023526 57.335886525 -0.3329206404 0.7760269249 169.3754372157 1.3850274731 -7.4832041145 -0.004655251
32539 313553.97 113.8462583062 34.0882033268 3777167.809088 762723.5210423998 57.3340327656 -0.3740870893 0.7549810779 169.4612339903 1.3285625641 -7.2175139927 -0.0373525619
32540 313554.11 113.8462602783 34.088194379 3777166.821156 762723.7308000998 57.3306823438 -0.1717567043 0.7991443522 169.5688864798 1.2714538584 -6.9603452742 -0.0218283135
32541 313554.12 113.8462604152 34.0881937518 3777166.751906 762723.7453858 57.3305458669 -0.1327190568 0.8020310634 169.5791465721 1.2641153631 -6.9460309581 -0.0152134573
32542 313554.27 113.846262415 34.0881845426 3777165.735039 762723.9585085999 57.3283272395 0.0387091656 0.7473918212 169.6710487672 1.2103625445 -6.6656612734 -0.0380606611
32543 313554.43 113.8462644387 34.0881751445 3777164.697278 762724.1744295 57.3295197859 0.1487620337 0.7825448942 169.7810126547 1.1315456859 -6.3679322632 0.0677159597
32544 313554.59 113.8462663413 34.0881661776 3777163.707049 762724.3778269 57.3403420011 -0.0962287818 0.7892334601 169.8740453902 1.0744356694 -6.06214753 0.0523489003
32545 313554.76 113.8462682504 34.0881571404 3777162.709036 762724.5820504002 57.344999684 -0.1078789275 0.7436983734 169.973374863 1.0057290015 -5.730073347 0.0289986332
32546 313554.94 113.8462701283 34.0881481268 3777161.713564 762724.7833157 57.3475816837 -0.0504015728 0.7273796432 170.0647355851 0.9292510417 -5.3732803018 0.016633505
32547 313555.14 113.8462720455 34.0881388218 3777160.685855 762724.9891183 57.3510297807 -0.0509748426 0.7951696747 170.2205602754 0.8447654198 -4.9467535395 0.027247312
32548 313555.35 113.8462738646 34.0881298572 3777159.695672 762725.1847983 57.3543085791 -0.1351467505 0.7950844963 170.3918033413 0.7564757736 -4.5111487565 0.0228482319
32549 313555.59 113.8462757069 34.0881206552 3777158.679198 762725.3833664 57.3595985323 -0.1582923704 0.7833482124 170.570714662 0.6524902057 -3.9902103201 0.0220769673
32550 313555.86 113.8462774639 34.0881116245 3777157.681519 762725.5735206 57.3606853494 -0.2012875405 0.8082588255 170.7471194924 0.5552735722 -3.4329519778 -0.0084964078
32551 313556.18 113.8462792104 34.0881025681 3777156.680962 762725.7627866998 57.3594368734 -0.1650299801 0.7872821893 170.9865649273 0.4516651017 -2.8751448203 0.0098266233
32552 313556.56 113.8462808755 34.0880936377 3777155.694177 762725.9441495999 57.3590169754 -0.2190217729 0.793419222 171.2980401389 0.35608662 -2.3334638992 -0.0152190401
32553 313557.04 113.8462825041 34.088084702 3777154.706708 762726.1221528002 57.354128846 -0.2450216284 0.7610631402 171.6202076456 0.2693952173 -1.8182103076 -0.0179076754
32554 313557.36 113.8462833959 34.088079729 3777154.15711 762726.2198783002 57.3528554039 -0.2414266487 0.7533894089 171.7881701416 0.2428193389 -1.6282497949 -0.0079263211
32555 313558.02 113.846284993 34.0880707798 3777153.168072 762726.3950169 57.3475097204 -0.220491972 0.7357282644 171.9527938526 0.2064428421 -1.3689964127 -0.0092146962
32556 313558.95 113.8462865444 34.088061835 3777152.17939 762726.5659234 57.3308900297 -0.1256847903 0.7544127918 172.1407600872 0.1183821034 -0.7762941334 -0.0147801079
32557 313562.54 113.8462881125 34.0880529679 3777151.199379 762726.7381367 57.2847828977 0.0001625012 0.7374051512 172.3408344966 0.0687065817 -0.4129198534 -0.0212162361
32558 313563.81 113.8462894715 34.0880439551 3777150.202659 762726.8914902 57.272641073 0.3899482934 0.7543710099 172.5454762186 0.2053667858 -1.4987358484 -0.0293373384
32559 313564.33 113.8462908521 34.0880348303 3777149.193569 762727.0471789001 57.2705173744 0.3754030241 0.7383499645 172.6437455984 0.3117713333 -2.4027564515 -0.0276431295
32560 313564.7 113.8462922161 34.0880258014 3777148.195082 762727.2010435001 57.269139912 0.4682813292 0.7000965884 172.7403800412 0.3843639169 -3.0001603806 -0.0188416698
32561 313565.01 113.8462935562 34.0880167694 3777147.196179 762727.35271 57.2668996798 0.5221288779 0.6869871295 172.8504636124 0.442142454 -3.4554553674 -0.0298706381
32562 313565.29 113.846294887 34.088007564 3777146.178023 762727.5040504001 57.2676647548 0.6020785569 0.686593683 172.9877740766 0.463334758 -3.8321952997 -0.003816897
32563 313565.54 113.846296154 34.0879985797 3777145.1842309986 762727.6488245 57.2716838718 0.5716253031 0.6954275036 173.1570570174 0.489710893 -4.1400882642 -0.0151956281
32564 313565.59 113.8462964163 34.0879967011 3777144.976422 762727.6788508 57.2720494038 0.5443698794 0.6922209778 173.1892816732 0.5000460047 -4.1984070834 -0.0066711607
32565 313565.82 113.8462976505 34.0879877286 3777143.983858 762727.8205601 57.275142774 0.4913156266 0.6800902022 173.3769633543 0.5115017948 -4.4534292842 0.0160575717
32566 313566.04 113.8462988524 34.0879786454 3777142.978922 762727.959627 57.2791533694 0.3614395505 0.7468169672 173.5850505282 0.5167493474 -4.7153499668 -0.0108703828
32567 313566.25 113.8463000547 34.0879694554 3777141.962133999 762728.0990561999 57.2783625824 0.3577662441 0.7038876894 173.7444179843 0.547593505 -4.9834681106 -0.0186858915
32568 313566.45 113.8463012354 34.0879602356 3777140.941985 762728.236587 57.2812438672 0.2725821341 0.691515346 173.8990448799 0.5483393877 -5.2362426671 -0.0146470502
32569 313566.64 113.8463023701 34.0879510686 3777139.927575 762728.3697055002 57.2787723569 0.2930156994 0.677338791 174.0481496333 0.5577423631 -5.4592949107 -0.0370716178
32570 313566.82 113.8463034607 34.087942049 3777138.92941 762728.4982951 57.2788046831 0.4032112196 0.7156727892 174.2078450362 0.5647600727 -5.6552540571 -0.0198293927
