32668 313578.41 113.8469345331 34.0873923141 3777079.545311 762788.4678698 57.1918915398 -0.1399285296 0.3796461412 88.8364359894 9.2355956905 0.1536521847 -0.0616100183
32669 313578.52 113.846945596 34.0873924731 3777079.591429 762789.4888630002 57.1843746537 -0.1561392718 0.3802910479 88.7629517378 9.3371553086 0.1663165517 -0.0843279274
32670 313578.63 113.8469567739 34.087392651 3777079.639938 762790.5204173998 57.1780057866 -0.1338338361 0.4020200001 88.7248391199 9.4282529851 0.1820094587 -0.0437875245
32671 313578.74 113.8469680722 34.0873928327 3777079.689176 762791.5630729 57.1726324 -0.0897365268 0.4315259701 88.7061926716 9.5366376157 0.1761237319 -0.0833079763
32672 313578.85 113.8469794934 34.0873930216 3777079.739537 762792.6170639 57.1634908924 -0.0043112409 0.3916727986 88.7110568425 9.6344915476 0.1951288546 -0.0775312218
32673 313578.96 113.8469910317 34.0873932154 3777079.790729 762793.6818387 57.158668437 -0.0384278607 0.3769140497 88.7165186966 9.7335888178 0.1855322655 -0.0073375911
32674 313579.07 113.8470026924 34.0873934059 3777079.841885 762794.757928 57.1552623855 0.0074198889 0.3582319251 88.718785034 9.8377598438 0.1972837692 -0.0535385035
32675 313579.18 113.8470144806 34.0873936109 3777079.894975 762795.8457503 57.1469385652 0.1752147012 0.3121719856 88.7625419289 9.943676178 0.1953087229 -0.0644242913
32676 313579.28 113.8470253074 34.0873937884 3777079.942534 762796.844884 57.1442513 0.163477813 0.263060915 88.7932195547 10.0429933847 0.1879305924 0.0162807646
32677 313579.38 113.8470362444 34.0873939676 3777079.990568 762797.8541959 57.1465308145 -0.060401504 0.2272056855 88.8480320707 10.1474262217 0.1858594619 0.0203506432
32678 313579.48 113.8470473012 34.0873941321 3777080.0372769986 762798.8746016999 57.144290519 -0.1737888053 0.237209343 88.9064797184 10.2629335209 0.1650278713 -0.0451386199
32679 313579.58 113.8470584802 34.0873942898 3777080.083554 762799.9063229 57.1352569927 -0.1401198034 0.224811558 88.981771897 10.3747975046 0.165099524 -0.127627824
32680 313579.68 113.847069781 34.0873944335 3777080.12858 762800.949328 57.1244354611 -0.0397724286 0.2479384518 89.0449568429 10.481380514 0.1417634713 -0.0891294266
32681 313579.78 113.8470812027 34.0873945692 3777080.173031 762802.0035174 57.1172384163 0.0055411403 0.2761936007 89.1118862566 10.5929864054 0.1392947873 -0.0665481486
32682 313579.88 113.8470927448 34.0873946913 3777080.21629 762803.068874 57.1136570405 -0.0225128812 0.2654897582 89.1711417149 10.7022941317 0.1243868994 -0.0269815674
32683 313579.98 113.8471044056 34.0873948092 3777080.25939 762804.1451981 57.1089604748 0.0103721017 0.2914586468 89.242164447 10.8114142691 0.1162965422 -0.0599155928
32684 313580.08 113.8471161775 34.0873949213 3777080.302122 762805.2317998002 57.103508967 0.0602924896 0.3127901519 89.2981426002 10.9180261895 0.1123079944 -0.0819054042
32685 313580.18 113.8471280558 34.087395032 3777080.344974 762806.3282321 57.0994029017 0.1498428103 0.3656049541 89.3634740137 11.0242059235 0.096850086 -0.0317862792
32686 313580.28 113.8471400439 34.0873951265 3777080.386315 762807.4348531 57.0975999683 0.1453206974 0.4376876711 89.4149090014 11.1272144264 0.075415156 -0.0311976293
32687 313580.37 113.8471509282 34.087395207 3777080.4232660006 762808.4395946 57.0961874332 0.1471402664 0.5109851024 89.4631838015 11.2192862599 0.0782495395 -0.0253231401
32688 313580.46 113.8471618961 34.0873952802 3777080.459623 762809.4520872 57.0944293654 0.2193917521 0.5695535532 89.5033335713 11.3048996146 0.0581923247 -0.0068809926
32689 313580.55 113.8471729494 34.0873953442 3777080.495167 762810.4724843 57.0937059568 0.1362879467 0.6286753617 89.5385548814 11.3876210199 0.062088992 -0.0089919611
32690 313580.6 113.8471791279 34.0873953796 3777080.514998 762811.0428632 57.0941947186 0.0174872027 0.6578891825 89.5619081314 11.4380974692 0.0606720363 -0.0043063766
32691 313580.69 113.8471903207 34.0873954379 3777080.550276 762812.0761547 57.0929796891 -0.1867071209 0.6917079265 89.5952045467 11.5358923559 0.0488399445 -0.0452256532
32692 313580.78 113.8472016087 34.0873954988 3777080.586079 762813.1182356 57.0874769911 -0.3180374096 0.6518706102 89.6317604513 11.6369285285 0.0637645801 -0.0969439671
32693 313580.87 113.847212988 34.0873955556 3777080.621678 762814.1687618 57.0770843923 -0.2590493424 0.6016428215 89.6727203595 11.7256918401 0.0413476639 -0.122512476
32694 313580.96 113.8472244566 34.08739561 3777080.657224 762815.2275424 57.0666602068 -0.2644127502 0.5382253834 89.7236952789 11.8174172034 0.0504999177 -0.1249165889
32695 313581.05 113.8472360112 34.0873956557 3777080.692042 762816.2942855 57.0559768342 -0.2383007862 0.5451556054 89.7673953282 11.905787306 0.0335159136 -0.1362198396
32696 313581.14 113.8472476596 34.0873956773 3777080.724419 762817.36976 57.0455936091 -0.1900321008 0.5347602254 89.7938406228 11.9892669248 0.0210165698 -0.1141550665
32697 313581.23 113.8472594022 34.0873956941 3777080.7565089986 762818.4539508 57.0374252778 -0.1964910927 0.4666625241 89.8064819913 12.0888848454 0.0128133755 -0.0580465611
32698 313581.32 113.8472712287 34.0873957134 3777080.789088 762819.5458815 57.0302305091 -0.094791363 0.4729327316 89.8176590741 12.1768665769 0.024810023 -0.0986327761
32699 313581.41 113.8472831397 34.0873957333 3777080.821949 762820.6456159 57.0224037925 -0.0063730205 0.4380992555 89.8316017306 12.2693590823 0.0193598733 -0.0847831761
32700 313581.5 113.8472951344 34.0873957568 3777080.855435 762821.7530679 57.014712425 0.1065606337 0.3359361361 89.8442505923 12.3423036407 0.0285894377 -0.063676781
32701 313581.59 113.8473072057 34.0873957804 3777080.889112 762822.8675813002 57.0120648323 0.0448020185 0.2937972531 89.8472785261 12.4239986087 0.0167556007 -0.0286477198
32702 313581.68 113.8473193635 34.0873957968 3777080.92223 762823.9901116 57.009803636 0.0035640362 0.2812750091 89.8315136598 12.5162385952 0.0166376203 -0.0247675485
32703 313581.76 113.8473302329 34.0873958122 3777080.951918 762824.9936883 57.0073521193 -0.0014817614 0.3656281423 89.8243054694 12.5812029205 0.0147761061 -0.0475651019
32704 313581.84 113.8473411753 34.0873958231 3777080.9812839986 762826.004008 57.0023972578 0.059032781 0.3855459885 89.8107627039 12.6735413393 0.0101608876 -0.0537603334
32705 313581.92 113.847352182 34.08739584 3777081.0114940014 762827.0202544002 56.997655144 0.0058250956 0.370531355 89.8006830439 12.7338174328 0.0206782081 -0.0563065325
32706 313582.0 113.8473632466 34.0873958584 3777081.042019998 762828.0418335 56.9964145031 -0.2309744204 0.4147005412 89.783002785 12.8067946283 0.0211086769 -0.0195656051
32707 313582.08 113.8473743767 34.0873958803 3777081.073089 762829.069454 56.9901957745 -0.2477667091 0.4179178872 89.7772027628 12.8918503164 0.0293014291 -0.1231833902
32708 313582.16 113.8473855762 34.0873959033 3777081.104475 762830.1034833002 56.9770054277 -0.0199275478 0.3665479738 89.7753490129 12.9658886338 0.0357701009 -0.1746243041
32709 313582.24 113.8473968389 34.0873959293 3777081.136347 762831.1433332 56.9669153793 0.1005122584 0.3491203399 89.7621841289 13.0371892628 0.034900426 -0.0651633617
32710 313582.32 113.8474081662 34.0873959529 3777081.168123 762832.1891627 56.9653059784 -0.0623784593 0.3625472659 89.7263999337 13.1178939015 0.0328602054 0.0190547503
32711 313582.4 113.8474195644 34.0873959821 3777081.200703 762833.2415169 56.9654139997 -0.3164381792 0.4035014848 89.6948739205 13.1986130202 0.0444416593 -0.0213675151
32712 313582.48 113.8474310353 34.0873960145 3777081.233819002 762834.3005714002 56.9584570089 -0.2930350072 0.4586987994 89.6710377248 13.2824999534 0.0450157755 -0.1523755757
32713 313582.56 113.847442579 34.0873960512 3777081.267606 762835.3663353 56.9438725086 -0.0136695009 0.4809653636 89.6516560463 13.3644319726 0.0562954262 -0.1969428712
32714 313582.64 113.8474541878 34.0873960903 3777081.3018269986 762836.4381005998 56.9314821232 0.2498457324 0.4617055178 89.6241206529 13.4379881157 0.0546513121 -0.1004563088
32715 313582.72 113.847465856 34.0873961359 3777081.336918 762837.5153411998 56.930596943 0.1250791982 0.4597685134 89.5966398195 13.5019943327 0.0738055221 0.0722539741
32716 313582.8 113.8474775903 34.0873961897 3777081.373088 762838.5986465998 56.9343942767 -0.1958751003 0.502214997 89.5844475823 13.5873265565 0.0759725988 0.0058460875
32717 313582.88 113.8474893947 34.087396249 3777081.410052 762839.6884147 56.9311056491 -0.2153476861 0.4551312296 89.5841190983 13.6709766707 0.0903871807 -0.0767182221
32718 313582.96 113.847501267 34.0873963108 3777081.447475 762840.7844433001 56.9208659762 -0.135379649 0.4245528151 89.5793863821 13.7498438245 0.0806257607 -0.188228759
32719 313583.04 113.8475132055 34.0873963717 3777081.48496 762841.8865863002 56.9086556872 0.0181501282 0.3981981536 89.5718039238 13.8077255477 0.0828654258 -0.0881699581
32720 313583.12 113.8475251978 34.0873964335 3777081.522685 762842.993699 56.9035855662 -0.0865643753 0.3747252594 89.5532769877 13.8844781649 0.0843671851 -0.0179194464
32721 313583.2 113.8475372574 34.0873964984 3777081.560928 762844.1070136 56.8994610943 -0.1734592136 0.4218671321 89.547682235 13.9683398856 0.086743281 -0.0408827162
32722 313583.28 113.8475493842 34.0873965648 3777081.59952 762845.2265267 56.8896390786 0.0281598752 0.4208416785 89.554591775 14.0351707549 0.0836798006 -0.1417232127
32723 313583.36 113.8475615752 34.0873966277 3777081.637875 762846.3519778001 56.88181704 0.0692660373 0.3891801045 89.5529148538 14.1108359362 0.0876127886 -0.0478799591
32724 313583.44 113.8475738257 34.0873966948 3777081.676856 762847.4829066 56.8810221804 -0.0603851367 0.3965724823 89.5640232435 14.1890299583 0.0875396907 0.0091622766
32725 313583.52 113.8475861396 34.0873967623 3777081.716048 762848.6196926999 56.878919391 -0.1470172709 0.386299892 89.5872083346 14.2496891866 0.0971612273 -0.0568876349
32726 313583.59 113.8475969696 34.087396819 3777081.750218 762849.6195014 56.8726118049 -0.1866796411 0.3554441252 89.6114161154 14.33225697 0.0806184565 -0.109311008
32727 313583.66 113.847607845 34.0873968727 3777081.784166 762850.6235063 56.8630365897 -0.0895339878 0.3044173793 89.6220112306 14.3827002744 0.0842813543 -0.1509716745
32728 313583.73 113.8476187696 34.0873969232 3777081.817895 762851.6320629001 56.8546995968 0.0292577898 0.3481938606 89.6253768672 14.4544482288 0.0745459701 -0.0883727129
32729 313583.8 113.8476297414 34.0873969665 3777081.850942 762852.6450034998 56.8473655013 0.0754798535 0.3689758282 89.6190606767 14.5123804795 0.0684399704 -0.0829754
32730 313583.87 113.8476407578 34.0873970128 3777081.884443 762853.6620493 56.844375913 0.0684954742 0.3652520843 89.6241623153 14.5669944872 0.0744626196 -0.0178030831
32731 313583.94 113.847651819 34.0873970595 3777081.91809 762854.6832331 56.8445395362 -0.0168024998 0.378047849 89.6237676194 14.6284067162 0.0758765354 -0.0069303005
32732 313584.01 113.8476629297 34.0873971099 3777081.95229 762855.7089741002 56.8423156617 -0.0479033339 0.4019733199 89.6373022304 14.6940847832 0.0796001596 -0.0566824224
32733 313584.08 113.8476740857 34.0873971551 3777081.986024 762856.7389112 56.8366924655 0.029877248 0.3497050625 89.6536350524 14.7471274465 0.0718276862 -0.0816130159
32734 313584.15 113.8476852839 34.0873971973 3777082.019533 762857.7727582 56.8308181679 0.0517611581 0.3228424782 89.6618184964 14.8031411517 0.0715647742 -0.0700127567
32735 313584.22 113.8476965259 34.087397238 3777082.052983002 762858.8106600002 56.826936679 -0.0021039637 0.2948046124 89.6658486107 14.8621057127 0.0655114037 -0.038386163
32736 313584.29 113.8477078117 34.0873972767 3777082.086329 762859.8526032 56.824183045 -0.1314399464 0.3031754386 89.6658157427 14.920251399 0.067298885 -0.051048296
32737 313584.36 113.8477191442 34.0873973143 3777082.119678 762860.8988632 56.8194891699 -0.1393394301 0.3326945019 89.6683140396 14.9864891156 0.0600330936 -0.0896735387
32738 313584.43 113.8477305253 34.0873973503 3777082.15297 762861.949614 56.811082067 -0.0520296943 0.2950620793 89.6701803298 15.0471243113 0.065993553 -0.126025042
32739 313584.5 113.8477419488 34.0873973888 3777082.186651 762863.0042733002 56.8041883018 0.0168996186 0.3528802231 89.6787537784 15.1007745684 0.0617409041 -0.0731129919
32740 313584.57 113.8477534177 34.0873974209 3777082.219731 762864.0631515002 56.8005180489 0.0244261618 0.3631192263 89.6778288097 15.1614159578 0.058439673 -0.0448258015
32741 313584.64 113.8477649287 34.0873974541 3777082.2530519986 762865.1259029 56.7979738126 -0.0466212843 0.3766695372 89.6826467023 15.2180023436 0.0610190008 -0.0305566781
32742 313584.71 113.8477764845 34.0873974864 3777082.286386 762866.1928053 56.794855698 -0.0630002231 0.4065393184 89.6828645671 15.2755658576 0.0618141639 -0.0672886326
32743 313584.78 113.8477880827 34.0873975199 3777082.319955 762867.2636146 56.7892110022 0.0039381879 0.3844180419 89.6877288894 15.3324650052 0.0644926562 -0.0983446221
32744 313584.85 113.8477997249 34.0873975539 3777082.353701 762868.3384779 56.7843338288 -0.0273556248 0.3975187598 89.6982470336 15.3928215039 0.0598248718 -0.0687314266
32745 313584.92 113.8478114106 34.0873975903 3777082.3878230015 762869.4173536998 56.7793927034 -0.0548474132 0.3275038388 89.7036886723 15.455589736 0.0679803227 -0.0793726035
32746 313584.99 113.8478231397 34.0873976279 3777082.422187 762870.5002359998 56.7736578509 -0.1074256251 0.3600521807 89.7165518509 15.5034789512 0.0623018643 -0.0900532755
32747 313585.06 113.8478349131 34.0873976692 3777082.457083 762871.5872020002 56.7682962799 -0.0708030516 0.2944544687 89.7180073099 15.5581720275 0.0679816555 -0.0886019749
32748 313585.13 113.8478467349 34.08739772 3777082.4931519986 762872.6785941 56.7631385643 -0.1411416169 0.3035580534 89.7240070261 15.6193967664 0.0628205508 -0.0668932489
32749 313585.2 113.8478585957 34.087397768 3777082.5290129986 762873.7736049 56.7571073221 -0.141764647 0.3142405045 89.722356618 15.6699095998 0.0592832159 -0.1078914054
32750 313585.27 113.8478704987 34.0873978165 3777082.5650370014 762874.8725079 56.7502174061 -0.0537908101 0.3063562708 89.7289486841 15.7253123972 0.0615096381 -0.1036940334
32751 313585.34 113.847882439 34.0873978644 3777082.6010879986 762875.9748600002 56.7453779038 -0.0924501439 0.3025736665 89.7306511876 15.7705156174 0.0630574573 -0.0627850617
32752 313585.41 113.8478944175 34.0873979138 3777082.637408 762877.080739 56.742346542 -0.2276665515 0.2979880045 89.7380812555 15.8233402629 0.0631287169 -0.0724579674
32753 313585.48 113.8479064375 34.0873979643 3777082.673954 762878.1904367 56.7363443356 -0.2107941666 0.3004474656 89.7471960607 15.8848228949 0.063367125 -0.1189161547
32754 313585.55 113.8479184969 34.0873980123 3777082.710328 762879.3037845 56.7273348663 -0.1029514545 0.2893906404 89.7567001601 15.9278806582 0.0598896492 -0.1641215126
32755 313585.62 113.8479305965 34.0873980557 3777082.746293 762880.4208601 56.719042127 0.0554499104 0.3170087114 89.7593252914 15.9802595206 0.0476672325 -0.106473407
32756 313585.69 113.8479427336 34.0873980948 3777082.781877 762881.5414085 56.7147565195 0.0223882748 0.3639651248 89.7523819432 16.0389235778 0.0401983164 -0.0246596479
32757 313585.76 113.8479549046 34.0873981347 3777082.81764 762882.6650779 56.7144216225 -0.1071184898 0.3922301161 89.7472158125 16.0758276817 0.055872682 -0.0526171729
32758 313585.83 113.8479671158 34.087398175 3777082.853541998 762883.7924731999 56.7122511985 -0.1612101864 0.4408465567 89.755384403 16.1281411332 0.0445439128 -0.0605784385
32759 313585.9 113.8479793647 34.0873982159 3777082.889615 762884.9233353002 56.7071881583 -0.172297067 0.4969527534 89.7595311894 16.1820655302 0.0516656643 -0.0962131539
32760 313585.97 113.847991653 34.0873982547 3777082.925558 762886.0578423998 56.6988469325 -0.0246852262 0.4911442326 89.767614052 16.2359209772 0.0474111728 -0.1651175035
32761 313586.03 113.8480022162 34.0873982899 3777082.956658999 762887.0330806 56.6922688605 0.1232460475 0.448546075 89.768009521 16.2690534844 0.0555795959 -0.0800314807
32762 313586.1 113.848014556 34.0873983097 3777082.990627 762888.1724044002 56.6898591183 0.0533083509 0.4580620606 89.7877011443 16.3057874318 0.0498105394 0.0065730079
32763 313586.17 113.8480269342 34.0873983304 3777083.024796 762889.3152774 56.6905157492 -0.1300840444 0.4348029072 89.7979456452 16.3650242991 0.0541923559 -0.0019460636
32764 313586.24 113.8480393528 34.0873983508 3777083.059022 762890.4618731998 56.6867749551 -0.255901639 0.4111796765 89.8090820106 16.4157007249 0.0419031802 -0.0858271579
32765 313586.31 113.8480518078 34.0873983692 3777083.093132 762891.6118406 56.679140877 -0.2242526145 0.3632666604 89.8134050981 16.4598693757 0.0507153246 -0.1434712426
32766 313586.38 113.8480643018 34.0873983846 3777083.127003 762892.7654175998 56.6687917952 -0.1831088736 0.396062623 89.8186094519 16.511547984 0.0342092759 -0.1581669417
32767 313586.45 113.8480768317 34.0873983969 3777083.160634 762893.92232 56.6576363584 -0.0196617263 0.3803034488 89.814980062 16.55917538 0.0369892259 -0.1305496877
32768 313586.52 113.848089397 34.087398408 3777083.194214 762895.0824861998 56.6505574314 0.0492198987 0.4399259163 89.8213624388 16.6084535579 0.0268116258 -0.0725108199
32769 313586.59 113.8481019953 34.0873984179 3777083.22775 762896.2457176 56.6471138969 0.0477017043 0.4567533977 89.8233568065 16.6450477118 0.031882031 -0.0194943594
32770 313586.65 113.8481128228 34.0873984254 3777083.256457 762897.2454411 56.647162009 -0.0719145681 0.5006034192 89.827948247 16.6891201905 0.0274909424 0.0152887838
32771 313586.71 113.8481236768 34.0873984317 3777083.285096 762898.2476136999 56.6464809077 -0.2411679712 0.531778728 89.8293681001 16.7320102987 0.0281391752 -0.0290207558
32772 313586.77 113.8481345599 34.0873984384 3777083.313866 762899.2524769 56.6412581652 -0.2653562738 0.5556095355 89.8355694199 16.779794023 0.0251643526 -0.1091180492
32773 313586.83 113.8481454703 34.0873984442 3777083.342599 762900.2598608001 56.6318986369 -0.1574361194 0.5548021857 89.8410300715 16.816204546 0.0264827542 -0.1729678913
32774 313586.89 113.8481564077 34.0873984502 3777083.371425 762901.2697425998 56.6216066862 0.0100542981 0.5432761852 89.8462573252 16.8534559066 0.0251977334 -0.1639666656
32775 313586.95 113.8481673705 34.0873984568 3777083.4003800014 762902.2819649 56.6141720898 0.132331608 0.5470129731 89.8510698845 16.8954844873 0.02959899 -0.0794212145
32776 313587.01 113.8481783558 34.0873984636 3777083.42941 762903.2962613001 56.6107770828 0.1526964975 0.5384359999 89.8577879812 16.930293421 0.0271226642 -0.0106601736
32777 313587.07 113.8481893643 34.0873984623 3777083.457617 762904.3127247 56.6104885014 0.0942766414 0.5023288911 89.8655240143 16.9608595694 0.0185473621 0.0131520538
32778 313587.13 113.8482003962 34.0873984628 3777083.486076 762905.3313488001 56.6107447222 0.0338353265 0.4938215445 89.8728304515 17.0037721136 0.0242490212 0.0067480387
32779 313587.19 113.8482114534 34.0873984613 3777083.5143739986 762906.3523087 56.6105671832 -0.0947641426 0.4869301915 89.8770355976 17.0432175385 0.0171754498 -0.011623001
32780 313587.25 113.8482225339 34.0873984612 3777083.542893 762907.3754176998 56.6079273922 -0.1662215776 0.4621698323 89.880562667 17.0756128882 0.0236093939 -0.0546772873
32781 313587.31 113.84823364 34.0873984601 3777083.571356 762908.4008947 56.6032622494 -0.2237018164 0.4261396194 89.8862936022 17.1094919644 0.0179863927 -0.093373014
32782 313587.37 113.8482447693 34.0873984599 3777083.59999 762909.4285156 56.5966907125 -0.2527674258 0.4165848954 89.8883075499 17.1508439834 0.0222809558 -0.1263032977
32783 313587.43 113.8482559245 34.0873984582 3777083.6285230014 762910.4585216 56.5873671006 -0.2382950836 0.4099228773 89.8929930132 17.1947059205 0.0166954497 -0.1711788383
32784 313587.49 113.8482671026 34.087398454 3777083.656837 762911.4906608001 56.5764957359 -0.1421414199 0.3776764761 89.8929414214 17.222003483 0.0116810518 -0.149488293
32785 313587.55 113.8482783015 34.087398452 3777083.685458 762912.5247114998 56.5677782884 -0.0817247061 0.3776625026 89.8994212221 17.2506984216 0.021272516 -0.1195721717
32786 313587.61 113.8482895213 34.087398445 3777083.713559 762913.5607014 56.5623672819 -0.088374746 0.3964750289 89.8957688555 17.2832232689 0.0039952005 -0.0539111281
32787 313587.67 113.8483007592 34.0873984375 3777083.741662 762914.5983716998 56.5592004359 -0.175636244 0.3857709737 89.8914539445 17.3153313217 0.0131524648 -0.0348168405
32788 313587.73 113.8483120176 34.0873984288 3777083.7696879986 762915.6379313002 56.5556355817 -0.2586511411 0.3930225133 89.8880398849 17.3427715915 0.0064698322 -0.0540444052
32789 313587.79 113.8483232941 34.0873984231 3777083.798087 762916.6791538 56.5495672785 -0.2026222274 0.4366321187 89.88840235 17.3743332162 0.0163664188 -0.1177312697
32790 313587.85 113.8483345902 34.0873984142 3777083.826187 762917.7221956998 56.5419138521 -0.0958740032 0.5154829807 89.893928835 17.3965444521 -0.0013281414 -0.1435747083
32791 313587.91 113.8483459025 34.0873984027 3777083.854037 762918.7667439998 56.5348683307 0.0365778729 0.5428637724 89.889876914 17.4260134567 -0.0050752243 -0.0781681822
32792 313587.97 113.8483572299 34.0873983884 3777083.881617 762919.8126991 56.5323277125 -0.0304163793 0.5782018625 89.8841514043 17.4407745015 -0.0058441905 -0.0148449012
32793 313588.03 113.8483685733 34.0873983758 3777083.909425 762920.8601218001 56.5314615909 -0.1480390798 0.5864529865 89.8782213778 17.4726552574 0.0007405693 0.0192928982
32794 313588.09 113.8483799418 34.0873983728 3777083.938361 762921.9098329 56.5295357648 -0.2965003325 0.5686479179 89.8936805655 17.5100678079 0.0027302268 -0.0534319411
32795 313588.15 113.8483913256 34.0873983758 3777083.968008002 762922.9609426998 56.5224424452 -0.2478764877 0.5363561376 89.9171183604 17.5250920162 0.0168619791 -0.1345329346
32796 313588.21 113.848402728 34.0873983759 3777083.997378 762924.0137673 56.5140311169 -0.1537305398 0.4619777026 89.9409899417 17.5545415438 0.0050683628 -0.1282719545
32797 313588.27 113.8484141427 34.0873983738 3777084.026527 762925.0677455999 56.5043277126 0.0615325604 0.4003841401 89.9527116689 17.5608870524 0.0040403939 -0.1854189597
32798 313588.33 113.8484255764 34.0873983648 3777084.054968 762926.1234983002 56.4991507996 0.0002575823 0.4264417652 89.9628005582 17.6006304721 -0.0133883695 -0.0642684316
32799 313588.39 113.848437019 34.0873983502 3777084.082811 762927.1800828 56.4967000233 -0.08073719 0.4241940007 89.9537180683 17.6180980273 -0.0160506906 -0.0130710593
32800 313588.45 113.8484484782 34.0873983364 3777084.110792 762928.2382023 56.4957345389 -0.2851249692 0.492101508 89.9616250557 17.6417140008 -0.0163227851 -0.043495886
32801 313588.51 113.8484599523 34.0873983205 3777084.138573 762929.2977024 56.4915872067 -0.2778444296 0.5137125581 89.9602553053 17.6577690572 -0.0205459223 -0.1006856546
32802 313588.57 113.8484714419 34.0873983041 3777084.16633 762930.3586388001 56.4863952929 -0.2415650496 0.5039891518 89.9710623882 17.6783284898 -0.0208043585 -0.0977744908
32803 313588.63 113.8484829481 34.0873982854 3777084.19388 762931.4211108001 56.4796994245 -0.2320523128 0.5191628851 89.9719918322 17.7081256126 -0.0234747382 -0.1246993909
32804 313588.69 113.8484944723 34.0873982682 3777084.221645 762932.4852493 56.4698605323 -0.1722920244 0.52599782 89.9822538786 17.750515006 -0.0241648205 -0.1505815516
32805 313588.75 113.8485060117 34.0873982503 3777084.249379 762933.5507876 56.4598593106 -0.075752954 0.5012114483 89.9907267788 17.7675698517 -0.0250749325 -0.1243646047
32806 313588.81 113.8485175621 34.0873982354 3777084.2774660015 762934.6173258 56.4532401031 -0.0195249814 0.4863104638 90.0071887552 17.7762781683 -0.0166172167 -0.0838024352
32807 313588.87 113.8485291255 34.0873982179 3777084.305298 762935.6850826 56.4504188709 -0.0201478565 0.4698147144 90.018637829 17.7970576663 -0.0278244257 -0.032694966
32808 313588.93 113.8485407028 34.0873981982 3777084.332925 762936.7541194 56.4493088163 -0.0588248665 0.4638199498 90.0326111698 17.8186532729 -0.0334771988 -0.0213870611
32809 313588.99 113.8485522946 34.0873981733 3777084.36 762937.824515 56.447339531 -0.1278479533 0.5132380656 90.0398132811 17.840928039 -0.0464457209 -0.0196305951
32810 313589.05 113.8485638956 34.087398143 3777084.386519 762938.8957803 56.4441169091 -0.2209258279 0.5236619661 90.0384985655 17.8626436191 -0.0546912493 -0.0312976062
32811 313589.11 113.8485755058 34.0873981123 3777084.413008 762939.9678993 56.43944648 -0.2288891984 0.5213209797 90.040269182 17.864562968 -0.0484040039 -0.0873406095
32812 313589.17 113.8485871161 34.0873980828 3777084.439624 762941.0400135 56.4348941306 -0.2279723941 0.5072733482 90.0447879542 17.8516127362 -0.0434433281 -0.0942681027
32813 313589.23 113.8485987259 34.0873980543 3777084.466361 762942.1120889 56.4299837481 -0.22444234 0.4672682882 90.0603761499 17.8531440837 -0.0469121609 -0.0642944749
32814 313589.29 113.8486103386 34.0873980282 3777084.493366 762943.1844189998 56.4231381435 -0.119825265 0.43470773 90.078717597 17.8627505286 -0.041517186 -0.0762767935
32815 313589.35 113.8486219504 34.0873980008 3777084.520221 762944.2566704 56.4164276123 -0.0908497687 0.4109703494 90.0936949899 17.8680109684 -0.0464992162 -0.0772452431
32816 313589.41 113.8486335489 34.0873979699 3777084.546658 762945.3277079002 56.4135673204 -0.0355266287 0.3631973785 90.1061434642 17.8328414342 -0.0538744839 0.0097199267
32817 313589.47 113.8486451398 34.0873979375 3777084.572907 762946.3980379001 56.4155817069 0.0556172012 0.3685441403 90.1255639622 17.8120767295 -0.0580950282 0.0648987357
32818 313589.53 113.8486567214 34.0873978976 3777084.598306 762947.4675426 56.4207775155 -0.0857177538 0.3588752634 90.1243446991 17.8083296242 -0.0636003156 0.0535298929
32819 313589.59 113.8486682945 34.0873978572 3777084.623621 762948.5362629001 56.4236399792 -0.2154604035 0.3720563657 90.1346717516 17.7958045956 -0.0694333697 0.028950924
32820 313589.65 113.8486798591 34.0873978151 3777084.648736 762949.6042019 56.4231650289 -0.2249973955 0.3638902819 90.1461009073 17.7749705162 -0.0685384002 -0.0354201207
32821 313589.71 113.8486914163 34.0873977716 3777084.673666 762950.6714585 56.4203032562 -0.2242602915 0.3507388391 90.1494295338 17.77023338 -0.0755251953 -0.0675135244
32822 313589.77 113.8487029626 34.0873977263 3777084.698372 762951.7377164002 56.4159632046 -0.2199594781 0.3639314149 90.152635661 17.7571779834 -0.0730151096 -0.0904851114
32823 313589.83 113.8487145014 34.0873976819 3777084.723157 762952.8032801999 56.4101502458 -0.0945194558 0.3828408121 90.1685328029 17.7439960281 -0.0749235666 -0.098310711
32824 313589.89 113.848726026 34.0873976347 3777084.747592 762953.8675463 56.4052159889 0.0785853226 0.3532761003 90.1684477043 17.7167325583 -0.0746450971 -0.0403642743
32825 313589.95 113.8487375375 34.0873975882 3777084.772072 762954.9305925998 56.4050935842 0.1319635335 0.4085860108 90.1807849564 17.6952297963 -0.078031636 0.0368144258
32826 313590.01 113.8487490359 34.0873975373 3777084.796042 762955.9924539 56.4082516013 0.0985238375 0.3789177833 90.1829273346 17.6739154825 -0.0831071796 0.0719986975
32827 313590.07 113.8487605172 34.0873974913 3777084.820497 762957.0527099 56.412771388 0.0018954205 0.3971178526 90.1872496203 17.6562255039 -0.0799520341 0.1060948856
32828 313590.13 113.8487719856 34.0873974432 3777084.844698 762958.1117878 56.4167616395 -0.185714484 0.4389630732 90.187894766 17.634888681 -0.0897462731 0.0392057792
32829 313590.19 113.8487834401 34.087397396 3777084.868951998 762959.1695716998 56.4165620245 -0.1870481786 0.4717643053 90.1819265459 17.613195581 -0.0901540888 -0.0235730763
32830 313590.25 113.8487948843 34.0873973451 3777084.892778 762960.2264189002 56.4145033574 -0.1786632126 0.4698575165 90.1648105444 17.5893561853 -0.0915320139 -0.0460165907
32831 313590.31 113.848806316 34.0873972966 3777084.916835 762961.2821099 56.4111768343 -0.1211178755 0.4997663112 90.1394346044 17.5778991007 -0.0826047613 -0.0436149436
32832 313590.37 113.8488177382 34.0873972521 3777084.941306 762962.3369122 56.4064710671 -0.046580049 0.5471042819 90.1314880722 17.5667736822 -0.0779367429 -0.0834938462
32833 313590.43 113.8488291469 34.0873972106 3777084.966085 762963.3904543 56.4031392606 0.037815361 0.5535043746 90.1146244557 17.5477043462 -0.0723575936 -0.0075957173
32834 313590.49 113.8488405422 34.0873971731 3777084.991264 762964.4427419001 56.4034493165 0.0413388207 0.570346316 90.1097089499 17.5179961931 -0.067679636 0.0287091015
32835 313590.55 113.848851922 34.0873971381 3777085.016689 762965.493597 56.4063508175 0.0049114231 0.5569864221 90.1007606905 17.4956012098 -0.0572890553 0.0613597993
32836 313590.61 113.8488632922 34.087397105 3777085.0422910014 762966.543558 56.4091131678 -0.0029522248 0.5211043871 90.0956163878 17.4859960943 -0.0610991169 0.0661093649
32837 313590.67 113.8488746499 34.0873970747 3777085.068178 762967.592357 56.4099894129 0.0565235801 0.559459784 90.0955831065 17.4678744061 -0.0565850821 0.026203393
32838 313590.73 113.8488859939 34.0873970427 3777085.093838 762968.6398986 56.4104742464 0.1767776384 0.5883741709 90.089312081 17.4371293942 -0.066525538 0.0550120721
32839 313590.79 113.8488973202 34.0873970076 3777085.119114 762969.6858101998 56.4135974934 0.2241911296 0.545302921 90.0703689622 17.4099410514 -0.0597169968 0.0722155453
32840 313590.85 113.8489086325 34.087396976 3777085.144743 762970.7304214 56.4186942587 0.2002241681 0.5517365874 90.056823925 17.3909501469 -0.0562690597 0.1078103802
32841 313590.91 113.8489199299 34.0873969452 3777085.170417 762971.7736523001 56.4242218761 0.0317206018 0.537771861 90.0394789242 17.3748448122 -0.0481831713 0.0771998892
32842 313590.97 113.8489312125 34.0873969218 3777085.196872 762972.8154986999 56.4270904688 -0.0623310511 0.540670798 90.0359540921 17.3513330966 -0.0362164402 0.032231223
32843 313591.03 113.8489424825 34.0873968993 3777085.223405 762973.8561743 56.4278915515 -0.1109707619 0.4965542621 90.0310110356 17.3248835624 -0.0369382243 -0.0087243107
32844 313591.09 113.8489537453 34.0873968746 3777085.249662 762974.8961965998 56.4269992774 -0.053901589 0.4686753177 90.0213459212 17.3079290516 -0.0369100595 -0.0137151303
32845 313591.15 113.8489649952 34.0873968484 3777085.275729 762975.9350211 56.4268896328 -0.0846287184 0.448878748 90.0066660812 17.2924611695 -0.0357756179 -0.0206185292
32846 313591.21 113.8489762317 34.0873968254 3777085.30212 762976.9726140002 56.4256797824 -0.0093847473 0.434409687 89.9895573749 17.2804207255 -0.0317842657 -0.0150540716
32847 313591.27 113.8489874542 34.0873968023 3777085.328449 762978.0089014 56.4254898969 0.0341866635 0.4733891721 89.9774681502 17.2507444158 -0.0357144237 0.01788359
32848 313591.33 113.8489986598 34.0873967796 3777085.354794 762979.0436374 56.4269435964 0.0581623109 0.5189019309 89.9548897953 17.2253903742 -0.0309346044 0.0187636181
32849 313591.39 113.8490098514 34.0873967582 3777085.381243 762980.077065 56.4281165795 0.1860042317 0.5621394242 89.9376717293 17.1998190934 -0.0342936305 0.0113149029
32850 313591.45 113.8490210251 34.0873967367 3777085.407625 762981.1088551 56.4314833209 0.1890817377 0.5558491752 89.9111123293 17.1727221283 -0.0263698288 0.0913087345
32851 313591.51 113.8490321807 34.0873967221 3777085.434739 762982.1389376 56.4368204167 0.0713595079 0.5475946276 89.8902164213 17.1428471465 -0.0142773427 0.1163421971
32852 313591.57 113.8490433166 34.0873967147 3777085.462602 762983.1671901 56.4415941425 -0.0261521745 0.5163663129 89.8768313915 17.119885129 0.0014866854 0.0606651635
32853 313591.63 113.8490544399 34.0873967149 3777085.491272 762984.1942510002 56.4434372727 -0.0201022562 0.5005128354 89.8732088276 17.0992742283 0.0094953985 0.0159984328
32854 313591.69 113.8490655449 34.0873967157 3777085.519958 762985.2196165 56.4440623606 0.0583967971 0.4734674136 89.8602394926 17.0662635751 0.0112649572 0.0036367515
32855 313591.75 113.8490766334 34.0873967169 3777085.548646 762986.2434652 56.4452280374 0.1365885678 0.4701934102 89.8449502636 17.0428693056 0.0088988143 0.0197271523
32856 313591.81 113.8490877047 34.087396717 3777085.577164 762987.2657292 56.4475733526 0.1662555627 0.4970312282 89.8216510592 17.0188983915 0.0090507824 0.0451737119
32857 313591.87 113.849098758 34.0873967178 3777085.605724 762988.2863168 56.451387886 0.1283148654 0.4984293262 89.7962254166 16.9908754943 0.0130243748 0.0721537156
32858 313591.93 113.8491097899 34.0873967205 3777085.634435 762989.3049327 56.4573311182 -0.0069259187 0.5282539534 89.770235221 16.9521379336 0.0146050232 0.10140459
32859 313591.97 113.8491171362 34.0873967249 3777085.653844 762989.9832377 56.4606401678 -0.0812767276 0.529658669 89.7550998076 16.9376441577 0.0259388054 0.0611672679
32860 313592.03 113.8491281453 34.0873967364 3777085.683472 762990.9997149 56.4621894555 -0.0492601693 0.533287993 89.7427486172 16.922492653 0.0333262052 -0.0071050384
32861 313592.09 113.849139146 34.087396761 3777085.714531 762992.0153869 56.4608616456 0.0962186838 0.5123499464 89.731658403 16.8997424397 0.0443965362 -0.014000812
32862 313592.15 113.8491501302 34.0873967882 3777085.745845 762993.0295141998 56.4598666439 0.2493877821 0.5113871818 89.7257080928 16.869265996 0.0450151241 0.0160285071
32863 313592.21 113.849161095 34.0873968152 3777085.777087 762994.0418617 56.4619912868 0.257067404 0.4726015098 89.7097350551 16.8352382542 0.0457089338 0.0748636697
32864 313592.27 113.8491720398 34.0873968475 3777085.808858 762995.052342 56.4680544147 0.1036565423 0.4381645483 89.6984191206 16.8141797893 0.0577484037 0.1137841027
32865 313592.33 113.8491829652 34.0873968828 3777085.84091 762996.0610252 56.4745169626 -0.098524949 0.4313940146 89.6967698144 16.7809502155 0.0576118528 0.0921965282
32866 313592.39 113.849193875 34.087396922 3777085.873364 762997.068248 56.4763646303 -0.0998143695 0.4077227706 89.700809268 16.7541071812 0.0719291391 0.0319450255
32867 313592.45 113.8492047691 34.0873969574 3777085.905344 762998.0740403002 56.4768620888 -0.1016426997 0.3695863715 89.7036954753 16.7244782375 0.0554627898 0.0102114081
32868 313592.51 113.8492156447 34.0873969913 3777085.937118 762999.0781205 56.4760761727 -0.1052614374 0.3924091291 89.6989969286 16.7073071912 0.0537775285 0.0027999158
32869 313592.57 113.8492265048 34.0873970214 3777085.96843 763000.0807851 56.4737511734 -0.0949013437 0.4511414507 89.6906303032 16.683525456 0.0424839498 -0.0332706009
32870 313592.63 113.8492373462 34.0873970499 3777085.99951 763001.081736 56.4708068818 -0.0133749757 0.4799178682 89.6790730447 16.653686285 0.049113132 -0.0266099658
32871 313592.7 113.8492499695 34.0873970842 3777086.035828 763002.2471952 56.4695828119 0.0305793448 0.5575513205 89.6836646597 16.6169967188 0.0448564818 0.0213919052
32872 313592.77 113.8492625631 34.0873971188 3777086.072115 763003.4099016 56.4702842506 0.0631889494 0.5645834216 89.6853666112 16.5736961949 0.0541721405 0.03279142
32873 313592.84 113.8492751298 34.0873971561 3777086.108613 763004.5701266 56.4721777961 0.0641121072 0.5832913709 89.6994452832 16.5402396968 0.0499130279 0.0562286163
32874 313592.91 113.8492876627 34.087397192 3777086.144884 763005.7272274998 56.474469766 0.0453822032 0.5545257216 89.7068551143 16.4897329457 0.0547208924 0.0455053266
32875 313592.98 113.8493001638 34.0873972296 3777086.181247 763006.8813923 56.4767367654 0.0953839973 0.5081693656 89.7250095834 16.4509508693 0.0495344573 0.0607976994
32876 313593.05 113.8493126312 34.087397266 3777086.217403 763008.032456 56.4792911615 0.004455518 0.500741678 89.7408991091 16.4077948651 0.0489135561 0.056429237
32877 313593.12 113.8493250612 34.0873973031 3777086.253533 763009.1800538 56.4812194947 -0.0041496394 0.444321204 89.7577361325 16.3594866437 0.0469208576 0.0396942967
32878 313593.19 113.8493374561 34.0873973371 3777086.289235 763010.3244176 56.4826007923 -0.047785906 0.4128655045 89.7680637935 16.3168687235 0.0459859437 0.024302609
32879 313593.26 113.8493498125 34.0873973691 3777086.324613 763011.4652398 56.4830868654 -0.0587267454 0.4199206291 89.7828855584 16.2627814213 0.0360784076 0.0020110119
32880 313593.33 113.8493621293 34.087397397 3777086.359426 763012.6024140002 56.4827719731 -0.0191287431 0.3863168064 89.7910664382 16.2041987608 0.0325681584 0.0249493261
32881 313593.4 113.8493744067 34.0873974217 3777086.393791 763013.7359681 56.4837205354 -0.0329277816 0.3907725421 89.8055634078 16.1573981822 0.0255449827 0.0417161876
32882 313593.47 113.8493866451 34.087397445 3777086.427903 763014.8659210998 56.4835962038 0.0268402383 0.3451726559 89.8136938708 16.1013596988 0.0323883519 0.0200255917
32883 313593.54 113.8493988444 34.0873974691 3777086.462 763015.9922539 56.4845466781 0.0844543409 0.3348127167 89.835343299 16.051487333 0.0260407563 0.0506580394
32884 313593.61 113.8494110026 34.0873974899 3777086.495624 763017.1148093 56.4873806825 0.0213615449 0.3082878298 89.8480170902 15.9952713905 0.0235386509 0.0833098642
32885 313593.68 113.8494231238 34.0873975065 3777086.528682 763018.2339601 56.4915594822 -0.1140953068 0.3233581385 89.8629637465 15.9525674925 0.0118163002 0.0672152292
32886 313593.75 113.8494352149 34.0873975176 3777086.561057 763019.3503476 56.4933875566 -0.1674232743 0.3398818522 89.8683945251 15.919441529 0.0059906403 0.0207892667
32887 313593.82 113.8494472732 34.0873975226 3777086.592671 763020.4637337 56.4917630656 -0.205804754 0.4312066302 89.8667909077 15.8624265481 -0.0075079422 0.0044179118
32888 313593.89 113.8494592999 34.0873975256 3777086.62398 763021.5742016998 56.4885028834 -0.0243226105 0.4180555411 89.8698898832 15.822737006 0.0013595824 -0.0176993527
32889 313593.96 113.8494712981 34.0873975303 3777086.65541 763022.6820321998 56.4855986331 0.0385475142 0.4318663521 89.8760070597 15.7933571412 0.0003063316 0.0431499754
32890 313594.03 113.8494832573 34.0873975381 3777086.687085 763023.7862461 56.4861875866 0.0204665496 0.4621286786 89.8909457833 15.7275513997 0.0075485031 0.0360599223
32891 313594.1 113.8494951841 34.0873975536 3777086.719528 763024.8874526 56.4891198995 0.1095299133 0.401229858 89.9172543573 15.6904205267 0.0088242798 0.1057188467
32892 313594.17 113.8495070803 34.0873975668 3777086.751632 763025.9858371 56.4907642612 0.0322674679 0.4316384715 89.9309354896 15.6560798719 0.0033660616 0.0761967157
32893 313594.24 113.8495189376 34.0873975767 3777086.7832699986 763027.0806471 56.4918804141 0.1462490205 0.3777008899 89.9461612275 15.5910836994 -0.0011195394 0.0535399829
32894 313594.31 113.8495307562 34.0873975829 3777086.814401998 763028.1718883 56.4958291892 0.0070174882 0.4099741951 89.9522372797 15.5542680562 -0.0090953983 0.1081876042
32895 313594.38 113.8495425324 34.087397586 3777086.845081 763029.2592221998 56.4989334559 -0.1516368622 0.4035313616 89.9530587934 15.4895983616 -0.0118047003 0.0441892363
32896 313594.45 113.8495542665 34.0873975882 3777086.875551 763030.3426781 56.4994335994 -0.1800789828 0.3756467183 89.9553131747 15.4396837717 -0.0089916699 0.0069048818
32897 313594.52 113.8495659518 34.0873975907 3777086.905924 763031.4216262 56.4971101917 -0.1833883002 0.382287131 89.9611389916 15.3647621658 -0.0142740075 -0.0197203931
32898 313594.59 113.8495775817 34.0873975934 3777086.936179 763032.4954522 56.4938902371 -0.0943994914 0.3839812435 89.970151578 15.2885948702 -0.011273661 -0.0282486174
32899 313594.66 113.849589153 34.0873975941 3777086.966061 763033.5638790998 56.4916176218 -0.0434629473 0.3633655748 89.974058058 15.2104469521 -0.0173467794 0.0055745683
32900 313594.73 113.8496006596 34.0873975956 3777086.9958730014 763034.6263297 56.4929428697 -0.1231456524 0.345576381 89.9713230214 15.1184215808 -0.0108616367 0.0508670501
32901 313594.8 113.8496121062 34.0873975966 3777087.025467 763035.6832345 56.4947273796 -0.1565635202 0.3790265119 89.9729040973 15.0470159084 -0.0188417615 0.033212074
32902 313594.87 113.8496234956 34.087397598 3777087.05496 763036.7348688 56.4943426978 -0.0714928992 0.344778405 89.9722518074 14.9735818185 -0.0151354968 0.0082753984
32903 313594.94 113.8496348234 34.0873976001 3777087.084377 763037.7808072 56.4944585171 -0.1646862939 0.3473006341 89.9714053883 14.8938528045 -0.0176458539 0.0434446796
32904 313595.01 113.8496460889 34.0873976034 3777087.113763 763038.8209829001 56.4958720114 -0.2581904009 0.3333859044 89.9694858067 14.8089894443 -0.0076834636 0.0139490409
32905 313595.08 113.8496572985 34.0873976052 3777087.142839 763039.8560118 56.4952298114 -0.2588762898 0.2829986073 89.9712261463 14.738422064 -0.0077568165 -0.031025384
32906 313595.15 113.8496684525 34.0873976097 3777087.172068 763040.885896 56.4914486557 -0.136872174 0.2512689704 89.9721376762 14.6594706828 -0.0002262323 -0.0453225097
32907 313595.22 113.8496795446 34.0873976132 3777087.201023 763041.9100646 56.488122371 0.0100347168 0.2632567996 89.972084987 14.5794867108 -0.0082285059 -0.0178755866
32908 313595.29 113.8496905733 34.0873976141 3777087.229534 763042.9283876 56.4881077148 0.0729963579 0.2591197005 89.9630186267 14.4933710624 -0.0035840274 0.0537921726
32909 313595.36 113.8497015336 34.0873976146 3777087.257824 763043.9404017 56.4923622906 0.0466959912 0.3062066537 89.951828746 14.4015889154 -0.008524017 0.1039265861
32910 313595.43 113.8497124305 34.0873976132 3777087.285737002 763044.9465581998 56.4973879671 0.0368328034 0.3467615164 89.9347253148 14.3186041757 -0.0128018752 0.076628587
32911 313595.5 113.8497232631 34.0873976146 3777087.313801 763045.9467745 56.5013121218 0.0371232381 0.3558697514 89.9239432982 14.2318474528 -0.0094215912 0.0838035953
32912 313595.58 113.8497355616 34.0873976204 3777087.346130002 763047.0823333 56.5062422082 -0.1423344357 0.3434068407 89.9088075606 14.129729791 0.0006284293 0.0703920498
32913 313595.66 113.8497477781 34.0873976338 3777087.379078 763048.2102939 56.5088467579 -0.2813704946 0.3433538083 89.9032831298 14.0375124244 0.0094174844 0.0294167884
32914 313595.74 113.8497599114 34.0873976484 3777087.4119629986 763049.3305701 56.5078267101 -0.297301094 0.3009417197 89.8943448642 13.9414656624 0.0116965984 -0.011809869
32915 313595.82 113.8497719624 34.0873976659 3777087.444946 763050.4432365 56.5041506197 -0.2402544345 0.2759868529 89.8860558259 13.8494935504 0.0144969349 -0.0446236389
32916 313595.9 113.8497839301 34.0873976832 3777087.477698 763051.5482111998 56.4993861113 0.003936864 0.2820017508 89.8729735865 13.7506984899 0.0126643419 -0.0277448625
32917 313595.98 113.8497958105 34.0873977003 3777087.510201 763052.6451226 56.4975424539 0.1416841063 0.3085075668 89.8632197943 13.6410436222 0.0185144548 0.0186616308
32918 313596.06 113.849807596 34.0873977171 3777087.542421 763053.7332765 56.5024214061 0.1807856909 0.2946965713 89.8567716197 13.5341606684 0.0145647096 0.1294203217
32919 313596.14 113.8498192799 34.0873977342 3777087.574412 763054.8120519 56.5105708521 -0.0243091206 0.3170306937 89.849196856 13.4220173801 0.0254774198 0.1124620433
32920 313596.22 113.8498308638 34.087397751 3777087.606129 763055.8815884 56.5173561666 -0.0373471308 0.3122582378 89.8425365435 13.3020732158 0.0168332034 0.0847216372
32921 313596.3 113.8498423471 34.0873977695 3777087.637754 763056.9418306998 56.5215646243 -0.1856485151 0.289664576 89.8310854451 13.1826384981 0.0271119408 0.0450472036
32922 313596.38 113.8498537236 34.0873977911 3777087.6694620014 763057.9922059 56.5227667671 -0.1898632911 0.3458920724 89.8272826627 13.0639200769 0.0217242631 0.0428159669
32923 313596.46 113.8498649871 34.0873978075 3777087.700296 763059.0321685 56.5222378019 -0.1906783287 0.4013082491 89.8202107794 12.9243568083 0.0148180925 0.0051559076
32924 313596.54 113.8498761353 34.087397824 3777087.730848 763060.0614773001 56.521566309 -0.2470140346 0.4290788223 89.8152222418 12.7929059191 0.0201468147 0.0029484905
32925 313596.62 113.8498871641 34.0873978425 3777087.76131 763061.0797529 56.5210474115 -0.2675956001 0.4389518072 89.8093434188 12.6510060652 0.0169194625 0.0017022832
32926 313596.7 113.8498980677 34.0873978622 3777087.791587 763062.0864731999 56.5205887789 -0.3248284965 0.4677220412 89.7995818555 12.50473477 0.023756946 -0.0038399712
32927 313596.79 113.8499101873 34.0873978855 3777087.825394 763063.2054491 56.5188701907 -0.3070425739 0.4653598999 89.7955051545 12.3477222247 0.0249002815 -0.0152944703
32928 313596.88 113.8499221432 34.0873979153 3777087.859507 763064.3093003002 56.5163812889 -0.3113430181 0.4302521807 89.7980644092 12.1721172635 0.0308926458 0.0001789762
32929 313596.97 113.8499339367 34.0873979449 3777087.893175 763065.3981481999 56.5157062402 -0.2594121992 0.3603245638 89.7940310548 12.0152510798 0.0380743583 -0.0086832259
32930 313597.06 113.8499455649 34.0873979809 3777087.927122 763066.4717178 56.5147272926 -0.1588892234 0.2802234962 89.806248722 11.8465328984 0.0394569696 -0.0009338736
32931 313597.15 113.8499570295 34.0873980134 3777087.960268 763067.5301978 56.5140374228 -0.0732182042 0.2178999773 89.8101008801 11.6648338508 0.0404411035 0.0292981776
32932 313597.24 113.84996832 34.0873980429 3777087.9926309986 763068.5726101998 56.5172910448 -0.2247701894 0.224900256 89.8096792235 11.4843578335 0.0304004937 0.0526965989
32933 313597.33 113.849979437 34.0873980644 3777088.023655 763069.5990176 56.519830172 -0.3071793197 0.2406828714 89.7997158459 11.3138415849 0.0265080414 0.0112562674
32934 313597.42 113.8499903848 34.0873980873 3777088.054396 763070.6098068 56.5188247729 -0.2269337406 0.2616102194 89.7963095084 11.1358026843 0.0218748385 -0.0080063586
32935 313597.52 113.8500023535 34.0873981096 3777088.087701998 763071.7148604 56.5169236762 -0.1617367884 0.2589960597 89.7827988428 10.9559400673 0.0244557006 0.015841598
32936 313597.62 113.850014145 34.0873981416 3777088.121635 763072.8035182 56.5174898999 -0.1790052475 0.201932998 89.785910593 10.8001210251 0.0370103159 0.0412092384
32937 313597.72 113.8500257798 34.0873981753 3777088.155353 763073.8777026 56.5186204836 -0.1473255898 0.2003924243 89.7809220567 10.663494006 0.0318168723 0.0108345012
32938 313597.82 113.8500372713 34.0873982072 3777088.188501002 763074.9386646 56.5161322411 0.039269969 0.1793155097 89.7832131379 10.5280690692 0.0368903876 -0.0067524794
32939 313597.92 113.8500486032 34.0873982383 3777088.22114 763075.9848957 56.5163749987 0.0718168201 0.1727978209 89.7768862753 10.3735309883 0.028696724 0.0486769665
32940 313598.02 113.8500597715 34.0873982665 3777088.253043 763077.016026 56.5218606256 -0.0867697132 0.2621566941 89.7668227933 10.2188133981 0.0280745515 0.0789207
32941 313598.12 113.8500707662 34.0873982893 3777088.283904 763078.031145 56.5267650597 -0.1660382814 0.3218160512 89.7541797984 10.0648890343 0.019935234 0.0561260682
32942 313598.23 113.850082652 34.0873983236 3777088.318335 763079.1285045998 56.5276039988 -0.2007567249 0.3420535693 89.7455733593 9.8739582284 0.0352215697 0.0195759886
32943 313598.34 113.8500943072 34.087398356 3777088.351955 763080.2045777 56.5266034761 -0.2008809718 0.3435307926 89.7319828609 9.6797939875 0.0286443709 0.0041171875
32944 313598.45 113.850105725 34.0873984003 3777088.3862870014 763081.2586921 56.5261069005 -0.2038216262 0.2889989534 89.7603778405 9.4746782343 0.0412614056 0.0171506072
32945 313598.56 113.8501168977 34.0873984402 3777088.419501 763082.2901971998 56.526913438 -0.1968535551 0.2289327164 89.8004721596 9.2685988419 0.0230471504 0.0169187633
32946 313598.67 113.8501278239 34.0873984737 3777088.451363 763083.2989547 56.5268208003 -0.1275909537 0.1885975195 89.8440753842 9.0629875031 0.0271809858 0.0153748505
32947 313598.79 113.850139454 34.0873984921 3777088.483375 763084.372755 56.5270437626 -0.0095556012 0.3066632897 89.8820543534 8.8202099912 -0.0060676479 0.0157615578
32948 313598.91 113.8501507786 34.087398498 3777088.513205 763085.4183868 56.5286425818 -0.0011266101 0.3600265434 89.917731399 8.5887414875 0.0079784942 0.0459846835
32949 313599.03 113.8501617949 34.087398504 3777088.5422519986 763086.4355469 56.5344776176 -0.1029354467 0.3758284582 89.9567987429 8.3493224844 -0.0067349275 0.0635289172
32950 313599.16 113.8501733737 34.0873984967 3777088.571272 763087.5046875 56.5403941823 -0.3083571512 0.3843041003 89.980325156 8.0942004159 0.0056517871 0.0205671767
32951 313599.29 113.850184594 34.0873984897 3777088.599404 763088.5407340998 56.5424190117 -0.4602265241 0.3585231973 90.0227558605 7.8365792971 -0.010999865 0.014470242
32952 313599.42 113.8501954451 34.087398472 3777088.6254 763089.5427173 56.542075065 -0.4797122972 0.3818110171 90.0470573123 7.5736871096 -0.008310844 -0.0206074331
32953 313599.56 113.850206728 34.0873984537 3777088.652433 763090.5845689998 56.5365120657 -0.2549778311 0.3681419325 90.0770223575 7.290781619 -0.0188570767 -0.0379104659
32954 313599.7 113.8502175744 34.0873984288 3777088.677611 763091.5861439002 56.5321259862 -0.100001421 0.3521420429 90.0632951261 7.0061666707 -0.0169528567 -0.0105118827
32955 313599.85 113.8502287177 34.0873984056 3777088.703747 763092.6151226999 56.5357163139 -0.1216862028 0.400283044 90.0776478294 6.7073036211 -0.0195507811 0.0530703355
32956 313600.01 113.8502400479 34.087398377 3777088.729767 763093.6613831 56.5401615975 -0.2702292721 0.3985095848 90.053031661 6.368851561 -0.0143825914 0.0201637242
32957 313600.18 113.8502514617 34.0873983694 3777088.758338 763094.7152916 56.5423502447 -0.2415448911 0.3828812441 90.0289700643 6.0199731602 -0.0095412017 0.0112028536
32958 313600.36 113.8502628383 34.0873983614 3777088.786758 763095.7657656998 56.5377172092 -0.2222573254 0.3879589779 89.9639772686 5.6428360969 -0.0050508144 -0.0310931241
32959 313600.55 113.8502740655 34.0873983679 3777088.816401999 763096.8023996998 56.5384228751 -0.2799063114 0.3986307219 89.9168439831 5.2667733899 -0.0016979157 0.0456135635
32960 313600.75 113.8502850583 34.0873983803 3777088.846102 763097.8173727 56.5403138781 -0.4067915683 0.408903664 89.8480350504 4.8719580166 0.0025528963 -0.0066446237
32961 313600.97 113.8502961748 34.0873984121 3777088.878278 763098.8437111998 56.535408603 -0.3610834217 0.3816092761 89.7979761442 4.4501429418 0.0093642586 0.0003682549
32962 313601.18 113.8503059151 34.0873984294 3777088.90529 763099.743016 56.5333022922 -0.2790890068 0.4157357022 89.7301198098 4.1164369665 0.0119132892 -0.0015739888
32963 313601.44 113.8503169445 34.0873984687 3777088.938075 763100.7612875 56.5311719207 -0.1725379755 0.4397733795 89.681356209 3.7198876986 0.0146509027 0.0019481054
32964 313601.73 113.8503279778 34.0873985156 3777088.9717 763101.779898 56.5294029098 -0.1102426904 0.4041253993 89.6379866211 3.2995347741 0.0163336225 -0.0027706203
32965 313602.06 113.8503389136 34.0873985684 3777089.005747 763102.7894850002 56.5307524186 -0.0877398416 0.4032521028 89.6011973384 2.8178373905 0.0179054231 0.0071187784
32966 313602.46 113.8503499345 34.0873986183 3777089.039675 763103.806935 56.5310734669 -0.0757133276 0.4335594572 89.5741428335 2.2747397836 0.0160170978 0.0089062098
32967 313602.98 113.8503608397 34.0873986782 3777089.074417 763104.8136709002 56.5280556614 -0.0800762696 0.4011929183 89.5451168213 1.6365211878 0.0116921893 0.0095928228
32968 313603.8 113.8503717445 34.0873987528 3777089.110798 763105.8203335998 56.5261921203 -0.0517988013 0.370061402 89.5280603185 0.869984306 0.0099625419 -0.0045788734
32969 313625.72 113.850381945 34.0873988264 3777089.145242 763106.761954 56.4824449588 0.3601102876 0.3753860387 89.5454265182 1.1362616165 0.0096888864 -0.0037494263
32970 313626.33 113.8503928723 34.0873989044 3777089.1820620014 763107.7706761998 56.4838476097 0.3685680539 0.3449254156 89.5780273737 2.1817641166 0.0187875452 -0.0028279876
