33413 313681.8 113.8461519495 34.0876616395 3777107.420569 762715.3758233001 57.259117513 0.3768205921 1.055764048 287.4497236523 -8.2231285206 2.6320781147 0.104260357
33414 313681.86 113.8461466066 34.0876630446 3777107.56276 762714.8781442 57.2656669132 0.268350483 1.0543572723 287.0195549699 -8.2147140334 2.5717958979 0.1027060878
33415 313681.98 113.846135939 34.0876657619 3777107.836871 762713.8847619002 57.2742912956 0.1529157853 1.0085617619 285.9454198957 -8.2033980595 2.4380176706 0.0547985326
33416 313682.1 113.8461252891 34.0876682909 3777108.090135 762712.8935912 57.2780219801 0.1425332281 0.810768719 284.8185114652 -8.2034467382 2.224162754 0.0038083127
33417 313682.22 113.8461146691 34.0876706206 3777108.321355 762711.9058068001 57.279439602 0.3329952431 0.7091733626 283.6000007452 -8.168853816 2.0515152519 0.023916176
33418 313682.27 113.8461102609 34.0876715353 3777108.411526999 762711.4959534 57.2811637549 0.4990249226 0.6439928456 283.0114766112 -8.1370326616 1.9593265198 0.0484152555
33419 313682.4 113.846098884 34.0876737177 3777108.624447 762710.4387258 57.2876732731 0.8722493264 0.7063498149 281.2719126163 -8.0434047338 1.7154161337 0.0781049903
33420 313682.53 113.8460876771 34.087675579 3777108.802175 762709.3982013002 57.3028307566 0.9234717427 0.8360094455 279.2821853148 -7.9064714241 1.4126512872 0.1719351207
33421 313682.64 113.8460783457 34.0876768657 3777108.920972 762708.5326161998 57.3229338685 0.6945194659 0.9707232236 277.5679783392 -7.7804499322 1.1462604734 0.2071791886
33422 313682.77 113.8460675069 34.087678055 3777109.025071 762707.5281515998 57.3469541073 0.2794302994 1.091694734 275.5292713324 -7.6407699549 0.8484281581 0.1420857683
33423 313682.91 113.846056109 34.0876789564 3777109.095778 762706.4729481 57.3611117266 0.0583010802 1.2147286909 273.3339092141 -7.4252119278 0.5444036006 0.0744986044
33424 313683.05 113.8460450521 34.0876794682 3777109.124127 762705.4504409 57.3692704765 0.2080543305 1.1783598226 271.1912354422 -7.1868804015 0.2383539715 0.0531426214
33425 313683.2 113.8460336047 34.087679619 3777109.111416002 762704.3929944 57.3727894416 0.6155114512 1.1121293625 268.8510316435 -6.8971264251 -0.0412555527 0.0046134837
33426 313683.23 113.8460313731 34.0876796047 3777109.104087 762704.1869834 57.3735685498 0.6616417699 1.1178968547 268.3589480581 -6.8340334411 -0.10198573 0.0350249557
33427 313683.38 113.846020528 34.087679311 3777109.043594 762703.186521 57.3854748746 0.7152538721 1.0264579278 265.8994081294 -6.5103566163 -0.3748875372 0.1528143016
33428 313683.54 113.8460095593 34.0876785972 3777108.936158 762702.175943 57.4083501222 0.463113912 1.030609078 263.1732126014 -6.1385304872 -0.6337050898 0.1365095393
33429 313683.71 113.8459986346 34.087677456 3777108.781401 762701.1707519002 57.426066231 0.4259639523 1.0920419957 260.1158422388 -5.7128556913 -0.9019678072 0.0825842072
33430 313683.88 113.8459885602 34.0876759164 3777108.584630002 762700.2453061 57.4381307988 0.5502542549 0.9160717122 257.0463768173 -5.2228420122 -1.1391396539 0.0569816892
33431 313684.08 113.8459779014 34.0876737353 3777108.315157 762699.2678784 57.449884668 0.697774282 0.7091839086 253.4824430856 -4.618721728 -1.2948129818 0.0819788805
33432 313684.28 113.8459685528 34.0876713174 3777108.022767 762698.4121681999 57.467260113 0.6541711534 0.7663064112 250.1472769536 -4.0141615819 -1.3775093521 0.098290621
33433 313684.54 113.8459584018 34.0876680742 3777107.636739 762697.4849135998 57.4884113241 0.6159552727 0.6247520389 246.0330934622 -3.1996766261 -1.3834403147 0.0540255805
33434 313684.77 113.8459512706 34.0876653352 3777107.314430998 762696.8349330998 57.5008691689 0.621896456 0.4643901787 242.576944778 -2.5711831669 -1.2829574947 0.0395967927
33435 313685.16 113.8459416393 34.0876608532 3777106.792244 762695.9594955 57.5120502524 0.8070048594 0.0890713635 236.7940298835 -2.0617111697 -1.2975498956 0.0342692956
33436 313685.35 113.8459376372 34.0876586384 3777106.536159 762695.5968155 57.5207759198 0.7012883934 -0.2374812499 234.0436037375 -1.8027992411 -1.2831267615 0.0476899538
33437 313685.91 113.8459290295 34.0876530229 3777105.890821 762694.819396 57.5396678187 0.3317827513 -0.8884632037 227.6547489384 -1.0416082444 -0.9121674634 0.0115601153
33438 313688.05 113.8459239913 34.0876491999 3777105.453597 762694.3660160998 57.5258155651 0.3098656042 -1.1647676571 224.0199562647 0.0074066686 0.0087848777 -0.0022408875
33439 313690.55 113.8459313087 34.0876559126 3777106.217376 762695.0209035 57.5001208084 0.3477862694 -1.269996025 215.6571795008 0.4850330451 0.6615426581 -0.0311223579
33440 313690.87 113.845933015 34.0876579426 3777106.447053 762695.1721799 57.4940009788 0.3957218099 -1.3691335906 212.0909057872 0.4914704533 0.7465857225 -0.032684185
33441 313691.89 113.8459377831 34.0876660982 3777107.364408 762695.5872169002 57.4713508934 0.6447956078 -1.4437941065 199.0665103263 0.3599840576 1.0210386564 -0.025104611
33442 313692.0 113.8459381961 34.0876671301 3777107.479984 762695.62216 57.4689910132 0.6620966812 -1.4284642523 197.4942879452 0.3487810068 1.0478771631 -0.0394089099
33443 313692.88 113.8459403274 34.0876760309 3777108.473256 762695.7914294002 57.4520127671 0.6804553074 -1.5185473362 184.4637404544 0.0902199038 1.060779084 -0.0230495977
33444 313693.04 113.8459404373 34.0876775421 3777108.6412410014 762695.7969056999 57.4506080588 0.5905343273 -1.4794000746 182.2573502647 0.0496231357 1.0373162199 -0.0178732947
33445 313694.6 113.8459394106 34.087686499 3777109.63261 762695.6744138 57.4423181573 0.0864016568 -1.5123970044 169.2989019647 -0.0686777991 0.3345785745 -0.0177427918
33446 313695.26 113.8459390015 34.0876876211 3777109.7560870014 762695.6331634 57.4380137511 0.0615994908 -1.486383633 167.6986316183 -0.0092837015 -0.0020617095 -0.0237754567
33447 313698.83 113.8459413703 34.087678976 3777108.802776 762695.8786196 57.4313511076 0.345684258 -0.7963757554 158.9358081521 0.4143974616 -1.1815921003 -0.0218038504
33448 313698.9 113.845941708 34.0876782139 3777108.719068 762695.9121545998 57.4308193764 0.3530187161 -0.8120927117 157.7452653772 0.4687395413 -1.2411993046 -0.0253464247
33449 313699.5 113.8459467547 34.0876700762 3777107.828945 762696.4033031 57.4280650588 0.1668896571 -0.715997112 144.9060961136 1.1551521387 -1.722416484 -0.0135944178
33450 313699.56 113.845947531 34.0876691393 3777107.726971 762696.477879 57.4279374285 0.1065060798 -0.737645367 143.5080547472 1.2391955772 -1.7452823318 -0.022248022
33451 313700.0 113.8459545732 34.0876622518 3777106.980735 762697.1494083 57.4301710436 -0.433563818 -0.6392636432 133.4636164215 1.693443276 -1.6559361289 0.0027053431
33452 313700.1 113.8459564405 34.0876607697 3777106.82106 762697.3264029 57.430274196 -0.5618721134 -0.7036745744 131.265977965 1.7675995137 -1.6125901299 -0.0341537722
33453 313700.51 113.8459649996 34.087655094 3777106.213202 762698.1342526 57.4218248939 -0.6909501367 -0.5070672875 122.9878614277 2.1045024703 -1.4607827234 -0.0268394167
33454 313700.64 113.8459680302 34.0876534089 3777106.033998002 762698.4192882 57.4215442203 -0.8005892172 -0.2239436217 120.7091664309 2.2190678333 -1.3879847675 -0.0237733901
33455 313701.01 113.8459775414 34.0876490199 3777105.571385 762699.3110596999 57.4091106141 -0.7708628677 -0.3679814745 115.5591000435 2.5300719165 -1.2453108143 -0.0746178612
33456 313701.36 113.8459875138 34.0876450813 3777105.159949 762700.2440298002 57.3925472135 -0.695561725 0.1217517422 112.3499638101 2.7509399353 -1.2036460597 -0.0772497477
33457 313701.53 113.845992646 34.0876432685 3777104.971969 762700.7235168 57.390360143 -0.8216852346 0.1979025382 111.1652973559 2.8383095857 -1.1288699319 -0.012553603
33458 313701.86 113.8460028602 34.0876399578 3777104.630832 762701.6768708 57.3820604049 -0.9280816911 0.1526083019 109.4524129571 2.8948808175 -1.0531652474 -0.0666130452
33459 313702.19 113.846013153 34.0876368729 3777104.314963 762702.6367822 57.3702902664 -1.0853417034 0.1549245008 108.3416361941 2.8773325449 -0.9831528159 -0.0555420259
33460 313702.53 113.8460236331 34.0876339048 3777104.012535 762703.6136304 57.3569728592 -1.1030870892 0.021081874 107.9210522202 2.8371650583 -0.9441473763 -0.045532244
33461 313702.87 113.8460339947 34.0876309964 3777103.7164199986 762704.5793456 57.3429039447 -1.0799389174 -0.3788948334 108.846207768 2.7914394813 -0.9633204104 -0.0734897454
33462 313703.22 113.8460443999 34.0876278597 3777103.39509 762705.5497975 57.3222485706 -0.8084739518 -0.3622960854 110.7684036057 2.7054916978 -1.0308220935 -0.048827832
33463 313703.57 113.8460545296 34.0876244709 3777103.045079 762706.4955975 57.3050938016 -0.6984466526 -0.1916786191 113.2062061744 2.6509274898 -1.1305597307 -0.0402898943
33464 313703.85 113.8460625678 34.0876214955 3777102.735549 762707.2469903001 57.2956686905 -0.6557708713 -0.395182241 115.4169591961 2.6617444598 -1.254336748 -0.0288435225
33465 313704.19 113.84607246 34.0876173857 3777102.304907 762708.1730823001 57.287804096 -0.792307664 -0.6757322672 118.6594985186 2.6977839205 -1.4641228655 -0.0496743246
33466 313704.48 113.8460810087 34.0876133073 3777101.874293 762708.9750284002 57.2746841498 -0.6148839037 -0.4136649497 121.6044374981 2.73296409 -1.6995801117 -0.0931845153
33467 313704.79 113.8460903809 34.0876082746 3777101.339896 762709.8559629002 57.2588983681 -0.4307001893 -0.604428418 125.0743097052 2.8407424173 -1.9379536648 -0.0720301858
33468 313705.08 113.8460993581 34.0876028849 3777100.764854 762710.7015334001 57.2534175403 -0.5654227042 -1.1933093517 128.8236943451 2.8330940326 -2.2465771162 0.0142524669
33469 313705.13 113.8461008941 34.0876018715 3777100.656337002 762710.8464938 57.2540563038 -0.5924022085 -1.1315769788 129.5093174867 2.822909691 -2.3153355778 -0.0090289519
33470 313705.4 113.8461091265 34.0875959406 3777100.0193300014 762711.6249616998 57.2426328398 -0.6132619709 -0.6225551786 133.5773312833 2.8103726283 -2.6177811862 -0.0854397078
33471 313705.63 113.8461160975 34.0875902809 3777099.409167 762712.2861197 57.2310303217 -0.377297363 -0.8178890602 137.4085995112 2.7658687893 -2.9105293099 -0.0268994144
33472 313705.88 113.8461234419 34.0875833523 3777098.659149 762712.9856800998 57.2217414733 -0.2121952883 -0.7458601743 141.7360706463 2.6479494477 -3.3025119461 -0.0705609129
33473 313706.04 113.846127971 34.0875784501 3777098.126759 762713.4190330999 57.2100517433 0.0512364357 -0.5474830452 144.6586334664 2.5614034475 -3.5533603974 -0.0573023681
33474 313706.27 113.8461342247 34.0875707169 3777097.284646 762714.0203761999 57.2051863233 0.1683932732 -0.4479214097 148.9619530516 2.4380539641 -3.9283541259 -0.0116400459
33475 313706.45 113.846138844 34.0875641007 3777096.56228 762714.467355 57.202995019 0.2084625406 -0.4268190148 152.1097966933 2.2933918055 -4.2381639515 -0.0237283053
33476 313706.66 113.8461438787 34.087555807 3777095.654824 762714.9578725002 57.203221932 0.2269850991 -0.3234147515 155.302437613 2.1325157831 -4.5368474822 0.0117876064
33477 313706.86 113.8461483415 34.0875474092 3777094.73435 762715.3959101 57.20381328 0.3303791657 -0.2605717393 157.8990638842 1.9824726947 -4.7884361853 -0.0057971176
33478 313706.87 113.8461485561 34.0875469778 3777094.687019 762715.4170594 57.2037865659 0.3295921025 -0.2592859286 158.0213095102 1.9741991786 -4.8005849847 -0.0063584953
33479 313707.07 113.8461526935 34.087538158 3777093.718876 762715.8263549 57.2051145546 0.4330880472 -0.4706176807 160.5112503286 1.8276498415 -4.9927585353 0.0117370843
33480 313707.26 113.8461562723 34.0875294824 3777092.7652839986 762716.1836220998 57.2097019507 0.361997193 -0.5926581201 162.9109225774 1.6296691437 -5.1597809882 0.0292548416
33481 313707.45 113.8461594183 34.0875205348 3777091.780397 762716.5017721999 57.2170711886 0.1918794379 -0.3907142524 165.2729087594 1.4308343292 -5.3073435409 0.034331079
33482 313707.47 113.8461597254 34.0875195783 3777091.675045 762716.5330889 57.2178125354 0.1727401467 -0.3728757609 165.5170749881 1.4077931041 -5.3238220054 0.033501935
33483 313707.66 113.8461624527 34.087510373 3777090.660477 762716.8133805002 57.2211781507 0.1649347469 -0.4181055923 167.7125261727 1.2388477701 -5.4537833699 -0.001535942
33484 313707.84 113.8461646765 34.0875014622 3777089.677306 762717.0462612 57.2202159436 0.3049108285 -0.3191349221 169.6846028183 1.0427992415 -5.5552918131 0.0038531101
33485 313708.02 113.8461665215 34.0874924039 3777088.676788 762717.2446353 57.2235238021 0.2390212454 -0.0077080994 171.3432124829 0.8705991459 -5.6241620261 0.0152276536
33486 313708.1 113.8461672492 34.0874883511 3777088.228894002 762717.3243560998 57.2254219232 0.1879250475 0.1009570712 171.8932644945 0.8081575803 -5.6274110847 0.0251477025
33487 313708.28 113.8461687543 34.0874792369 3777087.221296 762717.4915079002 57.2324969787 0.0931120024 0.0267277661 172.8751513091 0.7240856045 -5.6136525965 0.0298768859
33488 313708.46 113.8461700925 34.0874701715 3777086.218696 762717.6431002 57.2357670153 0.1733021959 -0.1926550608 173.7851153299 0.6412824117 -5.5714063138 -0.0023003407
33489 313708.64 113.8461712394 34.0874611838 3777085.224217 762717.7767942 57.2382364692 0.2003345628 -0.3845191014 174.7755920795 0.5514390904 -5.5141718556 0.0072813713
33490 313708.83 113.8461722197 34.0874518011 3777084.185469 762717.8963253 57.2455313299 0.0566765929 -0.5212416283 176.160141211 0.4054039156 -5.4533505757 0.035023712
33491 313708.99 113.8461728155 34.0874439834 3777083.319421 762717.9755096 57.249225976 -0.0783098975 -0.5603214425 177.7165543148 0.2666191869 -5.3993656903 0.0215426842
33492 313709.18 113.8461731603 34.0874347783 3777082.298749 762718.0358091998 57.2539830124 -0.315110012 -0.6332980698 179.8763483201 0.0600463889 -5.3369069818 0.0110932719
33493 313709.37 113.8461730837 34.0874257071 3777081.291854 762718.0567945 57.2552760644 -0.2203442526 -0.7462318994 182.6450187345 -0.176293039 -5.2390007358 -0.0034843425
33494 313709.57 113.8461723986 34.087416341 3777080.250679 762718.0224933 57.2497148411 -0.0643970657 -0.9219998325 186.1853039015 -0.4782185208 -5.1296869102 -0.0383428787
33495 313709.66 113.8461718659 34.0874121969 3777079.789403 762717.9861246998 57.2476446954 0.0238825601 -0.9581028563 187.9099750104 -0.6238867694 -5.0698091126 0.0016008751
33496 313709.86 113.8461701715 34.0874031664 3777078.782864 762717.8575962 57.2514576102 -0.0703696345 -1.0681940333 191.9439324195 -0.9441550668 -4.9326416015 0.0140773799
33497 313710.07 113.8461676179 34.0873939682 3777077.755501 762717.6502525 57.25407378 -0.1570990773 -1.119006783 196.3101603264 -1.3250158929 -4.7588299973 0.0545208558
33498 313710.22 113.8461653125 34.0873876001 3777077.042864 762717.4570766998 57.2593416991 -0.2860067636 -1.0226132853 199.3847294323 -1.5464955816 -4.6334494402 0.0264660183
33499 313710.43 113.84616147 34.0873789878 3777076.077208 762717.1289175998 57.2591712661 -0.1695307668 -1.0706977294 203.569442426 -1.851299081 -4.4349925478 -0.0060100348
33500 313710.64 113.8461569914 34.0873707845 3777075.15531 762716.74075 57.2556091929 0.1495186573 -1.1225670642 207.7416643725 -2.1211662325 -4.1910704975 -0.0111361951
33501 313710.8 113.846153203 34.0873648632 3777074.488436 762716.4092660998 57.2557085678 0.3481862001 -1.3111123346 210.8453674459 -2.2747969695 -3.9985191864 0.0244692093
33502 313711.03 113.8461472876 34.0873568813 3777073.587406 762715.8877526 57.2671115156 0.4001944198 -1.6492679598 215.366171548 -2.5047531784 -3.6845131127 0.0569489353
33503 313711.26 113.8461407829 34.0873495182 3777072.753537 762715.3099191 57.2767893029 0.4697362633 -1.6307470456 219.9563598942 -2.7231616571 -3.3743860171 0.0344392458
33504 313711.41 113.8461362802 34.0873450612 3777072.247328 762714.9079471 57.2822716348 0.5807758514 -1.7045362054 223.1037613942 -2.8339420328 -3.1793359393 0.0439508089
33505 313711.65 113.8461287016 34.0873385442 3777071.50459 762714.2283276 57.2968065161 0.754351906 -1.8118464369 228.3205657142 -3.0056293471 -2.8052605724 0.0655846009
33506 313711.9 113.8461203535 34.0873326419 3777070.828097 762713.4757666 57.311863387 0.917376303 -1.641525431 233.9407719918 -3.1727696003 -2.3966365021 0.0483143604
33507 313712.01 113.8461165453 34.0873303322 3777070.561975 762713.1312799 57.3157321811 0.9648024695 -1.4333521236 236.3518602751 -3.2306069811 -2.2268256826 0.0435128586
33508 313712.27 113.8461073057 34.0873254838 3777070.000141 762712.2931378002 57.338380428 0.6629442316 -1.3059310683 241.8818772778 -3.3245751599 -1.8829555181 0.1156960499
33509 313712.49 113.8460992241 34.087322025 3777069.595497 762711.5576254 57.3570521567 0.6899929756 -1.1867943118 246.2380522043 -3.4509532718 -1.5924343457 0.0679520908
33510 313712.76 113.8460888523 34.0873184891 3777069.176415 762710.6108934 57.3687867178 0.7976801421 -0.7485817412 250.991977863 -3.6193465923 -1.3141551461 0.009402775
33511 313713.0 113.8460792825 34.0873158713 3777068.861276 762709.7353648002 57.3802737798 0.936862374 -0.8368850368 254.9837345359 -3.737274283 -1.0728257315 0.1037530778
33512 313713.26 113.8460683828 34.0873136549 3777068.587267 762708.7358056 57.3969515013 1.0222005421 -0.443601956 258.8485839206 -3.9587975174 -0.8079819033 0.039321567
33513 313713.5 113.8460577271 34.0873120726 3777068.384252 762707.7568124002 57.406491043 1.2704467266 -0.0892643077 261.5254697447 -4.1819138159 -0.6525185119 0.0693317721
33514 313713.73 113.8460469725 34.0873108096 3777068.216425 762706.7676938 57.424737568 1.2021589781 -0.1196523292 263.4810702241 -4.4021868194 -0.5341937158 0.0810324882
33515 313713.95 113.8460361688 34.0873098422 3777068.081267 762705.7731383998 57.4436569828 1.102081064 -0.1034741633 265.2554100513 -4.6194466104 -0.4076965057 0.0803578881
33516 313714.07 113.8460300444 34.0873094223 3777068.018909 762705.2089375 57.4524034029 1.0812592197 -0.0455258488 266.1102151911 -4.7557347816 -0.34700985 0.0783192803
33517 313714.28 113.8460189131 34.087308856 3777067.927433002 762704.182892 57.4673714656 1.0186267974 -0.0106374226 267.5252206104 -4.9795328299 -0.2409965673 0.0791240687
33518 313714.48 113.8460078329 34.0873085195 3777067.861579 762703.1608497 57.4801126439 1.0571143003 0.1647066358 268.7538650606 -5.1978234516 -0.1209583499 0.0756264165
33519 313714.67 113.8459968811 34.0873083692 3777067.816721 762702.1500841 57.4938270999 1.0740273019 0.3125715079 269.5163604926 -5.3910772367 -0.0630075352 0.080125372
33520 313714.86 113.8459855492 34.0873082984 3777067.779717 762701.1039858002 57.5064336918 1.1376149346 0.2682387533 270.151085065 -5.5649965089 -0.0062593937 0.0847944341
33521 313715.04 113.8459744835 34.0873083388 3777067.755728 762700.0821131 57.5216399766 1.0980991808 0.3439357781 270.5223924638 -5.7401648931 0.0537326593 0.0847319201
33522 313715.22 113.845963096 34.0873084475 3777067.738494 762699.0303209 57.535768141 1.1779298057 0.4224982222 270.6192791764 -5.9088031264 0.0668857394 0.0988319683
33523 313715.39 113.8459520337 34.08730854 3777067.720303 762698.008603 57.5515432311 1.2010548655 0.3367724331 270.6341507495 -6.0762329075 0.0563504853 0.0983089618
33524 313715.56 113.84594065 34.0873086324 3777067.701275 762696.957214 57.5670971936 1.168703877 0.2334428898 270.6336989625 -6.2541721101 0.0669812974 0.109314178
33525 313715.72 113.8459296403 34.0873087372 3777067.684586 762695.9403189998 57.5849450817 1.0894385039 0.3526333074 270.4560344166 -6.4148045563 0.0704850145 0.1246739361
33526 313715.88 113.8459183421 34.0873088011 3777067.662608 762694.896912 57.5996701736 1.0077926193 0.3017762361 270.1632175758 -6.5875649797 0.0051872358 0.0767889062
33527 313716.03 113.845907486 34.0873088043 3777067.635036 762693.8945059 57.6121641854 0.920221135 0.2352776251 269.9227672481 -6.7434863261 -0.0107343435 0.109542494
33528 313716.18 113.8458963818 34.0873087976 3777067.605728 762692.8692339001 57.6245464645 0.9136942039 0.2276703214 269.6348111985 -6.8989024287 -0.025603325 0.0840624395
33529 313716.33 113.8458850282 34.087308733 3777067.56935 762691.8211078 57.632759938 1.0498486004 0.1779712275 269.3751786656 -7.0549499688 -0.0743390576 0.0608158352
33530 313716.48 113.845873432 34.0873086205 3777067.527035 762690.7507273002 57.6432645712 1.1185038837 0.0658463535 269.0923614426 -7.2010780764 -0.1058729039 0.104335137
33531 313716.55 113.8458679407 34.0873085511 3777067.5052019986 762690.2439108002 57.651130259 1.1052073963 0.0160897553 268.9820815975 -7.264880967 -0.129815072 0.1344903041
33532 313716.69 113.8458568084 34.0873083798 3777067.457558 762689.2165475 57.6670192434 1.0679207009 -0.0849468617 268.8258057621 -7.3959598476 -0.1562521791 0.0934656561
33533 313716.83 113.8458454785 34.087308183 3777067.406564 762688.1710156 57.678790859 1.1716158466 -0.182631655 268.7152644311 -7.5255658739 -0.1658516031 0.0969870583
33534 313716.97 113.8458339579 34.0873079706 3777067.353362 762687.1079205 57.6936234366 1.1474724746 -0.1657969949 268.6358616028 -7.6487520258 -0.1788038255 0.1204898151
33535 313717.1 113.8458231029 34.0873077597 3777067.302032 762686.1062856 57.7091551861 1.2027859478 -0.220146141 268.579728564 -7.7575325308 -0.1944691241 0.1310720838
33536 313717.23 113.8458121033 34.0873075358 3777067.248887 762685.0913355 57.724585033 1.2504232329 -0.2034871351 268.5404746478 -7.86337602 -0.2020456152 0.1146590086
33537 313717.36 113.845800957 34.0873073138 3777067.195578 762684.0628377 57.7406105455 1.2136473048 -0.1633242697 268.5100733143 -7.963125776 -0.1951952792 0.1572749383
33538 313717.49 113.8457896755 34.0873070823 3777067.140864 762683.0218885002 57.761639677 1.1328257939 -0.1479877508 268.521941558 -8.0611377045 -0.20538912 0.1552746318
33539 313717.62 113.8457782486 34.0873068483 3777067.085506 762681.9675201002 57.775912513 1.2449524268 -0.1068591605 268.5531896541 -8.1657050619 -0.2001004874 0.0913056367
33540 313717.75 113.8457666889 34.087306623 3777067.030757 762680.9008545999 57.7922103628 1.34628486 -0.0852704301 268.5818326871 -8.2498429401 -0.2023148959 0.1801486507
33541 313717.88 113.8457550168 34.0873063987 3777066.975842 762679.8238158001 57.8146036677 1.2984553316 -0.0870320251 268.6206321543 -8.3275678438 -0.1967647968 0.1746167416
33542 313718.0 113.845744152 34.0873061931 3777066.925077 762678.8212541 57.8342742994 1.2537285869 -0.0970599279 268.6464474198 -8.3902065411 -0.192656774 0.1701108242
33543 313718.12 113.8457332259 34.0873059933 3777066.874797 762677.8130176 57.8523880774 1.1971636136 -0.1026021774 268.6127456086 -8.4442501239 -0.194530863 0.1720156628
33544 313718.24 113.8457222327 34.0873057889 3777066.823835 762676.798601 57.8722331934 1.0760365381 -0.0393860202 268.4923481685 -8.4978061633 -0.2012439261 0.190455812
33545 313718.36 113.8457111693 34.0873055581 3777066.769762 762675.7777870998 57.8897833032 1.0469127481 -0.0327532718 268.3323377366 -8.5423432923 -0.2370967064 0.1238538611
33546 313718.48 113.8457000371 34.0873052987 3777066.712345 762674.7507009 57.903786839 1.1050065821 -0.0225700855 268.074131906 -8.6015007604 -0.2612158911 0.1311019227
33547 313718.6 113.8456888485 34.0873050055 3777066.651018 762673.7185226999 57.9205554957 0.99175209 0.0317489369 267.7347940372 -8.6371982255 -0.2991619538 0.1572799457
33548 313718.72 113.845677622 34.0873046388 3777066.581451 762672.6830618 57.9383461485 1.0149545029 -0.0356342224 267.4474448344 -8.6501290707 -0.3753083025 0.1482380188
33549 313718.75 113.8456748088 34.087304539 3777066.563135 762672.4236165 57.9424835369 1.0097125887 -0.0211643926 267.3810069145 -8.6698453495 -0.3762727424 0.1361263057
33550 313718.87 113.8456635537 34.0873041181 3777066.487471 762671.3856872 57.9569260404 1.1729268753 -0.0438458956 267.1148251978 -8.6716135173 -0.4110011132 0.1238985981
33551 313718.99 113.8456523163 34.0873036592 3777066.407636 762670.3495096 57.9752689861 1.0879836269 -0.0451581232 266.8808390694 -8.6379139165 -0.4501534667 0.2008988876
33552 313719.11 113.8456411184 34.0873031678 3777066.324304 762669.3170771 57.99660041 1.0401085362 -0.008544813 266.6786050887 -8.6070362475 -0.4664258488 0.1785948289
33553 313719.23 113.8456299681 34.0873026468 3777066.237801 762668.2891336 58.0174752316 1.0518520035 0.0034254181 266.5160430538 -8.5765071535 -0.4994988463 0.159160899
33554 313719.35 113.845618874 34.0873021097 3777066.149653 762667.2664253 58.0352948587 1.0310678132 0.1115898811 266.3654773984 -8.5130215566 -0.5052441038 0.1533621081
33555 313719.47 113.8456078411 34.0873015581 3777066.060061 762666.249421 58.0545973005 0.9875258504 0.2046465266 266.2334195037 -8.478162639 -0.5250014252 0.1996427203
33556 313719.59 113.8455968718 34.0873009831 3777065.968038 762665.2383588002 58.0754645392 0.8090734561 0.2077329369 266.1136740933 -8.4239618049 -0.5509889753 0.1542041531
33557 313719.71 113.8455859649 34.0873003868 3777065.87381 762664.2331154002 58.0908517586 0.9258388988 0.2496655117 266.0146698078 -8.3752750551 -0.5547342647 0.132579939
33558 313719.83 113.845575132 34.0872997797 3777065.778568 762663.2347449 58.1071535861 1.0836603423 0.2052900465 265.9234389273 -8.3125721535 -0.5771329607 0.1367410403
33559 313719.96 113.8455634875 34.0872991068 3777065.673935 762662.1616436 58.1249110186 1.1999629597 0.2153364319 265.8364825812 -8.2446120577 -0.5770557975 0.1529540191
33560 313720.09 113.8455519528 34.0872984316 3777065.569331 762661.0986800998 58.1496887412 1.0561108393 0.1869372526 265.7348330032 -8.1561486555 -0.58837431 0.2294866873
33561 313720.22 113.8455405267 34.0872977356 3777065.462706 762660.0458149 58.1732112449 0.885906618 0.1927808132 265.6382451771 -8.0865777296 -0.5970510447 0.170084388
33562 313720.35 113.845529211 34.0872970416 3777065.356585 762659.0031260998 58.1915111998 0.8679548401 0.1963753636 265.5054011987 -7.9904544496 -0.5992185433 0.1269018678
33563 313720.4 113.8455248865 34.0872967687 3777065.31517 762658.6046691998 58.1986970594 0.7539402092 0.1898210459 265.444056146 -7.981933139 -0.6115410092 0.1015060059
33564 313720.53 113.8455137327 34.0872960361 3777065.205179 762657.5770648002 58.2135611633 0.9534604317 -0.037459771 265.2860488449 -7.8705834111 -0.649366785 0.1063357367
33565 313720.66 113.8455027101 34.0872952766 3777065.092541 762656.561643 58.2291789278 1.1176165398 -0.0349243198 265.1451833759 -7.7889864977 -0.6371761782 0.1703648539
33566 313720.79 113.8454918413 34.087294538 3777064.982619 762655.5603646998 58.2486108001 1.2438474956 0.3563938556 264.9932839646 -7.6746806297 -0.6148614392 0.156385697
33567 313720.93 113.8454803228 34.0872937272 3777064.8630120014 762654.4993151 58.2727888981 1.1861906411 0.1343456949 264.817702528 -7.5417900037 -0.6735315206 0.1357556524
33568 313721.07 113.8454690005 34.0872928832 3777064.740218 762653.4564949998 58.2962754676 0.9746117017 0.0824819386 264.6343415281 -7.3978205564 -0.6390253058 0.157351084
33569 313721.21 113.8454578641 34.0872920523 3777064.619364 762652.4307851 58.3185722753 0.8766478144 0.2500887241 264.4876533545 -7.2789200864 -0.6693945066 0.1034970015
33570 313721.35 113.8454469231 34.0872911932 3777064.495891 762651.4232188001 58.3345498722 0.81371658 0.2933464657 264.3416332817 -7.1477522787 -0.6830359714 0.1894265028
33571 313721.5 113.845435425 34.0872902708 3777064.363943 762650.364399 58.3542059157 0.623129903 0.3252407846 264.0764787934 -7.0069239179 -0.6857632436 0.1735901144
33572 313721.65 113.8454241653 34.087289327 3777064.230245 762649.3276561998 58.3700285172 0.5197005118 0.4683340041 263.8507827602 -6.8538868297 -0.6958010653 0.0996923059
33573 313721.8 113.8454131617 34.0872883624 3777064.094892 762648.3146361 58.3787117135 0.7667082176 0.3877065835 263.6889862319 -6.6909169798 -0.7155580169 0.0764452877
33574 313721.96 113.8454017262 34.0872873285 3777063.950743 762647.2619354 58.3895908706 1.0049354137 0.4145351105 263.5765725949 -6.5072658849 -0.6999349247 0.0997371183
33575 313722.12 113.8453905996 34.0872863159 3777063.809751998 762646.2377073001 58.4087482486 0.9375236164 0.4674872463 263.4900390207 -6.3307980158 -0.6909052986 0.1429284371
33576 313722.15 113.8453885461 34.0872861268 3777063.783483 762646.0486825 58.4130112846 0.934214831 0.4486287478 263.4786538198 -6.3040681888 -0.6891681297 0.1506613361
33577 313722.31 113.8453777521 34.0872851067 3777063.642511 762645.055175 58.4338699486 0.8566151883 0.3832770247 263.4645930508 -6.154887767 -0.6987790921 0.1151592227
33578 313722.48 113.8453665604 34.0872840575 3777063.497286 762644.0250392 58.4518914334 0.7928211907 0.3918036548 263.4316433819 -6.0009031578 -0.655778498 0.1001057982
33579 313722.65 113.8453556705 34.0872830418 3777063.356562 762643.0226677 58.4687501248 0.6493554956 0.5529973171 263.3226201831 -5.8163517983 -0.6499267545 0.1112068635
33580 313722.83 113.8453445586 34.0872819724 3777063.209293 762641.9999712 58.4856546447 0.5612701979 0.5160017155 263.1213796817 -5.5763580818 -0.6474718181 0.0954127602
33581 313723.02 113.8453333369 34.0872808457 3777063.0554019986 762640.9673065 58.4985688534 0.4942727978 0.458343738 262.8823571998 -5.3300109468 -0.6426532342 0.0547850565
33582 313723.21 113.8453225662 34.0872797183 3777062.9025839986 762639.9762834002 58.5094800172 0.5887689904 0.3543884562 262.7312291409 -5.16276112 -0.6475232256 0.0736064532
33583 313723.41 113.8453115306 34.0872785583 3777062.745467 762638.9609012 58.5217795018 0.5154618419 0.429963644 262.5283720476 -5.0241382357 -0.6335382474 0.0649644865
33584 313723.62 113.8453002778 34.0872773235 3777062.579485 762637.9257050002 58.5353196403 0.4074283294 0.3418062019 262.2929477581 -4.8637858364 -0.6530450925 0.0715172527
33585 313723.83 113.8452894565 34.0872761003 3777062.415911 762636.930305 58.5464375839 0.4218778362 0.3720234268 261.9519449218 -4.6368778914 -0.6340526684 0.0573035438
33586 313723.86 113.8452879547 34.087275927 3777062.392808 762636.7921759 58.5479974598 0.3734299858 0.3976428655 261.9065593724 -4.6015631882 -0.6306157598 0.0492233297
33587 313724.09 113.8452768565 34.0872745972 3777062.2166949986 762635.7715448001 58.5576251047 0.3545085259 0.3499107424 261.5700231909 -4.2985622366 -0.6155716059 0.0438674517
33588 313724.34 113.8452657297 34.0872732002 3777062.033039 762634.748475 58.5671085259 0.284806975 0.377609191 261.3874778693 -3.9272195846 -0.576543479 0.0599104082
33589 313724.61 113.8452548382 34.0872718075 3777061.850464 762633.7471175998 58.5738392929 0.2076921563 0.437424029 261.0656437739 -3.538016731 -0.5528001222 0.0368735014
33590 313724.9 113.8452440931 34.0872703526 3777061.661372 762632.759481 58.5791208036 0.1783264654 0.3933397945 260.5960479129 -3.3369302338 -0.5403436377 0.0438340116
33591 313725.21 113.8452332086 34.0872688093 3777061.462111 762631.7592356 58.5867136158 0.0402751234 0.6556598741 259.4471673616 -3.1631723438 -0.5568069347 0.0249078979
33592 313725.54 113.8452222834 34.0872669658 3777061.229422 762630.7561639 58.588622923 0.0359935007 0.794367466 256.3709652278 -2.9590703934 -0.6871598306 0.0211693058
33593 313725.56 113.8452216455 34.0872668395 3777061.213765 762630.6976526 58.5888812253 0.0288873975 0.7879923662 256.1309109121 -2.9459311588 -0.6983603452 0.0204371326
33594 313725.9 113.8452111899 34.0872644303 3777060.919503 762629.7396926 58.5903690727 0.1266253207 0.9006759835 251.5618393409 -2.7392949098 -0.8622502904 0.00937007
33595 313726.12 113.8452048724 34.0872626084 3777060.701075 762629.1620028 58.5924602039 0.1959469482 1.0303912793 247.7498950838 -2.5680662167 -0.9870165002 0.0187547335
33596 313726.5 113.845195012 34.0872588436 3777060.2579089985 762628.2631821998 58.592870621 0.3574477761 0.7764202848 240.4105273793 -2.2213498934 -1.1829315279 0.0245423619
33597 313726.63 113.845192022 34.0872574411 3777060.094566 762627.9914434 58.5949590448 0.3307885449 0.7645168598 237.7000385015 -2.0242586751 -1.2248509351 0.0212174066
33598 313727.13 113.8451832263 34.087252109 3777059.480211 762627.1957745998 58.6002133749 0.444305407 0.1128229436 227.4613599292 -1.2761450407 -1.1220083591 0.0196418756
33599 313727.26 113.8451815397 34.0872508274 3777059.33364 762627.0440076998 58.6019240636 0.4694914342 0.0089106748 225.0414096154 -1.1273516202 -1.0702293825 0.0220371599
33600 313728.23 113.8451745818 34.0872439337 3777058.5507 762626.4228613002 58.6104760179 0.2063813852 -0.6745229658 212.5706111053 -0.3038857757 -0.447997185 0.0049335302
33601 313729.07 113.8451737088 34.0872428656 3777058.429921 762626.3455585998 58.6055497332 0.30794312 -0.6035833546 210.6867662983 -0.0068909438 -0.0159041203 0.0145601584
33602 313732.95 113.8451792787 34.0872506179 3777059.304572 762626.8358841 58.5823186226 0.3209240898 -1.0490287051 204.9319880931 0.3238706903 0.635913018 -0.0232334926
33603 313734.08 113.8451823406 34.0872575399 3777060.0806370014 762627.0972068001 58.5708372314 0.3423743966 -0.9751700595 194.3886737275 0.1946548339 0.7155332884 -0.0189973537
33604 313735.37 113.8451837099 34.0872656867 3777060.9882660015 762627.1984608001 58.56008087 0.5183251521 -0.8939030995 182.493094384 0.0371089834 0.6924924268 -0.0130422679
33605 313737.41 113.8451828309 34.0872739372 3777061.901622 762627.0917988 58.5505220555 0.5421882634 -0.9187484299 170.62154807 -0.0001014627 -0.0008072296 -0.0095997372
33606 313741.16 113.845184214 34.0872666604 3777061.097614 762627.2419925998 58.5485499362 0.5645685979 -0.284372277 161.4392854055 0.2438044001 -0.8066583934 -0.0055168472
33607 313741.89 113.8451883224 34.087258692 3777060.223875 762627.6459729 58.5531877205 0.4184537543 0.0976693444 148.1776942133 0.9221459057 -1.6034900451 0.0173655827
33608 313742.35 113.8451943827 34.0872517301 3777059.466855 762628.2270647 58.5692751799 -0.1174441596 0.4109690298 135.2373319593 1.5062186106 -1.6194065432 0.0207789695
33609 313742.77 113.8452019469 34.0872462195 3777058.874751 762628.9425364998 58.5714041144 -0.3365368147 0.6980244569 122.6043896239 1.8233402259 -1.2389933528 -0.002204174
33610 313743.24 113.8452116822 34.0872419115 3777058.4217 762629.8547601999 58.565475502 -0.3225471107 0.6065460461 109.1188291355 2.0396083686 -0.7561128676 -0.0296388322
33611 313743.61 113.8452200923 34.0872397919 3777058.208109 762630.6378458 58.5612118905 -0.3600478054 0.4233676986 100.8211214703 2.1742965553 -0.4698521398 -0.0035590056
33612 313744.07 113.845231018 34.087238363 3777058.077634 762631.6510878 58.5606614798 -0.5060918324 0.5512205305 93.3721386115 2.2385955443 -0.1768619533 -0.0130209162
33613 313744.51 113.845242063 34.08723794 3777058.059097 762632.6722238002 58.5586776733 -0.5958526211 0.5674035808 89.0914510744 2.4052697358 -0.0100484957 -0.0191557861
33614 313744.63 113.845245224 34.0872379264 3777058.065723001 762632.9641346 58.5562066222 -0.5587054738 0.5683145206 88.2434144941 2.4683453978 0.0291828465 -0.0317109026
33615 313745.02 113.845256232 34.0872381705 3777058.121119 762633.9798002 58.5461511677 -0.3404169763 0.3799174901 86.7118098755 2.7811592079 0.1197471189 -0.0246158431
33616 313745.36 113.8452671176 34.0872386398 3777058.201195 762634.9834649998 58.5374583956 -0.2504621888 0.6089167552 86.1462435726 3.1614869215 0.1898343143 -0.0259811189
33617 313745.66 113.8452779857 34.0872392279 3777058.294411 762635.9851451998 58.5321418606 -0.284104869 0.6055933759 85.4178350735 3.5398977298 0.2499452433 -0.022453104
33618 313745.93 113.8452888387 34.0872399389 3777058.401230002 762636.9850523 58.5277246833 -0.2937820399 0.5933821225 84.6913371507 3.902429044 0.3135867395 -0.0209262
33619 313746.18 113.8452998456 34.0872407679 3777058.521541 762637.9987976 58.5178396246 -0.3644921416 0.616161907 84.0614053902 4.2295950293 0.3937299516 -0.0358461919
33620 313746.24 113.8453026208 34.0872409918 3777058.553534 762638.2543574 58.515867848 -0.3930861808 0.5574572863 83.9353684682 4.3029012808 0.4286239897 -0.0203072548
33621 313746.47 113.84531371 34.0872419462 3777058.687964 762639.2753156 58.5081013367 -0.4893931946 0.50204913 83.6951100391 4.5956561187 0.484883901 -0.0416983974
33622 313746.69 113.8453250011 34.0872429269 3777058.825846 762640.314841 58.4949334497 -0.4770487073 0.54243667 83.6308939263 4.8797397246 0.5047575329 -0.0771787093
33623 313746.89 113.845335833 34.0872438886 3777058.960432 762641.3120259 58.4826343991 -0.4978678814 0.5660395091 83.5708854741 5.1124679392 0.554918434 -0.0304482132
33624 313747.09 113.8453471505 34.0872449107 3777059.102969 762642.3538561999 58.4710220899 -0.6238783648 0.535762728 83.5333347495 5.3113781027 0.5680606345 -0.081943712
33625 313747.28 113.8453582008 34.0872459431 3777059.2459660014 762643.3709878002 58.4601798831 -0.7553740977 0.4666090618 83.5043937054 5.411130479 0.5913977837 -0.0382713264
33626 313747.47 113.8453693961 34.0872469926 3777059.391232 762644.4014574002 58.4449374219 -0.8395755582 0.4032243636 83.3808583842 5.4541426789 0.6059622656 -0.1086310305
33627 313747.66 113.8453806274 34.0872480741 3777059.540137 762645.4351504 58.4309997456 -1.0038983921 0.3345699676 83.3200452606 5.4627184747 0.6279101549 -0.0572056639
33628 313747.85 113.8453918838 34.0872491551 3777059.689052 762646.4711607 58.4164173743 -1.1033648352 0.3595885316 83.2103039112 5.4708163975 0.6370133878 -0.0800174613
33629 313748.04 113.8454031511 34.087250264 3777059.841103 762647.5080888 58.3986977907 -1.1263562513 0.2848170559 83.1278339626 5.4754299209 0.6386455794 -0.0982503898
33630 313748.23 113.8454144446 34.0872513794 3777059.993925 762648.5474204002 58.3787324531 -1.055641313 0.3139686045 83.0455697604 5.5128780686 0.6484676865 -0.1070810145
33631 313748.41 113.8454252093 34.087252461 3777060.141648 762649.538024 58.3595513403 -0.9754358262 0.3130713687 83.0565737876 5.5321283422 0.6582699393 -0.0844201149
33632 313748.59 113.8454360085 34.087253548 3777060.29006 762650.5317998 58.3429939086 -0.9718262763 0.2529875233 83.0915079212 5.5423163444 0.6622408794 -0.0926766407
33633 313748.77 113.8454468251 34.0872546428 3777060.439374 762651.5271599 58.3270996511 -0.9754886572 0.0711303708 83.1726047799 5.5529170633 0.6555740692 -0.0879850795
33634 313748.95 113.8454576661 34.0872557107 3777060.585776998 762652.5248525 58.3100905605 -0.831605755 0.0914652781 83.2702971423 5.5617837891 0.6428529369 -0.0959525179
33635 313749.13 113.8454685337 34.0872567876 3777060.733241 762653.5249792 58.2955340091 -1.028159182 0.0143488798 83.4075178642 5.5884776824 0.6446849161 -0.0850916655
33636 313749.31 113.8454794651 34.0872578318 3777060.877234 762654.5310955 58.2787305079 -1.1493108296 0.0269266475 83.5045852154 5.6298622038 0.6260297366 -0.0467990993
33637 313749.49 113.8454904849 34.0872588612 3777061.019817 762655.5454151002 58.2650752803 -1.2633059495 0.1845006783 83.6272965823 5.6856170828 0.6294424693 -0.1095865616
33638 313749.67 113.8455016479 34.0872598902 3777061.162733 762656.5729658002 58.2330776099 -0.9096197738 0.14791597 83.707075416 5.7712217591 0.6094658678 -0.1518452527
33639 313749.85 113.8455129813 34.0872609329 3777061.307598 762657.6162055 58.2174914945 -1.0659815056 0.0903958622 83.7888815472 5.8705128126 0.62312033 -0.0688470357
33640 313750.02 113.8455238637 34.087261908 3777061.443805998 762658.6180071 58.1989020398 -1.015401081 0.1439318609 83.8448288595 5.9622448842 0.6295354342 -0.1139933744
33641 313750.12 113.8455303513 34.0872624904 3777061.525125 762659.2152366998 58.1856373241 -0.9201553912 0.2136232195 83.8904937711 6.0143921647 0.6365384067 -0.1195297528
33642 313750.29 113.8455415018 34.0872634819 3777061.663841 762660.2417409002 58.166191157 -0.9499506078 0.1487938183 83.9417196806 6.0862413948 0.6392261794 -0.095683958
33643 313750.46 113.8455527423 34.0872644777 3777061.803259 762661.2765505 58.1513175694 -0.9684112964 0.0713089169 84.0023773232 6.1062839982 0.634098646 -0.0601992096
33644 313750.63 113.8455640051 34.0872654546 3777061.940648 762662.3134710002 58.1340107815 -0.950304522 0.0730195547 84.1210367438 6.1072002867 0.6215320192 -0.1196310048
33645 313750.8 113.8455752573 34.0872663951 3777062.073966 762663.3495298 58.1147836549 -0.9599050212 0.1960475263 84.2850618748 6.1051887212 0.5936061601 -0.0659200579
33646 313750.97 113.8455864975 34.0872673199 3777062.2055089986 762664.384524 58.1028533755 -1.1361967081 0.2335567232 84.4886718328 6.0907938769 0.5927464586 -0.0778893751
33647 313751.14 113.8455977231 34.0872682111 3777062.333289 762665.4182769 58.0845860317 -1.1553376127 0.1881703892 84.754287881 6.0895678778 0.5569535331 -0.1161495322
33648 313751.31 113.8456089204 34.0872690393 3777062.453997 762666.449609 58.0643124236 -1.1408981073 0.1993541258 85.0212526307 6.0733722623 0.520775299 -0.1075211562
33649 313751.48 113.8456200817 34.0872698279 3777062.570223 762667.4777419 58.0450780094 -1.153160895 0.2379793406 85.3060018198 6.0511184879 0.4993216996 -0.1272846059
33650 313751.65 113.8456311804 34.0872705598 3777062.680002 762668.5002738001 58.0269384244 -1.118254536 0.2061880546 85.5989960373 6.0047085691 0.4620242115 -0.1019930071
33651 313751.82 113.8456421746 34.0872712575 3777062.785706 762669.5132566 58.0081245722 -1.006776087 0.0921018071 85.9072226919 5.9353320394 0.4387456488 -0.0995470976
33652 313751.83 113.8456428176 34.0872712968 3777062.791724 762669.5725040998 58.0069786459 -1.0030746452 0.0900210382 85.9257407091 5.9339711496 0.433235286 -0.1043537747
33653 313752.0 113.8456536635 34.0872719139 3777062.888111 762670.5720439 57.989982618 -0.9450429556 0.0918163276 86.1830293268 5.8475383408 0.3811796001 -0.0982997078
33654 313752.18 113.8456649834 34.0872725136 3777062.983782 762671.615411 57.9723212374 -0.9421405381 0.1835136085 86.4991824114 5.7599130448 0.3494714815 -0.0681420745
33655 313752.36 113.8456761165 34.087273047 3777063.071606 762672.6417266999 57.9594575409 -1.0869218794 0.1911700898 86.7455590095 5.6558241138 0.3266477 -0.0691624122
33656 313752.54 113.8456870735 34.087273538 3777063.154291 762673.6519114 57.9424586538 -1.0689789359 0.2330252925 86.9771183413 5.5765717914 0.2909428934 -0.0904252985
33657 313752.73 113.8456984828 34.0872740015 3777063.235073 762674.70395 57.9234419009 -1.0308125672 0.3124522321 87.2064955443 5.5014751015 0.255602993 -0.0862976421
33658 313752.92 113.8457097623 34.0872744313 3777063.311787 762675.7441089002 57.9047983689 -1.0586474236 0.3556235107 87.4585745868 5.4494787564 0.2277689181 -0.0698431303
33659 313753.11 113.8457209425 34.0872748051 3777063.382024 762676.7752654002 57.8897243524 -1.171570647 0.4307728354 87.7013841552 5.4011159384 0.2063017597 -0.0845919094
33660 313753.3 113.8457320226 34.0872751417 3777063.447887 762677.7973024 57.8704418316 -1.1617617184 0.3604890084 87.9412632848 5.3470039623 0.1977142053 -0.0935768888
33661 313753.49 113.8457429761 34.0872754322 3777063.508305 762678.807789 57.8511173036 -1.1077890556 0.3697845933 88.1675686886 5.2813253823 0.1635190169 -0.0881335738
33662 313753.69 113.8457543524 34.0872756822 3777063.565306 762679.857436 57.8306742012 -1.1598460427 0.4886182206 88.3960924581 5.2064037022 0.1425339349 -0.0871081256
33663 313753.8 113.8457605408 34.0872758145 3777063.595911 762680.4284317 57.8214699598 -1.1778473775 0.5502768321 88.5179019186 5.17237275 0.1288214287 -0.069342403
33664 313754.0 113.8457717051 34.0872760056 3777063.645837 762681.4586896999 57.8050922798 -1.2331918516 0.6369628335 88.6662631058 5.1250293268 0.108245635 -0.0778428447
33665 313754.2 113.8457827569 34.0872761833 3777063.6939839986 762682.4785938001 57.7813111832 -1.1126594108 0.6221616982 88.8179623658 5.0678128706 0.1082637352 -0.0719388698
33666 313754.4 113.8457936791 34.0872763155 3777063.73676 762683.4866859 57.7637024121 -1.1224705145 0.756442124 89.0071229246 5.0022392651 0.0638623218 -0.0853974632
33667 313754.61 113.8458049628 34.0872764302 3777063.778515 762684.5282006 57.7430495247 -1.0358055045 0.8202413283 89.311355422 4.9116084565 0.0461342918 -0.0602879477
33668 313754.82 113.8458160238 34.0872765036 3777063.815114 762685.5492804 57.7247905843 -0.9891904625 0.7436111531 89.603874199 4.8012645694 0.0333685184 -0.0714777146
33669 313755.04 113.8458273059 34.0872765174 3777063.845662 762686.5909626 57.7074456513 -0.8854805704 0.8070671425 89.8962319755 4.6629543524 -0.0048352314 -0.0549842684
33670 313755.26 113.8458382414 34.0872764775 3777063.8693699986 762687.6008106 57.690646423 -0.7669154464 0.8291018416 90.19735706 4.5157886429 -0.0255111233 -0.0671896766
33671 313755.49 113.8458492873 34.0872763957 3777063.888708 762688.6209757 57.6748932693 -0.6165938778 0.7544550625 90.486268334 4.3515765968 -0.0499431164 -0.033204763
33672 313755.73 113.8458603899 34.0872762619 3777063.902423002 762689.6465454 57.6658319011 -0.7033619162 0.7217972657 90.8157958021 4.2051431721 -0.0757834986 -0.040520557
33673 313755.98 113.8458716341 34.0872760682 3777063.90985 762690.6853716 57.6520601641 -0.6058323695 0.6617658718 91.2333652869 4.0969733045 -0.087941185 -0.0182272268
33674 313756.09 113.8458764818 34.0872759641 3777063.910771 762691.1332946002 57.6499423813 -0.6360134187 0.5917261862 91.4732926443 4.0450062415 -0.1035965914 0.0015335046
33675 313756.35 113.8458876719 34.0872756503 3777063.904725 762692.167501 57.6382732382 -0.5929556033 0.4530069698 92.0144887327 3.9089388913 -0.1470223121 -0.037078338
33676 313756.62 113.8458988707 34.0872752402 3777063.888032 762693.2028037 57.6283476101 -0.6790295512 0.3700544612 92.8010623952 3.7577227942 -0.1927554892 -0.0179214792
33677 313756.9 113.8459100398 34.0872746916 3777063.855874 762694.2357874 57.618603792 -0.6661985418 0.1103175889 94.0346569286 3.617990343 -0.2433514058 -0.0217837352
33678 313757.19 113.8459211366 34.0872739498 3777063.802103 762695.2626979002 57.6097941408 -0.8053317661 -0.1660608606 95.7944614694 3.441804365 -0.3372273294 -0.0278483121
33679 313757.5 113.8459322055 34.0872729015 3777063.714243 762696.287977 57.5958209578 -0.8220453934 -0.3236338777 98.0426959578 3.1450506 -0.4179593766 -0.0208418396
33680 313757.59 113.8459352202 34.0872725594 3777063.684025 762696.5673994998 57.5933558233 -0.817632118 -0.414658022 98.7493261544 3.046717977 -0.4461775879 -0.0060832797
33681 313757.93 113.8459460254 34.0872710184 3777063.540811 762697.5698494002 57.5777882487 -0.7261010291 -0.4285886601 101.4820486667 2.8669862477 -0.5760867509 -0.0371630432
33682 313758.28 113.8459566775 34.0872690694 3777063.351921 762698.5594334 57.5617319737 -0.6991387039 -0.3782957507 104.2459635342 2.7608682692 -0.6977749116 -0.0300449144
33683 313758.64 113.8459672209 34.087266685 3777063.11443 762699.5403189998 57.5515595563 -0.7969009575 -0.1621500533 107.0283332621 2.6510172135 -0.8103074557 -0.0332671691
33684 313759.0 113.8459774445 34.0872639478 3777062.836969 762700.4927762 57.5370631497 -0.6535214389 -0.3269588269 109.7981394653 2.6679187321 -0.9450329046 -0.071886883
33685 313759.35 113.8459878019 34.0872606495 3777062.49758 762701.4593176 57.5189850712 -0.5218275825 -0.0955258267 112.5582964657 2.8191584522 -1.1731278265 -0.0489826695
33686 313759.67 113.8459979311 34.0872569418 3777062.1121660015 762702.4060551998 57.5046197213 -0.5685302561 0.0564838106 115.3658765201 3.025984446 -1.41056434 -0.0333806479
33687 313759.72 113.845999579 34.087256299 3777062.0450699986 762702.5601984998 57.5029609306 -0.5966348823 0.0411084276 115.8367987415 3.0559531806 -1.4538852314 -0.0214621369
33688 313760.01 113.8460094883 34.0872521438 3777061.609433 762703.4880124001 57.4917867258 -0.7682656452 -0.2256375204 118.5746903358 3.2506486454 -1.7487244357 -0.0568951726
33689 313760.27 113.84601892 34.0872477125 3777061.141918 762704.3725894 57.4726313027 -0.7299602627 -0.4082149148 121.0469925 3.4273118831 -2.0474723538 -0.0615863209
33690 313760.3 113.8460200404 34.0872471565 3777061.083095 762704.4777639 57.4702184545 -0.7366444679 -0.4410685914 121.3373101309 3.4541023956 -2.0764325679 -0.0717382967
33691 313760.55 113.8460296022 34.0872421768 3777060.555066 762705.3760413 57.4546212917 -0.8356012315 -0.6784607462 123.8343939304 3.5786223093 -2.3629740309 -0.0580572723
33692 313760.78 113.846038548 34.0872370601 3777060.010242 762706.2178684 57.4355761111 -0.8516247041 -0.9689679144 126.230316581 3.5722427475 -2.5643171081 -0.0539154904
33693 313760.84 113.8460408639 34.0872356652 3777059.861398 762706.4360199 57.4319552835 -0.8621716255 -1.0302655687 126.8750040388 3.5437290984 -2.6048530108 -0.0477408743
33694 313761.07 113.8460495372 34.0872301126 3777059.2675 762707.2540278 57.4173689084 -0.8705533901 -1.0965018744 129.2765525495 3.3905440665 -2.7515777059 -0.0554365977
33695 313761.3 113.8460578602 34.0872243169 3777058.645724 762708.0404471 57.3967569927 -0.5745022498 -0.8573454975 131.6407758486 3.2668046019 -2.8768712068 -0.0876295073
33696 313761.36 113.8460599821 34.0872227616 3777058.478586 762708.2411854 57.3916058978 -0.5336337284 -0.8355664327 132.2421851734 3.2368241828 -2.9070240037 -0.0686398683
33697 313761.59 113.8460679915 34.0872166017 3777057.815578 762708.9997703 57.3791561062 -0.6109326479 -0.892811022 134.4894916955 3.1627883457 -3.0773344086 -0.0397635312
33698 313761.82 113.8460758106 34.0872100895 3777057.112989 762709.7418781 57.3723834185 -0.8941984931 -0.9106980391 136.6052910689 3.0888729769 -3.2403164708 -0.0092855539
33699 313762.04 113.8460831405 34.0872035442 3777056.405469 762710.4389192 57.3578004316 -1.1492747077 -0.9334933489 138.6006720172 3.0229719281 -3.401903426 -0.0842426873
33700 313762.26 113.8460902726 34.0871966696 3777055.660897 762711.1187154 57.340668411 -1.0318360063 -0.9057850883 140.6236733159 2.9443083054 -3.5300055993 -0.0702929079
33701 313762.48 113.8460972058 34.0871895305 3777054.886454 762711.7809669 57.3140581204 -0.7596229522 -1.0834556743 142.6969726887 2.8489470159 -3.675902566 -0.1460060204
33702 313762.7 113.8461038739 34.0871820781 3777054.076568 762712.4197020001 57.2962667933 -0.7037074106 -1.0468295608 144.714942147 2.7383190789 -3.8357856977 -0.0182882179
33703 313762.71 113.8461041718 34.0871817316 3777054.038879 762712.4482793 57.2959233532 -0.7176401543 -1.0497654184 144.8075437825 2.7359362636 -3.8469670986 -0.0227309522
33704 313762.92 113.8461103271 34.0871743151 3777053.231658 762713.0395602 57.2847483372 -0.7592480612 -0.9659654086 146.7103634562 2.6462198523 -3.9964909817 -0.0840739581
33705 313763.13 113.8461162856 34.0871665926 3777052.389958 762713.6136103001 57.2670874251 -0.5608981048 -0.9369633358 148.5636167881 2.5855298123 -4.1707369408 -0.0833573374
33706 313763.34 113.8461220918 34.0871584903 3777051.505735 762714.1747794001 57.250801906 -0.4076647499 -0.7931029345 150.3721496527 2.5358621677 -4.3943428372 -0.0572861541
33707 313763.39 113.8461234657 34.0871565004 3777051.288434 762714.307788 57.2479532631 -0.415335513 -0.7764702016 150.8010810518 2.5254026115 -4.4494334945 -0.055789541
33708 313763.59 113.8461288943 34.0871482826 3777050.390413 762714.8344522 57.2381624859 -0.4228724593 -0.9375344353 152.4116304278 2.4755433661 -4.6750590455 -0.0534631203
33709 313763.78 113.8461339062 34.087140098 3777049.494999 762715.3225293 57.2239182685 -0.0139551947 -0.6499156908 153.8982789791 2.3927064007 -4.8864802141 -0.0482295833
33710 313763.97 113.8461387887 34.0871315689 3777048.561027 762715.7997239998 57.2107347101 0.2309895141 -0.3526023928 155.5157579421 2.3277864918 -5.0783989112 -0.0646180963
33711 313764.01 113.8461397979 34.087129732 3777048.359778 762715.898588 57.2085955665 0.282678675 -0.3452932447 155.8469724167 2.3173180701 -5.1178093077 -0.0322778253
33712 313764.19 113.8461442183 34.0871213273 3777047.438412002 762716.3327311 57.2117520012 0.3248706894 -0.3660436883 157.2838828649 2.2322414718 -5.2437984449 0.0453813226
33713 313764.37 113.8461484315 34.0871127064 3777046.492529 762716.7484133 57.2113827597 0.4826403 -0.2094090435 158.7037631969 2.086554377 -5.3879841394 -0.0328841152
33714 313764.55 113.8461523786 34.0871038801 3777045.523178 762717.1401656 57.2081742482 0.6306313313 0.2761148095 160.0912813184 1.9841009858 -5.4895690699 0.0597425654
33715 313764.66 113.8461547105 34.087098414 3777044.92256 762717.3723749 57.2161129285 0.4783736342 0.2921375488 160.9917669162 1.9443877023 -5.5429149891 0.088553363
33716 313764.83 113.8461581644 34.0870898473 3777043.980735 762717.7177810002 57.2245569555 0.3788532953 0.1848523563 162.3521757366 1.8176314112 -5.6476746906 0.0328720229
33717 313765.0 113.8461613964 34.0870811137 3777043.019824 762718.0432133 57.2268827176 0.460134695 0.0822261155 163.7820631541 1.7044822631 -5.7546098717 0.0353601768
33718 313765.17 113.8461644198 34.0870721944 3777042.037771 762718.3499588 57.2320869798 0.5374291015 0.1383139488 165.320671653 1.5611450053 -5.8746533904 0.0255512759
33719 313765.24 113.846165589 34.0870684667 3777041.627083998 762718.4694420998 57.2339081084 0.5697824175 0.1580324512 165.9885805063 1.5036602524 -5.9327925785 0.0145599087
33720 313765.41 113.8461682426 34.0870592644 3777040.612665 762718.7429225 57.2373496825 0.4929058045 0.174528346 167.6721370494 1.3574664415 -6.0692927223 0.0416185794
33721 313765.57 113.8461704726 34.0870503998 3777039.634642 762718.976239 57.2476160116 0.2312172223 0.1502124444 169.2751916649 1.2011766585 -6.213126263 0.0676372211
33722 313765.73 113.8461724489 34.0870413311 3777038.633303 762719.1867625 57.2535463748 0.0950630135 0.1011010573 171.0076599437 1.0462783084 -6.3584947704 0.0070962688
33723 313765.78 113.8461730026 34.0870384528 3777038.315306 762719.2467815998 57.2531094914 0.1408260383 0.0576311729 171.56574591 0.9821794048 -6.4088313861 -0.0130249382
33724 313765.94 113.8461745611 34.0870291027 3777037.281669 762719.4196002 57.2486858778 0.3669094908 0.0369089333 173.3735620279 0.7933386347 -6.550160885 -0.010415051
33725 313766.1 113.8461757915 34.0870195511 3777036.224822 762719.5627402 57.2479735864 0.3307570518 -0.0527848235 175.244629289 0.600512232 -6.6934418049 0.0050719752
33726 313766.25 113.8461766125 34.0870104147 3777035.213003 762719.6668026998 57.2514346251 0.2545088065 -0.1025723809 177.0201279065 0.3972714448 -6.8221207784 0.045245407
33727 313766.27 113.8461766976 34.0870091838 3777035.076617 762719.6784667 57.2523147361 0.2586992468 -0.114531575 177.2599061586 0.3727968981 -6.8376601391 0.0525129714
33728 313766.42 113.846177136 34.0869998507 3777034.0419870014 762719.7478029998 57.2543922253 0.2075072276 -0.1931045896 179.0604619042 0.1511842656 -6.9689954322 -0.0140104216
33729 313766.57 113.8461772298 34.0869903494 3777032.987809 762719.7858494002 57.2513833493 0.2445289069 -0.2825045528 180.815838477 -0.062409334 -7.0895153228 -0.0016611985
33730 313766.72 113.846176954 34.0869807004 3777031.916279 762719.7902229 57.2529696906 0.2624068165 -0.1961085669 182.5148233165 -0.2950550842 -7.1897748963 0.0360432953
33731 313766.78 113.84617674 34.0869768027 3777031.483174 762719.7825101998 57.2539336467 0.2314079023 -0.2042776627 183.1920298788 -0.3766878113 -7.2265029484 0.0181730742
33732 313766.92 113.8461760405 34.0869676223 3777030.462557 762719.7463128 57.2525022915 0.1460393726 -0.2665819365 184.722035154 -0.5640211642 -7.3221485421 -0.0061363621
33733 313767.06 113.8461750313 34.0869583197 3777029.4275839985 762719.6818963 57.2536833007 0.0348982411 -0.1544221852 186.022677425 -0.782199462 -7.419463991 0.0127643133
33734 313767.2 113.8461737142 34.0869488927 3777028.378015 762719.5894293 57.2520428179 0.0605130579 0.1328989279 186.9476167015 -0.9426790014 -7.5226831356 -0.0474116043
33735 313767.32 113.8461724425 34.0869407058 3777027.466189 762719.4973252 57.2459823415 0.1710447583 0.2324946299 187.5537856886 -1.0094478998 -7.6137829816 -0.048233038
33736 313767.45 113.8461709611 34.086931721 3777026.465273 762719.3883244002 57.2452454427 0.0841735591 0.1509612123 188.1020767198 -1.0966011746 -7.7158448116 0.0277996503
33737 313767.58 113.8461693591 34.0869226117 3777025.450221 762719.2685654998 57.2473533759 -0.1248362455 0.0540550031 188.5579656707 -1.1761426496 -7.8286129848 -0.0083436508
33738 313767.71 113.84616764 34.0869133743 3777024.420662 762719.1383989 57.2415105896 -0.0080821607 0.1425524429 188.9567856893 -1.2711790891 -7.9319355001 -0.0589761942
33739 313767.84 113.846165802 34.086904011 3777023.376815 762718.9976401 57.2330295648 0.2299673242 0.1654653279 189.2340926911 -1.326835194 -8.042545582 -0.0609893329
33740 313767.97 113.8461639002 34.0868945246 3777022.319154 762718.8513745 57.2322029127 0.3675523958 0.2443811648 189.4892731116 -1.3854258152 -8.1446433196 0.0461544729
33741 313768.1 113.8461619067 34.0868849116 3777021.247206 762718.697033 57.2350547109 0.3551179576 0.3146927705 189.6520671233 -1.4338383087 -8.2561179188 0.0022689243
33742 313768.13 113.8461614399 34.0868826742 3777020.9977050014 762718.6608426998 57.2352222912 0.3462736303 0.3361803652 189.6899997284 -1.4396580064 -8.2882433406 0.0068030809
33743 313768.25 113.8461595431 34.0868736648 3777019.992983 762718.5135664 57.2375797778 0.2034988206 0.3592887259 189.8237554117 -1.4773056194 -8.3684410434 0.0624853274
33744 313768.37 113.8461576022 34.0868645557 3777018.977087 762718.362522 57.2435582578 -0.0942832212 0.376014498 189.939898624 -1.5075773108 -8.4705228394 0.0383104569
33745 313768.49 113.8461556206 34.0868553434 3777017.949644 762718.2080354 57.2391984174 -0.1062947948 0.3828883973 190.0848088917 -1.5424704264 -8.5593532685 -0.0478790099
33746 313768.61 113.8461535864 34.0868460465 3777016.91266 762718.048955 57.2309240531 0.2435203274 0.4532442998 190.2126621071 -1.5838532291 -8.6275358843 -0.0477994996
33747 313768.73 113.8461515014 34.0868366719 3777015.8669300014 762717.8854246 57.2263260987 0.6884192279 0.5010714264 190.3570788137 -1.6146459294 -8.7041025823 -0.0170664506
33748 313768.85 113.8461493841 34.0868272278 3777014.813406 762717.7191283002 57.2315385649 0.5928958949 0.4681291441 190.4876987712 -1.6482130659 -8.7520250565 0.1094765799
33749 313768.97 113.8461472245 34.0868177288 3777013.753683 762717.5490979998 57.2522710282 -0.1256368284 0.5706025909 190.5864154901 -1.6817434866 -8.8084380447 0.169734983
33750 313769.09 113.8461450186 34.0868081496 3777012.684933 762717.3750328 57.2533151098 -0.1437632075 0.6720238122 190.6135185492 -1.7092794179 -8.8964658234 -0.1576911025
33751 313769.2 113.846142994 34.0867992969 3777011.697280002 762717.2154658001 57.2346355524 0.6223147663 0.6566184485 190.5844959175 -1.695950179 -8.947649437 -0.1622508862
33752 313769.31 113.8461409486 34.0867904005 3777010.704719 762717.0541114998 57.235589168 0.9127776036 0.9060679205 190.4688104897 -1.7328825136 -8.9785749313 0.165952561
33753 313769.42 113.8461389095 34.0867814561 3777009.706846 762716.8934878 57.2557576373 0.5574423284 1.0880862595 190.2297702294 -1.6925017368 -9.0550537549 0.161282156
33754 313769.53 113.8461369057 34.0867724532 3777008.70258 762716.7363074998 57.2700364934 0.3187609651 1.3914225617 189.8436062362 -1.6854866646 -9.1083922277 0.0637272532
33755 313769.64 113.8461349523 34.0867633842 3777007.691104 762716.5839838 57.2715875506 0.3470281325 1.524192769 189.3284991795 -1.5872452577 -9.1772220191 -0.025757915
33756 313769.75 113.8461331245 34.0867542401 3777006.671613 762716.4434866002 57.2712997412 0.5074828592 1.4870031787 188.8536917784 -1.4881029569 -9.2487780757 0.0276627318
33757 313769.86 113.8461313866 34.0867450247 3777005.644443 762716.311517 57.2747663455 0.5967589663 1.343000564 188.3667015205 -1.4222942203 -9.3310379958 0.078479216
33758 313769.93 113.8461303303 34.0867391248 3777004.986976 762716.2322286 57.2822431363 0.4333474291 1.3200697616 188.0628081599 -1.3778714057 -9.3700752379 0.1179849732
33759 313770.04 113.8461287244 34.0867298 3777003.948011 762716.1127768002 57.2922153752 0.2332566075 1.2842527313 187.5738653046 -1.322261044 -9.436652876 0.0926979651
33760 313770.15 113.8461271972 34.0867203968 3777002.9005370014 762716.0008441 57.2963995226 0.1679680116 1.3087196431 187.1573711546 -1.252063673 -9.5156314449 -0.0051913791
33761 313770.26 113.8461257472 34.0867109206 3777001.8451660015 762715.8962606 57.2935376037 0.16478847 1.251894418 186.8633654716 -1.1952244077 -9.5893160671 -0.0268148834
33762 313770.37 113.8461243611 34.0867013746 3777000.782215 762715.7977912 57.2926488556 0.1801864794 1.1036360283 186.6938319886 -1.153583113 -9.6538132098 0.0376796041
33763 313770.48 113.8461230008 34.0866917605 3776999.711774 762715.7019160999 57.2931397678 0.1455781769 0.906542122 186.572756176 -1.1380223084 -9.7220287224 -0.009597744
33764 313770.59 113.8461216477 34.0866820791 3776998.633873998 762715.6069175 57.2943836972 0.0078002816 0.8541280482 186.4700459506 -1.1420660876 -9.7882551565 0.0033913436
33765 313770.7 113.8461202974 34.0866723295 3776997.548418 762715.5123770002 57.29255566 -0.0165370964 0.8140162382 186.3698949028 -1.1305991353 -9.8608730834 -0.0362623497
33766 313770.81 113.8461189562 34.0866625089 3776996.455104 762715.4189125 57.2892389018 -0.0691106853 0.7916110274 186.2911948191 -1.1256741724 -9.9318287603 -0.0443102274
33767 313770.91 113.8461177466 34.0866535218 3776995.454632 762715.3350124 57.2847769521 -0.0631991101 0.6901718205 186.2412506862 -1.1188526102 -9.9918102146 -0.0218006404
33768 313771.01 113.8461165474 34.0866444787 3776994.447975 762715.2522411 57.2812493248 0.05164014 0.6259457917 186.2115190291 -1.1077360096 -10.0629380697 -0.0539042985
33769 313771.11 113.8461153426 34.0866353777 3776993.434868 762715.1691401 57.2740125796 0.2781019081 0.5682292642 186.2015359201 -1.125281909 -10.1236138149 -0.0739709528
33770 313771.21 113.8461141363 34.0866262273 3776992.4162760014 762715.0860502 57.2733381251 0.3054078177 0.4361587264 186.1907230072 -1.1165090756 -10.1754043864 0.0737027159
33771 313771.31 113.8461129256 34.0866170257 3776991.391999 762715.0027113 57.2812046977 0.1022334723 0.4653549857 186.1890175044 -1.1393315059 -10.2335787123 0.0302717087
33772 313771.41 113.8461116917 34.0866077692 3776990.361565 762714.9174067 57.2804900417 0.1355784891 0.4181625373 186.2064205217 -1.1440700053 -10.296793856 -0.0387329007
33773 313771.51 113.8461104632 34.0865984609 3776989.325397 762714.8327488 57.2773120264 0.2314159346 0.3974265038 186.281325994 -1.1492986841 -10.3476974098 -0.0233106722
33774 313771.61 113.8461091995 34.0865891055 3776988.2839089986 762714.7449923998 57.2780698417 0.1861013727 0.3949088691 186.330117968 -1.186686052 -10.4025601653 0.0177307875
33775 313771.71 113.8461079158 34.0865796994 3776987.236746 762714.6555499 57.280215309 0.0930729432 0.387524134 186.4326812103 -1.1970624467 -10.4600074908 0.0244111292
33776 313771.81 113.8461066125 34.0865702461 3776986.184294998 762714.564438 57.2806925885 0.0799476798 0.3404680596 186.5928361595 -1.2237159938 -10.5108675179 -0.0280867894
33777 313771.91 113.8461052744 34.0865607407 3776985.125973 762714.4702785 57.2783291824 0.1760958334 0.2481513295 186.7947645519 -1.2538959181 -10.5659617205 -0.038328789
33778 313771.97 113.8461044511 34.0865550152 3776984.488457 762714.4119603 57.2762172958 0.2501671817 0.1975308217 186.941475644 -1.2843504069 -10.5967618712 -0.0211870134
