33886 313816.12 113.8438496301 34.0837766206 3776670.352022 762514.7968839002 56.3809853028 0.0555313073 0.6832342632 170.7987162745 1.042162999 -6.4631832142 -0.0212896095
33887 313816.28 113.8438513814 34.0837672018 3776669.3112449986 762514.9876864002 56.3750561988 0.20395049 0.6579827514 171.7381542569 0.955835414 -6.6132821448 -0.031376046
33888 313816.43 113.8438528751 34.0837581788 3776668.313744 762515.1534951 56.3757192921 0.2376375002 0.6424626462 172.4814516591 0.8771802627 -6.7451186594 0.0201892233
33889 313816.58 113.8438542826 34.0837489681 3776667.295185 762515.3119114002 56.3758017626 0.2902064764 0.5893542069 173.1517893595 0.8248196353 -6.889458215 -0.0113148144
33890 313816.69 113.8438552455 34.0837420851 3776666.533807 762515.4220891999 56.375025169 0.2986688032 0.5444081061 173.5664521952 0.7800654599 -6.9965193746 0.0066174793
33891 313816.84 113.8438564809 34.0837325286 3776665.476432 762515.5656879002 56.37820384 0.1931237933 0.5542466976 174.0178095243 0.7425513736 -7.1372543032 0.0292877797
33892 313816.98 113.8438575926 34.0837234399 3776664.470653 762515.6964158001 56.380098871 0.1382740972 0.507753229 174.380609976 0.7071164392 -7.2719404312 -0.0175785673
33893 313817.12 113.8438586588 34.0837141985 3776663.447812 762515.8234191998 56.3765232172 0.2192597001 0.4723799307 174.6636969057 0.6846998023 -7.3913591428 -0.0313672028
33894 313817.26 113.8438596987 34.0837048024 3776662.407737 762515.9484744002 56.374794648 0.2231035916 0.4953359592 174.9098700403 0.6581094948 -7.512630461 0.0079218622
33895 313817.4 113.8438607012 34.0836952413 3776661.349254 762516.0705771 56.3770677419 0.1214770508 0.5139788169 175.0922029594 0.6382902316 -7.6442374803 0.0228740609
33896 313817.53 113.8438616239 34.0836862146 3776660.349861 762516.1836669 56.3753440296 0.0484239526 0.4977331194 175.2919195248 0.6326696515 -7.7715188539 -0.0354827167
33897 313817.66 113.843862521 34.0836770433 3776659.334372 762516.2948402 56.3713226793 0.1525277476 0.4597345727 175.4803028213 0.6184158456 -7.89411027 -0.0213502173
33898 313817.79 113.8438633979 34.0836677222 3776658.302192 762516.4046048998 56.3689439809 0.1451944083 0.4987521488 175.6789011694 0.5978504778 -8.0278292449 -0.0228770739
33899 313817.92 113.8438642415 34.0836582517 3776657.253358 762516.5117608 56.3678396316 0.0189309236 0.4938858036 175.8787467479 0.578578862 -8.1535954459 0.0003890508
33900 313817.97 113.8438645629 34.0836545695 3776656.845548 762516.5528113 56.3666805215 0.0667694863 0.5163545422 175.9606470361 0.5764317773 -8.2026883954 -0.0156341712
33901 313818.1 113.8438653737 34.0836448927 3776655.773728 762516.6575797 56.3614351433 0.1878658048 0.4767391534 176.1618841843 0.5535563032 -8.3161300609 -0.0316556878
33902 313818.22 113.8438660927 34.0836358286 3776654.769666 762516.751972 56.3587714629 0.2923063008 0.532518335 176.3219643907 0.5341139532 -8.4361723088 -0.0091371749
33903 313818.34 113.8438667856 34.0836266428 3776653.752032 762516.844334 56.3587928619 0.2664782263 0.5934983065 176.444287058 0.510491012 -8.5533170576 0.0035854752
33904 313818.46 113.8438674668 34.083617337 3776652.72106 762516.9359816 56.3609407954 0.2087604309 0.5935366162 176.5339789993 0.5124434539 -8.6598517221 0.0208546264
33905 313818.58 113.8438681551 34.083607914 3776651.677095 762517.0286534 56.3609656338 0.2180901172 0.5482116862 176.610576455 0.5184821345 -8.76141976 -0.0071254397
33906 313818.7 113.843868835 34.0835983815 3776650.620949 762517.1208839002 56.3602110837 0.2425522583 0.5475632503 176.6859937683 0.5094474683 -8.8619473465 0.0010595605
33907 313818.82 113.8438695056 34.0835887392 3776649.552605 762517.2125972 56.3602953916 0.2532250149 0.507415408 176.7453001961 0.5101300362 -8.9646612822 0.0169965357
33908 313818.94 113.8438701742 34.0835789838 3776648.471698001 762517.3044721 56.3608555691 0.2413858678 0.4965991422 176.8131201298 0.5008328769 -9.0704457102 0.0131766908
33909 313819.05 113.843870782 34.0835699443 3776647.470091 762517.3885176 56.3614610322 0.2086285858 0.5431730653 176.8778890983 0.4950203903 -9.1749016906 0.0073234243
33910 313819.16 113.8438713667 34.0835608066 3776646.457515 762517.4707435998 56.3611093527 0.2179037577 0.5850361547 176.9345566194 0.4838301901 -9.2707185897 -0.0097112132
33911 313819.27 113.8438719452 34.0835515698 3776645.43393 762517.5526915 56.3602701034 0.2722901961 0.608213244 176.9799698043 0.4890717616 -9.3686946974 0.0055677192
33912 313819.38 113.8438725239 34.083542226 3776644.398472 762517.6349991 56.3605484404 0.2624072428 0.6318638734 177.0330450447 0.4820199181 -9.4786758524 0.0099741218
33913 313819.49 113.8438730969 34.0835327791 3776643.351559 762517.7170971999 56.3615667755 0.2465683995 0.6557709495 177.0673107302 0.4800591013 -9.5806802654 0.00486557
33914 313819.6 113.8438736707 34.0835232278 3776642.293054 762517.7995906 56.3621784039 0.2051377954 0.6559674972 177.1073767879 0.4775492585 -9.6847246743 0.0021939903
33915 313819.71 113.8438742478 34.0835135782 3776641.223653 762517.8826852 56.3620824162 0.1433425262 0.6367188274 177.1183792064 0.4853655526 -9.7833757848 -0.0072334859
33916 313819.82 113.843874832 34.0835038259 3776640.142874 762517.9667599 56.3614014825 0.0602865218 0.5710993123 177.1159271151 0.4939038019 -9.8884261054 -0.0102174776
33917 313819.93 113.8438754292 34.0834939751 3776639.051204 762518.0523413002 56.3598334286 0.0139324692 0.4932879781 177.0953156051 0.5072960188 -9.9928154749 -0.0287291346
33918 313820.03 113.8438759867 34.0834849284 3776638.048661 762518.1317615 56.3548666285 0.1121822002 0.3931766744 177.077741341 0.5181337804 -10.0900446785 -0.0510475317
33919 313820.13 113.8438765499 34.0834757992 3776637.036979 762518.2119743 56.3502196623 0.1195031793 0.2923848383 177.0539897863 0.5280078958 -10.1714810625 -0.0248943445
33920 313820.23 113.8438771277 34.0834665883 3776636.016263 762518.2937862 56.3479107665 0.0809520177 0.221177706 177.0362547103 0.539566459 -10.26298734 -0.0066015204
33921 313820.33 113.843877709 34.0834572965 3776634.986584 762518.3761665998 56.3459926397 0.0514005385 0.2137547114 177.0182610368 0.538007882 -10.3515248517 -0.0187606068
33922 313820.43 113.8438782926 34.0834479253 3776633.948094 762518.4590109 56.3413490718 0.0950572253 0.1818174153 176.9925947812 0.5464925357 -10.440461515 -0.0450132609
33923 313820.53 113.8438788884 34.0834384734 3776632.900689 762518.5432266998 56.3375511551 0.1489791706 0.1813730168 176.9757437963 0.5556826402 -10.5270081159 -0.0237443519
33924 313820.63 113.8438794905 34.0834289421 3776631.844479 762518.6282681 56.3342221826 0.1556268087 0.249178273 176.9521934608 0.5590218135 -10.6199855104 -0.0231880401
33925 313820.73 113.8438800953 34.0834193339 3776630.779748 762518.7137934 56.3323463704 0.1656275176 0.2708418394 176.9350536975 0.5640615534 -10.7008059593 -0.0068907776
33926 313820.83 113.8438807124 34.0834096489 3776629.706523 762518.800699 56.3300076406 0.2009467616 0.311573587 176.9177652509 0.5782794796 -10.790874477 -0.0320114454
33927 313820.93 113.8438813347 34.083399888 3776628.6248800014 762518.8883207 56.3274134677 0.2133593251 0.3116887173 176.9092161562 0.5820251709 -10.8688027093 -0.005215679
33928 313821.03 113.8438819676 34.0833900552 3776627.5353 762518.9771399 56.3280009134 0.1696679289 0.3247899912 176.9152060958 0.5910613412 -10.9540201454 0.019191999
33929 313821.13 113.8438825995 34.0833801498 3776626.437652 762519.066083 56.3272657357 0.2274093559 0.355617881 176.9525290497 0.58351726 -11.0325446438 -0.0040242351
33930 313821.23 113.8438832263 34.0833701739 3776625.332165 762519.154783 56.3256688919 0.3025674954 0.3508569792 176.9887670161 0.5920325349 -11.1100284537 1.35171e-05
33931 313821.32 113.843883791 34.083361135 3776624.330505002 762519.234855 56.3258298403 0.3342098865 0.3929891647 177.0443288017 0.5721232614 -11.1827563358 0.0158995942
33932 313821.41 113.8438843398 34.0833520395 3776623.3225300014 762519.3136253002 56.3269584561 0.348432209 0.4328025185 177.0735396282 0.5636298825 -11.2510771285 0.0174146162
33933 313821.5 113.8438848861 34.0833428855 3776622.308048001 762519.3923532 56.3293289198 0.2955219571 0.4221869748 177.122864651 0.5667050165 -11.3226078672 0.0483912802
33934 313821.59 113.8438854317 34.0833336748 3776621.287274 762519.4711866 56.331149024 0.2843177366 0.4239849332 177.1710538638 0.5592193069 -11.3962049484 0.0342646856
33935 313821.68 113.8438859741 34.0833244055 3776620.259992 762519.5499084 56.3321950054 0.288292761 0.4275191658 177.22735783 0.5557904214 -11.4720404611 0.0126815441
33936 313821.77 113.8438865094 34.0833150837 3776619.226864 762519.6281418 56.3343243366 0.2119741988 0.3701504014 177.2817021375 0.5568036345 -11.5239870247 0.0312184739
33937 313821.86 113.8438870483 34.0833057068 3776618.187634 762519.706872 56.3343226323 0.1858388037 0.3149024869 177.3414866711 0.5536521821 -11.5962301579 -0.0225892216
33938 313821.95 113.8438875729 34.0832962782 3776617.142624 762519.7844384 56.3329832256 0.2538242183 0.357760203 177.3883817752 0.5306490443 -11.6588662001 -0.0048627228
33939 313822.03 113.8438880271 34.0832878573 3776616.20926 762519.8523996 56.3324617269 0.3435667558 0.335589237 177.4234649995 0.5331630951 -11.7090685433 0.0136391792
33940 313822.12 113.8438885315 34.0832783385 3776615.154191 762519.9283755 56.3339561373 0.3795732005 0.3906429636 177.4732372508 0.5160889433 -11.760261525 0.0323027228
33941 313822.21 113.8438890259 34.083268774 3776614.094021 762520.0035848998 56.3366003083 0.3512988388 0.4371042185 177.5089136152 0.5155245096 -11.8217672016 0.0322378529
33942 313822.3 113.8438895154 34.0832591638 3776613.02877 762520.0784693002 56.3400954138 0.3045351294 0.4775639382 177.5449705207 0.5038705005 -11.8736001512 0.0406426795
33943 313822.39 113.8438899983 34.0832495082 3776611.958468 762520.1528913 56.3431799542 0.2485140101 0.5290398407 177.5586198145 0.5040804688 -11.933631841 0.0272177644
33944 313822.48 113.8438904785 34.0832398056 3776610.882933 762520.227209 56.3447715472 0.1839187292 0.5525948584 177.5588984653 0.498964303 -11.9864137035 0.0172709094
33945 313822.57 113.8438909648 34.0832300595 3776609.802593 762520.3022238001 56.3456529845 0.1484198299 0.5634711343 177.5526144748 0.5120200168 -12.0424642558 0.0110434354
33946 313822.66 113.8438914561 34.0832202655 3776608.7169489986 762520.3778459 56.3449828317 0.1606605019 0.5064794481 177.5456204312 0.5084745389 -12.0973762341 -0.0049017077
33947 313822.75 113.8438919566 34.0832104288 3776607.626585 762520.4544493 56.3436859064 0.1650398654 0.3867785389 177.5317415288 0.5316198705 -12.1492272307 -0.017295555
33948 313822.84 113.8438924699 34.0832005466 3776606.531207 762520.5323818001 56.3426072365 0.2147271735 0.2799545457 177.5314724609 0.5306122986 -12.2065635173 -0.0058768903
33949 313822.93 113.8438929879 34.0831906245 3776605.431416 762520.6108653 56.3429820808 0.2080652374 0.1444176883 177.5131326426 0.5445551652 -12.256132315 0.015873659
33950 313823.02 113.8438935198 34.0831806603 3776604.326988 762520.6907598 56.3450032165 0.1028832813 0.0467058229 177.5054610983 0.5563657019 -12.3091336644 0.0226555601
33951 313823.11 113.8438940427 34.0831706535 3776603.217808 762520.7699595002 56.3465050506 -0.0034093858 0.0185051372 177.4870640127 0.5459126699 -12.3592363655 -0.0035947328
33952 313823.2 113.843894568 34.0831606009 3776602.103553 762520.8495201 56.3441839637 0.055605569 0.0187609274 177.4748824408 0.5497599684 -12.4150230387 -0.0437785614
33953 313823.29 113.8438950863 34.0831505085 3776600.98486 762520.928563 56.339838787 0.1493354859 0.0895260951 177.4451122555 0.5386342809 -12.4654478574 -0.0397045519
33954 313823.37 113.8438955513 34.0831415032 3776599.986681 762520.9993197 56.3373098578 0.2349362948 0.1353867799 177.4274359446 0.5538698088 -12.5045358913 -0.01113393
33955 313823.45 113.8438960204 34.0831324689 3776598.985278 762521.0705479998 56.3386879833 0.1393568205 0.1702499314 177.4062167636 0.5541792656 -12.5479852715 0.0214735394
33956 313823.53 113.8438965028 34.0831234028 3776597.980399 762521.1431064 56.3406809876 0.0920768272 0.1732498929 177.4195587418 0.5694149985 -12.5953008886 0.0184617023
33957 313823.61 113.8438969835 34.0831143059 3776596.972083 762521.2155934 56.3408718938 0.0755027117 0.201704334 177.44289877 0.5588889798 -12.6354542331 -0.0098917726
33958 313823.69 113.8438974673 34.0831051761 3776595.960128 762521.2884734 56.3391903928 0.1434414747 0.1190429168 177.4815450292 0.5728202276 -12.6778640204 -0.026751237
33959 313823.77 113.8438979456 34.0830960151 3776594.944698 762521.3609447 56.3374473788 0.1830611027 0.1345366446 177.5208335425 0.5544528597 -12.7230831288 -0.0191183987
33960 313823.85 113.8438984148 34.0830868254 3776593.926064 762521.4326608 56.3375089308 0.1876443574 0.1289943617 177.5612856373 0.5522337787 -12.7617256288 0.0202982745
33961 313823.93 113.84389888 34.0830776062 3776592.904135 762521.5040912 56.3393854424 0.1326139307 0.148553668 177.6148886345 0.5379668574 -12.8020251272 0.0244977007
33962 313824.01 113.8438993345 34.0830683576 3776591.878932 762521.5746396999 56.340357691 0.1455877934 0.2000318412 177.6672201811 0.533777015 -12.8495476803 -0.0080020327
33963 313824.09 113.8438997721 34.0830590814 3776590.850608 762521.6437039 56.3398205591 0.1047384295 0.200272282 177.7238798365 0.5064222342 -12.8876545268 0.0030625831
33964 313824.17 113.8439002012 34.0830497792 3776589.819379 762521.712062 56.3390900493 0.0769159051 0.1998310005 177.7709678071 0.5077923761 -12.924564885 0.0078268119
33965 313824.25 113.8439006226 34.0830404433 3776588.784399 762521.7798146 56.3381231176 0.0262409744 0.2209231253 177.8184495133 0.4920789943 -12.9707387049 -0.0070828257
33966 313824.33 113.8439010315 34.0830310778 3776587.746094 762521.8465115 56.336998513 -0.1163519279 0.233779707 177.8608788203 0.4789473265 -13.0140140436 -0.0079977273
33967 313824.41 113.8439014375 34.083021679 3776586.704082 762521.9130389 56.3328430979 -0.0970071442 0.2148353885 177.9167609658 0.4725224979 -13.059362204 -0.0698581399
33968 313824.49 113.8439018337 34.0830122481 3776585.658493 762521.9787555 56.3271026052 -0.1625588719 0.2061712213 177.9569628954 0.4635762264 -13.1013411035 -0.0762451543
33969 313824.57 113.843902223 34.0830027863 3776584.609456 762522.0439368 56.3206322258 -0.012861715 0.0542305598 177.9921484868 0.4594958376 -13.1424982868 -0.1064238576
33970 313824.65 113.8439026045 34.082993292 3776583.556786 762522.1084929 56.3160455795 -0.1096724834 0.0833821767 178.0185244173 0.4488255047 -13.1926675838 -0.0452233783
33971 313824.73 113.843902984 34.0829837691 3776582.500934 762522.1729591 56.3109853435 0.0059842441 0.0089899807 178.0536881349 0.452250613 -13.2293861211 -0.05528754
33972 313824.81 113.8439033591 34.0829742148 3776581.441599 762522.2371109 56.3071441939 -0.0081365506 0.0180860652 178.085192792 0.4416677475 -13.272458317 -0.0386229392
33973 313824.89 113.8439037283 34.08296463 3776580.378857 762522.3008141 56.3036134765 0.0162756981 0.0303096369 178.1075581473 0.4396738257 -13.3170744602 -0.0332144942
33974 313824.97 113.8439040906 34.0829550148 3776579.31272 762522.3639764 56.3003064226 0.0932386847 0.1017859954 178.1080758 0.4260203299 -13.3591128604 -0.0313199724
33975 313825.05 113.8439044469 34.0829453702 3776578.243311 762522.4266702 56.2979428759 0.0901102769 0.1584348235 178.0810438635 0.4246076988 -13.4008696794 -0.0113790389
33976 313825.13 113.8439048104 34.0829356975 3776577.17079 762522.490114 56.2962148469 0.0880347247 0.1889113674 178.04243054 0.4345675912 -13.4324632472 -0.004819593
33977 313825.21 113.8439051831 34.0829259964 3776576.09515 762522.5545054 56.2950814534 0.0629173653 0.2172872778 178.0009298366 0.4506853929 -13.480176858 -0.0023978811
33978 313825.29 113.8439055679 34.0829162678 3776575.016486 762522.6200959 56.293254585 0.0395963096 0.2006661115 177.9670945102 0.4574793307 -13.5100114146 -0.0004456222
33979 313825.37 113.843905968 34.0829065106 3776573.934699 762522.6871835 56.2901815884 -0.0127114733 0.1520662155 177.9378181312 0.4856346115 -13.5503502724 -0.0454186206
33980 313825.45 113.8439063805 34.0828967246 3776572.849732 762522.7555031 56.2863477049 -0.0195645 0.0919239167 177.9116309095 0.4866495825 -13.5924288819 -0.0250367128
33981 313825.53 113.8439067997 34.0828869115 3776571.761785 762522.8245328 56.2827651882 -0.050848755 0.0706466643 177.8817527138 0.5013936169 -13.6350091428 -0.0458877894
33982 313825.61 113.843907226 34.0828770675 3776570.670422 762522.8943055002 56.27716556 0.033885357 0.0443972292 177.8573015339 0.5001009605 -13.6737103476 -0.0698717082
33983 313825.69 113.8439076537 34.0828671953 3776569.575944 762522.9643011 56.2725445014 0.0933502448 0.0356605838 177.8200839375 0.5040048371 -13.7161179689 -0.0263393377
33984 313825.77 113.843908091 34.0828572957 3776568.478433 762523.0352636 56.2700259388 0.0510122502 0.0397038659 177.7899649462 0.5140164923 -13.7479850926 -0.0050215314
33985 313825.85 113.843908534 34.0828473696 3776567.378005 762523.1068336 56.2694090968 -0.0474215777 0.0729307494 177.7562554903 0.5274551233 -13.7904508318 -0.0028908944
33986 313825.93 113.8439089845 34.0828374143 3776566.274352 762523.1791904 56.2657838492 -0.0071968393 0.0908653849 177.7266574148 0.5280359904 -13.826579661 -0.0516477549
33987 313826.01 113.8439094414 34.0828274308 3776565.167593 762523.2522225998 56.2605852671 0.0087532701 0.1218941312 177.6916788832 0.54596693 -13.8696303992 -0.0444803825
33988 313826.09 113.8439099068 34.0828174212 3776564.057948998 762523.3261216 56.2561126081 0.0314322273 0.1616060537 177.6635749516 0.5460802822 -13.8930188649 -0.029231619
33989 313826.17 113.8439103773 34.0828073833 3776562.94519 762523.4005782 56.2535662511 -0.0667956577 0.2140582614 177.6308383609 0.5530455017 -13.9441859757 -0.0306611805
33990 313826.25 113.8439108557 34.0827973191 3776561.829522 762523.4758406 56.2495006369 -0.034607424 0.2578909145 177.6016764224 0.5577569978 -13.9714021941 -0.0366109146
33991 313826.33 113.8439113411 34.0827872286 3776560.710958 762523.5518423 56.2445184114 -0.0594627356 0.2493959825 177.5608427777 0.578581217 -14.0102844497 -0.0722531353
33992 313826.41 113.8439118388 34.082777112 3776559.589533 762523.6290508 56.2404607721 -0.1174333903 0.2478935085 177.5167979869 0.5830998232 -14.049724754 -0.0286878546
33993 313826.49 113.8439123486 34.0827669727 3776558.465614 762523.7074498 56.235370337 -0.1416702716 0.1932105752 177.4660312729 0.6095930319 -14.0744769573 -0.0517420247
33994 313826.57 113.8439128744 34.0827568081 3776557.338923 762523.7874021998 56.2295654928 -0.2578785469 0.1887465303 177.4173681614 0.6197440209 -14.1055157277 -0.0631073671
33995 313826.65 113.8439134109 34.0827466193 3776556.209588 762523.8684207 56.222333597 -0.2809345014 0.1684541552 177.3586137769 0.636162402 -14.1519471976 -0.0736057301
33996 313826.73 113.8439139607 34.0827364111 3776555.078126 762523.9507264 56.2128187353 -0.1947222144 0.1661702163 177.3073598857 0.6497027305 -14.1646748242 -0.1247066335
33997 313826.81 113.8439145193 34.0827261812 3776553.944279 762524.0339106 56.2040295303 -0.0991990944 0.1393083206 177.2455990028 0.6591852839 -14.2028742128 -0.0774700782
33998 313826.89 113.8439150938 34.0827159348 3776552.808637 762524.1186221999 56.1966265962 -0.0221462898 0.1456125624 177.1876121986 0.6754506421 -14.21042071 -0.0628172553
33999 313826.96 113.8439156054 34.0827069568 3776551.8136 762524.193597 56.1931417659 0.093679236 0.1327358892 177.1383004478 0.6840262413 -14.2346092336 -0.0338846671
34000 313827.04 113.8439162083 34.0826966822 3776550.674912 762524.2810078 56.1926762257 0.0966106435 0.1446754071 177.0949690912 0.709239674 -14.262296148 0.0031762513
34001 313827.11 113.8439167398 34.0826876804 3776549.677286 762524.3578997 56.1920158118 0.1797938928 0.2622680809 177.0626005753 0.7073785621 -14.2812068923 -0.0050178043
34002 313827.18 113.8439172726 34.0826786679 3776548.678476 762524.4349356998 56.1918471614 0.3123538948 0.2904630536 177.0291501458 0.7083415226 -14.2856831059 0.0131222541
34003 313827.25 113.8439178082 34.0826696463 3776547.678664 762524.5122638 56.194819863 0.2891302755 0.3044388159 176.9863994437 0.7142902846 -14.3037112855 0.0713345616
34004 313827.32 113.8439183536 34.0826606149 3776546.67779 762524.590531 56.1993882991 0.1262226521 0.3141283381 176.9530477458 0.7302494185 -14.3202245821 0.087326193
34005 313827.39 113.8439189084 34.0826515721 3776545.67567 762524.6696986 56.2015947653 -0.0614189636 0.3266066677 176.9323781645 0.7425178787 -14.341530959 0.0185006072
34006 313827.46 113.8439194762 34.0826425169 3776544.672215 762524.7501024 56.1994683631 -0.0686431247 0.2482026534 176.9320277803 0.7656032956 -14.3561417126 -0.0557291857
34007 313827.53 113.8439200517 34.0826334498 3776543.667453 762524.831253 56.1944255903 -0.0354100455 0.1600609179 176.9305132498 0.7683359439 -14.3769520718 -0.0563045661
34008 313827.6 113.8439206305 34.0826243719 3776542.661497 762524.912748 56.1882814774 0.002366571 0.1152906974 176.9263886946 0.7723145608 -14.394047856 -0.0736061588
34009 313827.67 113.8439212088 34.0826152836 3776541.654394 762524.9942218 56.1829788405 0.1543892697 0.0730397109 176.913487281 0.7652641369 -14.4059735351 -0.0541925549
34010 313827.74 113.8439217845 34.0826061873 3776540.646398002 762525.0754849 56.1821677461 0.1270924847 0.1196200361 176.8982726344 0.7645161643 -14.4235183725 0.040698445
34011 313827.81 113.8439223613 34.0825970835 3776539.637565 762525.1568790999 56.1835082155 0.050607413 0.1452543094 176.8845964584 0.7693037046 -14.4276530021 0.0284265176
34012 313827.88 113.8439229388 34.0825879688 3776538.627532 762525.2383641999 56.1846282287 0.1075869014 0.1577424382 176.8721810212 0.7691130425 -14.4515073182 0.0041059471
34013 313827.95 113.8439235214 34.0825788426 3776537.61623 762525.3203545 56.1844429784 0.0736815129 0.193893123 176.8671117548 0.7758262324 -14.4734973345 0.0114172123
34014 313828.02 113.843924105 34.0825697074 3776536.603935 762525.4024653 56.183452758 0.0595063168 0.219430916 176.8580961701 0.7748485317 -14.487299265 -0.011230936
34015 313828.09 113.843924694 34.0825605572 3776535.589989 762525.4851159998 56.182836866 0.0296202738 0.2138914872 176.8521832885 0.7832979281 -14.5073005107 0.0055042199
34016 313828.16 113.8439252876 34.0825513961 3776534.574844 762525.5682348 56.1819728529 -0.0690347695 0.2331338695 176.8411390435 0.7907838951 -14.5252623994 -0.019226974
34017 313828.23 113.8439258802 34.0825422342 3776533.559609 762525.6512574998 56.1793067679 -0.0150311877 0.2154399726 176.8275908296 0.7921045823 -14.5044106201 -0.0451387362
34018 313828.3 113.8439264756 34.0825330695 3776532.544066 762525.7345558002 56.1763600381 0.0181536316 0.1661784601 176.8196646557 0.7987127494 -14.5256527573 -0.0482436332
34019 313828.37 113.8439270772 34.0825239032 3776531.5283699986 762525.8184255002 56.1732759336 0.1175225293 0.1336503587 176.8083549197 0.8036760728 -14.5079983839 -0.0068200015
34020 313828.44 113.8439276784 34.0825147467 3776530.513755 762525.902224 56.1741612097 0.0563915624 0.1466345655 176.7796019006 0.8067485674 -14.493721447 0.056191627
34021 313828.51 113.8439282844 34.0825055984 3776529.500054 762525.9864495 56.1755421516 0.0441618052 0.0653207376 176.7564038991 0.8136409467 -14.4830434131 0.0310991373
34022 313828.58 113.8439288973 34.0824964585 3776528.487315 762526.0712816 56.1768938284 -0.0311688012 0.0517719576 176.7337069505 0.8117787956 -14.4715997431 0.0271663769
34023 313828.65 113.8439295133 34.0824873299 3776527.475833 762526.1563582 56.1773394551 -0.0554370123 0.0127984041 176.7057437101 0.8222384517 -14.4507060215 -0.0008939692
34024 313828.72 113.843930135 34.0824782102 3776526.465356 762526.2419441 56.1765188919 -0.0890848331 -0.0036629141 176.6818489375 0.8238590682 -14.4365420321 -0.0152291448
34025 313828.79 113.8439307578 34.0824691031 3776525.456278 762526.327588 56.175750345 -0.1647527762 0.0075240925 176.651951202 0.8243506014 -14.4131347814 -0.0177153142
34026 313828.86 113.8439313839 34.0824600051 3776524.448222 762526.4135047 56.1740769707 -0.219311544 0.0192114604 176.6293272449 0.8294806715 -14.4077595082 -0.0254492353
34027 313828.93 113.8439320103 34.0824509165 3776523.441212 762526.4994301999 56.1699837344 -0.2641804017 0.0707200932 176.6029566323 0.8277791136 -14.3909362634 -0.0563678533
34028 313829.0 113.8439326399 34.0824418434 3776522.435919 762526.5855999001 56.164793049 -0.1536027936 0.060327405 176.583280767 0.8362409756 -14.3558538393 -0.0672414326
34029 313829.07 113.8439332738 34.0824327806 3776521.431785 762526.6721288 56.1613102676 -0.1375112363 0.0711709211 176.5729892325 0.8321164497 -14.3482038997 -0.021348781
34030 313829.14 113.8439339118 34.0824237324 3776520.4292910006 762526.7589971998 56.1582679646 -0.1737392398 0.1079138761 176.569223463 0.8406211021 -14.3144853281 -0.0350234858
34031 313829.21 113.8439345489 34.0824147068 3776519.429295 762526.8457106 56.1555708144 -0.0679907832 0.12492851 176.5764803121 0.837465654 -14.2722753618 -0.0357396083
34032 313829.28 113.8439351817 34.0824057033 3776518.431741 762526.9319564998 56.1537265088 -0.0537480609 0.1016131471 176.5919054461 0.8331700143 -14.2335717412 -0.0208813901
34033 313829.36 113.8439359037 34.0823954447 3776517.295123 762527.0303144 56.1527189892 0.000765078 0.0587197292 176.6168035283 0.8269023198 -14.1872614404 0.0082525078
34034 313829.44 113.8439366198 34.0823852182 3776516.1620620014 762527.1280363002 56.1533347741 -0.1622296751 0.0683744346 176.6473599694 0.8229076261 -14.146784244 0.0129693619
34035 313829.52 113.843937333 34.0823750237 3776515.032536 762527.2253886998 56.1528200936 -0.1418391659 -0.0210393438 176.6977102745 0.8190528272 -14.0994349626 -0.0178414715
34036 313829.6 113.8439380386 34.0823648602 3776513.906436 762527.321939 56.1509331223 -0.1872451484 -0.1086025705 176.7611064327 0.8053532285 -14.0609603367 -0.0332729159
34037 313829.68 113.8439387338 34.0823547331 3776512.784358 762527.4174253 56.1484175641 -0.1855337543 -0.2143803454 176.8371743547 0.7875760526 -14.0023845755 -0.0315643977
34038 313829.76 113.8439394106 34.0823446417 3776511.666178 762527.5110926 56.1465519285 -0.2550724159 -0.3357362718 176.9064725826 0.7674941253 -13.9585550896 -0.0261997759
34039 313829.84 113.8439400723 34.0823345933 3776510.5527449986 762527.6032436 56.1435170602 -0.2883945236 -0.3563495731 176.9818131408 0.7437900295 -13.8879105798 -0.0371134011
34040 313829.92 113.8439407079 34.0823245868 3776509.44388 762527.6928449002 56.140343436 -0.3983318952 -0.4214135609 177.0472769547 0.7223908298 -13.8334930718 -0.0451789712
34041 313830.0 113.843941328 34.0823146285 3776508.340337 762527.7808683 56.1356394058 -0.4698337873 -0.335707262 177.1251320125 0.7000621907 -13.7580442316 -0.0709469452
34042 313830.08 113.8439419201 34.082304713 3776507.241462 762527.8661814 56.1290754266 -0.4680770417 -0.2526118347 177.1937115176 0.6644916924 -13.7090517938 -0.0944321296
34043 313830.16 113.8439424973 34.0822948468 3776506.148025 762527.9499577 56.1201645602 -0.3391305906 -0.1935801005 177.2683969293 0.6527291379 -13.6375038373 -0.119391611
34044 313830.24 113.8439430482 34.0822850315 3776505.060178 762528.0311495998 56.1135128262 -0.2573591739 -0.0892737737 177.3316245555 0.6168580777 -13.5635835949 -0.0828605848
34045 313830.32 113.8439435843 34.0822752712 3776503.978388 762528.1108125999 56.110817139 -0.3039761698 -0.0126024343 177.3993650208 0.6060392542 -13.4917703596 -0.0058440707
34046 313830.36 113.8439438453 34.0822704127 3776503.439874 762528.1499198001 56.1101038167 -0.4022589514 0.0699251612 177.4331546035 0.5897422682 -13.4467495336 -0.0220218845
34047 313830.44 113.8439443535 34.0822607363 3776502.367329 762528.2267423002 56.1079623746 -0.511463391 0.1182882173 177.4903291565 0.5744561716 -13.3731859153 -0.0461219246
34048 313830.52 113.8439448539 34.0822511174 3776501.301132 762528.3026644 56.1018102327 -0.5068657139 0.2371442321 177.5523930089 0.5645345215 -13.2895273564 -0.0991539519
34049 313830.6 113.8439453349 34.0822415558 3776500.241257 762528.3766172 56.093559539 -0.4124019999 0.3163414855 177.6108652075 0.5428188079 -13.2041722033 -0.1110755201
34050 313830.68 113.8439458026 34.0822320553 3776499.188117 762528.4491542 56.0877534282 -0.4703077338 0.3218253811 177.6701228186 0.5271571382 -13.1256825774 -0.0407222197
34051 313830.76 113.8439462576 34.0822226146 3776498.141589 762528.5203417 56.0822758498 -0.5443129337 0.3528276329 177.7188744015 0.5093746111 -13.0385177344 -0.0829651547
34052 313830.84 113.8439466957 34.0822132334 3776497.101616 762528.5897756 56.0758327413 -0.5016869291 0.3722203425 177.7575144438 0.4956925353 -12.9618696716 -0.0830636469
34053 313830.92 113.8439471287 34.0822039121 3776496.068286 762528.6585572 56.0678998455 -0.4097549299 0.3193473138 177.8069432343 0.4951128557 -12.8691505644 -0.0977760224
34054 313831.0 113.8439475519 34.0821946523 3776495.041744 762528.7262405 56.0608492196 -0.3026015468 0.3140283889 177.8593943267 0.4756057406 -12.7880241475 -0.080696094
34055 313831.08 113.8439479559 34.0821854542 3776494.022011 762528.7919639 56.0570109282 -0.2904684102 0.298785933 177.9049258253 0.4593820052 -12.7102123927 -0.009747681
34056 313831.16 113.8439483468 34.0821763205 3776493.00938 762528.8562779 56.0545604117 -0.3477609064 0.2317023811 177.9475807689 0.455207618 -12.6149420479 -0.0250708361
34057 313831.24 113.8439487266 34.0821672463 3776492.003331 762528.9193798 56.0525497999 -0.3899959033 0.2461067544 177.9845963281 0.4354944652 -12.531970705 -0.0373120506
34058 313831.32 113.8439490957 34.082158234 3776491.00413 762528.9813028001 56.0508001465 -0.471248261 0.233644133 178.0328454886 0.4310660544 -12.4554454354 -0.0238660458
34059 313831.41 113.8439495017 34.0821481701 3776489.88831 762529.0498846999 56.045784004 -0.4256051284 0.2843317201 178.0999726013 0.4083826022 -12.3534618961 -0.073685542
34060 313831.5 113.8439498852 34.082138185 3776488.781172 762529.1161475 56.0386525234 -0.2881990532 0.3239456297 178.1634150017 0.3896091011 -12.2538152645 -0.0813218573
34061 313831.59 113.8439502483 34.0821282822 3776487.683134 762529.1802693001 56.0331406286 -0.1630902859 0.3642846578 178.2205363118 0.3689922589 -12.1522273345 -0.0465268991
34062 313831.68 113.8439505912 34.0821184602 3776486.593993 762529.2422744002 56.0321260095 -0.1365331514 0.4088665546 178.2625288044 0.3493428867 -12.0580644468 0.0293578042
34063 313831.77 113.8439509221 34.0821087065 3776485.512415 762529.3029659 56.033691233 -0.1644409897 0.4256784164 178.2925481278 0.3411015913 -11.9890736102 0.0286123031
34064 313831.86 113.843951248 34.0820990036 3776484.4364519985 762529.3630353 56.0342833214 -0.1591072392 0.4441703956 178.3016777229 0.3378986407 -11.9290978345 -0.0061978822
34065 313831.95 113.84395157 34.0820893417 3776483.3650339986 762529.4226193002 56.0336482283 -0.1324925521 0.4851803334 178.2906745054 0.3364422745 -11.8830316736 -0.0153397268
34066 313832.04 113.8439518958 34.0820797127 3776482.297275 762529.4824484 56.0330594061 -0.1477830741 0.4580528183 178.2822447899 0.3420160007 -11.8481419798 -0.0117034403
34067 313832.13 113.8439522269 34.0820701204 3776481.233595 762529.5426574 56.0324954223 -0.2059065378 0.4497869796 178.2731379674 0.3482738287 -11.8026895979 -0.0015591337
34068 313832.22 113.8439525593 34.0820605495 3776480.172301 762529.6029206 56.0303904507 -0.2275122149 0.4378376355 178.2583242309 0.3420539213 -11.7926530859 -0.0414258482
34069 313832.31 113.8439528933 34.0820510136 3776479.114895 762529.6632258 56.0275294483 -0.1412825789 0.446105352 178.2380298357 0.3505507702 -11.7193367696 -0.0052971596
34070 313832.4 113.8439532247 34.0820415327 3776478.063591 762529.7231138 56.0253622252 -0.2586091686 0.4984734888 178.2140025471 0.3412598197 -11.6412421637 -0.0520874411
34071 313832.49 113.8439535606 34.0820321382 3776477.021879 762529.7831526 56.0235191938 -0.2494578523 0.5353800634 178.1990406741 0.3540253053 -11.5174326529 0.00368662
34072 313832.58 113.8439538963 34.0820228323 3776475.989997 762529.8429044002 56.0212744614 -0.3460285392 0.4798634152 178.1815390057 0.3538852799 -11.4122363327 -0.055414236
34073 313832.67 113.8439542381 34.0820136203 3776474.968556 762529.9029220998 56.0189877152 -0.2933608892 0.3882598812 178.1634795164 0.3506462168 -11.3061627028 -0.0017443138
34074 313832.76 113.8439545809 34.0820044837 3776473.955495 762529.9628076998 56.0174506214 -0.3917667494 0.3102314736 178.1410878221 0.3600353641 -11.2295461214 -0.024718525
34075 313832.85 113.8439549324 34.0819953934 3776472.9475839986 762530.0233439 56.0147568369 -0.4169161811 0.2976227817 178.1345789631 0.3650777862 -11.1796241818 -0.034553714
34076 313832.94 113.8439552769 34.0819863378 3776471.943503 762530.0831366 56.0094288103 -0.3838964544 0.3425302995 178.1188502771 0.3577667964 -11.141745029 -0.0748717493
34077 313833.03 113.8439556194 34.0819773143 3776470.94298 762530.1426390002 56.0023439173 -0.2747671958 0.3629855579 178.1084103357 0.3536049738 -11.1005149421 -0.088993586
34078 313833.13 113.8439559958 34.0819673257 3776469.835444 762530.2082550002 55.9959469726 -0.1812276214 0.4249327958 178.083110673 0.3476546616 -11.0480399758 -0.036737358
34079 313833.23 113.8439563705 34.0819573828 3776468.732974 762530.2735681 55.9931734391 -0.1433339937 0.4682390904 178.0618975588 0.3528896738 -10.9980864318 -0.0087242212
34080 313833.33 113.8439567505 34.0819474949 3776467.636629 762530.3392076 55.9928980274 -0.1596314511 0.4582340321 178.0409545164 0.3593173713 -10.9278916747 0.0175191148
34081 313833.43 113.8439571383 34.0819376763 3776466.54798 762530.4053481999 55.9921015902 -0.1517033885 0.454256947 178.0265189433 0.3624591745 -10.8446199606 -0.0124705698
34082 313833.53 113.8439575259 34.0819279411 3776465.468602 762530.47122 55.9909564527 -0.1764747645 0.4433609163 177.9858599516 0.3621354514 -10.7455354485 -0.0008803995
34083 313833.63 113.8439579189 34.0819182908 3776464.398651 762530.537324 55.9898735443 -0.1601268189 0.4160190681 177.9329036457 0.3709831049 -10.6499424339 -0.016364904
34084 313833.73 113.8439583205 34.0819087282 3776463.338454 762530.6039442 55.9891847232 -0.1162709755 0.4419370546 177.864501688 0.373982938 -10.558313135 -0.0008128443
34085 313833.83 113.8439587321 34.0818992431 3776462.2868800014 762530.6712605 55.9882953074 0.0064957933 0.4748247156 177.8033023407 0.391485959 -10.4788305529 -0.0038350067
34086 313833.85 113.843958815 34.0818973543 3776462.077485 762530.6847518 55.9883551998 0.0031831619 0.4934425749 177.7913020234 0.3871718098 -10.463661483 0.0092287791
34087 313833.95 113.8439592343 34.0818879389 3776461.033672 762530.7525580998 55.9888878884 0.0879808471 0.5637569416 177.7239870449 0.3923504191 -10.4161086331 0.0353682811
34088 313834.05 113.8439596601 34.0818785685 3776459.994861 762530.8208198001 55.9912092304 0.190042816 0.6585579052 177.6713727868 0.4015181333 -10.3656138161 0.0493406858
34089 313834.15 113.8439600939 34.0818692463 3776458.961435 762530.889676 55.9951521624 0.1625217079 0.6992749234 177.626189832 0.406784692 -10.3194170912 0.0560964362
34090 313834.25 113.8439605353 34.0818599652 3776457.932575 762530.95911 55.9996477729 0.0907849268 0.7411092869 177.5775819295 0.4122753193 -10.273146326 0.0523247913
34091 313834.35 113.8439609826 34.0818507286 3776456.90868 762531.0289495 56.0038320748 -0.0140878521 0.7706461542 177.5445848526 0.4243896917 -10.2138097021 0.0262072972
34092 313834.45 113.8439614405 34.0818415522 3776455.891482 762531.0995842 56.0063839732 -0.0805037733 0.7046463353 177.5378019592 0.4341160993 -10.1345076835 -0.0062616538
34093 313834.55 113.843961903 34.0818324521 3776454.882772 762531.1704029002 56.0060530901 -0.0294283235 0.6798408739 177.5575235649 0.4272084756 -10.0485607761 -0.0119835095
34094 313834.65 113.8439623488 34.0818234384 3776453.88361 762531.2394187 56.0062779421 -0.0388750189 0.6520673623 177.5645761344 0.4115227289 -9.9526776649 0.0190845154
34095 313834.76 113.8439628318 34.0818136256 3776452.795856 762531.3143339001 56.0083411708 -0.1191608837 0.6137554054 177.5813506791 0.4076926006 -9.8474304548 0.0306315825
34096 313834.87 113.8439633112 34.0818039049 3776451.7183199986 762531.3886300002 56.0099162115 -0.17217785 0.5794240429 177.5974522946 0.4067820465 -9.7728130993 -0.0035723915
34097 313834.98 113.8439637852 34.0817942383 3776450.646761 762531.4622652 56.0089625493 -0.1877537092 0.5582988998 177.6197195665 0.3945802066 -9.7250754032 -0.0078008217
34098 313835.09 113.8439642517 34.0817846164 3776449.580159 762531.5350691 56.0081178779 -0.2358109259 0.5332174409 177.627376544 0.3957479647 -9.6838196877 -0.0147412335
34099 313835.2 113.8439647237 34.0817750383 3776448.518425 762531.6082405 56.0049487483 -0.1635223723 0.5500369976 177.6574823019 0.3930264862 -9.637599342 -0.0310595313
34100 313835.31 113.8439651801 34.0817655092 3776447.462085 762531.6798279 56.0019789329 -0.1377926628 0.5876359916 177.6629406828 0.3842410244 -9.5816453696 -0.0292477762
34101 313835.42 113.8439656291 34.081756041 3776446.4124839986 762531.7505331 56.0014960542 -0.2006388339 0.646738023 177.6854370323 0.3765385227 -9.515647947 0.0064662032
34102 313835.53 113.8439660767 34.0817466442 3776445.3708129986 762531.8208974 56.001513158 -0.3149959285 0.6191027865 177.6901146286 0.3759440611 -9.4357978077 0.0095197941
34103 313835.64 113.8439665201 34.0817373293 3776444.338204 762531.8906196 55.9988799943 -0.3921348849 0.65294354 177.6630472069 0.3677240619 -9.3455491984 -0.0357248616
34104 313835.75 113.843966957 34.0817281106 3776443.316274 762531.9594398001 55.9955536919 -0.4221812429 0.658095066 177.588243917 0.3681366977 -9.2460192622 -0.0317707355
34105 313835.86 113.8439674145 34.0817189909 3776442.305365 762532.0298599 55.9907320375 -0.4157151736 0.6469456902 177.5351471905 0.390275303 -9.1466024578 -0.0384206446
34106 313835.97 113.843967881 34.0817099725 3776441.305739 762532.1007995 55.9850222236 -0.3707725563 0.5963502567 177.4889045415 0.3934748608 -9.0445083766 -0.039759993
34107 313836.09 113.8439683924 34.0817002513 3776440.228217 762532.1780566998 55.9798904769 -0.303202584 0.550783857 177.4286025417 0.3938165126 -8.9312810046 -0.0372540333
34108 313836.21 113.843968898 34.0816906572 3776439.164803 762532.2543800998 55.9759081881 -0.2499756872 0.5329733615 177.3691464366 0.3927516024 -8.8097493489 -0.0203936373
34109 313836.33 113.8439694155 34.0816811835 3776438.114765 762532.3314421 55.9735104302 -0.2451502394 0.4921208619 177.3214043212 0.4028582213 -8.7157355642 -0.0095896212
34110 313836.45 113.843969946 34.0816717882 3776437.073472 762532.4094558002 55.9702678854 -0.1913483069 0.3961856276 177.3061400724 0.4101914082 -8.6561481485 -0.0136949257
34111 313836.57 113.8439704754 34.0816624606 3776436.039678 762532.4871527 55.9685848681 -0.143431772 0.3314071602 177.3258368609 0.4065394466 -8.5871839071 -0.0138623042
34112 313836.69 113.8439709919 34.0816532061 3776435.013974 762532.5634403002 55.9664720874 -0.0960434608 0.3140407233 177.3863881905 0.3896702158 -8.5114049547 -0.0014384756
34113 313836.81 113.8439714853 34.0816440582 3776434.000038 762532.6372619 55.966583102 -0.0726163878 0.2745908337 177.4632724575 0.3788547085 -8.4034383349 0.0175612402
34114 313836.93 113.8439719654 34.081635039 3776433.000345 762532.7094568001 55.9671284668 -0.0020940159 0.2435453724 177.6005160079 0.3591549596 -8.2757704801 0.0063948799
34115 313837.06 113.8439724379 34.0816254194 3776431.934004 762532.7828015 55.9670049148 0.0337191341 0.2430275924 177.7643881292 0.320855204 -8.1405662381 0.0168884674
34116 313837.19 113.8439728703 34.0816159665 3776430.886062002 762532.8519378002 55.9705817029 0.1137601793 0.2464858178 177.9741528657 0.2952660705 -8.0154908658 0.0474620867
34117 313837.29 113.8439731734 34.0816087763 3776430.088898 762532.9021403001 55.9730484467 0.1768344434 0.2246546174 178.156034162 0.2689388008 -7.9547782458 0.032675948
34118 313837.42 113.8439735207 34.0815995155 3776429.062057 762532.9628186 55.9764477527 0.1779801061 0.2075761133 178.4687926094 0.2255860004 -7.8695713177 0.0335132649
34119 313837.55 113.8439737993 34.0815903516 3776428.045796 762533.0168581 55.9818777768 0.0958089223 0.1986597456 178.8936486222 0.1680900045 -7.7877808762 0.059849001
34120 313837.68 113.843973993 34.0815812846 3776427.040064 762533.0627549 55.9876231225 0.0224884849 0.1610644302 179.430077367 0.102752101 -7.710808228 0.0427571988
34121 313837.82 113.8439740795 34.0815716277 3776425.968591002 762533.1005783002 55.9910091562 -0.0094280303 0.1320705036 180.1193295744 0.014295404 -7.617093827 0.0252250357
34122 313837.96 113.8439740174 34.0815620817 3776424.909044 762533.1243319 55.9941185201 -0.0734441191 0.097815972 180.9040583086 -0.0868287805 -7.5361300301 0.0286930237
34123 313837.99 113.8439739857 34.0815600486 3776424.683335 762533.1276841 55.9948206013 -0.1112709486 0.0820152672 181.0894628572 -0.1051843649 -7.5191462429 0.030400489
34124 313838.13 113.8439737318 34.0815506061 3776423.634786 762533.1334106 55.9952930631 -0.1958027076 0.0751631971 182.0194307178 -0.2269143824 -7.4639367128 0.0062178052
34125 313838.27 113.8439732825 34.081541228 3776422.59288 762533.1208978002 55.9958233349 -0.2937583696 0.0434851766 183.0477930809 -0.3612461223 -7.4212542587 -0.0215720005
34126 313838.41 113.8439726352 34.0815319073 3776421.556834 762533.0899179 55.9912662888 -0.2488808574 0.0641470406 184.1927300393 -0.4995693188 -7.3698102446 -0.0269906826
34127 313838.55 113.8439717597 34.0815226481 3776420.52702 762533.0376837 55.9869359965 -0.2044164438 0.1285959241 185.4193388577 -0.6538810955 -7.3169277672 -0.0040903586
34128 313838.56 113.8439716872 34.0815219893 3776420.453721 762533.0330253 55.986863819 -0.2114818909 0.1404336113 185.5134826748 -0.6726255207 -7.313878182 0.0033722565
34129 313838.7 113.8439705573 34.0815128035 3776419.431406 762532.9570614998 55.9840352424 -0.1942012206 0.1243709449 186.8851012902 -0.8224572222 -7.2521449227 -0.0111726154
