34208 313847.89 113.8433637025 34.0810926061 3776371.239407 762478.2176394 55.97350585 0.0918037885 0.6465553879 251.1530577163 -10.3356938119 -3.5388152055 -0.117624017
34209 313847.99 113.8433524635 34.0810894169 3776370.856594 762477.1896726 55.9643630842 0.3881763877 0.6021438427 251.274223187 -10.3937119552 -3.535986235 -0.0499396674
34210 313848.09 113.8433411624 34.0810862389 3776370.474869 762476.1559332 55.9663083851 0.4970483657 0.6643617971 251.4128129626 -10.4559554993 -3.5121892078 0.0861584641
34211 313848.19 113.8433297985 34.0810830794 3776370.095033 762475.1163364 55.9741935376 0.5410766647 0.6857223946 251.5634944481 -10.5101530485 -3.5107100775 0.0840942035
34212 313848.28 113.843319517 34.0810802441 3776369.753956 762474.1756949 55.9794007316 0.6764209195 0.7098880678 251.721345517 -10.5645573547 -3.493455747 0.0581976117
34213 313848.37 113.8433091891 34.0810774203 3776369.414031 762473.230725 55.9846788338 0.7882891002 0.734611173 251.8860924852 -10.608121864 -3.4801127357 0.0821129159
34214 313848.46 113.8432988158 34.08107461 3776369.075492 762472.2815256 55.994974765 0.6150266553 0.7327095405 252.0499573438 -10.6577023894 -3.4602368514 0.1476209389
34215 313848.55 113.843288399 34.0810718125 3776368.738272 762471.3282675 56.0065755993 0.346236475 0.683958291 252.2217353454 -10.7001569575 -3.4483925232 0.1255129946
34216 313848.64 113.8432779343 34.0810690247 3776368.401998 762470.3705561998 56.0124684703 0.216901308 0.6231929929 252.4268615063 -10.7525746772 -3.4380929468 0.0299089861
34217 313848.71 113.8432697621 34.0810668671 3776368.141548998 762469.6225879 56.0121058188 0.2731507798 0.5499287228 252.604575606 -10.7910696839 -3.4162769923 -0.0240156242
34218 313848.8 113.84325921 34.0810641149 3776367.809001 762468.6566964 56.0098298127 0.4331223009 0.438774446 252.8301090235 -10.844127868 -3.3867051972 0.0056507651
34219 313848.89 113.8432486129 34.0810613919 3776367.479575 762467.6865636 56.0116339391 0.4901772061 0.4465211953 253.0770037873 -10.887640639 -3.3396146586 0.06651142
34220 313848.98 113.8432379694 34.0810587031 3776367.153829 762466.7120369 56.0184673592 0.4040362547 0.3876143692 253.3601381942 -10.9332252855 -3.3078190849 0.1018652125
34221 313849.07 113.8432272798 34.0810560444 3776366.831308998 762465.7331581998 56.0252970252 0.383128803 0.3125922986 253.7045325851 -10.9866683915 -3.2577788023 0.0697416736
34222 313849.16 113.8432165423 34.0810534282 3776366.513374 762464.7497311998 56.0289985659 0.4645913119 0.2509593018 254.0863258339 -11.0355158869 -3.2019333005 0.037453329
34223 313849.25 113.8432057495 34.081050866 3776366.201297 762463.7610196 56.0322908116 0.5740456223 0.2144385165 254.5037000458 -11.0978308855 -3.1272540899 0.0645178085
34224 313849.28 113.8432021406 34.0810500261 3776366.098811 762463.4303708 56.0336488318 0.6022534239 0.2004995945 254.6451264259 -11.1108007314 -3.1008451599 0.0579961916
34225 313849.37 113.8431912774 34.081047545 3776365.795548 762462.4349144 56.0407771347 0.4878274111 0.1052556744 255.0721565486 -11.166048882 -3.0285698069 0.1076786861
34226 313849.46 113.8431803616 34.0810451231 3776365.498722 762461.4344172 56.0497695664 0.2945193031 -0.0018334484 255.5000972872 -11.2197299824 -2.954896955 0.1245437072
34227 313849.55 113.8431693912 34.0810427588 3776365.208143 762460.4286986 56.0565687949 0.1393511811 -0.0666967776 255.9401229471 -11.2774026706 -2.8879130857 0.0572782715
34228 313849.64 113.8431583624 34.0810404553 3776364.924162002 762459.4174051 56.0567193665 0.1241955039 -0.1616495717 256.386659012 -11.3394388799 -2.8072299644 -0.0246487036
34229 313849.73 113.8431472764 34.0810382192 3776364.647519 762458.4006129 56.0536234565 0.1534411003 -0.186388477 256.8216011683 -11.3927619766 -2.7180617909 -0.0434778585
34230 313849.8 113.8431386139 34.081036529 3776364.437689 762457.6059361 56.0522915106 0.2256872664 -0.2167114065 257.1468463022 -11.4432201918 -2.652002249 0.0018380105
34231 313849.89 113.843127429 34.0810344157 3776364.174419 762456.5796383 56.0512264585 0.3350110668 -0.1256174251 257.5671454311 -11.4928949535 -2.5688106947 -0.0092068343
34232 313849.98 113.8431161883 34.0810323672 3776363.9182 762455.5479829998 56.0515876356 0.4229845138 -0.0749036933 258.0017239978 -11.5559402084 -2.4978708802 0.0113150758
34233 313850.07 113.8431049059 34.081030377 3776363.668332 762454.5123021 56.0563867185 0.4476664479 -0.0553104365 258.4401195769 -11.6002688001 -2.4152279276 0.1091244671
34234 313850.16 113.8430935813 34.0810284489 3776363.42526 762453.4725308 56.0652346248 0.2722639955 -0.037312905 258.8598415868 -11.6478495032 -2.3341814514 0.099215324
34235 313850.25 113.8430822112 34.0810265854 3776363.189232 762452.4283593 56.0718743624 0.1643194221 -0.0335149135 259.254836232 -11.6937280916 -2.2558004153 0.0576148889
34236 313850.34 113.8430707969 34.0810247842 3776362.960007 762451.379912 56.0738802087 0.159928961 0.0319044098 259.6236924472 -11.7353582494 -2.1793009468 0.0170642925
34237 313850.43 113.8430593442 34.0810230456 3776362.737632 762450.3277252 56.0733426921 0.1780120499 0.1217043826 259.937972929 -11.7744347688 -2.1007530158 0.0045601638
34238 313850.52 113.8430478591 34.081021362 3776362.521287 762449.2723786 56.0735250916 0.1718602352 0.2666334872 260.1817081141 -11.800655564 -2.0460799439 0.0150508162
34239 313850.61 113.8430363438 34.0810197247 3776362.309989 762448.2141032 56.0741853435 0.1363440184 0.4006141679 260.3553800581 -11.8271261038 -1.9941869935 -0.0119567524
34240 313850.7 113.8430248065 34.0810181092 3776362.101054 762447.1537318 56.0736236302 0.2830236123 0.4281673807 260.488299129 -11.8483764375 -1.9842063425 0.0118613432
34241 313850.76 113.8430171061 34.0810170384 3776361.962432 762446.4459689 56.0742474916 0.4152220786 0.4620915171 260.5628260469 -11.8593929428 -1.9727902247 0.0094818959
34242 313850.85 113.8430055406 34.0810154444 3776361.755818 762445.3829204 56.0773311723 0.5205465463 0.4344180512 260.6640421675 -11.8726694465 -1.9574158086 0.0563091573
34243 313850.94 113.8429939594 34.0810138586 3776361.550076 762444.3183975002 56.0873179631 0.3709605928 0.3745504291 260.7634105298 -11.8972132195 -1.9463568693 0.1258175821
34244 313851.03 113.8429823517 34.081012289 3776361.346055 762443.2513819 56.0981056429 0.1047021776 0.4090565224 260.8218974589 -11.9319012144 -1.9196734879 0.1093419525
34245 313851.12 113.8429707023 34.0810107374 3776361.143925 762442.1804518001 56.1011304557 0.0010008716 0.4981684576 260.8462852729 -11.9705623601 -1.9092803331 -0.0209683886
34246 313851.21 113.8429590144 34.0810091853 3776360.941645 762441.1059770002 56.0954966517 0.0656810963 0.5456168879 260.832418273 -12.0045261524 -1.9197305261 -0.0767241165
34247 313851.3 113.8429472936 34.0810076242 3776360.738286 762440.0284833 56.0895563671 0.1855378971 0.5859415791 260.8159108498 -12.0390492971 -1.9292042639 -0.0387732997
34248 313851.39 113.8429355406 34.0810060548 3776360.533919 762438.9480447 56.0881517176 0.2774520619 0.5653884895 260.7924899509 -12.0716079724 -1.9482100498 0.009289297
34249 313851.48 113.8429237569 34.0810044687 3776360.32762 762437.8648272 56.091053728 0.3367656923 0.5393942765 260.7975732001 -12.1013307709 -1.9617916554 0.0451907147
34250 313851.57 113.8429119323 34.0810028773 3776360.120625 762436.7778454 56.0949815568 0.3472041287 0.5134023519 260.7860269841 -12.1450757636 -1.9633213314 0.0439162603
34251 313851.66 113.8429000672 34.0810012786 3776359.912712 762435.6871511 56.0997491563 0.3073839834 0.5283273069 260.7946889179 -12.1885615345 -1.9792878771 0.0348366789
34252 313851.75 113.8428881567 34.0809996749 3776359.704136 762434.5922739998 56.1019442054 0.4235399392 0.5471547106 260.8226968499 -12.2356589439 -1.9762481254 0.0164999794
34253 313851.84 113.8428762025 34.080998072 3776359.495541 762433.4933582 56.10451415 0.4725868532 0.5000340467 260.8693648966 -12.2826404763 -1.9761360866 0.0408217189
34254 313851.93 113.8428642033 34.0809964704 3776359.2869589985 762432.390289 56.1108012935 0.4021177529 0.4276122807 260.9224464559 -12.3282344097 -1.9734132725 0.1075646952
34255 313852.01 113.8428535005 34.080995048 3776359.101606 762431.4063726 56.1173829427 0.2848252904 0.4034741863 260.9898508193 -12.3742216074 -1.970568838 0.0685457867
34256 313852.09 113.8428427573 34.0809936354 3776358.9172309986 762430.4186951 56.1218371075 0.1872686293 0.4022370752 261.0650454617 -12.4150342734 -1.9552673078 0.0392632229
34257 313852.17 113.8428319751 34.0809922289 3776358.733444 762429.4273944 56.1221681172 0.2682365222 0.3365773428 261.1633754161 -12.46323796 -1.9530803016 -0.0086586657
34258 313852.25 113.8428211577 34.0809908343 3776358.550879 762428.4328111 56.1204103548 0.4086597042 0.3368095757 261.2559957495 -12.4890557658 -1.9249812488 -0.0411508866
34259 313852.33 113.8428103276 34.0809894519 3776358.369635 762427.4370173 56.1228925362 0.4755669137 0.3490933751 261.3635015017 -12.5106627941 -1.914862129 0.0814381999
34260 313852.41 113.842799484 34.080988084 3776358.189971 762426.4399358 56.1292734761 0.5670248652 0.4067740242 261.4824591525 -12.5223923694 -1.8815006024 0.0882081769
34261 313852.49 113.8427886319 34.0809867376 3776358.012668 762425.441999 56.1379687311 0.4676088662 0.3452682693 261.6146330151 -12.5206425868 -1.8628290035 0.1218503711
34262 313852.57 113.8427777898 34.0809854035 3776357.836748 762424.4449466999 56.1482881326 0.3420713588 0.2692221285 261.7746579645 -12.5088315209 -1.8353690132 0.1447075475
34263 313852.65 113.8427669503 34.0809840977 3776357.663982 762423.4480461 56.1562615987 0.2031493171 0.2790606471 261.9249426171 -12.5019524639 -1.790120908 0.063712287
34264 313852.73 113.8427561146 34.0809828178 3776357.494099 762422.4514181998 56.1600740328 0.1762868272 0.2143929731 262.0951079554 -12.4971149656 -1.7623341919 0.0293378497
34265 313852.81 113.8427452882 34.0809815637 3776357.327105 762421.4555726999 56.162696599 0.0564571578 0.1309618332 262.2765305987 -12.4836642428 -1.7222680273 0.0455858003
34266 313852.89 113.8427344699 34.0809803379 3776357.163281 762420.460386 56.1659563156 -0.1674369844 0.1367255809 262.4698553948 -12.4772218804 -1.6796044746 0.0397601843
34267 313852.96 113.8427250112 34.0809792946 3776357.023187 762419.5901771 56.1660966836 -0.1760063444 0.1491465724 262.6356011904 -12.4660717313 -1.6367396844 -0.0287084996
34268 313853.04 113.84271421 34.0809781341 3776356.866648 762418.5963713 56.1621038839 -0.1146741567 0.1143873176 262.8301719375 -12.4548370595 -1.5880173601 -0.0535126211
34269 313853.12 113.8427034264 34.0809770038 3776356.71351 762417.604088 56.1570288977 0.1640190892 0.0842127708 263.0261460096 -12.4272064113 -1.5442660057 -0.0391922536
34270 313853.2 113.8426926644 34.0809759096 3776356.564421 762416.6136905 56.1562499162 0.304686129 0.130191172 263.21091691 -12.3948556438 -1.4957051783 0.023016058
34271 313853.29 113.8426805869 34.0809747197 3776356.401343 762415.5021199002 56.1618451718 0.3537619356 0.1573360888 263.3988790403 -12.3695336427 -1.44274607 0.0858561033
34272 313853.38 113.8426685473 34.080973568 3776356.242588 762414.3939266999 56.1709639234 0.2233974871 0.1842534811 263.5548433532 -12.3217654232 -1.4034919522 0.1213734621
34273 313853.47 113.8426565394 34.0809724472 3776356.087355002 762413.2885618 56.1792900786 -0.0556255454 0.2446080807 263.6790130689 -12.2926042822 -1.3628140027 0.0544163228
34274 313853.56 113.8426445637 34.080971351 3776355.934939 762412.1860971 56.1816131724 -0.2353700243 0.1947719574 263.7900249689 -12.2612166851 -1.3464546558 -0.0031522696
34275 313853.65 113.8426326216 34.0809702727 3776355.784588 762411.0866785998 56.1793120541 -0.2769353879 0.18559626 263.8965769593 -12.2276819274 -1.3173383066 -0.0601682292
34276 313853.74 113.8426207126 34.08096922 3776355.637163 762409.9902403002 56.1726159612 -0.1064258191 0.1819660946 263.9908982633 -12.1893097336 -1.2917963744 -0.071261354
34277 313853.77 113.8426167499 34.0809688729 3776355.588457 762409.6253984 56.1703737341 -0.0002186968 0.2020710766 264.0229855407 -12.1843053372 -1.2840935265 -0.0685606268
34278 313853.86 113.8426048851 34.0809678478 3776355.444209 762408.5329543 56.1659810841 0.280587718 0.2697695962 264.1166219005 -12.1485959824 -1.2522040545 -0.011220729
34279 313853.95 113.8425930523 34.080966845 3776355.302523 762407.4433898 56.169716889 0.3417880687 0.2852236673 264.2042372027 -12.1123386005 -1.2292762971 0.0939871276
34280 313854.04 113.8425812529 34.0809658614 3776355.163054 762406.35686 56.1802079566 0.1424979849 0.3503904993 264.280658843 -12.0777914523 -1.2021989823 0.1168398754
34281 313854.13 113.842569488 34.080964898 3776355.025903 762405.273456 56.1873160517 0.03014824 0.3780115155 264.3709239244 -12.0627468014 -1.1883753459 0.0465171524
34282 313854.22 113.8425577454 34.0809639471 3776354.890206 762404.192069 56.188532941 0.0119273176 0.3159547536 264.4680450405 -12.0366324148 -1.1693781127 -0.00418012
34283 313854.31 113.8425460276 34.0809630082 3776354.755902 762403.1129309 56.188411979 -0.0043222915 0.2510442324 264.5683357104 -12.010155735 -1.1576550412 0.003620688
34284 313854.4 113.8425343323 34.0809620872 3776354.623648002 762402.0358135998 56.1873585992 0.1066857023 0.2795321038 264.6701572774 -11.9915586864 -1.125825465 -0.0275386742
34285 313854.49 113.8425226588 34.0809611906 3776354.49416 762400.960642 56.1861002194 0.3066454467 0.282816883 264.7704492083 -11.966787556 -1.100107038 0.0084122842
34286 313854.58 113.8425110144 34.0809603146 3776354.3670190014 762399.8880869 56.1908855988 0.2312103717 0.262413202 264.8663270305 -11.9319736105 -1.0760974853 0.113011392
34287 313854.67 113.842499399 34.080959457 3776354.242002 762398.8181566 56.2007478103 -0.067302891 0.2901642003 264.9662417085 -11.9080642193 -1.0542783542 0.103246693
34288 313854.76 113.842487803 34.0809586168 3776354.118969002 762397.7499614 56.2038479075 -0.0955904332 0.2788390391 265.0842437613 -11.8925898006 -1.0340663368 -0.0067992669
34289 313854.85 113.8424762258 34.0809577891 3776353.9973699986 762396.6834691998 56.198712294 0.1476173498 0.1956311608 265.2158854276 -11.8680768104 -1.0200820753 -0.0643451376
34290 313854.94 113.842464674 34.0809569844 3776353.878385 762395.6192456 56.1966358656 0.2832314135 0.2361469724 265.3346758878 -11.8384701617 -0.9790313447 0.0387173258
34291 313855.03 113.8424531503 34.0809562091 3776353.7627449986 762394.5575364998 56.203138262 0.157713985 0.207163008 265.4339655493 -11.8133491615 -0.9526083987 0.1168613785
34292 313855.12 113.8424416464 34.0809554503 3776353.648979 762393.4975937 56.2105807513 0.0025204982 0.2543050752 265.5427312752 -11.7936427977 -0.9258672351 0.0715357001
34293 313855.21 113.8424301583 34.080954714 3776353.537744 762392.4390462 56.2136078672 -0.077697069 0.2198342897 265.63996234 -11.7774300715 -0.9045804829 0.0095052499
34294 313855.3 113.8424186845 34.0809539876 3776353.4276559986 762391.3817789 56.2118474198 -0.0395427182 0.213891936 265.744234304 -11.7616326658 -0.8880391043 -0.0412544075
34295 313855.39 113.8424072224 34.0809532812 3776353.319818 762390.3255377 56.2083381852 0.1443000179 0.2209448341 265.8394502846 -11.7536982293 -0.8590235602 -0.0496186857
34296 313855.48 113.8423957683 34.0809525952 3776353.214256 762389.2699771 56.2065557195 0.2649330069 0.2157789165 265.9362158757 -11.7491872253 -0.837432404 0.011891281
34297 313855.57 113.8423843207 34.0809519254 3776353.110518 762388.2149608 56.21014826 0.2684799547 0.2488505979 266.031052508 -11.7378723562 -0.8169171755 0.0876150802
34298 313855.66 113.8423728674 34.080951273 3776353.008691 762387.1593639 56.2163703255 0.0712398502 0.2823640392 266.1197187884 -11.7471555703 -0.7958861486 0.0467485723
34299 313855.75 113.8423614012 34.0809506351 3776352.908442 762386.1025306998 56.2190224491 0.0191617977 0.2946223724 266.2040434283 -11.7692175761 -0.7814782413 0.0061726662
34300 313855.84 113.8423499168 34.0809500124 3776352.809836 762385.0439741 56.2177691488 0.1880750375 0.3330707653 266.294326688 -11.7899135717 -0.7612959658 -0.0147556174
34301 313855.93 113.8423384104 34.0809494044 3776352.712799 762383.983333 56.2151409192 0.4865281853 0.4329925095 266.3840466193 -11.8125124126 -0.7430246553 -0.0172583834
34302 313856.02 113.8423268846 34.0809488156 3776352.617843 762382.9208445 56.2183882948 0.6050631491 0.5540711395 266.4693918934 -11.8301686319 -0.718271048 0.0896961367
34303 313856.11 113.84231534 34.0809482483 3776352.525221 762381.8565627 56.2294827048 0.4026700016 0.6119012109 266.5483337631 -11.8529302584 -0.7043073551 0.1422425081
34304 313856.2 113.8423037664 34.0809476922 3776352.433776 762380.7895588 56.2393686539 0.1239322842 0.628141413 266.6355486722 -11.8873511699 -0.6870071581 0.0755048521
34305 313856.29 113.842292158 34.0809471428 3776352.3429910014 762379.7193215 56.2418709164 -0.0560053545 0.5770702787 266.7278322672 -11.9206691341 -0.6815634287 -0.0188150772
34306 313856.38 113.8422805113 34.0809465979 3776352.252592 762378.645537 56.2364392215 0.0454535287 0.4867058762 266.8490587012 -11.9656585367 -0.6806712954 -0.0826253088
34307 313856.47 113.8422688258 34.0809460637 3776352.163293 762377.5681338 56.2277999632 0.4758618616 0.3747581613 266.9767439038 -12.0066892248 -0.6522312859 -0.0760605998
34308 313856.56 113.8422571089 34.0809455502 3776352.076207 762376.4877641 56.2285210891 0.7883360414 0.3062980689 267.1010839461 -12.0319034909 -0.6274783416 0.0980570587
34309 313856.6 113.842251894 34.08094533 3776352.038365 762376.006892 56.233778174 0.7805343572 0.3026092815 267.1518526712 -12.0425038719 -0.6120292383 0.1738964531
34310 313856.69 113.8422401334 34.0809448553 3776351.955478 762374.9223742 56.2518159747 0.45787731 0.3533502533 267.2576592717 -12.0820866054 -0.5798548601 0.1950334668
34311 313856.78 113.8422283284 34.0809444005 3776351.874671 762373.8336922 56.2642631913 0.2394330592 0.3901481548 267.3751064014 -12.128859803 -0.5576057477 0.0733350938
34312 313856.87 113.8422164783 34.0809439651 3776351.79591 762372.7407880998 56.266865612 0.0886004855 0.3960048893 267.4787564778 -12.1756174535 -0.5383176437 -0.05545598
34313 313856.96 113.8422045878 34.0809435435 3776351.718579 762371.6441065 56.2631966108 0.0804608085 0.3342931325 267.5892895442 -12.216667251 -0.5227287901 -0.0334260394
34314 313857.05 113.8421926596 34.0809431338 3776351.6424629986 762370.5439055 56.2589615565 0.1065538263 0.3519909983 267.7002633084 -12.2574840065 -0.4998362908 -0.0523355349
34315 313857.14 113.8421806832 34.0809427363 3776351.567593 762369.4392209002 56.2558437735 0.2153448183 0.3251916961 267.8160678455 -12.2916198035 -0.479816236 -0.0222431803
34316 313857.23 113.8421686748 34.0809423602 3776351.494998001 762368.331516 56.2568776477 0.4050215816 0.3305062058 267.9187522061 -12.326083044 -0.4532991466 0.0503038715
34317 313857.32 113.8421566328 34.0809420049 3776351.424638 762367.2206384 56.2622292312 0.6369632786 0.3988878448 268.0259355518 -12.3632530738 -0.4279665485 0.0738199503
34318 313857.41 113.8421445605 34.0809416713 3776351.3566 762366.1068979 56.2697558561 0.7591231576 0.4594821145 268.1443441427 -12.3988888248 -0.3977568968 0.120033707
34319 313857.5 113.8421324633 34.0809413558 3776351.29051 762364.9908002 56.2832479682 0.5576679239 0.4456282296 268.2693240769 -12.413105861 -0.3801191259 0.1815749478
34320 313857.59 113.8421203315 34.0809410578 3776351.226279 762363.8714598 56.2952773515 0.2560254102 0.4706793506 268.4023608474 -12.4551624377 -0.3560183496 0.0923072669
34321 313857.68 113.8421081617 34.0809407763 3776351.163776 762362.7485541998 56.298259357 -0.0251809326 0.2922559301 268.5381603589 -12.4922207605 -0.3518741437 -0.0393060657
34322 313857.76 113.8420973125 34.0809405401 3776351.109694 762361.7474568002 56.2950211382 0.0029395633 0.3093563049 268.6792542552 -12.5168670236 -0.3058133069 -0.0155030584
34323 313857.84 113.8420864287 34.0809403338 3776351.058842 762360.7430741 56.2875411576 -0.0019235949 0.2531331647 268.7860816892 -12.565587239 -0.2814775101 -0.0926845248
34324 313857.92 113.8420755175 34.0809401449 3776351.009845 762359.736108 56.2814941332 0.2396576498 0.2702215985 268.9073979249 -12.596184822 -0.2451670972 -0.0791798247
34325 313858.0 113.8420645793 34.0809399797 3776350.963407 762358.7265721 56.2816967964 0.3515436669 0.3212358806 269.0226017643 -12.6332299851 -0.2131385145 0.0758330851
34326 313858.08 113.8420536245 34.0809398326 3776350.918952 762357.7154456 56.2877453286 0.3497947748 0.3362344761 269.1611286212 -12.6509330916 -0.1920255916 0.0639111481
34327 313858.16 113.8420426472 34.0809397042 3776350.876498 762356.7021876 56.2952359328 0.2412235576 0.2304906419 269.2992067554 -12.6842144986 -0.1695445184 0.0486894727
34328 313858.24 113.8420316426 34.0809395931 3776350.835901 762355.6863526 56.2991739623 0.1946823525 0.1950799199 269.436606918 -12.7193300118 -0.1407522822 0.0204849305
34329 313858.32 113.8420206114 34.0809395033 3776350.797595 762354.6679975 56.2985222312 0.285491309 0.1250428777 269.5663287749 -12.7452672195 -0.1122810255 -0.0091608388
34330 313858.4 113.8420095554 34.0809394332 3776350.761417 762353.6472923 56.298533842 0.2127931387 0.0935536781 269.6931954711 -12.7690888562 -0.0874963939 0.0235676001
34331 313858.48 113.8419984748 34.0809393855 3776350.727665 762352.6242438002 56.300863876 0.1507086265 0.090400048 269.811671495 -12.8034655353 -0.0550759665 0.0372836146
34332 313858.56 113.8419873642 34.0809393615 3776350.696453 762351.5983528001 56.3017534707 0.2078560272 0.0986241393 269.9266899927 -12.8405950064 -0.0212877131 -0.0013909597
34333 313858.64 113.8419762266 34.0809393573 3776350.6673800014 762350.5699034 56.3011872629 0.2649595547 0.0904235855 270.0341898138 -12.8623521838 0.0024104322 -0.0031836808
34334 313858.72 113.8419650629 34.0809393705 3776350.640172 762349.5390002 56.3028202299 0.301620551 0.1532161683 270.1484067868 -12.8974211488 0.0329945614 0.0478913697
34335 313858.8 113.841953876 34.080939406 3776350.615374 762348.5058757 56.3059918154 0.3068333936 0.1805632857 270.2453631799 -12.9220165272 0.0618436986 0.0270299943
34336 313858.88 113.8419426628 34.0809394575 3776350.592287 762347.47028 56.3092751466 0.3098512935 0.2454378673 270.3502816775 -12.9560356989 0.0840298651 0.0466782003
34337 313858.96 113.8419314265 34.080939528 3776350.571241 762346.4324903 56.311154292 0.4665501109 0.327294165 270.443443777 -12.9802712312 0.1147457027 0.0207238159
34338 313859.04 113.8419201657 34.0809396174 3776350.552244 762345.3923789002 56.3136961851 0.6339746239 0.3648102181 270.5288178685 -12.9993103138 0.1313315322 0.0750401819
34339 313859.12 113.8419088918 34.0809397191 3776350.53457 762344.3510194 56.3221450914 0.5527615149 0.4241191122 270.6100526895 -13.0224050982 0.1526680703 0.1318474255
34340 313859.2 113.841897598 34.0809398338 3776350.518282 762343.3077794 56.3325649379 0.4230087131 0.4490160739 270.6979579697 -13.0437605276 0.1651877224 0.1258854393
34341 313859.28 113.8418862845 34.0809399588 3776350.503096 762342.2626928 56.3412843114 0.2726371147 0.4157741397 270.8070641218 -13.0712683264 0.180061544 0.079134123
34342 313859.36 113.8418749461 34.0809400948 3776350.489065 762341.2152734002 56.3451714069 0.2102764824 0.3691049461 270.9284476166 -13.0992857683 0.199055933 0.0276315169
34343 313859.44 113.8418635866 34.0809402503 3776350.477146 762340.1658492 56.3469636822 0.1828300378 0.3418171487 271.0515347175 -13.125278446 0.233960023 0.0189775511
34344 313859.52 113.8418522039 34.0809404273 3776350.46755 762339.1142133998 56.3467682293 0.2036062541 0.2877249863 271.1677676784 -13.1443724282 0.2595105537 0.0027722363
34345 313859.6 113.8418407996 34.0809406226 3776350.459925 762338.060521 56.3464681869 0.203599837 0.2533645133 271.2848619116 -13.1709050796 0.2859298233 0.0041485614
34346 313859.68 113.8418293802 34.0809408422 3776350.454971 762337.0053626 56.349183335 0.1180190352 0.268961531 271.3965853218 -13.1870298546 0.3234087476 0.0670593163
34347 313859.76 113.8418179397 34.0809410799 3776350.451961 762335.9482016999 56.3504050393 0.0992683095 0.2465946526 271.5195493644 -13.2092674272 0.3388977724 -0.0125475068
34348 313859.81 113.8418107785 34.0809412372 3776350.451021 762335.2864451 56.3496312266 0.2135046871 0.2643197667 271.6004747801 -13.2205501653 0.3564931327 -0.0451115267
34349 313859.89 113.8417993046 34.08094151 3776350.45183 762334.2260862 56.3485390656 0.355849859 0.2502452595 271.7211496403 -13.2537148507 0.3990035684 0.0308963653
34350 313859.97 113.8417878202 34.0809418027 3776350.4548059986 762333.1647054 56.3533132616 0.2773361319 0.2236993393 271.8251714185 -13.2587452297 0.4212726427 0.103350442
34351 313860.05 113.8417763204 34.0809421144 3776350.459858 762332.1018352 56.3601565352 0.0214627313 0.2342427635 271.9189720189 -13.2800848233 0.4445082334 0.0501791573
34352 313860.13 113.8417647936 34.0809424433 3776350.466755002 762331.0364267 56.3605306037 0.0856775315 0.2323426364 272.0193341644 -13.3144022403 0.472194851 -0.025504325
34353 313860.21 113.8417532524 34.0809427888 3776350.475452 762329.9696266998 56.3566140253 0.1887505085 0.1837989498 272.1097090841 -13.3207797638 0.4845270799 -0.0525104522
34354 313860.29 113.8417416951 34.080943149 3776350.4857480014 762328.9013069002 56.3550021173 0.2458906411 0.2269967643 272.2019793714 -13.3405202019 0.5152435671 -0.0215807265
34355 313860.37 113.8417301251 34.0809435295 3776350.49825 762327.8317422 56.3571674125 0.3421424642 0.2289375481 272.2855996017 -13.3590167692 0.5406842174 0.0777752644
34356 313860.45 113.8417185421 34.0809439245 3776350.512339 762326.7609339 56.3623341033 0.1447963889 0.2202922854 272.3758067644 -13.3664894225 0.5525546864 0.0444275145
34357 313860.53 113.8417069428 34.0809443321 3776350.527783 762325.6885880998 56.3674437795 0.0157790212 0.2562122953 272.4752986243 -13.3934024003 0.5805379092 0.0663509013
34358 313860.61 113.8416953276 34.080944758 3776350.545211 762324.6147118 56.3671190143 -0.0531392693 0.2762459682 272.5668070301 -13.4019234591 0.5987839518 -0.0402517136
34359 313860.69 113.8416837018 34.0809452011 3776350.564518 762323.539808 56.3637874089 -0.0451436186 0.2690631206 272.6505138284 -13.4160045265 0.6273198177 -0.0414709283
34360 313860.73 113.8416778872 34.0809454271 3776350.574671 762323.0021845 56.3615577184 0.0323465486 0.27696484 272.6942652491 -13.4143403774 0.6326428438 -0.0359610079
34361 313860.81 113.8416662597 34.0809458943 3776350.5966550014 762321.9270428 56.3577780221 0.1381538874 0.3628443192 272.7696213601 -13.4095153303 0.6633881 -0.0728019312
34362 313860.89 113.8416546373 34.0809463778 3776350.62046 762320.8523227 56.3566940548 0.2897275035 0.389334105 272.8525822985 -13.3969015296 0.6786272852 0.0434573636
34363 313860.97 113.8416430359 34.0809468677 3776350.645025 762319.7795285998 56.3615240762 0.3961677112 0.4076281001 272.9429136595 -13.3686735155 0.6908282231 0.0963085559
34364 313861.05 113.8416314518 34.0809473755 3776350.671629 762318.7082716 56.3698159521 0.3793865705 0.482077116 273.0274241846 -13.3530024066 0.7185405069 0.1057167977
34365 313861.13 113.8416198903 34.0809478994 3776350.70008 762317.6390548 56.3781351754 0.376506918 0.4703651823 273.1110313239 -13.3293360534 0.7319833696 0.10525443
34366 313861.21 113.84160835 34.0809484355 3776350.729928 762316.571755 56.3863251051 0.3116161321 0.4604522459 273.1889317536 -13.3099235816 0.7496504789 0.0879326327
34367 313861.29 113.8415968236 34.080948982 3776350.760972 762315.5057061998 56.3915858101 0.2725990193 0.4858160906 273.272265013 -13.2970829094 0.7697024895 0.0440746125
34368 313861.37 113.841585317 34.0809495412 3776350.793479 762314.4414518 56.3958212948 0.1621775337 0.485352927 273.3516898183 -13.2684967063 0.7799034937 0.0604937493
34369 313861.45 113.8415738307 34.080950113 3776350.827436 762313.3790316 56.4009748809 -0.0380426657 0.5106550665 273.4263646178 -13.2444201295 0.8055974441 0.0240711067
34370 313861.53 113.8415623625 34.0809506987 3776350.862972 762312.3182323001 56.4017307935 -0.0718080394 0.4754714384 273.4864898087 -13.231499142 0.8185579006 0.0108901671
34371 313861.61 113.8415509148 34.0809512916 3776350.899378 762311.259314 56.3995569972 -0.010565248 0.4996971165 273.5395575493 -13.1922833313 0.8267359128 -0.0453609422
34372 313861.69 113.8415394884 34.0809518954 3776350.937032 762310.2023273002 56.3965401743 0.1068883087 0.5167294416 273.5794915918 -13.1767839784 0.8361682109 -0.0316773312
34373 313861.72 113.8415352107 34.0809521223 3776350.951232 762309.806611 56.3958347542 0.2089964671 0.5078002022 273.5975555289 -13.1590006323 0.836807204 -0.0027121005
34374 313861.8 113.8415238248 34.080952731 3776350.9895339985 762308.7533465 56.3983022841 0.2087446718 0.4787443365 273.6414475673 -13.1210485402 0.8432453027 0.0655943191
34375 313861.88 113.8415124652 34.0809533421 3776351.028177 762307.7025108002 56.4046328412 0.0962974556 0.4438013382 273.6872305511 -13.0963770374 0.8465496142 0.08655113
34376 313861.96 113.8415011318 34.0809539576 3776351.067375 762306.6540701998 56.4094337272 0.0538574877 0.3773954733 273.7383467331 -13.061900233 0.8539546719 0.0499462993
34377 313862.04 113.8414898202 34.0809545766 3776351.107023 762305.6076301 56.4117191788 0.0294338804 0.3349118544 273.7966647063 -13.0439704996 0.857739841 0.0226215893
34378 313862.12 113.8414785246 34.0809551989 3776351.147072 762304.5626643002 56.4127449552 0.0256943356 0.3143785846 273.8585666409 -13.0181498586 0.8774258718 0.0152913605
34379 313862.2 113.8414672583 34.0809558304 3776351.188213 762303.5203731 56.4140467783 -0.0141799393 0.2927174917 273.9253053176 -12.9847314103 0.8867425425 0.0130391042
34380 313862.28 113.8414560177 34.0809564745 3776351.230824 762302.4804118 56.4149971064 -0.013616135 0.3401335661 274.0082434495 -12.9509851496 0.9072670776 -0.0085417151
34381 313862.36 113.8414448096 34.0809571328 3776351.275103 762301.443411 56.4148654472 0.1127918011 0.3434598201 274.1119551724 -12.9113053392 0.9304467284 -0.0112313788
34382 313862.44 113.8414336393 34.0809578039 3776351.320888 762300.4098697 56.4155957932 0.2526616981 0.3526114593 274.2405235127 -12.8612501856 0.9472107161 0.036443787
34383 313862.52 113.8414225116 34.0809584927 3776351.368748 762299.3801975 56.4199784724 0.2063792405 0.3666836902 274.3702797235 -12.8097141991 0.9752042987 0.0663354097
34384 313862.6 113.8414114318 34.080959199 3776351.418673 762298.3548984 56.4272538284 0.0857337299 0.3189847797 274.4971187062 -12.7530834011 0.9938837059 0.1012761471
34385 313862.68 113.8414004085 34.0809599199 3776351.470372 762297.3347688002 56.4329978106 -0.0772985618 0.3654934135 274.6214181249 -12.6816745434 1.0153603185 0.0255341018
34386 313862.69 113.8413990357 34.0809600111 3776351.476966 762297.2077228002 56.4332021689 -0.031104073 0.3592235226 274.6387223138 -12.6667304176 1.0177225729 0.0087120188
34387 313862.77 113.8413880841 34.0809607514 3776351.530997 762296.1941555998 56.4341423353 0.0264368462 0.3699648625 274.7617693983 -12.5968359838 1.0437486827 -0.0077037204
34388 313862.85 113.8413772096 34.0809615067 3776351.58689 762295.1876584 56.4344268525 0.0929000606 0.3945221614 274.8726737169 -12.4990409999 1.0625671214 0.0088253578
34389 313862.93 113.8413664182 34.0809622792 3776351.644902 762294.1887828 56.4377582818 0.0618916665 0.4578201386 274.9668258723 -12.4018267786 1.084570186 0.0523538569
34390 313863.02 113.8413543795 34.080963162 3776351.71196 762293.0743978 56.4429864567 0.0002311493 0.5651269555 275.0648023202 -12.2904023477 1.0995138716 0.0606216533
34391 313863.11 113.8413424552 34.0809640556 3776351.780499 762291.9705362 56.4471359905 -0.0240444822 0.5540408511 275.1511748653 -12.1759763498 1.1030827886 0.040349417
34392 313863.2 113.8413306429 34.0809649486 3776351.849261 762290.8770205998 56.4504691558 -0.0986602377 0.5586024427 275.2178592744 -12.060242196 1.1001320272 0.0213765916
34393 313863.29 113.8413189426 34.0809658462 3776351.91883 762289.7938299 56.4521072768 -0.1674850169 0.5480368029 275.2505218519 -11.9450400338 1.1043443217 0.0079894069
34394 313863.38 113.8413073541 34.0809667394 3776351.9881980014 762288.7209770002 56.4536765311 -0.3718786426 0.5173800845 275.2607098874 -11.8310482153 1.0974528801 -8.3724e-06
34395 313863.47 113.8412958759 34.0809676242 3776352.056904 762287.658337 56.4533811398 -0.5013067613 0.4938174717 275.2686470121 -11.7166564402 1.0828509895 -0.0276890433
34396 313863.56 113.8412845075 34.0809685009 3776352.125009 762286.605864 56.4485857664 -0.3734596229 0.4278389612 275.2841351727 -11.605820049 1.0755438531 -0.0734952673
34397 313863.65 113.8412732481 34.0809693688 3776352.192405 762285.5634796 56.4405117771 0.0058683184 0.4246478695 275.3063263982 -11.4892580426 1.0699926401 -0.0822774715
34398 313863.74 113.8412621068 34.0809702332 3776352.259724 762284.5320093002 56.4378981069 0.2075658513 0.4054137307 275.3159324472 -11.3629217454 1.0606338904 0.0317999879
34399 313863.79 113.8412559695 34.0809707093 3776352.296804 762283.9638156 56.4410683028 0.1688643448 0.411244878 275.3203799228 -11.2920622482 1.052451456 0.0955100467
34400 313863.88 113.8412450144 34.080971566 3776352.363738 762282.9495668 56.4508496234 -0.1132866974 0.4333662185 275.3217736818 -11.1752281925 1.0551324932 0.0984407683
34401 313863.97 113.8412341723 34.0809724118 3776352.429764 762281.9457910998 56.4568845807 -0.2803901993 0.4826776625 275.3385145248 -11.0666506408 1.0386314602 0.0220372475
34402 313864.07 113.8412222549 34.080973347 3776352.502935 762280.8424401998 56.4554388905 -0.2163796258 0.5050730962 275.3639054184 -10.9323432597 1.035469142 -0.05432136
34403 313864.17 113.8412104755 34.0809742756 3776352.575749 762279.7518518 56.449986089 0.027891326 0.5395386546 275.4040713445 -10.7948441124 1.026736553 -0.0494776362
34404 313864.27 113.8411988572 34.0809751999 3776352.648487 762278.6761503002 56.4487429773 0.2261570795 0.5280107992 275.4800077902 -10.6396281356 1.0205189543 0.0342723313
34405 313864.37 113.8411874227 34.0809761124 3776352.72039 762277.6174634 56.4551996421 0.1718226214 0.4544267416 275.6279534186 -10.4588242805 1.0090701743 0.1113667921
34406 313864.47 113.8411761962 34.0809770296 3776352.793337 762276.5779609 56.4658041047 0.0145748832 0.3686528365 275.8208450549 -10.2538209645 1.0222088203 0.1093263209
34407 313864.57 113.8411651953 34.0809779578 3776352.8680980015 762275.5592611 56.4726468744 -0.0509207621 0.3330064845 276.0472332797 -10.0371227493 1.0351407485 0.0505018144
34408 313864.68 113.8411533834 34.0809790015 3776352.953597 762274.4653211 56.4771945747 -0.1833640338 0.3222205985 276.2952495815 -9.7623701502 1.0633908679 0.0478196688
34409 313864.79 113.8411418948 34.0809800632 3776353.041918 762273.4011742 56.4814043827 -0.2469994421 0.3779356323 276.5295434778 -9.4906880713 1.0742905074 0.0388048157
34410 313864.9 113.8411307422 34.0809811401 3776353.132784 762272.3680116 56.483175071 -0.2271058624 0.4284606676 276.7192187487 -9.2006091047 1.0905670872 0.0180827111
34411 313865.01 113.8411199412 34.0809822149 3776353.22433 762271.3673175002 56.4824803229 -0.0934218007 0.484488752 276.8742787509 -8.9078012484 1.0709657801 -0.0062999115
34412 313865.13 113.8411085755 34.0809833722 3776353.323575 762270.3142256 56.4847257268 -0.0837959969 0.5335319156 277.004887201 -8.5738035491 1.0608021735 0.0271292692
34413 313865.25 113.841097635 34.0809845013 3776353.420787 762269.3004781 56.4879562855 0.0020144901 0.5021968379 277.1438207957 -8.2738814744 1.0305794246 0.0334533021
34414 313865.32 113.841091416 34.0809851498 3776353.476781 762268.7242143 56.4909987329 0.0247079217 0.4993645709 277.2184162457 -8.1363189351 1.0212940278 0.0623759652
34415 313865.45 113.8410801612 34.0809863439 3776353.580399 762267.6812451 56.4962047981 0.0043798712 0.4372913458 277.3452754055 -7.8509462063 1.005527779 0.038596547
34416 313865.58 113.8410693039 34.0809875177 3776353.682781 762266.6750475002 56.5019080602 -0.0052606969 0.5163714716 277.4658939843 -7.559914009 0.9962900887 0.049758466
34417 313865.72 113.8410580991 34.0809887598 3776353.791856 762265.636553 56.5070165163 0.1114008134 0.6645873043 277.579268899 -7.2070012075 0.9703055578 0.0339708367
34418 313865.87 113.8410467115 34.0809900327 3776353.903869998 762264.5810849 56.511444957 0.1031308238 0.6709580864 277.6544931529 -6.8075791237 0.9130910816 0.0602944268
34419 313866.03 113.8410353157 34.0809913116 3776354.016534 762263.5248412 56.5215861201 -0.1571123183 0.5999804725 277.6756284071 -6.3459895069 0.8608102616 0.0694888775
34420 313866.2 113.8410240871 34.0809925863 3776354.129167 762262.4840428 56.5310344798 -0.3344005811 0.5415955926 277.6875727005 -5.8549500761 0.7818348002 0.0381216219
34421 313866.38 113.8410131748 34.0809938062 3776354.23652 762261.4726244998 56.5316457814 -0.2861180761 0.39892701 277.6996816418 -5.3337608823 0.711752494 -0.0223613232
34422 313866.58 113.8410022744 34.0809950454 3776354.346062 762260.4622474 56.5337263197 -0.1316246247 0.4318562935 277.6880661158 -4.7405686775 0.6438889788 0.0137506227
34423 313866.81 113.8409912936 34.0809962772 3776354.454559 762259.4444643002 56.5325933388 -0.0558944457 0.3740649867 277.6841453708 -4.0740278228 0.54241279 -0.0059999763
34424 313867.08 113.8409804948 34.0809974931 3776354.561771 762258.4435431 56.5421472797 -0.155896861 0.3452495395 277.6336569223 -3.3201070349 0.4505874092 0.0419291487
34425 313867.42 113.8409697298 34.0809986859 3776354.666498998 762257.4458090998 56.5429736106 -0.0091305668 0.4175762537 277.5794331732 -2.5544245305 0.339235473 -0.0018267861
34426 313867.9 113.8409588687 34.0809998682 3776354.769821 762256.4392362 56.5390825598 0.0114755153 0.2740200691 277.5198700037 -1.6568000332 0.2116775091 0.0043169257
34427 313907.55 113.8409501042 34.0810009915 3776354.871976 762255.6264462 56.4944823459 0.1541216698 0.3014572 277.5204774347 -0.077829147 0.0098009087 0.003397362
34428 313909.25 113.8409392146 34.0810021697 3776354.974763 762254.6172526998 56.5254744515 0.5233094686 0.3959154922 277.5912678679 -1.7343884726 0.2267350968 0.0004585908
34429 313909.71 113.8409282421 34.0810033549 3776355.07812 762253.6003861 56.5244515352 0.6099640158 0.3295152074 277.7271447512 -2.6482690088 0.3563323078 0.0074456986
34430 313910.06 113.8409171781 34.0810045922 3776355.187014 762252.574909 56.5280446913 0.6179513809 0.3177845156 277.8320713901 -3.1542439062 0.4401776539 0.0118434483
34431 313910.36 113.8409063825 34.0810058374 3776355.2974870014 762251.5741843 56.533655908 0.5479995956 0.4038626762 277.9297327947 -3.4892843388 0.4855709211 0.00621972
34432 313910.64 113.8408954061 34.0810070997 3776355.409388 762250.5567247 56.5383972069 0.555330097 0.3003535258 278.0419824576 -3.7468540964 0.5240713996 0.0241395873
34433 313910.74 113.8408912981 34.0810075747 3776355.451549 762250.1759209002 56.5400888147 0.6197733043 0.2964764555 278.1071257326 -3.8362142967 0.5424010345 0.0052723804
34434 313911.0 113.8408801838 34.081008888 3776355.5687589985 762249.1455577 56.5451973165 0.6000016003 0.2575118633 278.24509495 -4.0497855289 0.5755617717 0.0155060029
34435 313911.25 113.8408690567 34.0810102301 3776355.689125 762248.1139269 56.5528594982 0.6073155852 0.2228711152 278.4279666534 -4.1732577204 0.609961622 0.020503055
34436 313911.49 113.840858113 34.0810115799 3776355.8108230014 762247.0992158002 56.5642026719 0.5310994876 0.2312678023 278.6238099878 -4.2644736081 0.6337997972 0.0059272361
34437 313911.73 113.8408470102 34.081012978 3776355.937468 762246.0696585 56.571022979 0.4938466516 0.1985309288 278.7687878637 -4.2810105013 0.6509529593 0.0406503925
34438 313911.97 113.8408359686 34.0810143956 3776356.066436 762245.0456849 56.5828315197 0.3553347177 0.2540547501 278.8920231176 -4.2076347831 0.6677316097 0.0534510013
