34475 313921.31 113.8408311917 34.0809107965 3776344.557082 762244.9242803 56.5929208202 -0.0844738334 0.5456138855 104.7534825697 5.7179270098 -1.5407437583 -0.0319457393
34476 313921.48 113.8408419005 34.0809084174 3776344.320554 762245.9204866998 56.5891363332 -0.1516124871 0.6082901943 104.2501449533 5.9165868674 -1.5530381841 -0.0165979182
34477 313921.65 113.8408529806 34.080906044 3776344.085604 762246.9509596998 56.5801568907 -0.1706406433 0.7496764991 103.6418771325 6.1170509942 -1.5370875501 -0.0430742707
34478 313921.81 113.8408637492 34.0809038451 3776343.869238 762247.952134 56.5753470361 -0.1098841026 0.7226870321 102.9772171554 6.3149993433 -1.4920684435 -0.0277960636
34479 313921.97 113.8408748486 34.0809017127 3776343.661089 762248.9836439998 56.5650099404 0.1318248028 0.6822855632 102.2804322687 6.4967097802 -1.4633189826 -0.0731643675
34480 313921.98 113.8408755526 34.0809015807 3776343.648246 762249.0490563002 56.5642024465 0.1505921085 0.6660702006 102.2346669933 6.5062983065 -1.4595003415 -0.0734392999
34481 313922.13 113.8408862729 34.0808996339 3776343.459723002 762250.0449869002 56.5558181284 0.1886421624 0.6841046032 101.5822303239 6.6849506652 -1.4244354265 0.026798384
34482 313922.28 113.8408972812 34.0808977483 3776343.278735 762251.0673272 56.5615939163 -0.1904214414 0.6801774083 101.0283701606 6.8694855396 -1.3738247411 0.0258876598
34483 313922.43 113.8409085845 34.0808959058 3776343.103287 762252.1167751 56.5534297684 -0.1451845858 0.590725811 100.5787798103 7.0411574358 -1.3533852237 -0.101566425
34484 313922.57 113.8409193921 34.0808942118 3776342.9430370014 762253.1199854 56.5404662415 -0.0251248253 0.4304705312 100.3255106511 7.2012190944 -1.334283839 -0.0117836584
34485 313922.71 113.8409304338 34.0808925237 3776342.784053 762254.144802 56.5373143368 -0.1493779358 0.4196856856 100.2011244047 7.3587886996 -1.3631522104 -0.0086992018
34486 313922.85 113.8409417094 34.0808907915 3776342.620768 762255.1913428 56.527690894 -0.0843789574 0.6007753125 100.0436023095 7.5104214291 -1.3867680838 -0.0625023349
34487 313922.98 113.8409523877 34.0808891754 3776342.46884 762256.182381 56.5199693674 -0.1578698617 0.6599230594 99.859934807 7.6554224765 -1.3689721304 -0.0395428191
34488 313923.11 113.8409632847 34.0808875872 3776342.320571 762257.1935209002 56.5150079019 -0.1842722411 0.6067186142 99.6162012314 7.810731784 -1.3471992597 -0.0616298291
34489 313923.24 113.8409743979 34.0808860086 3776342.173916002 762258.224599 56.5020636991 -0.0044371179 0.6579405902 99.305461694 7.9508705922 -1.3562705646 -0.0882677273
34490 313923.29 113.8409787238 34.0808854054 3776342.118085 762258.6259149 56.4982833154 0.0282103166 0.6488148069 99.1860913822 8.0035600106 -1.3421352759 -0.0456864977
34491 313923.42 113.8409901077 34.0808838685 3776341.976759 762259.6818634 56.4967046045 -0.0604190225 0.6596618016 98.9020409574 8.1421156962 -1.3095719619 0.0041310451
34492 313923.55 113.8410016878 34.0808823528 3776341.838286 762260.7558639 56.4901987594 0.0441936224 0.6518214871 98.5831896316 8.2811573252 -1.298933596 -0.0662329908
34493 313923.67 113.8410125466 34.0808809776 3776341.713561 762261.762817 56.4826412601 0.1201166628 0.6622695331 98.2818926519 8.409070527 -1.2622643252 -0.0340424213
34494 313923.79 113.8410235681 34.080879628 3776341.592082 762262.784717 56.4811340179 0.0778454527 0.6716968813 97.9759313852 8.5296932749 -1.2395280766 0.0147286568
34495 313923.91 113.8410347491 34.0808783098 3776341.474508 762263.8212567 56.4792444399 0.1793637677 0.6916018159 97.6939749954 8.6477689644 -1.2134489776 -0.0259294593
34496 313924.03 113.8410460788 34.0808770207 3776341.360539 762264.8714295998 56.4757092642 0.217117101 0.6982923994 97.4493110912 8.7614473229 -1.1902481916 -0.0046177624
34497 313924.15 113.8410575417 34.0808757618 3776341.250267 762265.9338090002 56.476194012 0.0417895038 0.7022144397 97.2175397837 8.8689603516 -1.1580863803 0.0300506
34498 313924.27 113.8410691388 34.0808745268 3776341.142987998 762267.0085181 56.4755890891 -0.042434372 0.662036932 96.9894647881 8.9589855171 -1.1350291679 -0.0158192912
34499 313924.34 113.8410759688 34.0808738169 3776341.081742 762267.6413926998 56.472077297 -0.0426757935 0.6399009672 96.8669926794 9.028252936 -1.1281278798 -0.0573863121
34500 313924.45 113.8410867892 34.0808727223 3776340.988055 762268.6439377 56.4648281448 0.1625956503 0.6038375957 96.6961019583 9.1186604415 -1.0980464781 -0.0381163569
34501 313924.56 113.8410977147 34.0808716434 3776340.896375 762269.6561475 56.4602958364 0.3561942519 0.5842780592 96.5368123097 9.2023374244 -1.0890757825 -0.0158421299
34502 313924.67 113.8411087423 34.0808705743 3776340.806058 762270.6777466 56.461097342 0.3119843712 0.5932721002 96.3663816105 9.2883233146 -1.0774552182 0.0143919853
34503 313924.78 113.8411198669 34.0808695188 3776340.717479 762271.7082654 56.4681101181 0.0385450964 0.6133353029 96.2064119727 9.3764299196 -1.0694377254 0.0546651062
34504 313924.89 113.8411311006 34.0808684814 3776340.63121 762272.7487983 56.4663825482 -0.064274246 0.5966462654 96.0656856041 9.4693697129 -1.0432220655 -0.0544428395
34505 313925.0 113.8411424409 34.08086746 3776340.546976 762273.7991271 56.4575847555 0.0384540518 0.6327797714 95.9350986535 9.5576507279 -1.0380178404 -0.0489130432
34506 313925.11 113.8411538836 34.0808664501 3776340.4642879986 762274.8588714001 56.4519076925 0.0818129281 0.5981385683 95.806650312 9.6359689039 -1.0090679215 -0.0232949822
34507 313925.22 113.8411654253 34.0808654667 3776340.384785 762275.9276806 56.4485805053 0.1014372803 0.6267313533 95.6990575119 9.7166775392 -0.9993256605 -0.0281187207
34508 313925.33 113.8411770605 34.0808644861 3776340.305841998 762277.0051153002 56.4432187621 0.2675732266 0.6312563568 95.5891523648 9.7930254958 -0.9932392403 -0.0330459851
34509 313925.39 113.8411834448 34.0808639556 3776340.263367 762277.5962870999 56.4415369974 0.3350138575 0.632519784 95.5468313934 9.8343706557 -0.9886244444 0.0045086658
34510 313925.5 113.8411952199 34.0808629867 3776340.186078 762278.6866029998 56.4442279674 0.2695711026 0.6138121637 95.4735532097 9.9158782442 -0.9887659645 0.0661316394
34511 313925.6 113.8412060082 34.0808621122 3776340.1167339985 762279.6855078 56.4470527172 0.1360887102 0.6545335924 95.4253124051 9.996496522 -0.9778148597 0.0130613665
34512 313925.7 113.8412168743 34.0808612389 3776340.047719 762280.6915871998 56.4449002789 0.185749955 0.6388640263 95.3746454913 10.0588744573 -0.9778941793 -0.0199943126
34513 313925.8 113.8412278162 34.0808603741 3776339.979852 762281.704646 56.441849485 0.2002396276 0.4982141937 95.3416252491 10.1283457915 -0.9545322742 -0.0107799374
34514 313925.9 113.8412388314 34.0808595144 3776339.912728 762282.7244540999 56.4404136324 0.181601123 0.5509999739 95.317744177 10.1952903366 -0.9806211234 0.0144935629
34515 313926.0 113.8412499179 34.0808586411 3776339.844287 762283.7508952 56.4403430698 0.1659591531 0.5129166142 95.2837749381 10.255770873 -0.9711641658 0.0144965247
34516 313926.1 113.8412610728 34.0808577779 3776339.777143 762284.7836094 56.4394113235 0.1485386046 0.5565954098 95.2697919915 10.3219524053 -0.9738504927 -0.0155588612
34517 313926.2 113.8412722991 34.0808569043 3776339.709025 762285.8229611998 56.43750556 0.2009513318 0.5540878722 95.2455684198 10.3865611183 -0.9806568485 -0.0093308388
34518 313926.3 113.8412835954 34.0808560343 3776339.641479 762286.8687587 56.4365781508 0.163879604 0.5757846672 95.2514790485 10.4552099113 -0.9784686803 -0.000190612
34519 313926.4 113.8412949605 34.0808551535 3776339.572918 762287.9209406 56.4370610136 0.1109337963 0.5992300697 95.2647866526 10.5183576062 -0.9961003719 0.0090137698
34520 313926.5 113.8413063965 34.0808542662 3776339.503815 762288.9796971 56.4366456782 0.0839080719 0.5959611742 95.2802293162 10.5864214679 -0.992914285 -0.0116512988
34521 313926.6 113.8413179027 34.0808533721 3776339.434147 762290.0449474 56.433635694 0.107092662 0.6179014933 95.2989640596 10.649190076 -1.0133647128 -0.0334536774
34522 313926.7 113.8413294774 34.0808524721 3776339.363986 762291.1165459 56.4307307219 0.1134175698 0.6083334875 95.318180081 10.7098667339 -1.0100830172 0.0103338691
34523 313926.8 113.8413411184 34.0808515634 3776339.293046 762292.1942955998 56.4306179769 -0.0023865469 0.6640306422 95.3337047602 10.7733447727 -1.035994528 0.0094758187
34524 313926.9 113.841352828 34.0808506405 3776339.220692 762293.2784249 56.428370974 0.0004418574 0.6972005822 95.3325924062 10.8364183548 -1.0346649929 -0.0218722818
34525 313927.0 113.8413646094 34.0808497148 3776339.148215 762294.3691853002 56.4235457499 0.0479264877 0.6985777578 95.3178054858 10.9009080012 -1.037397483 -0.050524322
34526 313927.1 113.841376461 34.0808487838 3776339.075336 762295.4664492 56.4184280494 0.0541923789 0.8185079238 95.2755212301 10.963658528 -1.0445360654 -0.0126843108
34527 313927.2 113.84138838 34.0808478469 3776339.001978 762296.5699643 56.4168900801 -0.0319271817 0.8339379461 95.1934302612 11.027702673 -1.0383021753 0.0076314705
34528 313927.29 113.8413991682 34.0808470186 3776338.937753 762297.5687104 56.4144616518 -0.0659202421 0.8607902193 95.1127335437 11.0878046646 -1.0153387579 -0.0370996752
34529 313927.38 113.8414100106 34.0808461987 3776338.874617 762298.572441 56.4100756012 -0.0625922291 0.8799303287 95.0230812501 11.1410360351 -1.0092419675 -0.0457305869
34530 313927.47 113.8414209038 34.0808453903 3776338.81288 762299.5808327 56.4046317367 0.1275509165 0.8467345102 94.9481218686 11.1919647335 -0.9895462778 -0.0283048315
34531 313927.56 113.8414318536 34.0808445945 3776338.75268 762300.5943979998 56.4003165513 0.330607901 0.881688466 94.8788389135 11.2567310428 -0.9809789458 -0.0174017422
34532 313927.65 113.84144285 34.0808438011 3776338.6928800014 762301.6122746 56.4001329998 0.3826649394 0.8283689894 94.7847284836 11.2826042241 -0.9728402732 0.0707302151
34533 313927.74 113.8414538948 34.0808430238 3776338.634975 762302.6345616 56.4071980584 0.0390543584 0.8256300274 94.683072374 11.3428215061 -0.9470325474 0.0788102256
34534 313927.83 113.8414649979 34.0808422552 3776338.5782 762303.6622038 56.4092818201 -0.0404929713 0.7968655811 94.5832730474 11.4118070328 -0.942592172 -0.0020302531
34535 313927.92 113.8414761546 34.080841503 3776338.523379 762304.6947488001 56.4049675837 -0.1497731189 0.8190993753 94.488079811 11.4620545344 -0.9283459029 -0.0279110883
34536 313928.01 113.8414873628 34.0808407581 3776338.469491 762305.7320303002 56.399839432 -0.3448779845 0.7947219925 94.3847005826 11.5199844396 -0.9172000123 -0.0584011064
34537 313928.1 113.8414986339 34.0808400279 3776338.417404 762306.7750713 56.3903759001 -0.2821481417 0.8138442621 94.2819734143 11.5962318979 -0.8937631721 -0.1393512406
34538 313928.19 113.841509963 34.0808393048 3776338.36626 762307.8234454 56.376912077 -0.1048670866 0.8969208957 94.1759889635 11.6461387924 -0.8899868442 -0.1302241982
34539 313928.28 113.8415213376 34.0808385955 3776338.316753 762308.8759772 56.374140773 -0.1452183005 0.8769037706 94.0787909331 11.6906167525 -0.8626011764 0.0618891169
34540 313928.37 113.8415327656 34.0808379042 3776338.269386 762309.9333870999 56.3743061274 -0.2254506975 0.8901883746 93.9972969819 11.7468151456 -0.8510752158 -0.0180111654
34541 313928.46 113.8415442503 34.0808372254 3776338.223549 762310.9959958 56.3658943111 0.0765025442 0.8348443989 93.921623965 11.8006195215 -0.8309787662 -0.101346264
34542 313928.53 113.8415532193 34.0808367072 3776338.189081 762311.8257957 56.3584464872 0.2482203886 0.7802644166 93.8559391784 11.8349403615 -0.8150072954 -0.0874427643
34543 313928.62 113.8415647913 34.0808360511 3776338.14599 762312.8964003 56.3566567879 0.3204509937 0.6950801443 93.7702034173 11.8828569279 -0.7999267913 0.0517919289
34544 313928.71 113.8415764098 34.0808354088 3776338.104553 762313.9712419001 56.3626287458 0.0385431336 0.6993753284 93.6845445357 11.9324279932 -0.7860751363 0.0921040718
34545 313928.8 113.8415880784 34.0808347729 3776338.063949 762315.0506988001 56.365913366 -0.1148712739 0.6821573655 93.5724064987 11.9894495951 -0.7763717574 0.0110641694
34546 313928.89 113.8415998021 34.0808341486 3776338.024782 762316.1352064002 56.3604761064 -0.0502119706 0.7568305724 93.447713136 12.0501083729 -0.7638332146 -0.0703151701
34547 313928.98 113.8416115731 34.0808335366 3776337.987092 762317.2240479002 56.3520426555 0.1041898166 0.7470226468 93.3021017324 12.0892544982 -0.7411426684 -0.0692312739
34548 313929.07 113.8416233916 34.0808329488 3776337.952216 762318.317192 56.3472406603 0.1591117839 0.8414476982 93.164350487 12.1368895344 -0.7109655595 -0.0106383623
34549 313929.16 113.8416352502 34.0808323757 3776337.919074 762319.4140031 56.3462855574 0.1131926167 0.8206904213 93.0133140102 12.1849062459 -0.6879850117 0.0103031814
34550 313929.25 113.8416471536 34.0808318336 3776337.889479 762320.5148484998 56.3462286498 0.0417064483 0.8740368243 92.8711126903 12.2253091066 -0.6465683025 0.0046008383
34551 313929.34 113.8416591002 34.0808313069 3776337.861719 762321.6196389 56.344958012 0.0096667584 0.9050388415 92.7153544921 12.2671673189 -0.6305516355 -0.0215933713
34552 313929.43 113.8416710925 34.0808308063 3776337.836969 762322.7285681998 56.3411312904 -0.0280846846 0.9655555888 92.5616381705 12.3115480929 -0.5957671195 -0.0300284659
34553 313929.52 113.8416831247 34.0808303277 3776337.814758 762323.8411114 56.3364226064 -0.0026074336 0.9685005487 92.4049123648 12.3613649922 -0.5730484979 -0.0218457084
34554 313929.53 113.8416844643 34.0808302765 3776337.81251 762323.9649725 56.3359710649 -0.0261993154 0.9757137967 92.3853190827 12.3665669323 -0.5652258068 -0.0267283068
34555 313929.62 113.8416965398 34.0808298325 3776337.79426 762325.0814068002 56.3324809316 -0.0003215454 0.9808635987 92.2381370133 12.4039178942 -0.5255618801 -0.0253916221
34556 313929.71 113.841708649 34.0808294147 3776337.778991 762326.2008739002 56.3282836461 0.0881795774 0.9196941823 92.0873871427 12.4312788731 -0.4935179851 -0.0312003015
34557 313929.8 113.8417207905 34.0808290283 3776337.7673019986 762327.3232292 56.3253138056 0.1094997847 0.8785660315 91.9380830262 12.4649513777 -0.4481421554 -0.0251871031
34558 313929.89 113.8417329593 34.0808286649 3776337.758225 762328.4480333 56.3251249241 0.0826967551 0.8150030931 91.782637762 12.4941884252 -0.4257826822 0.0131597298
34559 313929.97 113.8417437985 34.0808283669 3776337.752996 762329.4498617 56.3253478138 0.0975836602 0.7943289184 91.6518533471 12.5145271088 -0.3964506387 0.0020664279
34560 313930.05 113.8417546598 34.0808280854 3776337.749656 762330.453673 56.3246967904 0.0395783613 0.8010644381 91.5153533114 12.5432956588 -0.373185444 -0.0166929868
34561 313930.13 113.8417655392 34.0808278254 3776337.748747 762331.4590886999 56.3238637187 -0.0356330979 0.7759209546 91.3800541923 12.5663969008 -0.3460965772 -0.013265816
34562 313930.21 113.841776439 34.0808275872 3776337.750299 762332.4663279002 56.3223664788 -0.0852899754 0.7566788733 91.2524332319 12.5919015154 -0.3139561577 -0.0221359835
34563 313930.29 113.8417873598 34.080827369 3776337.754133 762333.4754368 56.3185508586 -0.0666021421 0.7730620679 91.1315554206 12.6099831125 -0.2863871455 -0.0395992273
34564 313930.37 113.8417982991 34.0808271698 3776337.760133 762334.4862018 56.31438882 0.0151281618 0.7621448182 91.015284349 12.6319725145 -0.2660674729 -0.0391539801
34565 313930.41 113.8418037762 34.0808270761 3776337.763806 762334.9922515 56.3129582982 0.0308102699 0.7176422767 90.9493980925 12.6413213668 -0.2519972383 -0.0139751382
34566 313930.49 113.8418147402 34.0808269089 3776337.773409 762336.0051991 56.3109890278 0.0044889492 0.6934743201 90.8330210377 12.6600280099 -0.2166949866 -0.007296897
34567 313930.57 113.8418257202 34.080826758 3776337.78486 762337.0195686999 56.3103072979 -0.0262917697 0.6940798501 90.7090187802 12.6799842446 -0.1986313458 -0.0083216978
34568 313930.65 113.8418367169 34.0808266246 3776337.798305 762338.0354351 56.3091568453 -0.0669043538 0.7053762537 90.5898637474 12.697564918 -0.1734676059 -0.0217979759
34569 313930.73 113.8418477295 34.080826508 3776337.8136519985 762339.0527109 56.3062873064 -0.0272548831 0.6962815254 90.4740605276 12.7157727818 -0.1518425764 -0.0276296516
34570 313930.81 113.8418587579 34.0808264121 3776337.831342 762340.0713830999 56.3022463331 0.0286418527 0.6840562382 90.3629917455 12.7277716932 -0.1098842124 -0.0322413977
34571 313930.89 113.8418697988 34.0808263344 3776337.851077 762341.0911529 56.2999218879 0.0122467044 0.7365547328 90.2633210262 12.7435627857 -0.0973351268 -0.0046002175
34572 313930.97 113.8418808519 34.0808262675 3776337.872044 762342.1120164002 56.2982174056 0.0146464545 0.7272338769 90.1564307666 12.7570991878 -0.0763754444 -0.002225646
34573 313931.05 113.8418919158 34.0808262213 3776337.8953410015 762343.1338124 56.2971478794 -0.0085540281 0.7267464606 90.0557149952 12.7706735026 -0.0547125278 0.0014126178
34574 313931.13 113.8419029934 34.0808261943 3776337.920793 762344.1568119002 56.2948729079 -0.0049754322 0.7239367899 89.9561083714 12.7836460141 -0.0265198739 -0.0278017541
34575 313931.21 113.841914079 34.0808261841 3776337.94814 762345.1805066 56.2930195397 -0.0900593836 0.7548069751 89.8637854294 12.7923572008 -0.0087929966 -0.0080860655
34576 313931.29 113.8419251738 34.0808261864 3776337.976891998 762346.2050035 56.291207483 -0.1862274131 0.7463746952 89.7770993515 12.8067580326 0.0049427024 -0.0047809161
34577 313931.35 113.8419334997 34.0808262005 3776337.999841002 762346.9737878002 56.2885681521 -0.2533913633 0.7566779565 89.7158626199 12.8116938276 0.0335084836 -0.0413799918
34578 313931.43 113.8419446074 34.0808262277 3776338.031397 762347.9994015 56.2830960304 -0.2395032814 0.7950025044 89.6414338917 12.8196061479 0.0369285966 -0.0656806851
34579 313931.51 113.8419557221 34.0808262653 3776338.064118 762349.025627 56.2761269612 -0.104607432 0.7691186123 89.5611431224 12.8231155732 0.066838966 -0.0758404155
34580 313931.59 113.8419668428 34.0808263192 3776338.098672 762350.0523574002 56.26984959 -0.0554029887 0.7905760298 89.4872565949 12.8333178195 0.0797552612 -0.0512925941
34581 313931.67 113.8419779622 34.0808263836 3776338.134382 762351.0789368 56.2669430142 -0.0243284362 0.7900234838 89.4095122069 12.823621886 0.0990724776 0.0095441047
34582 313931.75 113.8419890859 34.0808264619 3776338.17164 762352.1058769 56.2664444111 -0.1302339478 0.8240800939 89.3369612514 12.8317017367 0.1127102271 -0.0052881014
34583 313931.83 113.8420002139 34.0808265482 3776338.209798998 762353.1331845998 56.263956585 -0.0932291833 0.8220909368 89.2577882606 12.8406260187 0.1208935322 -0.0247155839
34584 313931.91 113.8420113358 34.080826649 3776338.249555 762354.1598813002 56.2602599375 -0.0405136215 0.8378057472 89.1781611211 12.8219811747 0.1459727139 -0.0431732308
34585 313931.99 113.8420224518 34.0808267591 3776338.29033 762355.1860050998 56.2578919521 -0.1594523415 0.8774609566 89.0967158769 12.8206964775 0.1535430131 -0.0108103977
34586 313932.07 113.8420335549 34.0808268874 3776338.333087 762356.2108858002 56.2559416527 -0.2107239627 0.8782013406 89.0279386526 12.7976460423 0.1877549819 -0.0210008611
34587 313932.15 113.8420446453 34.0808270229 3776338.376615 762357.2345654998 56.2541667437 -0.3676998077 0.858033602 88.9469914467 12.7854520394 0.1925641431 -0.0395448368
34588 313932.23 113.8420557243 34.0808271753 3776338.421989 762358.2571448 56.2484589759 -0.2639249044 0.8298382464 88.8731971863 12.77646798 0.2217936619 -0.0781253496
34589 313932.31 113.8420667915 34.0808273384 3776338.468523 762359.2785968998 56.2412953768 -0.1679293171 0.8597858409 88.7986081973 12.7587608571 0.2251006691 -0.0704637128
34590 313932.39 113.8420778442 34.0808275124 3776338.516223 762360.2986811 56.2358048717 -0.0099249435 0.8087316316 88.7159061144 12.7373225564 0.2546040706 -0.030869879
34591 313932.44 113.8420847424 34.0808276286 3776338.546835 762360.9353133 56.2343032658 0.0197496301 0.8092018622 88.6646842478 12.7272490982 0.2591376889 -0.0188851906
34592 313932.52 113.8420957677 34.0808278206 3776338.596467 762361.9528058 56.2336519323 0.0497698888 0.788477509 88.5693867722 12.7080940758 0.2743813991 0.0130778729
34593 313932.6 113.8421067752 34.0808280318 3776338.648183998 762362.9686005998 56.2344440697 0.0491992072 0.7768777313 88.486835158 12.6843445569 0.3032452463 0.0195213097
34594 313932.68 113.8421177665 34.0808282541 3776338.701083998 762363.9828612 56.2360068327 0.0760923111 0.7521455265 88.3986800656 12.675145952 0.3088536367 0.0346756884
34595 313932.76 113.8421287411 34.080828492 3776338.755685 762364.9955375 56.237210012 0.0122333789 0.7389791366 88.3112837484 12.6442367728 0.3418905012 0.0128394867
34596 313932.84 113.8421397036 34.0808287407 3776338.811446 762366.0070579002 56.2386674145 -0.0767974143 0.7633317581 88.2248119452 12.6373875602 0.3488829734 0.0156598667
34597 313932.92 113.8421506515 34.0808290017 3776338.868535 762367.0171994 56.239010456 -0.1548392829 0.7906454447 88.1255760156 12.622766561 0.3739042034 0.0165967054
34598 313933.0 113.8421615878 34.0808292748 3776338.926934 762368.026229 56.237555732 -0.2409981598 0.8298856719 88.0166821293 12.6104398265 0.3818316906 -0.0329624462
34599 313933.08 113.8421725116 34.0808295641 3776338.987104 762369.0340475 56.2339887228 -0.211618006 0.8467975567 87.8977279496 12.5910943526 0.416872444 -0.037517256
34600 313933.16 113.8421834279 34.0808298739 3776339.049531 762370.0411212 56.2291550133 -0.244218153 0.9013225094 87.7809543356 12.5885685432 0.4381080663 -0.0688218069
34601 313933.24 113.8421943384 34.080830202 3776339.1139629986 762371.0475933001 56.2244076608 -0.1969321946 0.855844692 87.668475425 12.5894816211 0.4722122049 -0.0620215203
34602 313933.32 113.8422052448 34.080830554 3776339.18105 762372.053619 56.2197699426 -0.1981281858 0.8845948383 87.5619129935 12.5849983103 0.4941042051 -0.0548080693
34603 313933.4 113.84221615 34.0808309201 3776339.249693 762373.0594825 56.2153742965 -0.1739391435 0.7927329115 87.4425718364 12.5790090514 0.5199032617 -0.05389264
34604 313933.45 113.8422229651 34.0808311627 3776339.294119002 762373.6880535998 56.2123439638 -0.0741642697 0.7688207098 87.3793036602 12.5808773644 0.5471169259 -0.0424174503
34605 313933.53 113.8422338697 34.0808315654 3776339.366833 762374.6937537 56.2086088937 -0.0451663048 0.754362044 87.2734882648 12.5792364102 0.5652268509 -0.0395872142
34606 313933.61 113.8422447747 34.0808319837 3776339.441262 762375.699447 56.2062180797 -0.0609527857 0.7142732433 87.1665345679 12.5780888029 0.5934896026 -0.0071956622
34607 313933.69 113.8422556817 34.0808324179 3776339.517474 762376.7052654 56.2053792356 -0.1228142239 0.6707299938 87.0602832375 12.5835841895 0.6089533022 -0.0205172207
34608 313933.77 113.8422665942 34.0808328684 3776339.595503 762377.71155 56.202425899 -0.1625759417 0.5918554735 86.9456124938 12.5895613464 0.6395312724 -0.0469029264
34609 313933.85 113.8422775104 34.0808333391 3776339.675776999 762378.7181093 56.1985614868 -0.1952368541 0.6307173906 86.83908673 12.5997426904 0.6550792733 -0.0438892644
34610 313933.93 113.8422884319 34.0808338215 3776339.7573730014 762379.72513 56.1942067724 -0.1651314732 0.5996007415 86.7323363207 12.6048359639 0.6803239749 -0.0533522242
34611 313934.01 113.8422993585 34.0808343273 3776339.841571 762380.732546 56.1889031297 -0.0471643561 0.584399455 86.6377396487 12.6098063387 0.7104663076 -0.0576254026
34612 313934.09 113.8423102885 34.0808348501 3776339.9276769985 762381.740217 56.18492469 0.0281264766 0.5686537416 86.5354996524 12.614170612 0.7306456686 -0.0264488215
34613 313934.17 113.842321222 34.0808353906 3776340.015751 762382.7481574 56.1838165969 -0.0375982394 0.6279988407 86.4353896331 12.6209974995 0.7535305464 0.0132305714
34614 313934.25 113.8423321644 34.0808359428 3776340.105144 762383.7568885002 56.1839889241 -0.1607888547 0.651288889 86.3374645577 12.6315803858 0.7691351144 0.0058789375
34615 313934.33 113.8423431197 34.0808365116 3776340.196408 762384.7667643002 56.1817954341 -0.2474932537 0.685178346 86.2479187104 12.6490534748 0.7966962633 -0.0368460371
34616 313934.41 113.8423540908 34.0808370945 3776340.289278 762385.7780404 56.1760053523 -0.2285712373 0.7543768169 86.167087157 12.6689230143 0.8079563517 -0.0815376697
34617 313934.45 113.8423595834 34.0808373899 3776340.336173998 762386.2843285 56.1722285124 -0.1933615554 0.7734268411 86.1295867891 12.6823273343 0.8180454415 -0.0889769492
34618 313934.53 113.8423705799 34.0808379941 3776340.431483 762387.2978947 56.1647565672 -0.1226169618 0.8035924271 86.0633746906 12.7002906319 0.8442016615 -0.0819381263
34619 313934.61 113.84238159 34.0808386125 3776340.528394 762388.312667 56.1593390545 -0.0607485761 0.78938814 86.0006011764 12.7145775389 0.8613344594 -0.0431225498
34620 313934.69 113.8423926128 34.0808392436 3776340.626754 762389.3285771 56.156696667 -0.1028181658 0.8111594442 85.934941749 12.7294340108 0.8755371155 -0.0158059752
34621 313934.77 113.8424036507 34.0808398839 3776340.72616 762390.345852 56.1542954845 -0.1583334171 0.8516839405 85.8746759091 12.7449701826 0.8861357305 -0.0369447239
34622 313934.85 113.8424147065 34.0808405324 3776340.826539 762391.3647599 56.1504474627 -0.1172041552 0.8766763969 85.8141686168 12.7675222044 0.8996408708 -0.0531095853
34623 313934.93 113.8424257788 34.080841193 3776340.928294 762392.3851456 56.1452082051 -0.0564335941 0.8848378357 85.7568366587 12.7846203842 0.9161327199 -0.0639950998
34624 313935.01 113.8424368678 34.0808418623 3776341.031065 762393.4070524 56.140886059 -0.0517494825 0.925103841 85.69599397 12.8014257515 0.9286019138 -0.0425277187
34625 313935.09 113.8424479711 34.0808425406 3776341.134866 762394.4302462 56.1388004413 -0.0939602485 0.9428489242 85.641409771 12.8205798768 0.9428051827 -0.0100494514
34626 313935.17 113.8424590916 34.0808432292 3776341.239857 762395.4550041 56.135896069 -0.0883771978 0.9281229146 85.5950801791 12.8399272272 0.9662550448 -0.0543848871
34627 313935.25 113.8424702297 34.080843929 3776341.346130002 762396.4813514 56.1324829794 -0.1107183676 0.9392723688 85.5441794567 12.8653899305 0.9739598204 -0.045485496
34628 313935.33 113.8424813843 34.0808446351 3776341.4531519986 762397.5091943 56.129196329 -0.0867271653 0.9230996318 85.4943023947 12.8845009943 0.98399332 -0.0270020909
34629 313935.41 113.8424925533 34.0808453541 3776341.561633 762398.5383371 56.1259119529 -0.0503010237 0.9318652536 85.4431546161 12.8960894737 1.0066829078 -0.0426437461
34630 313935.49 113.8425037388 34.0808460811 3776341.671057 762399.5689736998 56.1222874932 0.0398609888 0.913077921 85.3945360219 12.9141980716 1.0126854635 -0.0428704619
34631 313935.57 113.8425149368 34.0808468205 3776341.78188 762400.6007332 56.119414011 0.1181127176 0.9170832593 85.3564579169 12.9281125376 1.0324484396 -0.0116506011
34632 313935.65 113.8425261507 34.0808475671 3776341.893551 762401.6339337 56.1191522935 0.081234034 0.8984266716 85.3105887066 12.9473462705 1.0391240071 0.0171368206
34633 313935.68 113.8425303601 34.0808478482 3776341.935558 762402.0217658002 56.12007502 0.0272964315 0.8762159204 85.289926061 12.9576968079 1.0383495151 0.0400774846
34634 313935.76 113.842541596 34.0808486074 3776342.048685 762403.0569543 56.1213432904 -0.0340501405 0.8838572504 85.2362944842 12.9760525934 1.0602401066 5.08274e-05
34635 313935.84 113.8425528529 34.0808493733 3776342.1626019985 762404.0940651 56.1204324206 -0.105964044 0.8884134033 85.1825643208 13.0042961222 1.0615577163 -0.0221394329
34636 313935.92 113.8425641276 34.080850152 3776342.277982 762405.1327846998 56.1169208605 -0.0824648501 0.8321372842 85.1253789315 13.0184717122 1.0904201111 -0.0398856488
34637 313936.0 113.8425754249 34.0808509433 3776342.394829 762406.173539 56.1129004927 -0.0465957719 0.8531552427 85.0663485684 13.0546792219 1.0991523019 -0.0507977565
34638 313936.08 113.8425867384 34.0808517432 3776342.51267 762407.2157755998 56.1092497958 0.0314153508 0.8117724014 84.9833977083 13.0570160335 1.1175366507 -0.0194412608
34639 313936.16 113.8425980656 34.0808525578 3776342.632168 762408.2592274002 56.1076644072 -0.0258094352 0.8307960049 84.8971338896 13.0861406412 1.1393092999 -0.0188837062
34640 313936.24 113.8426094106 34.0808533869 3776342.7533269986 762409.304275 56.1057991246 0.042683458 0.8449602998 84.8007431817 13.0938809282 1.1632069499 -0.0123887978
34641 313936.32 113.8426207671 34.080854231 3776342.876189 762410.3503458 56.1043838076 0.0052178557 0.8593553203 84.6944403745 13.1159026456 1.1817973696 -0.0079525564
34642 313936.4 113.8426321329 34.0808550927 3776343.001019 762411.3972194998 56.1033389484 -0.0185675077 0.8678641177 84.5831700172 13.1178380068 1.2093248574 -0.0028856673
34643 313936.48 113.8426435029 34.0808559731 3776343.127930002 762412.4444180998 56.101896869 -0.0714608116 0.9173418033 84.4692054232 13.1232471904 1.231451234 -0.0262676305
34644 313936.56 113.8426548751 34.0808568698 3776343.2566620014 762413.4917686 56.1000450309 -0.1622491785 0.8913214892 84.3423121184 13.1153671967 1.2573881735 -0.0299696359
34645 313936.64 113.8426662387 34.0808577922 3776343.388232 762414.538248 56.0973080769 -0.1969274169 0.9046712344 84.2275016744 13.1074308368 1.2908670478 -0.0198566604
34646 313936.7 113.8426747586 34.0808584933 3776343.487921 762415.3228258 56.0943318009 -0.2270020859 0.927459521 84.1358040448 13.1081382113 1.3010881028 -0.0475497407
34647 313936.78 113.8426861066 34.0808594477 3776343.623 762416.3677662 56.0892093051 -0.1690321473 0.9433386701 84.0200160704 13.0888473938 1.338055029 -0.0554903058
34648 313936.86 113.8426974452 34.0808604173 3776343.759737 762417.4117896 56.08410093 -0.1491125464 0.9445845067 83.9019242596 13.0754340269 1.3529238007 -0.0484882309
34649 313936.94 113.8427087676 34.0808614077 3776343.898737 762418.4542588 56.0800998984 -0.0731007412 0.9207941446 83.776495559 13.0564920769 1.3874454899 -0.0344382854
34650 313937.02 113.8427200731 34.0808624148 3776344.039553 762419.4951085 56.0775381178 -0.0349917695 0.9651991245 83.6451012064 13.030619809 1.4047381769 -0.0264154708
34651 313937.1 113.8427313597 34.0808634381 3776344.182109 762420.5341673 56.0761748701 -0.0517603665 0.9592572383 83.5105035473 13.0124647071 1.4358744103 -0.000929483
34652 313937.18 113.8427426251 34.0808644835 3776344.327073 762421.5712015 56.075738797 -0.0378068792 0.9549722106 83.3839356179 12.9857729147 1.468271941 0.0062248025
34653 313937.26 113.8427538714 34.0808655473 3776344.474026999 762422.6064156998 56.074750022 -0.0610778339 0.9756409599 83.2566834674 12.965716961 1.4889912508 -0.0168548635
34654 313937.34 113.8427650965 34.0808666317 3776344.623216 762423.6396023001 56.0740316482 -0.0634372171 0.9595429683 83.1285190202 12.9418367189 1.5189200455 0.0050379947
34655 313937.42 113.8427763006 34.0808677343 3776344.7743690014 762424.6707955 56.0734286206 -0.0571737475 0.9523466608 82.9856328716 12.9176917038 1.5446645987 -0.0237749076
34656 313937.5 113.8427874866 34.0808688573 3776344.927738 762425.7002555998 56.071680611 -0.0771779128 0.93289839 82.8397521635 12.89203894 1.5728512254 -0.0380954129
34657 313937.58 113.8427986504 34.0808700037 3776345.083645 762426.7275986 56.070130635 -0.125442588 0.9650348636 82.6970090395 12.8664208144 1.6067068474 -0.0314118676
34658 313937.61 113.8428028296 34.0808704383 3776345.1426160014 762427.1121633 56.0701367315 -0.1898628139 0.9816744006 82.6468135844 12.8536184546 1.6139527707 0.0156890429
34659 313937.69 113.8428139612 34.0808716104 3776345.301296 762428.1364566998 56.0688449023 -0.2589483998 0.951242519 82.5058515699 12.8286236074 1.6407747489 -0.0200824082
34660 313937.77 113.842825067 34.0808728042 3776345.462312 762429.1582923002 56.0655249366 -0.3232464415 0.9888829693 82.3709899433 12.7985643185 1.6710257528 -0.0529893225
34661 313937.85 113.8428361397 34.080874015 3776345.62514 762430.1770149 56.0603247816 -0.3195500347 1.0155087847 82.2471278123 12.7541999821 1.691354049 -0.0731058141
34662 313937.93 113.8428471732 34.0808752429 3776345.789757 762431.1920724 56.0548918732 -0.2825882912 1.0214862533 82.1312556238 12.7069033818 1.7143375881 -0.0644776676
34663 313938.01 113.8428581616 34.080876487 3776345.956061 762432.2029074002 56.0493792715 -0.1937622015 1.0104496604 82.0197270874 12.6514270856 1.7358792596 -0.0624895488
34664 313938.09 113.8428691026 34.0808777442 3776346.1236910014 762433.2093324 56.0450590039 -0.0929574253 0.985061247 81.904236936 12.5933778256 1.7554943818 -0.0390695969
34665 313938.17 113.8428799853 34.0808790124 3776346.292395 762434.2103410999 56.0446213791 -0.0844352996 0.9793343105 81.7852729616 12.5151741071 1.760619017 0.0090897054
34666 313938.25 113.8428908003 34.0808802939 3776346.462397 762435.205053 56.0452025114 -0.0943985977 0.9252016001 81.6816950073 12.4369946935 1.7919599722 0.0045346207
34667 313938.33 113.8429015385 34.0808815841 3776346.633177 762436.1926417 56.0459102495 -0.0858211337 0.9404794713 81.5890335944 12.3360304713 1.7918615413 0.0152469636
34668 313938.42 113.8429135265 34.0808830418 3776346.825754 762437.2951257 56.0468529789 -0.1974479061 0.8261553935 81.4825382674 12.2440255613 1.8121302318 -0.0085336739
34669 313938.51 113.84292541 34.0808845103 3776347.019253 762438.3879343 56.0476775235 -0.2602826816 0.7623963017 81.3788175584 12.1369006432 1.8133666036 0.0169767145
34670 313938.6 113.8429371859 34.0808859823 3776347.212877 762439.4707896 56.0468697771 -0.2538321935 0.7478709681 81.275151311 12.0167113501 1.8211529768 -0.0316380518
34671 313938.69 113.8429488457 34.0808874552 3776347.406289 762440.5429205 56.0433608508 -0.2030125189 0.8239721854 81.164230191 11.8898684053 1.8158923274 -0.0481350553
34672 313938.77 113.842959102 34.0808887614 3776347.577608 762441.4859668 56.0416284064 -0.224323176 0.8822080447 81.0225888097 11.7753743132 1.8091380638 0.0030906743
34673 313938.86 113.8429705101 34.0808902329 3776347.770222 762442.5348524002 56.0424290765 -0.3549693698 0.9751777984 80.8166549022 11.6232783009 1.8176564138 0.0282021883
34674 313938.95 113.8429817702 34.0808917168 3776347.963842 762443.5700406998 56.0427277777 -0.4533028078 1.0980193904 80.5721159678 11.4697092389 1.8429614136 -0.0133213658
34675 313939.04 113.8429928792 34.0808932207 3776348.15928 762444.5912149998 56.0395493023 -0.411240536 1.1945344355 80.2755821613 11.310404287 1.8658838397 -0.0387947073
34676 313939.13 113.8430038324 34.0808947521 3776348.357376 762445.5979233001 56.0346860141 -0.3334582022 1.2455685411 79.9147527703 11.1495467556 1.9071159682 -0.0548525359
34677 313939.22 113.8430146216 34.0808963213 3776348.559248 762446.5893619 56.0320094516 -0.3026293476 1.2446111607 79.5100837476 10.9771782096 1.9617486171 -0.0221347321
34678 313939.32 113.8430264255 34.0808981244 3776348.789687 762447.6737759 56.0308285058 -0.2645416546 1.1694233782 79.0346755892 10.8189897173 2.0360256339 -0.009386906
34679 313939.42 113.8430380977 34.0808999939 3776349.027142 762448.7458266 56.0281623108 0.0004893285 1.1047763211 78.508156761 10.7156673754 2.1194649449 -0.0300501089
34680 313939.52 113.8430496827 34.0809019406 3776349.272961 762449.8095858 56.0265457723 0.2811094675 1.0405151988 77.9537163822 10.6564309983 2.2049857806 0.0031840364
34681 313939.54 113.8430519895 34.0809023404 3776349.323247 762450.0213716999 56.0262784632 0.3814746007 0.9998716245 77.8428124712 10.6337437238 2.2271938401 -0.0121637103
34682 313939.64 113.8430634788 34.0809043923 3776349.580492 762451.0759694 56.0320324414 0.4328380499 0.9511262916 77.2845391443 10.5550656119 2.3245288614 0.0979800628
34683 313939.74 113.8430748966 34.0809065258 3776349.846602 762452.1237123 56.0437688101 0.2180003205 0.9275981903 76.7177905016 10.5203067875 2.4060555899 0.1298968174
34684 313939.84 113.84308624 34.0809087345 3776350.120862 762453.1643479 56.0548186908 0.0597855523 1.0118210242 76.1438564871 10.4370612331 2.4919955211 0.0831824917
34685 313939.94 113.8430975297 34.0809110169 3776350.403169 762454.1998096999 56.0562317213 0.0541362444 1.1822316405 75.5616244434 10.3867424908 2.5771294563 -0.1611943697
34686 313940.04 113.8431087563 34.0809133821 3776350.6945 762455.2291798 56.0536623634 0.1938817979 1.2989652505 74.9932388694 10.3064549903 2.6771088768 0.023039692
34687 313940.14 113.8431198855 34.0809158315 3776350.994932 762456.2492929 56.0626665149 -0.2074216205 1.3199004626 74.4618812594 10.2528454762 2.7761177611 0.1271697267
34688 313940.24 113.8431309555 34.0809183772 3776351.305889 762457.2636540999 56.0683142189 -0.4857620418 1.240664217 74.033692022 10.2036341894 2.8705414846 -0.0081803306
34689 313940.27 113.8431342659 34.0809191554 3776351.400765 762457.5669374 56.0673182635 -0.4829927429 1.1820679143 73.9127782923 10.1881720634 2.8897051256 -0.0464135557
34690 313940.37 113.843145275 34.0809217919 3776351.721645 762458.5753822 56.0577014461 -0.3649734793 0.9633953369 73.5890017155 10.1557765843 2.9596763257 -0.1147168247
34691 313940.47 113.8431562386 34.080924475 3776352.0475800014 762459.579488 56.045588755 -0.2309186184 0.8574356085 73.3422309117 10.1046594808 2.997905014 -0.0980430135
34692 313940.57 113.8431671581 34.0809271821 3776352.376068 762460.5794486 56.0395839345 -0.2299728598 0.8066581383 73.1806907323 10.0659510978 3.0146001995 -0.0310309248
34693 313940.67 113.8431780345 34.0809299055 3776352.706247 762461.5753755 56.0369434245 -0.1988091375 0.7912766135 73.0848173841 10.0295349888 3.0258246554 -0.0395478051
34694 313940.77 113.8431888728 34.0809326244 3776353.035839 762462.5677984002 56.0326219602 -0.1061949592 0.8907859695 72.996206759 9.9948830521 3.0106441277 -0.0384846003
34695 313940.87 113.8431996666 34.0809353384 3776353.364767 762463.5561324002 56.0301831309 -0.177325383 0.9941189095 72.9276825396 9.9507420295 3.0175457384 -0.0117191436
34696 313940.97 113.8432104082 34.0809380548 3776353.6938309986 762464.5396319998 56.030215892 -0.383176454 0.9658510657 72.8818681917 9.8991492246 3.0232523221 -0.0127809177
34697 313941.07 113.8432210929 34.080940778 3776354.023496 762465.5178578 56.026541397 -0.4165856644 0.8675044575 72.878642754 9.8363041389 3.0187436088 -0.0535969348
34698 313941.17 113.843231717 34.0809434953 3776354.352353 762466.4905063001 56.0189520596 -0.3285154606 0.7604507028 72.8806091438 9.7705155904 2.9984497417 -0.0731470232
34699 313941.27 113.8432422641 34.0809461933 3776354.678883 762467.4561074 56.0132413022 -0.338448419 0.6676969593 72.9073791496 9.6955404872 2.9762629511 -0.0202969816
34700 313941.37 113.8432527369 34.0809488639 3776355.002165 762468.4149305 56.0111530507 -0.447566576 0.5992645682 72.9477771423 9.6300827695 2.9378168161 -0.028654278
34701 313941.47 113.8432631287 34.0809515069 3776355.3221910014 762469.3663572 56.0066194935 -0.3783949709 0.4930159793 73.015649591 9.5529617395 2.913598303 -0.0628920204
34702 313941.58 113.8432744631 34.0809543785 3776355.67 762470.4041194002 55.999082176 -0.1992486973 0.4293049674 73.1306636226 9.4728043808 2.8624567753 -0.0726436994
34703 313941.69 113.8432856889 34.0809572005 3776356.012021 762471.4320067 55.9940296309 -0.0505843691 0.3074709339 73.2784241666 9.3702769375 2.8164207828 -0.0158818506
34704 313941.8 113.843296796 34.0809599687 3776356.347771 762472.4490922 55.9939559856 -0.0635794211 0.3002044957 73.4474489161 9.2686232992 2.7474018577 0.0184388436
34705 313941.91 113.8433077759 34.0809626662 3776356.675353 762473.4546613 55.9963415144 -0.0691767224 0.2833790654 73.5996781868 9.1545454959 2.6886561267 0.0134346061
34706 313942.02 113.8433186083 34.080965301 3776356.995591 762474.4468007 55.9983285619 -0.0439412967 0.2936024685 73.7626364041 9.0209628494 2.6181755111 0.0067888982
34707 313942.13 113.8433292557 34.080967878 3776357.308946 762475.4220354998 55.9989886154 -0.0474304751 0.2564506278 73.9319422275 8.8759583639 2.5548306011 0.0111715267
34708 313942.24 113.8433397219 34.080970388 3776357.614393 762476.3807395 56.0018555867 -0.1061872612 0.3010704427 74.1047591624 8.7251277479 2.4790999901 0.0335248193
34709 313942.36 113.8433509191 34.0809730377 3776357.937225 762477.4065214002 56.0046865055 -0.1407014707 0.2641777615 74.2651096695 8.5339236216 2.4042034792 0.0199755642
34710 313942.48 113.843361864 34.0809756081 3776358.250611 762478.4092434 56.0049165254 -0.1406655889 0.2738350063 74.421096058 8.3390372064 2.3268968326 0.0078512751
34711 313942.6 113.8433725457 34.0809780908 3776358.553586 762479.387932 56.0059135994 -0.1698053731 0.2341475796 74.5402075648 8.1254263496 2.244514849 0.016977109
34712 313942.73 113.8433838051 34.080980685 3776358.870411 762480.4196254001 56.0083510904 -0.2622051148 0.2818762365 74.6589270146 7.8947463961 2.1692346495 0.002139724
34713 313942.86 113.8433947386 34.080983188 3776359.176292 762481.4215047 56.0079181269 -0.2092059644 0.2152878024 74.7648818052 7.6573012901 2.0901533518 -0.0015979751
34714 313942.93 113.8434004825 34.0809844999 3776359.336642 762481.9478566 56.0077617299 -0.2181812143 0.2119354906 74.817296095 7.5242938587 2.046756069 -0.0040469532
34715 313943.07 113.8434116814 34.0809870324 3776359.646472 762482.9741521 56.0081201754 -0.2509284375 0.2947239478 74.9180851985 7.26871361 1.9527120815 0.0074034914
34716 313943.21 113.8434224969 34.0809894538 3776359.942985 762483.9653821 56.007283804 -0.2324729596 0.3274941859 75.0154290622 7.005073234 1.8740985771 -0.0005256264
34717 313943.36 113.8434336445 34.0809919338 3776360.246868 762484.9871051 56.0068036402 -0.228549673 0.3582724057 75.1118829434 6.7270435496 1.7915193986 -0.0059979167
34718 313943.51 113.84344434 34.0809943059 3776360.537599 762485.9674113 56.0058603147 -0.2522789573 0.3474264232 75.1996619748 6.4486207299 1.7058008952 -0.0071525663
34719 313943.67 113.8434552383 34.0809967028 3776360.831615 762486.9663712 56.0058080656 -0.3085263499 0.4019098639 75.2784957267 6.149281336 1.6141235099 0.0044244312
34720 313943.84 113.8434662845 34.0809991253 3776361.128841 762487.9789056 56.0038073417 -0.2618075913 0.3784282526 75.3720129 5.8726997129 1.5453566544 -0.0098257884
34721 313944.01 113.8434768404 34.081001423 3776361.4109660015 762488.9465497 56.0002446054 -0.1805673919 0.4306180761 75.4178627805 5.6095183212 1.4690832355 -0.0099120893
34722 313944.19 113.8434874931 34.0810037413 3776361.695621 762489.9230741 56.0011407919 -0.3178906392 0.3521990041 75.3957695159 5.3265272911 1.4024695039 0.0176753702
34723 313944.38 113.843498128 34.0810060664 3776361.980979 762490.8979246998 56.0005452121 -0.4318908655 0.2900695861 75.375398288 5.015816416 1.3081594343 0.0148948401
34724 313944.58 113.8435086177 34.0810083562 3776362.262055998 762491.8594866998 56.0001685536 -0.5318884435 0.2433885131 75.3633039658 4.6680595826 1.2356981534 -0.0234101672
34725 313944.8 113.8435192598 34.081010694 3776362.548858 762492.8349663 55.9932083106 -0.4770488907 0.1022878178 75.416793417 4.2671123562 1.1194131562 -0.0405463257
34726 313945.04 113.8435297629 34.0810129826 3776362.829833 762493.7977658001 55.9889469948 -0.498325272 0.1554334018 75.4563587389 3.8159194161 1.0046920988 -0.0213901038
34727 313945.32 113.8435405115 34.0810153288 3776363.117826 762494.7830524 55.9827364087 -0.4842293703 0.0962802495 75.4759915294 3.2648021895 0.8663223836 -0.0201776093
34728 313945.65 113.8435510023 34.0810176247 3776363.3995879986 762495.7446981998 55.9791464647 -0.5546913548 0.101055798 75.444114585 2.6131652266 0.6874287913 -0.0161490343
34729 313946.1 113.8435615837 34.0810199573 3776363.685648 762496.7145846 55.9732479258 -0.5494527541 0.0776446295 75.3964004306 1.7398586112 0.4682086607 -0.0167027818
34730 313947.05 113.8435720558 34.0810222808 3776363.970419 762497.6744139 55.9624751471 -0.3690025682 0.1257797016 75.3548911659 0.3620571166 0.1092952326 -0.0103388113
34731 313978.89 113.8435821367 34.08102415 3776364.203768 762498.5995224 55.9708922589 0.3047478994 0.1014491421 75.3009026652 1.4373732503 0.3772386133 -0.0077910205
34732 313979.4 113.8435927079 34.0810264605 3776364.487342 762499.5685455998 55.9725519661 0.2920523746 0.0713175019 75.2925254231 2.3949271588 0.6250223143 0.0215148299
34733 313979.76 113.8436032515 34.0810287606 3776364.769701 762500.5350460998 55.9746396858 0.2689625801 0.0515894066 75.3344769826 2.993209921 0.7806692575 0.0008306732
34734 313980.07 113.8436140316 34.0810311 3776365.05703 762501.5232665 55.9746092092 0.279925324 0.0501859716 75.4231187843 3.4260225894 0.8851139476 0.0034078809
34735 313980.34 113.8436245734 34.0810333771 3776365.336829 762502.4896731 55.9744500024 0.2625421955 0.0261797722 75.480795271 3.7773233725 0.9833086321 0.0013912037
34736 313980.59 113.8436352209 34.0810356741 3776365.619108 762503.4657782 55.974640308 0.3140528231 -0.0180634799 75.5034169893 4.0804360051 1.0463130243 0.0157130446
34737 313980.82 113.8436457175 34.0810379277 3776365.8961870014 762504.428087 55.9754353007 0.2977324228 -0.0054956808 75.3954707673 4.3449825186 1.1252266549 0.0045498971
34738 313981.04 113.8436563794 34.0810402499 3776366.181304 762505.4054438 55.9746360397 0.3552354683 -0.0012546295 75.3306569978 4.6063361245 1.2094445312 0.0058393535
34739 313981.25 113.8436671531 34.0810425995 3776366.469742 762506.3930384 55.9763490474 0.205925464 -0.0193778714 75.2097343126 4.8520073221 1.2746241491 -0.0088325583
34740 313981.45 113.8436779024 34.0810449686 3776366.760285 762507.378316 55.9785748459 0.0560623037 -0.061682219 75.1197223092 5.0653751678 1.3431492628 0.0321648754
34741 313981.64 113.8436885351 34.081047318 3776367.048343 762508.3529011 55.9766867673 -0.0265263156 -0.0353381037 74.9791626994 5.2532391971 1.4014421305 -0.0304341046
34742 313981.83 113.8436995302 34.0810497881 3776367.3507300015 762509.360562 55.9724926436 -0.096278139 -0.1025214439 74.7485351913 5.4196480915 1.4827230607 -0.0048580205
34743 313982.01 113.8437102572 34.0810522387 3776367.65026 762510.3435362 55.9676690828 -0.1002920862 -0.1080610811 74.4857403814 5.5682430589 1.5250489033 -0.01843667
34744 313982.19 113.8437212181 34.0810547749 3776367.959898 762511.3478423002 55.963630138 -0.3059831992 -0.0188081415 74.0159748286 5.6385036463 1.5980073095 -0.0105355383
34745 313982.27 113.843726119 34.0810559392 3776368.101708 762511.7968039 55.961478442 -0.3925238654 0.0026265786 73.736487033 5.6540990832 1.6286012062 -0.0285015694
34746 313982.44 113.8437365323 34.0810584887 3776368.4114 762512.750498 55.9574048333 -0.598888815 0.0372795512 72.8938186464 5.6313152898 1.69696427 -0.0276509205
34747 313982.61 113.8437468865 34.0810611672 3776368.735274 762513.6983413 55.9482010519 -0.5701024249 0.1556882748 71.8138970014 5.5846893209 1.8013805711 -0.062056859
34748 313982.79 113.8437577387 34.0810641639 3776369.095728 762514.6911915998 55.9386433605 -0.4935797437 0.3412642742 70.433685811 5.5202197782 1.918491821 -0.0413644338
34749 313982.88 113.8437631103 34.0810657507 3776369.285635 762515.1823066998 55.933822332 -0.4480254119 0.3098394955 69.7175633005 5.4796108901 1.9880098046 -0.0442903507
34750 313983.06 113.8437737413 34.0810690859 3776369.683089 762516.1536775 55.9255092312 -0.272388642 0.2636846659 68.3279129169 5.4083917244 2.1006937854 -0.028521573
