0 308216.04 113.8464316631 34.0869257889 3777026.477699 762743.4785083 57.3581038164 0.220055985 0.4450399631 8.8121644684 0.0232854212 0.1323442672 -6.35264e-05
1 308217.63 113.8464332641 34.0869347223 3777027.473219998 762743.5987038 57.3513263064 0.2797764689 0.3561980212 8.2109858833 0.2100210178 1.4045597305 0.007026851
2 308218.22 113.8464347651 34.0869436892 3777028.472204 762743.7095718002 57.3480494004 0.286268919 0.3119042524 7.6806057552 0.2702505788 2.0050764006 -0.0067143233
3 308218.66 113.8464361728 34.0869527259 3777029.4786870014 762743.8116060002 57.3451605057 0.3555908655 0.1745177446 7.340191862 0.3429696185 2.5594831866 -0.0194080909
4 308219.02 113.846437526 34.086961681 3777030.475984 762743.9088581 57.3412000826 0.3457915955 0.1255516694 7.0600903607 0.3720339707 2.9653468644 -0.019057676
5 308219.34 113.8464388151 34.0869706438 3777031.473968 762744.0001708 57.3419319261 0.3775206261 0.0587501556 6.766325825 0.376304812 3.2625339495 0.0409464834
6 308219.64 113.8464400636 34.0869797792 3777032.490998 762744.0871999002 57.3356744004 0.543330241 0.009476588 6.4626461026 0.4049472239 3.5035086794 0.0017665764
7 308219.92 113.8464412742 34.0869888319 3777033.49876 762744.1709859 57.3369125491 0.4577027227 0.1313215378 6.1588696172 0.4039854573 3.6853995242 0.0287384244
8 308220.11 113.8464420929 34.0869951985 3777034.2074050014 762744.2268856999 57.3419331713 0.3851135212 0.1470212171 5.963904291 0.4016255752 3.7746820219 0.0070413927
9 308220.38 113.8464432606 34.0870044878 3777035.2413160014 762744.3059859 57.3477407042 0.2997868007 0.2109039175 5.7504709194 0.4016722751 3.8933500101 0.0268061831
10 308220.64 113.8464443902 34.0870137039 3777036.266997 762744.3817773 57.3479092745 0.4004793547 0.3664299042 5.5685567943 0.3976151588 4.0039382688 0.0224193916
11 308220.89 113.8464454544 34.0870228205 3777037.281469 762744.4518521 57.3553125048 0.0361016387 0.2853436799 5.3930458254 0.3979299604 4.1191132895 0.0118194249
12 308221.13 113.8464464957 34.0870318329 3777038.284319 762744.5201265 57.3564178543 0.2602625054 0.3238849055 5.2676597213 0.4031770772 4.2516969769 0.0406887228
13 308221.36 113.8464475209 34.0870408031 3777039.282435 762744.5870444 57.3576887511 0.2293682514 0.3759083456 5.2407252222 0.40588586 4.4330817903 -0.0819027346
14 308221.59 113.8464485713 34.0870501299 3777040.320205 762744.6551939 57.3529782407 0.4102209506 0.2996052934 5.2311941964 0.4240745932 4.5990398126 0.1011199301
15 308221.81 113.8464496255 34.0870593974 3777041.351396 762744.7238698001 57.3641351806 0.2308189114 0.3892182593 5.2395071255 0.4436508399 4.7685913767 -0.0381484796
16 308222.02 113.8464506724 34.0870684922 3777042.363399 762744.7924153 57.3598007169 0.537140575 0.4360002118 5.1900808198 0.4501621585 4.8599634061 0.0279788128
17 308222.23 113.8464517062 34.0870777175 3777043.389865 762744.8593359 57.3669843916 0.6655686329 0.4021757954 5.1706486294 0.4544626932 4.9203584848 0.0076161281
18 308222.44 113.8464527586 34.0870870484 3777044.428089 762744.9276522 57.3712867517 0.8201485702 0.4727285671 5.0978044385 0.4658593567 4.9684896939 0.0699376822
19 308222.64 113.8464537435 34.0870960224 3777045.426532 762744.9908466998 57.3837617245 0.7352194636 0.4514378169 5.0372778634 0.4458913671 5.0173077882 0.0683908802
20 308222.84 113.8464547269 34.0871050841 3777046.434699 762745.0536238 57.3988089235 0.5961046372 0.4279941064 4.94750285 0.4566315926 5.0698959452 0.0798122771
21 308222.96 113.8464553274 34.0871105745 3777047.045555 762745.0920928002 57.4057183582 0.5329780488 0.5154712153 4.8794938763 0.4582795158 5.1118815022 0.0530933269
22 308223.16 113.8464563025 34.0871198459 3777048.076971 762745.1534501 57.4129308024 0.529058245 0.5432313855 4.8009885076 0.4470623324 5.1999804688 0.0406449391
23 308223.36 113.8464572831 34.0871292833 3777049.126832 762745.2148099 57.4230660954 0.4022452604 0.544492257 4.6249179388 0.4515749441 5.2980627611 0.0379894969
24 308223.55 113.8464581975 34.0871384268 3777050.1439 762745.270961 57.4284600578 0.3643321892 0.5704612568 4.4876168991 0.4336753141 5.4054602161 0.0344713467
25 308223.74 113.8464591005 34.0871477487 3777051.18074 762745.325514 57.4346336108 0.2810868746 0.5904885301 4.3142487941 0.4313903314 5.5043552958 0.0306441923
26 308223.92 113.8464599303 34.0871567449 3777052.181251 762745.3743115 57.4384476878 0.1623501074 0.5539153408 4.1777327828 0.4139625221 5.6012564635 0.0144112914
27 308224.1 113.8464607513 34.0871658925 3777053.1985370014 762745.421832 57.4414217752 0.2309438411 0.5707140082 4.0215261752 0.419634804 5.6897446833 0.0104129769
28 308224.28 113.846461547 34.0871751877 3777054.232136 762745.4665518 57.4422418568 0.2849522246 0.5305737957 3.8696083988 0.3988468861 5.7759998647 -0.0069635576
29 308224.46 113.8464623134 34.0871846231 3777055.281229 762745.5081369 57.4423478208 0.2308954333 0.4120557522 3.7118260086 0.3886592683 5.8620122307 0.0433417707
30 308224.63 113.8464630304 34.0871936498 3777056.284828 762745.5464247 57.450841845 -0.0072844825 0.4482492019 3.5500795504 0.3747666526 5.9354230453 0.0304916353
31 308224.8 113.8464637232 34.0872027942 3777057.301422 762745.5821193 57.4495048365 0.0945946655 0.4359666976 3.4314691028 0.3697249878 6.0102802919 -0.0232482474
32 308224.97 113.8464643904 34.0872120517 3777058.330512 762745.615096 57.4468855001 0.2777474672 0.2964526925 3.2722105176 0.3414576796 6.0840461157 -0.0058744751
33 308225.14 113.8464650342 34.087221424 3777059.37228 762745.6455565 57.4453651123 0.486689342 0.244616549 3.1513854829 0.3471347265 6.1545526678 0.0144509886
34 308225.31 113.8464656793 34.087230904 3777060.42601 762745.6758011 57.4515429074 0.3569930212 0.2792863952 3.0172176546 0.3421563133 6.2255462199 0.0596747864
35 308225.47 113.8464662508 34.0872399227 3777061.42834 762745.7006811999 57.4572386322 0.2763797491 0.2240345177 2.9354657396 0.3265041775 6.2881633715 0.041302204
36 308225.63 113.8464668201 34.087249028 3777062.440285 762745.7250889 57.4621737301 0.3417414622 0.208430884 2.802468666 0.3310094447 6.3507555817 0.0183774962
37 308225.68 113.8464669989 34.0872518919 3777062.758577 762745.7327349 57.4625960998 0.3683886799 0.1949158862 2.7599436762 0.3242727123 6.3695877393 0.0174343723
38 308225.84 113.8464675459 34.0872611171 3777063.783772 762745.7547119 57.4618967883 0.4502585281 0.2110277091 2.6784350408 0.3063276991 6.4262815056 0.0228420766
39 308226.0 113.8464680812 34.087270426 3777064.818227 762745.7753495 57.4704077691 0.3955570733 0.1618132435 2.572227554 0.3055073137 6.4906797864 0.0739850736
40 308226.16 113.8464686022 34.0872798272 3777065.862881 762745.7943827 57.4746495727 0.4917642281 0.158140061 2.5007976729 0.3027267937 6.5484782075 0.0042257574
41 308226.32 113.846469131 34.0872893139 3777066.917042 762745.8138776 57.4769611182 0.505376808 0.2527777605 2.3998237221 0.3028951728 6.6048714921 0.0543507642
42 308226.48 113.8464696269 34.0872988746 3777067.979343 762745.8300938002 57.4860244086 0.5007763047 0.2211689195 2.3480431338 0.274705947 6.6509679135 0.0753682845
43 308226.63 113.8464700864 34.0873079055 3777068.982747 762745.8445968 57.4924561624 0.6204620445 0.1655238097 2.2489450433 0.2800164257 6.7029921977 0.0354354024
44 308226.78 113.8464705433 34.0873170031 3777069.993547 762745.8586481998 57.4963360904 0.6580597878 0.2905847328 2.1572790617 0.2786362468 6.7533541858 0.0416885084
45 308226.93 113.8464709876 34.0873261615 3777071.011065 762745.8713519 57.507902869 0.4554689253 0.32423945 2.0877570253 0.2686540693 6.7986013798 0.1109485261
46 308227.08 113.8464714059 34.0873353854 3777072.035785 762745.8814444002 57.5190234641 0.2448772022 0.2933790577 2.0220223397 0.2492821267 6.8481900777 0.0499460275
47 308227.23 113.8464718259 34.0873446746 3777073.06775 762745.8914984 57.5208316948 0.2166628013 0.2883832399 1.9558723922 0.2592407059 6.8930111238 0.0180970119
48 308227.38 113.8464722466 34.0873540281 3777074.106852 762745.9014149 57.5236114245 0.0535877299 0.3616342075 1.8877145458 0.2464830168 6.9439090094 0.0284232023
49 308227.53 113.8464726489 34.0873634477 3777075.1532519986 762745.9094377 57.5237429338 0.1152176215 0.3132592042 1.8717596489 0.2340420947 6.9882851364 0.0136775459
50 308227.68 113.84647304 34.0873729337 3777076.206991001 762745.9162066998 57.5212299638 0.3349506963 0.2378364385 1.8754083618 0.2400702026 7.0407356064 -0.0160714905
51 308227.83 113.8464734432 34.0873824812 3777077.267575 762745.9239080999 57.5197429154 0.4274058839 0.2645115053 1.9062222564 0.2506136158 7.0800725483 0.0356638969
52 308227.98 113.8464738587 34.0873920784 3777078.333717 762745.932597 57.5285485517 0.2462001503 0.2611879916 1.9147633496 0.2509792977 7.1158436009 0.082000642
53 308228.12 113.8464742441 34.0874010831 3777079.334025 762745.9403382 57.5333641274 0.1784270218 0.2706211123 1.9449681025 0.2610411268 7.1507771646 0.0092876978
54 308228.26 113.8464746426 34.0874101226 3777080.338221 762745.949173 57.5329172043 0.285640082 0.2251136791 1.9381488444 0.2580709255 7.1717706369 0.0162069865
55 308228.4 113.8464750296 34.0874191924 3777081.345755 762745.9568561 57.5341332946 0.2833758395 0.2187546799 1.955784346 0.2554190616 7.1942104191 0.0281356482
56 308228.54 113.8464754378 34.087428294 3777082.356875 762745.9664041 57.5376266222 0.1157857815 0.2460320261 1.9576401374 0.2738463518 7.2218858076 0.0459352955
57 308228.68 113.8464758357 34.0874374273 3777083.371493 762745.9748989 57.5426569376 0.06151016 0.1906289471 1.9763121112 0.2492824472 7.2511572681 0.0355326
58 308228.82 113.8464762336 34.0874465971 3777084.390151 762745.9832811998 57.5407199347 0.2316685172 0.1348542107 1.9980879604 0.2669647305 7.2752245796 -0.0319603626
59 308228.96 113.8464766447 34.0874557895 3777085.411358 762745.9928040998 57.5377131104 0.3156888964 0.1372281451 1.9982084885 0.2643491082 7.284686548 0.0256312123
60 308229.1 113.8464770561 34.0874649908 3777086.433548 762746.0023399 57.544551692 0.1470687228 0.1278815142 2.0218673765 0.2719134794 7.2985941917 0.0621068304
61 308229.24 113.8464774692 34.0874742128 3777087.458038 762746.0119583 57.5474810731 0.1346931894 0.0965585285 2.0223808405 0.2605746129 7.3132142463 0.0045659257
62 308229.38 113.8464778726 34.0874834499 3777088.484185 762746.0206449998 57.5456162263 0.2820072268 0.0173751309 2.0488149092 0.2692322455 7.3214552319 0.01950853
63 308229.52 113.8464782854 34.0874926942 3777089.511149 762746.0301737 57.5481292084 0.1708645774 -0.0308021257 2.0430169584 0.2719980983 7.3287990611 0.0309581336
64 308229.66 113.8464787034 34.0875019541 3777090.539863 762746.0401311 57.5519096777 -0.044062953 0.0551230775 2.0689398724 0.2851459687 7.3470139035 0.0439808572
65 308229.8 113.8464791359 34.087511245 3777091.572054 762746.0513286998 57.5542081725 -0.150491949 0.1122999087 2.0738564776 0.2893208 7.3814296341 0.0152932331
66 308229.94 113.8464795563 34.0875205896 3777092.610175 762746.0612429 57.5483381832 -0.0104603373 0.0737543334 2.0961515206 0.2806770477 7.4269750745 -0.059114028
67 308230.08 113.846480005 34.0875299971 3777093.655342 762746.0735824 57.5411953479 0.1486665968 0.2150803361 2.0549154827 0.3068426468 7.4763279665 -0.0040929083
68 308230.22 113.8464804496 34.0875394653 3777094.707237 762746.0853524 57.5418309523 0.051109743 0.3141954665 1.9964387778 0.2780773703 7.5256331213 0.0213549289
69 308230.36 113.8464808649 34.0875489903 3777095.765364 762746.0942405 57.5416203141 0.0445786907 0.3176748831 1.9388486182 0.2771519648 7.5706876461 -0.0155740925
70 308230.5 113.8464812846 34.0875585744 3777096.830061 762746.1033583 57.539056221 0.1131614462 0.4179161238 1.8641478954 0.2722698782 7.620557401 0.0078796472
71 308230.64 113.8464816869 34.0875682143 3777097.900907 762746.1106882 57.5367716523 0.2093645398 0.4572596542 1.8209173188 0.262795254 7.6612682754 0.0064498168
72 308230.77 113.8464820527 34.0875772176 3777098.901012 762746.1166194 57.5369336223 0.1384833573 0.4567451349 1.7586616072 0.2526654569 7.701480944 0.0124733639
73 308230.9 113.8464824095 34.0875862717 3777099.906719 762746.1215675 57.5380312204 0.0858420776 0.5145518125 1.7142159695 0.2535750312 7.7477630887 0.0390429146
74 308231.03 113.8464827671 34.0875953719 3777100.917551999 762746.1264386 57.5388618112 0.1022299225 0.4906593583 1.6537372741 0.235540085 7.7887053808 -0.0087543261
75 308231.16 113.8464831051 34.0876045211 3777101.933775 762746.129358 57.5348906992 0.1769941747 0.4925744508 1.6244939093 0.2387128935 7.8250325349 -0.0242365483
76 308231.29 113.8464834608 34.0876137162 3777102.955135 762746.1337605 57.5351627236 0.1494887249 0.5010300281 1.5498279126 0.2458840639 7.8654707513 0.0610093358
77 308231.42 113.846483792 34.0876229648 3777103.982377 762746.135741 57.5390579076 -0.0570076585 0.5194202851 1.5143968772 0.2234998136 7.9136517549 0.0268822267
78 308231.55 113.8464841194 34.0876322681 3777105.015671 762746.1372011999 57.5358309895 -0.1526158546 0.4750058899 1.4319438885 0.2292366774 7.9599682392 -0.0424881836
79 308231.57 113.8464841705 34.087633704 3777105.175149 762746.1374779 57.5357366959 -0.1639915987 0.4424843457 1.4141345056 0.2291465927 7.9681441733 0.0205673991
80 308231.7 113.8464844702 34.0876430811 3777106.216564 762746.1361544002 57.5347060598 -0.7122399627 0.2984949832 1.3420631679 0.1987078488 8.0364255296 -0.0653751131
81 308231.83 113.8464847594 34.0876525149 3777107.264251 762746.1336793 57.5214029644 -0.9682668141 0.2131213081 1.2455334169 0.1999056347 8.0733876432 -0.0854318957
82 308231.96 113.8464850373 34.0876620004 3777108.317632 762746.1299989 57.5045820521 -0.7048350377 0.1425956445 1.1859720988 0.1669717286 8.1141865701 -0.279818112
83 308232.09 113.8464852875 34.0876715349 3777109.376387 762746.1236193002 57.4775563218 -0.0590751584 0.1063219482 1.1351287369 0.1894862572 8.1531776631 -0.0989161931
84 308232.22 113.8464855377 34.087681101 3777110.438648 762746.1171347 57.4740417264 -0.120850563 0.1295521653 1.0371880749 0.1652397605 8.1641534291 0.0901669111
85 308232.35 113.8464857766 34.087690694 3777111.503871 762746.1095243 57.476887444 -0.5228152154 0.2337926054 0.954818548 0.1768974642 8.1862480334 -0.0299549274
86 308232.48 113.8464859933 34.0877003172 3777112.57238 762746.0997759 57.4654223062 -0.5205678828 0.2720090331 0.883460761 0.1424798696 8.2196356779 -0.1217460604
87 308232.61 113.8464861952 34.0877099516 3777113.642092 762746.0886208002 57.4507432561 -0.397130727 0.3176162089 0.8146833467 0.1516709979 8.2178423318 -0.0698783024
88 308232.74 113.8464863886 34.0877195895 3777114.712184 762746.0766696 57.442285778 -0.4225461353 0.4313743516 0.7237494059 0.1365628467 8.221917971 -0.0452268489
89 308232.87 113.8464865726 34.0877292297 3777115.782499 762746.0638438001 57.4340937473 -0.5005580234 0.6056051177 0.5770077193 0.1308208299 8.2206860879 -0.0663905677
90 308232.99 113.8464867183 34.0877381297 3777116.770563 762746.0497751 57.4254935114 -0.4212589444 0.6603590837 0.3800218174 0.0895117648 8.2209304816 -0.0463976665
91 308233.12 113.8464868255 34.0877477754 3777117.841301 762746.0298406 57.4131504186 -0.2169144705 0.7243808448 0.2086306263 0.0667104596 8.2360527515 -0.0823116455
92 308233.25 113.8464869066 34.0877574286 3777118.912789 762746.0074753 57.4035196211 -0.1063167601 0.7327091398 0.0207430399 0.033528255 8.2401624521 -0.0245902541
93 308233.38 113.8464869407 34.0877670919 3777119.985281 762745.9807399 57.4006133517 -0.1077179586 0.7253536795 359.8657242769 0.0107260905 8.2506676946 -0.0103665344
94 308233.51 113.8464869466 34.0877767727 3777121.059648 762745.9513503 57.3970671147 -0.0439253304 0.7015314725 359.6891071877 -0.015507869 8.2711614024 -0.0253604331
95 308233.64 113.8464869152 34.0877864788 3777122.136716 762745.9184271998 57.3924160292 -0.0492761947 0.721593165 359.5272767743 -0.0371049082 8.2965163671 -0.0099825357
96 308233.77 113.8464868628 34.0877962139 3777123.21696 762745.8834839001 57.3906833418 -0.1292278156 0.7550634455 359.338682174 -0.0559839918 8.3189824704 0.0026492325
97 308233.89 113.8464867701 34.0878052246 3777124.216702 762745.8470612 57.3879126096 -0.0104274297 0.8314988059 359.2002219517 -0.084177004 8.342319944 -0.031519171
98 308234.01 113.8464866488 34.0878142605 3777125.219166 762745.8079119 57.3806934618 0.2941268954 0.694806263 359.0169192128 -0.1150617194 8.3643388097 -0.0302811015
99 308234.09 113.8464865412 34.0878202886 3777125.887867 762745.7793423 57.3780338513 0.346712078 0.6835657471 358.855061118 -0.1338150175 8.3660388627 0.0094462552
100 308234.21 113.8464863545 34.0878293395 3777126.891834 762745.7341061998 57.3825579602 0.0302782 0.8012363386 358.5485070652 -0.146653948 8.3838988004 0.1101010604
101 308234.33 113.8464861067 34.0878384094 3777127.897742 762745.6831748 57.3881735196 -0.235980925 0.7572397631 358.228019059 -0.2382971559 8.4070254072 0.0221966054
102 308234.45 113.8464857707 34.0878475067 3777128.906475 762745.6240148002 57.3807874955 -0.0844964401 0.7325278527 357.9311936488 -0.267671128 8.4326751699 -0.0931965006
103 308234.57 113.8464854 34.0878566334 3777129.918375 762745.5615638002 57.3692108989 0.1187036075 0.6699869035 357.5733760751 -0.3087459352 8.4534732913 -0.0352313231
