42180 315497.86 113.8405647795 34.0791514549 3776148.626994 762225.7520329 56.7134268414 -0.0762785754 -0.2507727178 168.5745011907 0.7716968635 -4.0054027212 -0.0014177676
42181 315498.11 113.8405671628 34.079142635 3776147.654313 762225.9993290999 56.7147394661 -0.1459159618 0.045135094 163.9460915094 1.0135326616 -3.8260634742 0.0198108831
42182 315498.33 113.8405699095 34.0791352496 3776146.841754 762226.27576 56.7197201718 -0.270320425 0.2680247188 158.8592328143 1.3183395865 -3.6135366988 0.0287297772
42183 315498.6 113.8405742573 34.0791268224 3776145.917692 762226.7032438002 56.7240007604 -0.3244678605 0.5714981833 151.3791457618 1.7016370059 -3.2909546249 -0.0017176671
42184 315498.66 113.8405753832 34.0791250631 3776145.725342 762226.8126406998 56.7234052354 -0.3194632836 0.5973367377 149.5240395788 1.7945105801 -3.2117777663 -0.0154584281
42185 315498.94 113.840581476 34.0791174892 3776144.900455 762227.3986383 56.7180292392 -0.3964016761 0.1109016532 140.1614996438 2.2481186895 -2.7858872263 -0.0126354879
42186 315498.97 113.8405822083 34.0791167415 3776144.819361 762227.4685744002 56.7176325871 -0.4442949762 0.0871959867 139.1033644173 2.2894134197 -2.7444988263 -0.009181093
42187 315499.25 113.8405897634 34.0791103061 3776144.124585 762228.1860886 56.7150867609 -1.0514903166 0.1049813122 128.8875073689 2.7369396225 -2.3172265283 -0.0090911499
42188 315499.29 113.8405909606 34.0791094788 3776144.035845 762228.2991987 56.7148536006 -1.1306315059 0.0633047353 127.3730193923 2.8085413173 -2.2479103226 0.0035519391
42189 315499.57 113.8406000905 34.0791044208 3776143.497957 762229.1578833 56.7115119183 -1.5997704192 0.4945922007 116.5764328472 3.2099455755 -1.7385205471 -0.074780083
42190 315499.61 113.8406014871 34.0791038054 3776143.433254 762229.2887504002 56.7077883221 -1.550189888 0.5716820766 114.9848876285 3.2600233166 -1.6525481035 -0.0958020904
42191 315499.89 113.8406118745 34.079100472 3776143.089988 762230.2582369002 56.6772352382 -1.1628204948 0.8467297905 103.60684801 3.6007609322 -0.9626010458 -0.1064460951
42192 315499.9 113.8406122643 34.0791003851 3776143.081349 762230.2945015002 56.6760767503 -1.1489055494 0.8476764618 103.1955057506 3.6136730663 -0.9390350701 -0.1113167033
42193 315500.17 113.8406230965 34.0790988606 3776142.939980998 762231.299487 56.6487785708 -0.8065268725 1.0757428832 91.9781075665 3.800322123 -0.2591321938 -0.0455058149
42194 315500.2 113.8406243258 34.0790987919 3776142.935508 762231.4132099 56.6477489006 -0.795065638 1.0964892364 90.7154895732 3.8031132842 -0.1778092696 -0.0096544946
42195 315500.47 113.8406355077 34.079099217 3776143.011389 762232.4444779 56.6413919218 -0.8994119811 1.4795763545 79.3633786452 3.845600021 0.5942477192 -0.0494390497
42196 315500.55 113.8406388155 34.0790997081 3776143.074382 762232.7484062 56.6365296515 -0.8407668086 1.5535870831 75.9750057673 3.817939366 0.8377109545 -0.0466664141
42197 315500.81 113.8406493566 34.0791024786 3776143.408911 762233.713258 56.6245182306 -0.7482026733 1.628148644 64.990500995 3.6921709064 1.5987698412 -0.0469774329
42198 315500.89 113.8406525172 34.0791036907 3776143.551546 762234.0013824998 56.6202441966 -0.642694071 1.6714200685 61.6278182035 3.6336117084 1.8275886976 -0.0362220425
42199 315501.14 113.8406619795 34.0791084827 3776144.107637998 762234.8603701 56.6138207009 -0.6110330538 2.1274057953 50.8973191993 3.3389126383 2.5147076575 -0.0185449764
42200 315501.23 113.8406651609 34.0791105869 3776144.349318 762235.1476542 56.6115151392 -0.5643434752 2.2021304821 46.9866336811 3.1769309605 2.7687774462 -0.0170442274
42201 315501.47 113.8406728205 34.0791171714 3776145.099712 762235.8346491 56.6025992325 -0.4515016083 2.1570674708 36.7162067822 2.6864716827 3.4052221107 -0.0162187479
42202 315501.56 113.8406753486 34.0791199765 3776145.417503 762236.0594465 56.6017283117 -0.4614988622 2.0781127231 33.0532751538 2.4880432457 3.6042326212 0.0113348106
42203 315501.79 113.8406809113 34.0791278268 3776146.3029870014 762236.5489048002 56.5981154432 -0.3532534422 2.1586141629 24.0409990429 1.9591571457 4.0498911029 -0.0122190128
42204 315501.87 113.8406825214 34.0791307698 3776146.633728 762236.6885067 56.5962422639 -0.2927280447 2.1912541956 21.0290672049 1.7501971086 4.2057767511 -0.0115819806
42205 315502.09 113.8406860551 34.0791394376 3776147.604724 762236.9880656 56.5892420458 0.00943816 1.9211617019 13.4462181048 1.1970463041 4.61290043 -0.0252092929
42206 315502.18 113.8406871486 34.0791432205 3776148.027344 762237.0773706 56.5861268379 0.1390734902 1.6677251172 10.7953953785 0.9904041212 4.7604296828 -0.0156901948
42207 315502.39 113.8406889804 34.0791524645 3776149.057919998 762237.2180051998 56.5824221391 0.3091440708 1.3302179892 5.6522236116 0.5778987556 5.0435234566 0.0222828855
42208 315502.53 113.8406897282 34.0791588994 3776149.773969 762237.2672005 56.5841999743 0.341933921 1.3351279855 2.9182915186 0.3468126423 5.2033468009 0.0285117909
42209 315502.72 113.8406901974 34.0791679058 3776150.774667 762237.2827377 56.5860830611 0.3730412147 1.2978631998 359.8117472819 0.0506704007 5.3614397099 0.0279862345
42210 315502.91 113.8406900856 34.0791771814 3776151.803754 762237.2437951 56.5878244396 0.471222258 1.1331950666 357.3878678649 -0.2069140522 5.5235091732 0.0229994344
42211 315503.09 113.84068954 34.0791862306 3776152.806611 762237.1654879 56.5909398012 0.531701214 0.877861238 355.8098426348 -0.3834128699 5.6795771642 0.0406253842
