43680 315944.03 113.8350459919 34.082373928 3776492.090868 761706.2071463 58.3300437732 0.4399477922 0.0769247153 268.7908676337 -9.3301e-06 -0.000972866 -0.0012594715
43681 315949.47 113.8350354666 34.0823744166 3776492.118111 761705.2337474 58.3323847447 0.524229052 -0.0623618882 280.8832931649 -0.7059155895 0.1168838245 -0.000433219
43682 315950.5 113.835025765 34.0823766451 3776492.340568 761704.3310447 58.3306282368 0.4355345277 -0.0141333652 293.341095279 -1.0202747043 0.4107218919 0.0059475664
43683 315951.33 113.8350166003 34.0823806898 3776492.765951 761703.4723201002 58.3318159049 0.2489818228 0.1467873737 306.1989727348 -0.9976998846 0.6772981236 -0.0006677238
43684 315952.08 113.8350088755 34.082386159 3776493.353109 761702.7421804 58.3319688989 0.0023820282 0.1716798939 318.8214018016 -0.9021936925 0.9571634852 -0.0062908836
43685 315952.81 113.8350024193 34.0823933898 3776494.13901 761702.1237494 58.3279080056 -0.2988888092 0.1726325225 332.1842159737 -0.7088532316 1.2335855102 -0.0086372026
43686 315953.33 113.8349989046 34.0823997146 3776494.83191 761701.7797292 58.321143508 -0.5336313888 0.3495644344 341.5813979444 -0.5368681924 1.4782091526 -0.0164030747
43687 315953.94 113.8349959082 34.082408434 3776495.79188 761701.4761864 58.3100237465 -0.5044199838 0.4983737154 348.7653027985 -0.3521215482 1.6805131738 -0.0307260885
43688 315954.52 113.8349938833 34.0824173955 3776496.781207 761701.2616123002 58.2963246787 -0.3443544398 0.6542267387 350.4499954086 -0.2983597665 1.7345515325 -0.0240966938
43689 315955.1 113.8349918818 34.0824262761 3776497.761618 761701.0494479 58.2841375694 -0.0910466097 1.0352246697 346.8549480231 -0.3598726252 1.6242948535 0.0133869224
43690 315955.48 113.8349902102 34.0824316322 3776498.351734 761700.8785966998 58.284339874 -0.0330592053 1.0049010176 341.9731964287 -0.4526766409 1.4950318898 0.0055237124
43691 315956.16 113.8349861177 34.0824400392 3776499.274227 761700.4748071998 58.2873307848 0.1014921931 1.0930703856 330.6394072232 -0.6680109164 1.2509362395 0.0051607795
43692 315956.52 113.83498336 34.0824438916 3776499.69469 761700.2083021 58.2898513731 0.1814240151 1.0148279305 323.8561933273 -0.7754948904 1.0847863936 0.0122087947
43693 315957.38 113.8349762912 34.0824506899 3776500.431026 761699.5346324 58.296281782 0.4412990769 0.7913780931 310.0276889107 -0.6790898084 0.6099618309 0.0042424442
43694 315959.32 113.8349677062 34.0824561649 3776501.016625 761698.7250429 58.3081750544 0.667259046 0.5986498088 296.096463228 -0.1526809771 0.0990640469 0.0086696085
43695 315962.03 113.8349671407 34.0824566781 3776501.072128 761698.6712401 58.317694759 0.707410318 0.5801231892 295.0900460821 0.0106943839 0.0113382624 0.0052017481
43696 315998.62 113.8349578422 34.0824593899 3776501.349247 761697.8042705 58.3089876659 0.9598968584 0.4598082261 283.4841581342 -0.5306916299 0.1398045044 0.0014473289
43697 316000.41 113.8349471646 34.0824609804 3776501.498405 761696.8134127 58.323440549 1.0411638299 0.2856747774 274.3930814434 -0.6675116971 0.0658214124 0.0041787747
43698 316000.55 113.8349461406 34.0824610608 3776501.5047019986 761696.7186108001 58.3233470935 1.0729494473 0.2753573831 273.6941385692 -0.6925011855 0.0622627003 0.0039492623
43699 316001.7 113.834935313 34.0824612974 3776501.50321 761695.7180679 58.3379143579 1.0627026442 0.1626543997 267.6033166586 -1.1185863606 -0.0382430023 0.0151442253
43700 316002.47 113.8349244499 34.082460665 3776501.405197 761694.7169264 58.3573971465 0.9285763003 0.113961129 262.8776744454 -1.4678174552 -0.1652748867 0.0112186405
43701 316002.82 113.8349185133 34.0824600142 3776501.317757 761694.1707486 58.3673926927 0.8754027985 0.0751774562 260.5817240938 -1.6680033774 -0.2586641301 0.0154353194
43702 316003.36 113.8349077094 34.0824583372 3776501.103965 761693.178292 58.3802118842 0.7929695915 0.0468038751 256.9366221836 -2.0172412875 -0.4490847205 0.0185990899
43703 316003.82 113.8348969741 34.0824560937 3776500.827485 761692.1939118 58.3920424553 0.6201032617 -0.0799181028 253.8146291524 -2.2682252298 -0.6483612445 0.043605811
43704 316004.23 113.8348865307 34.0824534224 3776500.504273 761691.2377993 58.4004831035 0.529818597 -0.2283643389 251.4491205505 -2.4363248868 -0.7987608692 0.0156414361
43705 316004.61 113.8348761894 34.0824504481 3776500.147696 761690.2920520002 58.4067629734 0.4797920663 -0.2145969208 249.7715623649 -2.5943490389 -0.9257167074 0.0186938265
43706 316004.97 113.8348659278 34.0824472273 3776499.763967 761689.3544207 58.4135407126 0.3802665157 -0.1728697539 248.1871609694 -2.6395092125 -1.036089374 0.0235438125
43707 316005.33 113.8348557212 34.0824437578 3776499.352776 761688.4226420998 58.4214170836 0.3865601395 -0.0316648984 246.6523504384 -2.5914467512 -1.1009481186 0.0219015407
43708 316005.62 113.8348476226 34.0824407975 3776499.003501 761687.6839384 58.4258926697 0.4362772558 -0.0434946592 245.5856940931 -2.5648826535 -1.1599222629 0.0075324939
43709 316005.98 113.8348375657 34.0824369443 3776498.5501230014 761686.7671518001 58.4316051528 0.6098828109 0.0832072736 244.3967460111 -2.5921519287 -1.2185172389 0.0045320639
43710 316006.33 113.8348277097 34.0824329718 3776498.084007 761685.869291 58.4397789724 0.6698161977 0.27319202 243.2014477434 -2.6118356699 -1.3001483298 0.0235500489
43711 316006.68 113.8348179093 34.0824287581 3776497.5912769986 761684.977312 58.4501512889 0.7971028913 0.0770908476 241.8371900612 -2.5516834168 -1.3686041197 0.0344434372
43712 316007.04 113.8348081579 34.0824243445 3776497.076486 761684.0904600002 58.4618960917 0.705942128 0.2290400008 240.2456613 -2.4354551826 -1.3823006533 0.0254021601
43713 316007.22 113.8348034584 34.0824220976 3776496.815092 761683.6634358001 58.4674889669 0.5314782758 0.2120336027 239.4506231628 -2.3839371493 -1.3873474936 0.0523963354
43714 316007.6 113.8347940064 34.0824173379 3776496.262655 761682.8052995999 58.4834498977 0.1362359867 0.116033258 237.8266632387 -2.2254495298 -1.3836254564 0.0330767584
43715 316007.99 113.8347848936 34.0824124609 3776495.6980800014 761681.9788518002 58.4882717421 -0.0766899996 0.1659727614 236.0277491065 -2.0852922579 -1.4036175659 0.0130681369
43716 316008.4 113.8347758436 34.0824072474 3776495.096311 761681.1592375998 58.4892025348 -0.1293954259 0.1477523093 233.840595556 -1.9651880461 -1.4354105099 0.0047305626
43717 316008.76 113.8347682133 34.0824026116 3776494.562292 761680.4689373 58.4944183808 -0.7956375416 1.2827552651 231.645832071 -1.9085010361 -1.4288032322 0.0366216372
43718 316009.19 113.8347598431 34.0823967511 3776493.890465 761679.7140824002 58.4878383298 -0.4413848279 -0.0372879946 228.5612555268 -1.728332808 -1.5452304783 -0.0319497246
43719 316009.63 113.8347518792 34.0823905731 3776493.184451 761678.9977279 58.4862499936 -0.2301128719 -0.2257683637 224.5119698694 -1.6015231073 -1.5337298581 -0.0672965137
43720 316009.82 113.8347485851 34.0823879111 3776492.880587 761678.7017463 58.4636780145 0.4178231798 0.6504606066 222.1531403682 -1.5201049885 -1.6128695853 -0.1474882663
43721 316010.27 113.8347415817 34.082380961 3776492.091342 761678.0764604999 58.4713137029 0.4274445829 0.069276028 216.3526530965 -1.3383988601 -1.8158514418 -0.0004445453
43722 316010.72 113.8347354874 34.0823733137 3776491.227055 761677.5372636998 58.463942212 0.7034898519 -0.6148959963 209.6541807343 -1.071462718 -1.9639636013 -0.0454323376
43723 316010.74 113.8347352528 34.0823729603 3776491.18724 761677.5166885002 58.4635974569 0.6965006216 -0.6875225919 209.344686791 -1.0725916899 -1.9636630018 -0.008536055
43724 316011.2 113.8347303944 34.0823648656 3776490.276465 761677.0929975002 58.4851374766 0.2562501652 -0.6173210737 201.9215072271 -0.8349868201 -1.9410753704 0.0100556258
43725 316011.69 113.8347269998 34.0823562709 3776489.313961 761676.8060054 58.4932157872 0.1109405154 -1.0298871598 193.7641472948 -0.5098741257 -1.9353874714 0.0274733363
43726 316011.78 113.8347265392 34.0823547016 3776489.13862 761676.7683090002 58.4955529869 0.0741066634 -0.9984022709 192.2470995423 -0.4398332069 -1.9288162414 0.0269926442
43727 316012.3 113.8347249041 34.0823456922 3776488.134605 761676.6450718 58.5000631595 -0.1540841486 -0.997231298 183.029560154 -0.1261385999 -1.9037735857 7.00549e-05
43728 316012.51 113.8347247344 34.0823421015 3776487.735682 761676.6404589 58.4986704756 -0.2108118233 -1.0969122388 179.2232656923 0.0096199112 -1.8783208228 4.943e-07
43729 316013.05 113.834725566 34.0823330978 3776486.738613 761676.7449681999 58.4937476739 -0.3237848246 -1.1342256288 169.7939556299 0.3139064716 -1.801123329 0.0012490465
43730 316013.28 113.8347264237 34.0823293952 3776486.3299050014 761676.8355748 58.4886626946 -0.3733821125 -1.2800600694 165.8413366007 0.4287927535 -1.7620941287 -0.0162339294
43731 316013.87 113.8347295183 34.0823207641 3776485.379986 761677.1479031 58.4930215292 -0.0734521042 0.2408189464 156.9771357648 0.6347844923 -1.4280077644 0.0236075289
43732 316014.32 113.8347326171 34.0823150212 3776484.750608 761677.4517310002 58.48498856 -0.2827543444 0.3000002816 151.2799981948 0.6899251108 -1.4118184581 0.0317802519
43733 316015.02 113.8347380557 34.082307134 3776483.889236 761677.9782191 58.4857280394 -0.0429282396 0.2234686078 144.14697472 0.7355787894 -1.05798519 0.0464168376
43734 316015.35 113.8347406252 34.0823040199 3776483.550236 761678.2250701 58.4861502238 0.0153606852 0.9083461189 141.5521138117 0.7896010218 -1.0191355668 -0.0176228263
43735 316016.09 113.8347475153 34.0822969978 3776482.788602 761678.8829210999 58.4721670952 0.6074019159 1.0386345314 136.5385801241 0.9591234618 -1.0876089302 0.0145155947
43736 316016.77 113.8347550337 34.0822903745 3776482.072836 761679.5975665 58.4916495057 0.4454604242 0.3778992746 135.0216445091 1.0951475408 -1.1529022532 0.0121980633
43737 316017.37 113.8347627369 34.0822838212 3776481.3653050014 761680.3290512 58.496716518 0.4216702712 0.2311600582 135.1099531123 1.2516456201 -1.2868113797 0.0354915019
43738 316017.91 113.8347704278 34.0822772494 3776480.655694002 761681.0594651998 58.5064522233 0.2499090535 0.2939374201 135.7310621076 1.3463067695 -1.422022945 0.0262416232
43739 316018.42 113.834778061 34.0822707028 3776479.948735 761681.7844714002 58.5108533939 0.135054236 0.0654365475 136.1790261868 1.3830362952 -1.4499186137 0.0270115321
43740 316018.92 113.8347855778 34.0822641139 3776479.236779 761682.4988546 58.515115547 -0.0141051622 -0.1936643559 137.7126702659 1.3628758779 -1.4962366407 0.0149763971
43741 316019.22 113.8347900282 34.0822600429 3776478.796398 761682.9223374 58.5136730112 -0.1210045458 -0.2564012857 139.2905359074 1.3339277571 -1.5479365562 0.0104659635
43742 316019.71 113.834797102 34.0822530933 3776478.043286 761683.5969272 58.5128216902 -0.3196048779 -0.3401451792 141.9750933669 1.2857236082 -1.6340788736 0.0158252192
43743 316020.19 113.8348037676 34.082245902 3776477.262299 761684.2345718 58.5077067735 -0.4938739678 -0.232094494 143.8624302649 1.2570893787 -1.7091757465 -0.0068660584
43744 316020.66 113.8348103055 34.0822386443 3776476.473614 761684.8606335 58.4993542079 -0.6364911078 -0.3180617946 143.0808409672 1.2949586124 -1.723683095 -0.000718695
43745 316021.13 113.834817069 34.0822315334 3776475.701805 761685.5070685 58.4920024052 -0.7259070067 0.0826111845 139.2241590483 1.3466273274 -1.6109112935 0.0018690373
43746 316021.59 113.8348242102 34.0822252358 3776475.02121 761686.1858728002 58.4754140824 -0.6545520855 0.2353816691 132.5488619549 1.4764683913 -1.4188779168 -0.0111535617
43747 316022.09 113.8348327139 34.0822196171 3776474.419456 761686.9884015998 58.4580810424 -0.4797563766 0.1296391892 122.4270761417 1.6454749825 -1.0707456458 -0.0267613042
43748 316022.45 113.8348393052 34.0822164539 3776474.08531 761687.6067765 58.4475451466 -0.4282633768 0.0945059015 114.7142567084 1.7544564969 -0.8492220168 -0.0076651322
43749 316022.98 113.8348495975 34.0822132435 3776473.755395 761688.5670522 58.4333820455 -0.4350818521 0.263393188 103.5090642255 1.851943207 -0.4816908175 -0.003815467
43750 316023.31 113.8348561942 34.0822121067 3776473.646146 761689.1796939998 58.428066845 -0.4735332597 0.2883153866 96.7320702647 1.8450487695 -0.2524794692 -0.0095336051
43751 316023.9 113.8348670826 34.0822116135 3776473.6193120014 761690.1866395002 58.420899136 -0.629280596 -0.0103030056 87.3988120558 1.5235734618 0.0432859607 -0.0175062103
43752 316024.73 113.8348779132 34.0822122473 3776473.717395 761691.1847772 58.405437679 -0.6832266331 0.1021449425 81.9245301608 0.8745684525 0.1116132826 -0.0066448162
43753 316031.84 113.8348828005 34.0822125244 3776473.760666 761691.6352124 58.3781078607 -0.5794085232 0.1210902149 80.1589419909 0.1106838892 0.0217630468 -0.0092122889
43754 316034.41 113.8348934463 34.0822144432 3776474.0008910014 761692.6123374002 58.3681291975 -0.5518008278 0.0043896205 77.6607311854 0.657453747 0.1445698288 -0.0174512136
43755 316035.52 113.8349040869 34.0822163579 3776474.2406440014 761693.588985 58.3531773379 -0.5289915301 -0.0188459034 78.9961557809 1.0991850478 0.217996001 -0.0235941879
43756 316036.43 113.8349147958 34.0822180138 3776474.451854 761694.5727451 58.3340059966 -0.5807301658 -0.0040124689 80.1462071282 0.8996441041 0.1598030451 -0.029958578
43757 316037.37 113.8349206943 34.0822188403 3776474.55869 761695.1148629001 58.3220742522 -0.5642146189 -0.0471985814 80.7091799507 0.2798836744 0.046601837 -0.0176305963
43758 316044.74 113.8349311028 34.0822200478 3776474.719359 761696.0722561999 58.326286424 -0.5364286614 -0.0488445218 81.7233237791 0.3269488566 0.0438682209 -0.0135250628
43759 316047.5 113.8349418637 34.0822213243 3776474.888596 761697.0619821 58.3283047685 -0.4242521807 -0.086229356 82.7188944393 0.5446690091 0.0672136358 -0.0009825909
43760 316048.85 113.8349526239 34.0822224527 3776475.041396 761698.0520944998 58.325539751 -0.3884658147 -0.0601593437 83.7045984349 0.928380436 0.1037202279 -0.0076141275
43761 316049.82 113.8349634296 34.0822233887 3776475.172959 761699.0470114 58.3261482315 -0.483608938 -0.0301835769 84.6956857187 0.9477822087 0.0871996402 -0.0044489784
43762 316055.05 113.8349741644 34.0822242555 3776475.296664 761700.0355882 58.3262908608 -0.5756821463 0.0726729119 85.1597852778 0.5678511986 0.0493171861 -0.000938552
43763 316056.05 113.8349849406 34.0822251888 3776475.427849 761701.0277823001 58.312589474 -0.4791208395 0.1918075046 81.6895112347 1.579253755 0.2133268711 -0.01543725
43764 316056.32 113.8349901315 34.0822258258 3776475.5118370014 761701.5051438 58.3059166064 -0.3400469024 0.2655184476 80.0787163803 1.9815461282 0.3314186063 -0.0067128441
43765 316056.75 113.8350009424 34.0822275202 3776475.727589 761702.4982 58.292509824 -0.0838639365 0.2785090311 77.9295849758 2.6664030761 0.5627795109 -0.0277142361
43766 316057.09 113.8350116781 34.0822294742 3776475.971948 761703.4835135002 58.2804526929 0.1512184376 0.3330005949 76.9324450209 3.1638031624 0.7190648074 -0.0390616886
43767 316057.39 113.8350225591 34.0822315996 3776476.235693 761704.4817122 58.2751609618 0.096903135 0.3405516666 76.098104337 3.5457960504 0.8661564466 -0.0122038893
43768 316057.66 113.8350333504 34.0822338405 3776476.512036 761705.4712706 58.2712274659 0.0416134694 0.2809157243 75.6318464732 3.8544081963 0.9827921638 0.0009926648
43769 316057.91 113.8350441688 34.082236124 3776476.793173 761706.4632045 58.2673836853 -0.0120748767 0.388881585 75.4686226195 4.1449418058 1.0793117921 -0.0136422444
43770 316058.14 113.8350548502 34.0822384233 3776477.075715 761707.4424358002 58.2589830756 0.1037115026 0.2474182437 75.5467033572 4.4457134394 1.1497981665 -0.0089703506
