44245 316096.71 113.8401612108 34.0810605847 3776359.459974 762182.5954014 56.8559267009 -0.2844907404 0.7626498233 102.8922529026 5.8909942229 -1.3839455683 -0.0099411437
44246 316096.88 113.8401720752 34.0810585638 3776359.263593 762183.6048591 56.8521115864 -0.3497724586 0.7355420207 101.3133563768 5.9047795199 -1.2309586403 -0.0308379269
44247 316097.04 113.8401823075 34.0810569128 3776359.10664 762184.554814 56.8483700128 -0.3260095245 0.667887306 99.6276804575 5.9121877661 -1.0477457033 -0.0306644658
44248 316097.21 113.8401931961 34.0810554412 3776358.97127 762185.5648206 56.8425575746 -0.2877468094 0.6534040026 97.7114234922 5.9076158635 -0.8523550527 -0.0315870765
44249 316097.38 113.8402040707 34.0810542702 3776358.869235 762186.5726053 56.8381974502 -0.3243987953 0.6475536879 95.6046906025 5.8935959794 -0.6289253528 -0.0088918014
44250 316097.55 113.840214919 34.0810534632 3776358.807535 762187.5768347 56.8380168462 -0.4086394285 0.5218100757 93.4924322808 5.8803984638 -0.3948511656 -0.0085525741
44251 316097.63 113.8402200138 34.0810531993 3776358.791325 762188.0481085 56.8355591092 -0.4006715365 0.5161720568 92.5012547121 5.8662593423 -0.3118370326 -0.0485349192
44252 316097.81 113.8402314338 34.0810528578 3776358.782741002 762189.1036923 56.8287239922 -0.330610883 0.4586306117 90.285301065 5.8323652478 -0.0740091734 -0.0371219152
44253 316097.99 113.8402427749 34.081052905 3776358.81709 762190.1507963 56.8233258715 -0.2881292323 0.1972279968 88.233013773 5.787817701 0.1514465951 -0.0365143543
44254 316098.17 113.8402540348 34.0810532821 3776358.8878480014 762191.1893783001 56.8185299188 -0.2497823067 0.0926064829 86.3768621736 5.74115724 0.3262309907 -0.0094996508
44255 316098.27 113.8402602486 34.08105361 3776358.94019 762191.7621606 56.8174324473 -0.1850251424 0.1559807852 85.3797601779 5.7159493483 0.4082305531 -0.0095845821
44256 316098.45 113.8402713635 34.0810544216 3776359.058799 762192.7860119 56.8139178557 -0.0931916564 0.1663050613 83.579306971 5.674639726 0.5917172854 -0.0190585019
44257 316098.63 113.840282408 34.0810555486 3776359.212221 762193.8023946 56.8104433147 -0.0511029014 -0.1269189377 81.7902325069 5.6425588913 0.8030209172 -0.0080821004
44258 316098.81 113.8402934078 34.0810569542 3776359.396451 762194.8137854 56.8110278808 -0.0925364674 -0.126247777 79.9445262113 5.6222907625 0.9349974682 0.016913512
44259 316098.92 113.8403001118 34.0810579237 3776359.521247 762195.4298515002 56.8116083201 -0.2239345484 0.0950939118 78.7945594814 5.6121215255 1.0349335943 0.0088615288
44260 316099.1 113.8403110024 34.0810598221 3776359.759886 762196.429646 56.8079293445 0.1602486194 -0.2872277032 76.9029343368 5.5635534558 1.280394669 -0.0221312506
44261 316099.28 113.8403218462 34.0810620127 3776360.030828 762197.424207 56.8022276098 0.8932469889 -0.3523895804 74.8091727664 5.5732775824 1.4265900619 -0.0622956872
44262 316099.39 113.8403284853 34.0810634795 3776360.2106550015 762198.032742 56.7974135829 1.20271229 -0.1019810728 73.4474128626 5.5615481792 1.5620467062 0.0321765396
44263 316099.57 113.8403392777 34.0810662379 3776360.544485 762199.0208156002 56.8189773765 0.8729930008 -0.1695321329 71.1195509977 5.5242801785 1.8200883426 0.183579884
44264 316099.75 113.8403500319 34.0810694043 3776360.923489 762200.0040979 56.8430879749 0.577929154 -0.2083425058 68.4810161302 5.5035029143 2.0921083349 0.066603689
44265 316099.77 113.8403512243 34.0810697838 3776360.968658 762200.1130341998 56.8442030083 0.5980551622 -0.2142920744 68.1849683515 5.5005986644 2.1266955905 0.0515735132
44266 316099.94 113.8403613332 34.0810732394 3776361.378101 762201.0358329002 56.8505002642 0.6841745922 -0.2054961091 65.6581779584 5.4702074355 2.3972000828 0.039922236
44267 316100.11 113.8403713757 34.0810771019 3776361.832533 762201.9512544002 56.8611113541 0.5222223281 0.0548379851 63.0787462568 5.4393609155 2.6496108402 0.0820516238
44268 316100.17 113.8403749018 34.0810785577 3776362.0031449986 762202.2723656 56.8659395929 0.3504645473 0.1368713325 62.1439186397 5.419400354 2.7563723585 0.0818150651
44269 316100.34 113.8403848116 34.0810829968 3776362.521232 762203.1737459 56.8795157466 -0.1576036664 0.2740893339 59.4648365727 5.3457888364 3.0654158553 0.0729004623
44270 316100.51 113.8403945793 34.0810878956 3776363.089961 762204.0605901 56.8849085802 -0.476284837 0.425547394 56.7228503918 5.2760018278 3.3374719486 -0.0149728601
44271 316100.53 113.8403957198 34.0810884974 3776363.159671 762204.1640494 56.8843707889 -0.461114989 0.4408005868 56.389069843 5.265225626 3.3638545396 -0.0323324919
44272 316100.69 113.8404047358 34.0810935461 3776363.743112 762204.981018 56.873786753 -0.4149380814 0.5890624821 53.80245902 5.1350108184 3.6627266458 -0.069522958
44273 316100.85 113.8404135099 34.0810990007 3776364.370971 762205.7743938002 56.8659287356 -0.4830399151 0.5123778065 51.3719624375 5.0056251308 3.9178907978 -0.0327639604
44274 316100.89 113.8404156702 34.0811004184 3776364.5338449986 762205.969509 56.8644380206 -0.5057029838 0.48992724 50.7684654248 4.9768589026 3.9714241251 -0.0366131458
44275 316101.05 113.8404241908 34.0811062913 3776365.207476 762206.7381880998 56.856418496 -0.6364709862 0.5753958278 48.5071586843 4.8636516531 4.1935611454 -0.0512743202
44276 316101.21 113.8404325377 34.0811124886 3776365.916657 762207.4898178 56.8467190545 -0.7767632692 0.3797825833 46.5619031748 4.7262508023 4.4052744703 -0.0660656095
44277 316101.28 113.8404361248 34.0811152898 3776366.236741 762207.8124189 56.8414570959 -0.7926943622 0.3317075898 45.7556270362 4.6929700045 4.4812722632 -0.0759631961
44278 316101.44 113.8404441966 34.0811218409 3776366.984487 762208.5375592 56.8252863465 -0.5817207297 0.4907642131 43.8913408349 4.5760036113 4.615669742 -0.0989939114
44279 316101.6 113.8404520178 34.0811285886 3776367.753398 762209.2389563002 56.8116287766 -0.4234906638 0.6448512629 42.0023074768 4.4011979005 4.7619175925 -0.0848447025
44280 316101.68 113.8404558045 34.0811320393 3776368.1460690014 762209.5779771 56.8070555385 -0.3604191057 0.6134147351 41.0626130087 4.2998183165 4.8274953615 -0.0426435013
44281 316101.84 113.8404631015 34.0811390845 3776368.946655 762210.2300502 56.8012518873 -0.2807639732 0.285296559 39.1988131637 4.0926815133 4.9417195811 -0.0277613915
44282 316102.0 113.8404701066 34.0811462401 3776369.758753 762210.8548248 56.795813242 -0.3924636056 0.4423738751 37.2553653567 3.9285785065 4.9998760683 -0.035131901
44283 316102.09 113.8404738922 34.0811503095 3776370.220074 762211.1918353002 56.7933653044 -0.4535020979 0.6725936377 36.2157703194 3.8057956362 5.0313269225 0.0027112775
44284 316102.25 113.8404802864 34.0811576241 3776371.0482480014 762211.7597129 56.795714288 -0.7292505195 0.6581933762 34.3479426744 3.5596063309 5.1015556339 -0.0054848342
44285 316102.42 113.8404866786 34.0811654719 3776371.935576 762212.3257579 56.7835945394 -0.807382135 0.6818050144 32.1469373785 3.3326311241 5.1524294994 -0.1129887004
44286 316102.48 113.8404888267 34.0811682604 3776372.250549 762212.5155138002 56.7775460007 -0.7955510061 0.7285227703 31.3574112397 3.2565024874 5.1596084783 -0.0843290401
44287 316102.65 113.8404945872 34.0811762106 3776373.147624 762213.0229074 56.7686900683 -0.79626045 0.6442629181 29.116877522 2.9846052735 5.209688781 -0.0258648228
44288 316102.82 113.8404998873 34.0811842155 3776374.049596 762213.4876205 56.7570639318 -0.5529241392 0.7783368281 26.8458114732 2.7503948989 5.2303917719 -0.1090455007
44289 316102.86 113.8405010697 34.0811861048 3776374.262296 762213.5909771 56.7526314966 -0.4724975656 0.7992241626 26.3064434082 2.6900169451 5.2388631869 -0.1029161902
44290 316103.04 113.8405060559 34.0811946182 3776375.219896 762214.0251351999 56.7396009546 -0.320705986 0.7237624266 23.8984284284 2.4006432789 5.2491756523 -0.0031150939
44291 316103.22 113.8405104959 34.0812031574 3776376.178941 762214.4087784 56.7380224597 -0.4508117536 0.5816880295 21.5306577666 2.1603120198 5.2559435816 -0.0121605969
44292 316103.4 113.8405144899 34.0812116942 3776377.136585 762214.7512551999 56.7313943524 -0.3635858107 0.7265931548 19.162669305 1.9293384102 5.2527217717 -0.0291849317
44293 316103.58 113.8405179988 34.0812202252 3776378.092341 762215.0489414 56.7261398509 -0.3006198588 0.7319734736 16.8620794336 1.6548761176 5.2509174298 -0.0221256143
44294 316103.65 113.8405192242 34.0812235398 3776378.463329 762215.1518649 56.7235763604 -0.2611248651 0.6755566683 15.9997625169 1.5630429091 5.2429069526 -0.0338573382
44295 316103.84 113.8405222207 34.0812324976 3776379.465132 762215.4009265 56.7178123621 -0.1268091092 0.5366293749 13.6765905217 1.3374153088 5.2096626458 -0.0160634409
44296 316104.03 113.8405247625 34.0812414097 3776380.46069 762215.6081361 56.7147361022 -0.0370709208 0.4764208806 11.5265765042 1.132592128 5.1838372188 -0.0024103029
44297 316104.09 113.8405254707 34.0812442168 3776380.774029 762215.6648766 56.7138752388 -0.0297002437 0.5165258425 10.8675155672 1.0661947963 5.1796681196 -0.0015325811
44298 316104.28 113.8405274566 34.0812530759 3776381.762282 762215.8209181 56.713005825 -0.0233195166 0.5341867101 8.8280975159 0.865586831 5.156235184 0.0098786962
44299 316104.48 113.840529113 34.0812623471 3776382.795428 762215.9452639 56.7140184697 -0.0379434512 0.5365172985 6.8220185832 0.6829976937 5.1164532993 0.0141199806
44300 316104.55 113.8405296026 34.0812655763 3776383.155045 762215.9805064 56.7136796713 -0.0304368317 0.549418788 6.1161933604 0.6191784191 5.104930415 -0.0064404437
44301 316104.75 113.8405307249 34.0812747516 3776384.17617 762216.0558328 56.7114928486 -0.0137051869 0.5249933898 4.1511551433 0.4256083058 5.0625239242 0.0174476476
44302 316104.95 113.8405314556 34.0812838406 3776385.186723 762216.0952625 56.7121669436 -0.045141739 0.4009145542 2.4390820655 0.2703327299 5.0132990655 0.0015730857
44303 316105.15 113.8405318661 34.0812928415 3776386.186658 762216.1053906998 56.710326557 -0.0506381178 0.2853655768 1.1145077747 0.1346846021 4.9612857862 0.0030570915
44304 316105.36 113.8405320441 34.0813021882 3776387.224382 762216.0929884 56.7100186963 -0.1381017965 0.2406010379 0.1311590434 0.0461693215 4.9010499116 0.0015811943
44305 316105.57 113.8405320682 34.0813114289 3776388.2499480015 762216.0667031 56.7092170445 -0.1863705009 0.2411051972 359.4556903375 -0.0059768406 4.8582830473 0.0005752136
44306 316105.6 113.8405320615 34.0813127442 3776388.395908002 762216.0620202 56.7090152539 -0.2015667729 0.2431652392 359.3681663615 -0.0141640319 4.8584018824 -0.0023167235
