47820 352867.93 113.84040773 34.0837236703 3776655.633545 762197.1420594 56.6179767419 -0.0807287253 0.4177738339 353.4216883671 -0.4604232509 4.2088400143 -0.006927195
47821 352868.17 113.8404064425 34.0837327352 3776656.636243 762196.9952069 56.6183130862 -0.2321681242 0.3945852379 352.7922384989 -0.5134867201 4.1668226164 0.0005431285
47822 352868.31 113.8404056369 34.0837379772 3776657.215906 762196.9046423 56.6194552127 -0.3490407469 0.3401373703 352.4107353457 -0.5439117772 4.1364595657 -0.0047119251
47823 352868.56 113.8404041064 34.0837472521 3776658.241279 762196.7347008 56.6154033728 -0.2940137591 0.3123988611 351.7520846686 -0.5731179166 4.0850679635 -0.0349372822
47824 352868.81 113.8404024747 34.0837563954 3776659.251781 762196.5558234 56.6084670937 0.0563678401 0.1816667593 351.1066316139 -0.6245212445 4.0227266126 -0.0343624223
47825 352869.06 113.8404007162 34.0837653893 3776660.2453870014 762196.3656909 56.6010444276 0.3557846099 -0.0037997996 350.4706220592 -0.6620738389 3.9531866941 -0.0309190826
47826 352869.32 113.840398805 34.083774552 3776661.25732 762196.1609446 56.6050805384 0.4933659398 -0.0241443299 349.7898675446 -0.6866520369 3.8771363821 0.0341448367
47827 352869.37 113.8403984295 34.0837762928 3776661.449543 762196.1208985 56.6070858436 0.4944704823 0.0017613161 349.6674639243 -0.6935350756 3.8614714721 0.0359995615
47828 352869.63 113.8403963986 34.0837852319 3776662.436368 762195.9057811 56.615427562 0.4439362168 -0.0079530143 349.0334929863 -0.7316178414 3.7843656769 -0.0015240307
47829 352869.9 113.8403941979 34.0837943079 3776663.437938 762195.6745715998 56.626289689 0.3172957464 -0.1121029014 348.3524941545 -0.7642493076 3.6949384746 0.0358438286
47830 352870.17 113.8403919565 34.0838031843 3776664.417259 762195.440218 56.634936126 0.2422536199 -0.0190612188 347.6449849532 -0.7729912281 3.6100885677 0.0222161431
47831 352870.45 113.8403895493 34.0838121833 3776665.4097589985 762195.1901673998 56.6415975252 0.1951556677 0.0655359244 346.9675672229 -0.8080190522 3.5264123235 0.0203519682
47832 352870.48 113.8403892866 34.0838131341 3776665.514606 762195.1629788 56.6422801241 0.1986965905 0.0606979139 346.8922799224 -0.8121144938 3.5154096304 0.0153401358
47833 352870.77 113.840386688 34.0838222012 3776666.514165 762194.8950563001 56.6474827696 0.1675758744 0.02989588 346.2096057588 -0.8344798128 3.4313166149 0.0183996768
47834 352871.06 113.8403840365 34.0838310496 3776667.4893309986 762194.622918 56.6513863029 0.143823294 0.0898179643 345.5282114834 -0.8488717733 3.3441590794 0.0136975108
47835 352871.36 113.8403812558 34.0838399742 3776668.472618 762194.338611 56.6551912539 0.1235686082 0.0494157241 345.0044363017 -0.863681387 3.2543746275 0.0002131801
47836 352871.67 113.840378369 34.0838489116 3776669.457054 762194.044474 56.6584059372 0.1413335223 -0.0680060331 344.5721064914 -0.8619473774 3.1685152041 -0.0050258142
47837 352871.97 113.8403754344 34.0838578029 3776670.4362449986 762193.7460608 56.653934963 0.4428208856 0.0464463316 344.172810308 -0.9648837707 3.4485362121 0.0159484618
47838 352872.24 113.8403724159 34.0838666374 3776671.408914 762193.4400831 56.6548710689 0.5360163709 -0.0197559348 343.8443985894 -1.114864857 3.8428567436 -0.0007696795
47839 352872.34 113.8403711882 34.0838701759 3776671.798454 762193.3157972 56.6558363354 0.5436159118 -0.0760008642 343.7066094491 -1.1659211174 4.0207096613 0.0046102553
47840 352872.57 113.8403681279 34.0838789158 3776672.760527 762193.006252 56.6564263515 0.6747849587 0.0441492267 343.3909827052 -1.2963259945 4.4250710734 -0.0103558016
47841 352872.78 113.8403650378 34.0838876095 3776673.71739 762192.6940912 56.6576571064 0.6999590907 0.1173183711 343.0826083383 -1.4394809626 4.7615164795 -0.0093273807
47842 352872.98 113.8403618034 34.0838964428 3776674.689379 762192.3681739002 56.6610601945 0.6876264791 0.0369382515 342.7743880393 -1.5509332036 5.0370246173 0.0328260684
47843 352873.17 113.8403585303 34.0839052504 3776675.658416 762192.0387662 56.667922589 0.5433238504 0.1282919938 342.5468414503 -1.6345777316 5.2642330314 0.0144016845
47844 352873.35 113.8403552638 34.0839139296 3776676.613218 762191.7103680002 56.6701610647 0.4041426196 0.0518334761 342.3524765742 -1.724096531 5.4369791623 0.0007025288
47845 352873.53 113.8403518094 34.0839228521 3776677.5945440014 762191.3638665 56.67414572 0.4383295704 -0.3081374172 342.1907101884 -1.8048634072 5.5717852899 0.0143326134
47846 352873.7 113.8403484732 34.0839314786 3776678.54332 762191.0291884 56.675835358 0.7329925117 -0.372318152 342.031162853 -1.8262086441 5.6972954775 -0.0243823637
47847 352873.84 113.8403456684 34.0839387069 3776679.338293 762190.7478924 56.6742333556 1.1126726521 -0.4352822647 341.9413338773 -1.8812489914 5.7685299981 0.0225197729
47848 352874.01 113.8403421556 34.0839475901 3776680.315104 762190.3961204 56.6869691359 1.159005148 -0.7060793451 341.8895351924 -1.9178161834 5.8364717837 0.1271120837
47849 352874.18 113.8403386042 34.0839565264 3776681.297707 762190.0406184 56.7071072944 1.0567773562 -0.8176142691 341.7534554088 -1.9249404087 5.8738061589 0.0977519701
47850 352874.35 113.840335045 34.0839655108 3776682.285621 762189.6842523002 56.7213505637 1.0540470186 -0.6769996963 341.6643784907 -1.9281001567 5.9008885431 0.089402605
47851 352874.52 113.8403314455 34.0839745102 3776683.275112 762189.3241098 56.7376629189 0.9786854013 -0.6954582529 341.5714735723 -1.9654157316 5.898867332 0.1011020071
47852 352874.69 113.8403278235 34.0839835119 3776684.264791 762188.9618899998 56.7531467313 0.9396212768 -0.6613670319 341.4406648515 -1.9560716654 5.9019734565 0.0827902735
47853 352874.86 113.8403241918 34.0839925052 3776685.253516 762188.5987971999 56.7664439436 0.8907536058 -0.5815158711 341.2875161129 -1.9804642727 5.8900672177 0.0723107104
47854 352875.03 113.8403205342 34.0840014784 3776686.2399410014 762188.2333725 56.7802421637 0.7560372465 -0.391875335 341.0975789922 -1.976474589 5.8812273573 0.0837289739
47855 352875.2 113.8403168545 34.0840104863 3776687.230162998 762187.8658063002 56.7959337318 0.4797431894 -0.3818714168 340.8761581527 -2.0259168686 5.859226621 0.0767513434
47856 352875.37 113.8403131254 34.0840194734 3776688.217946 762187.4937338 56.8062228281 0.4175775153 -0.3107746042 340.6146419666 -2.0330606871 5.850622543 0.0446675155
47857 352875.54 113.8403093706 34.0840284428 3776689.2037019986 762187.1193474 56.8126246091 0.4433035162 -0.2402886003 340.3184218378 -2.059744536 5.8355920444 0.0135313348
47858 352875.57 113.8403086988 34.0840300219 3776689.377223 762187.0524399 56.8130504424 0.4558855987 -0.2277210406 340.2722592674 -2.0748467556 5.8290299404 0.0027056716
47859 352875.74 113.8403048591 34.0840389546 3776690.358685 762186.6703292 56.8182289358 0.5058178834 -0.2484639619 339.9933855981 -2.1006020991 5.8127799045 0.0389336432
47860 352875.91 113.840300979 34.0840478569 3776691.336674 762186.2845856998 56.8266953835 0.5008141715 -0.2211740395 339.706941 -2.1165412795 5.7900800641 0.0390570377
47861 352876.08 113.840297045 34.0840567249 3776692.310713 762185.8939630998 56.8340281174 0.5310146241 -0.2728787581 339.4582446028 -2.1541069403 5.7697723844 0.0344908288
47862 352876.25 113.8402930724 34.0840655585 3776693.280837 762185.4998843998 56.8426737469 0.55366935 -0.3618237592 339.2037117444 -2.1628491201 5.7489350232 0.0600237666
47863 352876.42 113.840289064 34.0840743523 3776694.246459 762185.1026234998 56.8517770683 0.5927695182 -0.3559603731 338.956902511 -2.1799352856 5.7226961129 0.0409973494
47864 352876.59 113.840285028 34.0840831078 3776695.207754 762184.7029378 56.8616975686 0.5998985678 -0.4092806319 338.7181720901 -2.2073525831 5.6905236703 0.0571421975
47865 352876.76 113.8402809599 34.0840918218 3776696.164361 762184.3004133 56.8722058116 0.5985888729 -0.3646771488 338.4342322086 -2.2212212381 5.6646222754 0.0504014994
47866 352876.93 113.8402768675 34.0841004955 3776697.116432 762183.8957619 56.8817705968 0.5534437459 -0.2867044763 338.0879154197 -2.2341148826 5.6314320232 0.0658511704
47867 352877.0 113.8402751626 34.0841040452 3776697.505992 762183.7273858001 56.8867879938 0.4454127914 -0.2484254647 337.9483546636 -2.2523379435 5.6087012244 0.0552526297
47868 352877.17 113.8402710002 34.0841126122 3776698.446045 762183.3166065 56.8965174137 0.3078338745 -0.1041027487 337.5481139883 -2.2576375552 5.5616725738 0.0599689955
47869 352877.34 113.8402668216 34.0841210955 3776699.376765 762182.9045931 56.9039520286 0.1439948357 0.0526437277 337.0755352111 -2.2924107625 5.4993750609 0.0171810886
47870 352877.51 113.8402625561 34.0841294734 3776700.295568 762182.4848721 56.9074125728 0.0819934454 0.017058436 336.6199828853 -2.3279119631 5.4347842986 0.0160669583
47871 352877.68 113.8402582602 34.0841377665 3776701.204877 762182.0626140998 56.9074339662 0.1317952538 0.1163743808 336.117013534 -2.3348698886 5.3812489174 -0.0022658659
47872 352877.86 113.8402536576 34.0841464356 3776702.15513 762181.6108719 56.9081932194 0.1522356312 0.1391923084 335.6069751959 -2.3798116102 5.3048926576 -0.0042456859
47873 352878.04 113.8402489925 34.0841549808 3776703.091479 762181.1537357 56.9085351024 0.1896112229 0.0686474901 335.0935091106 -2.3946066415 5.2305380431 0.0095888033
47874 352878.06 113.8402484725 34.0841559241 3776703.194822 762181.1028132 56.908861381 0.1747709306 0.0717551493 335.032538387 -2.3990855571 5.222143264 0.0115136161
47875 352878.24 113.8402437754 34.0841643488 3776704.117712 762180.6430963002 56.9115414871 0.1671446996 0.1172338683 334.4643165439 -2.4236699268 5.149715429 0.0040990426
47876 352878.42 113.8402390155 34.0841726389 3776705.025503 762180.1780031 56.9151959885 0.1731210562 0.0387343582 333.8963943234 -2.4522734956 5.0647632235 0.009733281
47877 352878.6 113.8402342066 34.0841807993 3776705.918775 762179.7087817 56.9156949939 0.2651308471 0.0121009144 333.2999502622 -2.4709318773 4.9860086606 -0.0017616913
47878 352878.79 113.8402291022 34.084189273 3776706.846052 762179.2113066999 56.9201367702 0.3764690634 0.1317535233 332.6850625087 -2.4815871156 4.9040822725 0.0273046248
47879 352878.98 113.8402239775 34.0841976097 3776707.7580800015 762178.7123848002 56.9265206689 0.28528191 0.5436353447 332.016788408 -2.4970872237 4.8230038017 0.033430095
47880 352879.11 113.8402204286 34.084203223 3776708.371915 762178.3673687 56.9322465872 0.0399171075 0.6969484937 331.4917992033 -2.5353473809 4.7521440698 0.057880612
47881 352879.3 113.8402151806 34.0842112982 3776709.254592 762177.8578601 56.9416740006 -0.2926504967 0.922388665 330.5686138531 -2.5730787656 4.6670171798 0.0110951537
47882 352879.49 113.8402098524 34.0842192295 3776710.121114 762177.3414026998 56.9401435945 -0.4528418559 1.1370294707 329.5512076208 -2.6290921829 4.5753240748 -0.0435361262
47883 352879.69 113.840204073 34.0842273876 3776711.011632 762176.7825745 56.9340490438 -0.5782223541 0.999911117 328.5506386743 -2.6937660635 4.4809423411 -0.0449309465
47884 352879.89 113.8401981894 34.0842353902 3776711.884625 762176.2146051999 56.9259613585 -0.6557093523 1.0211386359 327.4453111091 -2.7371982406 4.3918017078 -0.0585147009
47885 352880.04 113.8401937019 34.0842412849 3776712.527285 762175.7820515 56.9178501004 -0.6613953611 1.177850012 326.423637113 -2.7799260048 4.3207809713 -0.0580884268
47886 352880.24 113.840187524 34.0842489735 3776713.364683 762175.1878791 56.9089819258 -0.652924423 1.1147710989 324.8381842183 -2.8928405889 4.1887785807 -0.0542399891
47887 352880.44 113.8401811553 34.0842564394 3776714.176876 762174.5767728002 56.8967750631 -0.5828249641 1.0822699667 323.1838447982 -2.9749190786 4.0678968599 -0.0717953201
47888 352880.64 113.8401746113 34.0842636748 3776714.963032 762173.9501877 56.8872711575 -0.5321939996 1.196129398 321.354404329 -3.0594921867 3.9216415494 -0.0230931183
47889 352880.8 113.840169229 34.0842692685 3776715.569989 762173.4359439998 56.8809674708 -0.4111004352 1.2455024943 319.767302319 -3.1248672345 3.8141980811 -0.0480645435
47890 352881.01 113.8401619623 34.0842763348 3776716.335532 762172.743152 56.872015398 -0.3406965041 1.2483081606 317.6589361765 -3.2350750116 3.6376099706 -0.0446717484
47891 352881.22 113.840154465 34.0842830619 3776717.062831 762172.0301142 56.8690237999 -0.3530761376 1.1830830648 315.490172373 -3.3401447381 3.4525247518 -0.0088130853
47892 352881.35 113.8401497197 34.0842870503 3776717.493273 762171.5796403001 56.869890145 -0.3460327334 1.1355116919 314.1418018282 -3.3738428957 3.3561092783 -0.0210112246
47893 352881.57 113.8401415535 34.0842935273 3776718.1911 762170.8056109 56.8655972425 -0.24501599 1.2643490085 311.7895952674 -3.4447989109 3.1799461748 -0.0328321627
47894 352881.79 113.8401331971 34.084299608 3776718.844462 762170.0152364002 56.8632093333 -0.1124475225 1.2441493009 309.4120402367 -3.531436553 2.958575525 -0.0270554357
