4689 308798.44 113.8433549773 34.0840144994 3776695.479649 762468.3868197 56.6040556971 -0.168969009 0.361715765 71.2871424632 1.7507880822 0.6020555592 -0.0215407322
4690 308798.99 113.84336523 34.0840174261 3776695.830801 762469.3244934 56.5957839666 0.0501415989 0.3238707781 71.133747485 1.7274818435 0.5883536473 -0.0053295307
4691 308799.53 113.8433756769 34.0840203694 3776696.18429 762470.2800390002 56.5852387119 0.3436724006 0.4015643044 71.0279138426 1.9683693557 0.6770238538 -0.0236030148
4692 308799.96 113.8433860361 34.0840233158 3776696.537894 762471.2274871998 56.5780617716 0.5740722899 0.3871376343 70.9518252573 2.519828392 0.8679119047 -0.0228394867
4693 308800.31 113.8433965945 34.0840263194 3776696.898363 762472.1931492 56.5770675195 0.6594459788 0.4969745459 70.8771084671 3.0744716385 1.0611767189 -0.0114990577
4694 308800.6 113.843406955 34.0840292829 3776697.253866001 762473.1406563001 56.5800556354 0.6206690834 0.5575341173 70.6880245997 3.5364833124 1.2332227293 -0.0032778618
4695 308800.86 113.8434174586 34.0840323278 3776697.618786 762474.1011281002 56.5840177871 0.5724802245 0.5768668204 70.488791772 3.9263201115 1.3843306918 0.0165576244
4696 308801.1 113.8434281145 34.0840354408 3776697.991637 762475.0754566 56.5828624023 0.6714622169 0.6732865657 70.4086037198 4.2737420707 1.5108000625 -0.0054395491
4697 308801.32 113.843438668 34.084038551 3776698.363925 762476.0403358 56.5864071194 0.7447940463 0.706248216 70.3051503988 4.5870078555 1.630516415 0.0287505683
4698 308801.46 113.843445775 34.0840406514 3776698.615287 762476.6900925002 56.5880718008 0.7301899952 0.7144571773 70.231534797 4.7852800084 1.7073490025 0.0137739334
4699 308801.66 113.8434564432 34.0840438252 3776698.994922 762477.6653635 56.5930400733 0.5485516158 0.7350180365 70.1145964798 5.0644644511 1.8266259024 0.0304255199
4700 308801.85 113.8434671463 34.084047027 3776699.377753 762478.6437739 56.5987333367 0.4090011821 0.7617425199 70.0561466103 5.3414128264 1.9297928479 0.0184585091
4701 308802.03 113.8434778191 34.0840502345 3776699.761143 762479.6193716 56.5969136236 0.39975233 0.6989196989 70.0314418625 5.61113668 2.03402229 -0.0344429092
4702 308802.2 113.8434883937 34.0840534172 3776700.141536 762480.5859755 56.5944187865 0.53142004 0.6982065334 70.007414176 5.8609079403 2.1203843629 -0.0015437084
4703 308802.36 113.8434987763 34.0840565385 3776700.514613 762481.5350371 56.5938509367 0.618439065 0.7880839841 69.9773621047 6.1079473586 2.2050616634 -0.0218590865
4704 308802.52 113.8435095744 34.0840597974 3776700.904025 762482.5220402 56.5916660158 0.6591181135 0.7411223044 69.9632975878 6.3461061843 2.3036107939 0.006043983
4705 308802.67 113.8435200891 34.0840629746 3776701.283646 762483.4831303002 56.5967870345 0.5009487259 0.7530961763 69.8555133474 6.5860491074 2.3959507913 0.0315449111
4706 308802.82 113.8435309795 34.0840662703 3776701.677392 762484.4785421998 56.6003689226 0.4714473829 0.8910136777 69.6656382805 6.7983853443 2.4935831791 -0.0082693838
4707 308802.96 113.8435414548 34.0840694865 3776702.061236 762485.4358785 56.5964675788 0.6676157247 0.8805353409 69.4807874036 6.9999677695 2.6084289464 -0.0364982596
4708 308803.1 113.8435522284 34.0840728378 3776702.460849 762486.4203359998 56.596152571 0.6940772987 0.7937232527 69.3039653162 7.2001044974 2.7092522536 0.0300960329
4709 308803.14 113.8435553612 34.0840738183 3776702.577712 762486.7065797 56.5980734061 0.6251883872 0.7850794097 69.2674646805 7.255496104 2.7325061196 0.0433102709
4710 308803.27 113.8435657218 34.0840770697 3776702.965174 762487.6532124 56.6043122942 0.4897380073 0.7915017979 69.176764463 7.4484004487 2.8142695596 0.0362015874
4711 308803.4 113.8435763505 34.084080413 3776703.363516001 762488.624313 56.6060043648 0.4648708743 0.8860181331 69.0760793733 7.6418807068 2.8963707884 -0.0296052249
4712 308803.53 113.8435872457 34.0840838531 3776703.773294002 762489.619723 56.6028770171 0.5981092569 0.9204849614 68.9276666901 7.8213578663 2.9854200152 -0.0214027574
4713 308803.65 113.8435975259 34.0840871375 3776704.16421 762490.5588291 56.6032419521 0.5831524882 0.8949683904 68.776791887 7.9872915265 3.0864159488 0.0125792352
4714 308803.77 113.8436080204 34.0840905133 3776704.565817 762491.5174374002 56.6056558313 0.5379509798 0.9461727027 68.6177396573 8.1519299456 3.157239983 0.0125397655
4715 308803.89 113.8436187256 34.0840939799 3776704.978046 762492.4952210998 56.6087773312 0.5096072052 0.9420940441 68.4705449612 8.3064542223 3.2568460311 0.0098338068
4716 308804.01 113.8436296307 34.0840975521 3776705.40251 762493.4911358 56.6085664025 0.4610430121 0.8853778202 68.3260934304 8.4585944232 3.3431069556 -0.0085306542
4717 308804.12 113.84363981 34.084100911 3776705.801433 762494.4207005 56.6101625282 0.4502084302 0.8664968461 68.1824897185 8.6105397964 3.4258157636 0.0035345015
4718 308804.23 113.8436501544 34.0841043486 3776706.209519 762495.3652529998 56.6112359893 0.3932990102 0.8313752089 68.0743894362 8.7365176511 3.4969706343 -0.0044218721
4719 308804.34 113.8436606335 34.0841078538 3776706.625449 762496.3220399 56.610968248 0.4031544566 0.8528827279 67.9965760362 8.8470860918 3.5529457406 -0.0107908312
4720 308804.4 113.8436664078 34.0841097845 3776706.854554 762496.8492655 56.6113715973 0.4244484019 0.819834678 67.9521819781 8.9094808928 3.5805311883 0.0034612592
4721 308804.51 113.8436770811 34.0841133697 3776707.279863 762497.8237365 56.6120419307 0.3793654251 0.8335476714 67.8713663181 9.00009194 3.6359154273 0.0024236598
4722 308804.62 113.8436878597 34.0841170001 3776707.7104589986 762498.8077866 56.6136429403 0.2995456171 0.8455733585 67.7806194115 9.0830866223 3.6807429528 0.0223084525
4723 308804.73 113.8436987345 34.0841206787 3776708.14665 762499.800578 56.6154971719 0.2848122014 0.8439794806 67.6860352716 9.1583824347 3.7298443151 0.008045389
4724 308804.84 113.8437096923 34.0841244134 3776708.58929 762500.8008631 56.6142096957 0.3003950439 0.7646483935 67.5505519627 9.2283843938 3.7915460485 -0.039328056
4725 308804.94 113.8437197238 34.084127856 3776708.997121 762501.7165113002 56.6128917774 0.3610802097 0.7577470038 67.3906694428 9.2917054663 3.8375183386 0.0077510893
4726 308805.04 113.8437298198 34.0841313435 3776709.410107 762502.637974 56.6152026802 0.2150780064 0.7665219295 67.2242588592 9.3441126904 3.8966316236 0.0155601575
4727 308805.14 113.8437399647 34.084134887 3776709.829427 762503.5637851 56.6177744102 0.0375042632 0.6525317008 67.0704039532 9.3781683998 3.9462624231 0.0737391172
4728 308805.24 113.8437501359 34.0841384667 3776710.252839 762504.4919133 56.6202134946 -0.1142779532 0.6525450838 66.910708826 9.3938284809 3.9764032969 -0.0136691183
4729 308805.34 113.843760341 34.0841420715 3776710.679116002 762505.4230922 56.6116622938 0.048183711 0.7084938627 66.7560444106 9.4204081536 4.0084638083 -0.1199907989
4730 308805.44 113.8437705331 34.0841457032 3776711.108356 762506.3529899 56.6056876658 0.2679848307 0.7571892976 66.6291909781 9.3972447592 4.0252892559 -0.0054112649
4731 308805.51 113.8437776633 34.0841482546 3776711.409828 762507.0034948002 56.6068266956 0.3268367947 0.7665174161 66.5375074869 9.4061681907 4.0409387228 0.0324336748
4732 308805.61 113.8437878307 34.084151916 3776711.842299 762507.9310144 56.6115381624 0.2931430848 0.7580634859 66.4411558377 9.3715892989 4.062347084 0.0624166155
4733 308805.71 113.8437979802 34.0841555871 3776712.275789 762508.8568482 56.6165557168 0.2908072911 0.7779597296 66.3694474473 9.3673189055 4.071673784 0.0361889429
4734 308805.81 113.8438081103 34.0841592616 3776712.709616 762509.7808913002 56.620193514 0.2319889669 0.8042726168 66.3085159212 9.3425237663 4.0667521093 0.0302955467
4735 308805.91 113.8438182182 34.0841629366 3776713.143443 762510.7028744002 56.6238293666 0.1729321597 0.8064092794 66.2499645683 9.3187855306 4.0693606568 0.0491874774
4736 308806.01 113.8438283006 34.0841666146 3776713.577533 762511.6225006 56.6276285583 0.1234079867 0.7841663263 66.2065749255 9.294211378 4.0715383124 0.039439084
4737 308806.11 113.8438383596 34.0841702988 3776714.012246 762512.5399437 56.6283259122 0.13214529 0.7856038545 66.1745262032 9.2786905574 4.0752517686 0.0121938031
4738 308806.21 113.8438483799 34.0841739734 3776714.445797 762513.4538386 56.6295415834 0.1337247241 0.7785432015 66.1599299579 9.2365192351 4.0605951672 -0.0012952052
4739 308806.31 113.8438583684 34.0841776406 3776714.87845 762514.3648231 56.6327563915 -0.0433713372 0.7911161337 66.1449817239 9.2048407581 4.0533168276 0.0071397929
4740 308806.41 113.843868318 34.0841812912 3776715.309156 762515.272264 56.6347406805 -0.0652709969 0.8142483744 66.1356871884 9.1699894711 4.0310021481 0.0233002673
4741 308806.51 113.8438782239 34.0841849273 3776715.73815 762516.1757204002 56.636230004 -0.0871690862 0.8010768388 66.1306479963 9.1227397116 4.0147003006 0.0143359047
4742 308806.62 113.8438890641 34.0841889116 3776716.208184 762517.1643671 56.635187 -0.096582173 0.8020434644 66.1258322691 9.0688189955 3.990938871 -0.0090041505
4743 308806.73 113.8438998282 34.0841928712 3776716.675268 762518.1460676 56.6342520164 -0.0905174814 0.7453373574 66.1217093008 8.9898379172 3.967324634 -0.0112658063
4744 308806.84 113.8439104895 34.0841967944 3776717.138058 762519.1183851998 56.634115641 -0.1220643712 0.7330693323 66.1058844696 8.894442393 3.9226663897 -0.0010019655
4745 308806.95 113.8439210167 34.0842006687 3776717.595086 762520.0784708002 56.6334270155 -0.0803252415 0.7157256832 66.0555846163 8.7662472004 3.8733100126 -0.0102216958
4746 308807.06 113.8439313781 34.0842044926 3776718.046088 762521.0234059 56.6333990591 -0.1832859756 0.7352964192 65.9338480201 8.6205620309 3.820803447 -0.0066339211
4747 308807.17 113.8439415498 34.0842082662 3776718.491018 762521.9509761998 56.6338492166 -0.1989509823 0.764296872 65.7708476399 8.4595358897 3.777910087 -0.0081225315
4748 308807.25 113.8439488283 34.0842109857 3776718.811524 762522.6146528001 56.6346620256 -0.223832283 0.7800746895 65.6416330229 8.3412484468 3.7503918485 -0.0128998615
4749 308807.37 113.843959554 34.084215023 3776719.28714 762523.5925671 56.6337378863 -0.1747775403 0.8339478304 65.4268419597 8.1663888658 3.6951216648 -0.0148463556
4750 308807.49 113.8439700417 34.0842190104 3776719.756619 762524.5486579002 56.6336722868 -0.1106170078 0.8625929188 65.1545146964 7.976667555 3.6628902288 -0.0112872726
4751 308807.61 113.8439802838 34.0842229504 3776720.220197 762525.4822085 56.634345579 -0.054196325 0.9325585008 64.8259816049 7.7903933486 3.6109276353 0.0040023889
4752 308807.73 113.8439902668 34.08422685 3776720.678626002 762526.3919726999 56.636158946 -0.0548146005 0.9440285422 64.4619716668 7.5808686302 3.5863013032 0.0181004408
4753 308807.86 113.844000783 34.0842310362 3776721.170226 762527.3500759 56.6409223164 -0.0673442602 0.9483819444 64.0535684529 7.3601144631 3.5380871972 0.0195854567
4754 308807.99 113.8440109914 34.0842351753 3776721.655812 762528.2799111998 56.6437899256 -0.139426305 0.9196668495 63.627551808 7.1417146594 3.5060704134 -0.0001066514
4755 308808.03 113.8440140709 34.0842364401 3776721.804092 762528.560357 56.6443938948 -0.156009739 0.8962274697 63.5048509353 7.0739774187 3.4935566616 -0.0037033619
4756 308808.16 113.8440238806 34.0842405147 3776722.281496 762529.4535705999 56.6474457821 -0.1403505102 0.871477832 63.0982643721 6.8656060612 3.452365638 0.0142674193
4757 308808.3 113.8440341324 34.0842448457 3776722.788493 762530.3868101998 56.6473522596 -0.078251872 0.8362983223 62.6704595612 6.6614702582 3.4134330807 -0.0103559474
4758 308808.44 113.8440440911 34.0842491332 3776723.289915 762531.2931235 56.64874449 -0.0183365165 0.833486232 62.2618124585 6.4756938714 3.3714306951 0.0094088537
4759 308808.58 113.8440537682 34.0842533666 3776723.784601999 762532.1736105 56.6528867362 -0.0228633525 0.859139091 61.8567702362 6.2888336408 3.3314882718 0.0137724171
4760 308808.73 113.8440638354 34.0842578514 3776724.308183 762533.0893276 56.6546328776 0.042628952 0.8502815338 61.4381682152 6.1045028037 3.283042322 0.000500898
4761 308808.88 113.8440736046 34.0842622703 3776724.823702 762533.9777418 56.6581632979 0.0377567645 0.9274515642 61.012099667 5.9192533692 3.2401603743 0.026489467
4762 308808.93 113.8440767956 34.0842637284 3776724.993718 762534.2678821 56.6600953108 0.0201283802 0.9501806573 60.8776962501 5.8635039987 3.2237689881 0.0328688778
4763 308809.09 113.8440867794 34.0842683487 3776725.532135 762535.1754916 56.6658894923 -0.0462002091 1.0037854238 60.4635897702 5.663162676 3.1750522991 0.0082525117
4764 308809.25 113.8440964183 34.0842728841 3776726.060239 762536.0515127 56.6662885547 0.1433047707 1.0085789081 60.0885886951 5.4664750672 3.1076457292 0.0076146648
4765 308809.42 113.8441062906 34.0842775979 3776726.608739 762536.9485288 56.6695939722 0.2037321434 0.9940882762 59.8008351177 5.2639992773 3.0322501592 0.0047051632
4766 308809.59 113.8441157866 34.0842821764 3776727.141259 762537.8112201 56.6732847448 0.368367574 1.0247103365 59.6305993144 5.0569481112 2.936018298 0.0447709965
4767 308809.77 113.8441254414 34.0842868556 3776727.685356 762538.6882636 56.6833597506 0.2715581687 1.0138939225 59.5225151092 4.8497197244 2.8290940926 0.0333028483
4768 308809.96 113.8441351725 34.0842915992 3776728.23681 762539.5721521998 56.6893110434 0.0424721826 0.9358597613 59.4574171706 4.6051718606 2.700548848 0.0374140363
4769 308810.16 113.8441448484 34.0842963251 3776728.786149 762540.4510011 56.7028180817 -0.22046314 0.9249232972 59.4125757806 4.3301831296 2.5370504282 0.0338595505
4770 308810.37 113.844154317 34.0843009666 3776729.325593 762541.3109625 56.7023697505 -0.2069905533 0.9079422657 59.3741561504 3.9970180253 2.3528425413 -0.0397323932
4771 308810.6 113.8441637816 34.0843056145 3776729.865738 762542.1705356998 56.703315693 -0.1995384018 0.8794529637 59.3108414084 3.6038986279 2.1182507786 0.0210856999
4772 308810.86 113.8441732461 34.084310267 3776730.406391 762543.0300889 56.7029118892 -0.0790238604 0.9232536612 59.2120644597 3.1205849852 1.8345164196 -0.0181705122
4773 308811.04 113.8441789787 34.0843131002 3776730.735547 762543.5506716998 56.7036968721 -0.0542976406 0.8905592027 59.161329285 2.7728248068 1.6388417144 0.0009793768
4774 308811.4 113.8441884524 34.0843178219 3776731.283897 762544.4108556 56.7040673634 -0.049492138 0.9140409981 59.0656773913 2.1053572598 1.2502484679 -0.0016161853
4775 308811.93 113.8441978107 34.0843225102 3776731.828254 762545.2604996 56.7073025461 -0.0472794406 0.9648536271 58.9638909372 1.2113792443 0.7210766594 0.001554657
