50156 353554.84 113.8467810029 34.0875027798 3777091.409381 762773.9501179 57.3068044884 0.8323221298 0.3620102546 266.0048233957 -5.1736190993 -0.3333064616 0.0348977002
50157 353555.04 113.8467698923 34.0875021228 3777091.307872 762772.9262672 57.3199957497 0.6758316886 0.2996781828 265.1780680516 -5.0842638507 -0.400519854 0.0629239327
50158 353555.24 113.8467589921 34.087501342 3777091.193176 762771.9222237 57.3349860636 0.6051140251 0.2231735551 264.325120543 -4.9826454736 -0.4682649314 0.0833532967
50159 353555.29 113.8467563003 34.0875011284 3777091.162543 762771.6743385 57.3394288449 0.5736755336 0.1953635196 264.0956202052 -4.9593001997 -0.4827368043 0.081984581
50160 353555.5 113.8467451288 34.0875001428 3777091.024421 762770.6458765 57.3501712372 0.5565736902 0.1647327777 263.0655949358 -4.8656720324 -0.5566843992 0.0225587625
50161 353555.71 113.846734181 34.087499004 3777090.86986 762769.6385458 57.3592341952 0.6012459086 0.0444076964 261.9892868237 -4.7636610926 -0.6471799484 0.0526173813
50162 353555.92 113.8467234639 34.08749771 3777090.698674 762768.6529957 57.3701688014 0.4769891968 -0.0644221883 260.8948711568 -4.6668333408 -0.7117827691 0.0364821528
50163 353556.14 113.8467124488 34.0874962168 3777090.5046230014 762767.6405377 57.3787500355 0.3623325338 -0.0610793408 259.7615180095 -4.5686689035 -0.7945923168 0.0354517854
50164 353556.36 113.8467016636 34.0874945635 3777090.293388 762766.6498091 57.3892995212 0.2725833299 -0.0636668762 258.6266164458 -4.4677855082 -0.8657744005 0.0212320225
50165 353556.48 113.8466958804 34.0874936046 3777090.172096 762766.1187891 57.3906364301 0.3238361241 -0.0443196855 257.9946535933 -4.4143335097 -0.9008357009 -0.0063808715
50166 353556.71 113.8466849926 34.0874916495 3777089.927111 762765.119523 57.3933219453 0.3551474049 -0.0460451616 256.7959936292 -4.3065878623 -0.98219186 0.0173165599
50167 353556.94 113.8466743729 34.0874895522 3777089.66703 762764.1454444 57.4006178956 0.2774869559 -0.0476315458 255.59620177 -4.1961188258 -1.0420506989 0.0315915844
50168 353557.18 113.8466635988 34.0874872237 3777089.380892 762763.1578304 57.407012647 0.1610248733 -0.0419950625 254.3862643994 -4.0753679009 -1.1049558856 0.012113197
50169 353557.42 113.8466530924 34.0874847505 3777089.079383 762762.1953793 57.411830632 0.1057677551 -0.1106662746 253.1388331928 -4.0193366322 -1.1844629177 -0.0013983921
50170 353557.66 113.846642476 34.0874820477 3777088.752116998 762761.2234902 57.411507953 0.2032321932 -0.0459302658 251.9158278977 -4.1245957612 -1.3081412933 -0.0032711126
50171 353557.77 113.8466375216 34.0874807208 3777088.592119 762760.7701314 57.4121628758 0.1633930665 -0.0348183433 251.3316435629 -4.1729777336 -1.3678400871 -0.0083822726
50172 353558.0 113.8466270245 34.0874777246 3777088.232599 762759.810158 57.4144892795 0.1881603141 -0.187451129 250.0819832695 -4.2314272707 -1.5016691563 0.0135789851
50173 353558.23 113.846616475 34.0874745054 3777087.848192 762758.8460337 57.4166294392 0.2814465741 -0.0736334913 248.834789492 -4.210924753 -1.5871282124 -0.0149470818
50174 353558.46 113.8466060986 34.0874711004 3777087.443615 762757.8984659 57.4155426333 0.3537892974 -0.1527206325 247.5846574853 -4.0964213922 -1.6720944035 0.0062682607
50175 353558.69 113.8465959823 34.0874675696 3777087.025741 762756.9753048002 57.4215870332 0.2749330802 -0.1682711388 246.3409936067 -4.0070906164 -1.7172545499 0.0347226896
50176 353558.93 113.846585711 34.0874637751 3777086.578209 762756.0386571998 57.428371165 0.215604986 -0.1247221793 245.0624698899 -3.8816588484 -1.7733628948 0.0157589524
50177 353558.97 113.84658403 34.0874631311 3777086.502417 762755.8854301998 57.4290487142 0.2351808236 -0.1332748894 244.8507441905 -3.8654718152 -1.7801111471 0.0136119337
50178 353559.21 113.8465741212 34.0874592358 3777086.044633 762754.9825619998 57.432675154 0.3187103847 -0.1524100332 243.6136195876 -3.7432868264 -1.8241887595 0.0003367295
50179 353559.46 113.8465641376 34.0874551004 3777085.560014 762754.0735245 57.4375174688 0.3337205292 -0.1001843243 242.333194757 -3.6151842019 -1.8582161227 0.0104169506
50180 353559.71 113.846554527 34.0874509045 3777085.06963 762753.1991143002 57.4449801631 0.2684854432 -0.0644480627 241.1103509838 -3.4766517713 -1.87685381 0.0249684594
50181 353559.97 113.8465448378 34.0874464299 3777084.548123 762752.3183071 57.4491479862 0.1327439229 -0.198950091 239.8502888951 -3.4459142218 -1.9820323167 -0.0299621485
50182 353560.2 113.8465361603 34.0874422059 3777084.0570230014 762751.5301375998 57.4525924455 0.14627242 -0.3528918378 238.694117429 -3.5105184118 -2.0866438686 0.0340534635
50183 353560.44 113.8465269182 34.0874375069 3777083.511765 762750.6913116998 57.454516408 0.194448117 -0.2992839544 237.4820209411 -3.6002219473 -2.2499366755 -0.0302302479
50184 353560.68 113.8465174375 34.08743244 3777082.925058998 762749.8315846998 57.4521738868 0.3520442735 -0.3198025895 236.2067784025 -3.690562773 -2.4379246448 -0.0181062676
50185 353560.91 113.846508113 34.0874271888 3777082.3183 762748.9868608002 57.4523899024 0.5233688353 -0.4447092463 234.940856013 -3.7942623768 -2.6246706904 -0.0045012692
50186 353561.13 113.846498958 34.0874217964 3777081.696311 762748.1582116998 57.4579522321 0.5719525569 -0.453218905 233.5613266868 -3.8709548535 -2.8019956676 0.0264072117
50187 353561.28 113.8464926597 34.0874179373 3777081.2518339986 762747.5885971 57.4660899369 0.4936950431 -0.3181411585 232.5381085075 -3.8754333527 -2.9039978681 0.0303911427
50188 353561.49 113.8464838634 34.0874122922 3777080.602723 762746.7938563002 57.4766461598 0.3743769804 -0.2179855516 231.0292674986 -3.8518387582 -3.0593926643 0.0197957313
50189 353561.7 113.8464751413 34.0874063446 3777079.92024 762746.0069093 57.4856819436 0.3433570713 -0.3548532699 229.4397618561 -3.821217204 -3.2150024394 0.0175688085
50190 353561.9 113.846466901 34.087400423 3777079.241873 762745.2643533002 57.4921880895 0.4333292989 -0.2997165005 227.8870505585 -3.7869855876 -3.3466405516 0.0057324154
50191 353562.1 113.8464587673 34.0873942461 3777078.535448 762744.5324399 57.4986564424 0.4894494296 -0.3419955649 226.3146705223 -3.7208948256 -3.5004670343 0.0080198259
50192 353562.14 113.8464571576 34.087392976 3777078.39036 762744.3877408 57.499060927 0.4995058717 -0.3560569778 226.0027079665 -3.7098289559 -3.5288176332 0.0063327477
50193 353562.34 113.8464491731 34.0873864859 3777077.64956 762743.670564 57.5035548257 0.5150018168 -0.3115357034 224.4163982152 -3.6627404776 -3.658563606 0.0376472957
50194 353562.54 113.846441316 34.0873797517 3777076.882001 762742.9659167 57.510760556 0.4428644732 -0.2785455702 222.8888218129 -3.5916799112 -3.7999419324 0.0332609531
50195 353562.73 113.846433986 34.0873731189 3777076.127054 762742.309618 57.515300015 0.4441622888 -0.3179945366 221.5141097621 -3.5367021718 -3.9281884614 0.0176610575
50196 353562.92 113.8464267562 34.0873662787 3777075.3493489986 762741.6632156002 57.5195386186 0.4059515445 -0.3157916448 220.2420383832 -3.4915353539 -4.0477703999 0.0215295438
50197 353563.01 113.8464233686 34.0873629662 3777074.973019 762741.3606681 57.5218926966 0.3551835077 -0.3509940815 219.6691956176 -3.4651164047 -4.1055718936 0.0176171589
50198 353563.2 113.84641631 34.0873558148 3777074.16121 762740.7310326 57.5259553911 0.0297634309 -0.2319025208 218.5052769031 -3.4220141093 -4.2229979908 0.028459663
50199 353563.39 113.8464093047 34.0873484842 3777073.329656 762740.1068691999 57.5306839533 -0.5248810723 0.0032533912 217.490530633 -3.3684116752 -4.34410304 0.0195647178
50200 353563.58 113.8464024181 34.0873409488 3777072.475687002 762739.4943023 57.5299791796 -0.6717288493 -0.1326453633 216.7293316911 -3.3475274058 -4.4409193674 -0.0732999707
50201 353563.76 113.8463958949 34.0873336733 3777071.651482 762738.914492 57.5035746479 -0.1897954681 -0.1435143702 215.9048263011 -3.3398179658 -4.5286903926 -0.1526000664
50202 353563.94 113.8463894342 34.0873262532 3777070.811396 762738.3408954 57.4952066457 -0.229683436 -0.0262921963 215.2695874986 -3.3080288876 -4.6040601862 0.0061972819
50203 353564.09 113.8463840836 34.08731997 3777070.100345 762737.8662800002 57.494032071 -0.2988516656 0.0293049741 214.7561550523 -3.2696724102 -4.6784480809 -0.0539694332
50204 353564.27 113.8463777339 34.0873123187 3777069.23489 762737.3036453 57.4847998396 -0.1407909561 -0.0816096065 214.168679903 -3.2349957004 -4.7284206808 -0.0718933553
50205 353564.45 113.8463714405 34.0873045946 3777068.361501 762736.7464333 57.4776524585 -0.0567674676 -0.0261192956 213.520398124 -3.2121961742 -4.7727259269 -0.0318661705
50206 353564.63 113.846365197 34.0872968093 3777067.481444 762736.1940201 57.4759724159 -0.1380305907 0.2558174744 212.8914244137 -3.1704239801 -4.8132696163 -0.0099497788
50207 353564.81 113.8463590629 34.0872889608 3777066.594657 762735.6519029002 57.4757906646 -0.3308109348 0.4880047822 212.305534048 -3.1104915185 -4.8417187996 -0.0198032877
50208 353564.99 113.846353046 34.0872810728 3777065.703788 762735.1207299 57.471684508 -0.4197619649 0.5620171643 211.7000025577 -3.0482801308 -4.8660622648 -0.0446723363
50209 353565.17 113.8463471563 34.0872731801 3777064.812728 762734.6013201 57.463171754 -0.532220412 0.6899006239 211.1102119998 -2.9867078583 -4.8647698306 -0.0650658979
50210 353565.34 113.8463417063 34.0872657233 3777063.971164 762734.1211505998 57.4548427528 -0.5526148626 0.7291681657 210.5402327553 -2.9155807373 -4.8728275662 -0.0418520761
50211 353565.52 113.8463360951 34.0872578056 3777063.078047 762733.6275323002 57.4465281675 -0.5825864097 0.5600812801 209.9608646148 -2.8452315288 -4.8816517561 -0.0677099087
50212 353565.7 113.8463305932 34.0872498864 3777062.185041 762733.1440106 57.4327563252 -0.5481132372 0.56598523 209.3556468652 -2.7956076349 -4.8760545762 -0.0691462226
50213 353565.88 113.846325216 34.0872419719 3777061.292875 762732.6719795 57.4241237901 -0.611577749 0.6211531055 208.7880140452 -2.7137518715 -4.8813427384 -0.0436543179
50214 353566.06 113.8463199894 34.0872340549 3777060.400824 762732.2138744 57.4139750395 -0.5614429523 0.5421764255 208.2065080707 -2.6484788622 -4.874538419 -0.0803316204
50215 353566.25 113.846314612 34.0872257089 3777059.460774 762731.7431626 57.4017994348 -0.4607124091 0.5782396979 207.5733933762 -2.5791482543 -4.8629797282 -0.0678894023
50216 353566.44 113.8463093831 34.0872173747 3777058.522415 762731.2861224 57.3933136249 -0.5669869276 0.6614755889 206.958393743 -2.5059982003 -4.855660054 -0.0503121067
50217 353566.56 113.8463061472 34.0872121224 3777057.931205998 762731.0035877 57.3900764389 -0.6671062796 0.7366575597 206.5476997886 -2.4690099655 -4.8485294866 -0.033533636
50218 353566.75 113.8463011635 34.0872038132 3777056.996252 762730.5691156 57.3823679071 -0.7160171345 0.7765653568 205.9346541616 -2.3901610067 -4.8439860878 -0.0746955485
50219 353566.94 113.8462963236 34.0871955231 3777056.0637879986 762730.1478554 57.3679370526 -0.5564444596 0.770561424 205.2976458282 -2.3248697583 -4.8275353931 -0.0762018478
50220 353567.13 113.8462916247 34.0871872644 3777055.135168 762729.7395311998 57.3576224744 -0.4453639523 0.876733613 204.6386374205 -2.2400756638 -4.8148105192 -0.0535203257
50221 353567.32 113.846287094 34.0871790253 3777054.209167 762729.3466704 57.3485957226 -0.4466767 0.9184306173 203.9737022394 -2.1731706412 -4.7971054886 -0.0520556304
50222 353567.52 113.8462824884 34.087170387 3777053.23866 762728.9481239 57.3434350248 -0.4638094808 0.9719494115 203.245028933 -2.0896939704 -4.7775630233 -0.0278079287
50223 353567.72 113.8462780608 34.0871617873 3777052.2729 762728.5658971998 57.3370858598 -0.3254634318 0.9956938666 202.5231416047 -2.0045563331 -4.7565972741 -0.0585488891
50224 353567.77 113.8462769813 34.087159644 3777052.03226 762728.4728453 57.3344007265 -0.2773216272 1.0006875326 202.3303049313 -1.9850166591 -4.7504208505 -0.0623105287
50225 353567.97 113.8462727806 34.0871510981 3777051.073063 762728.1114083 57.3257523207 -0.1718691959 0.9913678378 201.5071093728 -1.897099027 -4.7247227421 -0.0308684663
50226 353568.17 113.8462687759 34.087142612 3777050.120989 762727.7678741 57.326186616 -0.260234408 1.0199779737 200.5848805014 -1.8091258134 -4.6957392854 0.0064646939
50227 353568.38 113.8462648028 34.0871337582 3777049.128201 762727.4283989002 57.326998163 -0.3318397273 1.0150476007 199.5421523614 -1.6872115879 -4.6743359566 -0.0272836764
50228 353568.59 113.8462610868 34.087124945 3777048.14058 762727.1125418 57.3217404783 -0.2268911738 0.9098479319 198.509641965 -1.5792057642 -4.6527573503 -0.0379516041
50229 353568.8 113.846257599 34.0871161859 3777047.159549 762726.8175819998 57.3195908153 -0.2602155386 0.8497785693 197.4748818519 -1.4860069811 -4.6174270241 -0.0187011071
50230 353568.87 113.846256486 34.0871132779 3777046.833965 762726.723809 57.318786676 -0.2787061864 0.8577591653 197.1400576524 -1.4523641576 -4.6116637369 -0.0250779707
50231 353569.08 113.8462532941 34.0871045904 3777045.8616370014 762726.4559475002 57.3177775638 -0.3603363452 0.8078956522 196.1408613486 -1.34699833 -4.5801834526 -0.0054098185
50232 353569.3 113.8462501983 34.0870955426 3777044.849567 762726.1980814 57.3150981422 -0.309261484 0.6997284959 195.0986132664 -1.2545004756 -4.5377721155 -0.0277265839
50233 353569.52 113.8462473134 34.0870865781 3777043.847297 762725.9594238001 57.3077736469 -0.1302085741 0.7502193617 194.0654034589 -1.1625937472 -4.4948907246 -0.0332599719
50234 353569.74 113.8462446833 34.0870776943 3777042.854632 762725.7440411998 57.3063564831 -0.1504871419 0.6269617331 193.0645605165 -1.0495326904 -4.4506430953 -0.0087549295
50235 353569.97 113.8462421734 34.0870685192 3777041.829947 762725.5406645002 57.3076604521 -0.0613984461 0.4945753478 192.0419355146 -0.962354758 -4.3919087172 -0.0031063685
50236 353570.04 113.8462414539 34.087065752 3777041.520999 762725.4827846999 57.3075272916 -0.0211483925 0.492317339 191.7347697141 -0.9343572492 -4.3716560436 -0.0156098498
50237 353570.27 113.8462392688 34.0870567487 3777040.51622 762725.3088716 57.304794102 -0.0283127611 0.4426972663 190.9200744045 -0.8376637579 -4.3179117653 -0.0022138482
