50645 353751.63 113.8465266431 34.0869948174 3777034.382663 762752.0349765002 57.2376628956 0.1543788944 0.7350567313 10.9596790204 0.7369292689 3.9184981313 -0.0129749665
50646 353751.89 113.8465286802 34.0870038161 3777035.3865620014 762752.1952474 57.2370125372 0.1421403474 0.6043244306 11.0671286772 0.7286621106 3.7599730496 -0.0028478236
50647 353752.16 113.8465307712 34.0870127453 3777036.382874 762752.3607059 57.2355211787 0.239341623 0.8092023085 11.169962088 0.699227705 3.5878983448 -0.0017721277
50648 353752.45 113.8465328994 34.0870218457 3777037.398289 762752.5290615 57.2400739845 0.2940699131 0.6878531883 11.2841635408 0.6547328735 3.4049647823 0.0049554053
50649 353752.75 113.8465350067 34.087030779 3777038.395098 762752.6960156 57.2377864746 0.4268549287 0.7021464525 11.3996721483 0.6409574231 3.2303129432 0.0056123213
50650 353753.04 113.8465369834 34.0870389673 3777039.308901 762752.853207 57.2466085311 0.2671447855 0.8259906301 11.4624237044 0.6164313681 3.0552766288 0.0119231519
50651 353753.38 113.8465392991 34.0870479391 3777040.310524 762753.0392814998 57.2521270197 0.1437276951 0.8030964524 11.5570378274 0.5916479665 2.8825146368 0.0094136213
50652 353753.74 113.8465416471 34.0870568996 3777041.310979 762753.2283676 57.2532251198 0.0777683064 0.8341899913 11.6523775201 0.5550283755 2.7214453734 0.0052722202
50653 353754.12 113.8465440006 34.0870658387 3777042.309063 762753.418035 57.2541958392 -0.1660031291 0.7876103365 11.7207246972 0.5465489011 2.5645530096 -0.0013731347
50654 353754.52 113.8465463733 34.0870747742 3777043.306807 762753.6094817 57.2497176547 -0.2081294747 0.8487577787 11.8260919963 0.5141550858 2.4327983234 0.0007378899
50655 353754.94 113.8465487544 34.0870837152 3777044.305182 762753.8016919 57.2445900776 -0.218898165 0.7650957938 11.9256092878 0.4951370503 2.3412067008 -0.0246433533
50656 353755.37 113.846551123 34.0870925576 3777045.292573 762753.9930486 57.2343507549 -0.0588447966 0.7160581313 12.0205045133 0.487814077 2.2596336833 -0.0208931699
50657 353755.82 113.8465535473 34.0871015164 3777046.293034 762754.1891858 57.2295018695 0.0325608434 0.6101120224 12.6081070307 0.4911827776 2.1892812987 -0.0318122248
50658 353756.28 113.8465561375 34.087110356 3777047.280697 762754.4010157 57.2226877706 0.1933294265 0.4483906304 14.8408558757 0.553451395 2.1027962625 -0.0177824646
50659 353756.36 113.8465566193 34.0871118579 3777047.448615 762754.4408606 57.2224387769 0.2073145181 0.4181540278 15.3344219161 0.5630718475 2.0895730785 -0.0128549237
50660 353756.83 113.8465597624 34.0871205013 3777048.415917 762754.704341 57.2205904676 0.218146664 0.3115684633 18.5688969494 0.6749994989 2.0204611118 -0.0089570992
50661 353757.31 113.8465635056 34.0871290737 3777049.376891 762755.0234599 57.2207592316 0.1338727077 0.2831863954 21.8656705062 0.7859607961 1.9499391605 -0.0177976012
50662 353757.41 113.8465643491 34.0871308317 3777049.57416 762755.0959011 57.2202610411 0.1471224871 0.2575500904 22.5480228022 0.7950472445 1.9463894231 -0.0214330106
50663 353757.89 113.846568738 34.0871390879 3777050.501705 762755.4756189998 57.2185113551 0.1826609708 0.3790784975 25.6950486318 0.9045920238 1.8824818827 -0.0195451913
50664 353758.37 113.8465735752 34.0871471466 3777051.408479 762755.8973313002 57.2202070374 0.0754600386 0.2557376388 28.6776027616 0.9931195958 1.8287860465 -0.0169475424
50665 353758.45 113.846574428 34.0871484698 3777051.557521 762755.9719861 57.2199587002 0.0623456426 0.2231758217 29.1793868497 1.0048623786 1.8225073517 -0.0226113124
50666 353758.93 113.8465798807 34.087156275 3777052.4377440014 762756.4513209001 57.218378637 -0.0094393476 0.3264164496 32.109805292 1.1150225674 1.7711765701 -0.0164145487
50667 353759.41 113.8465858607 34.087163877 3777053.296787 762756.9799665 57.2181280004 -0.1100424767 0.4797423637 34.9770209942 1.1981336852 1.7224826613 -0.0261290627
50668 353759.48 113.8465867701 34.0871649692 3777053.420328 762757.0605611 57.2177055208 -0.1122673701 0.5059076232 35.3980383637 1.2144429587 1.713671731 -0.0268083833
50669 353759.96 113.8465932877 34.0871723011 3777054.250776 762757.6396792 57.214629096 -0.1409519643 0.4582023393 38.2559143677 1.3082388652 1.6486905035 -0.0329029696
50670 353760.44 113.8466002591 34.0871793339 3777055.049191002 762758.2616351 57.2088497765 -0.1305024033 0.5829675228 41.1029531707 1.3828126961 1.5831030877 -0.0306278107
50671 353760.46 113.8466005579 34.0871796208 3777055.081802 762758.2883379002 57.2086624429 -0.1422806021 0.5908956599 41.2222992094 1.384110457 1.5815154678 -0.029724261
50672 353760.94 113.8466079546 34.0871863397 3777055.846483 762758.950523 57.2047762144 -0.17781132 0.7144795538 44.0775004747 1.4675842829 1.5047093567 -0.024426748
50673 353761.42 113.8466157372 34.0871927586 3777056.5788550014 762759.6492761 57.1998367701 -0.2299316535 0.7584513667 46.8781787115 1.5374694379 1.4390771338 -0.0341610215
50674 353761.9 113.8466239315 34.0871988842 3777057.279742 762760.386945 57.193073092 -0.3003808226 0.8864090693 49.6412481804 1.6209246172 1.3764373303 -0.0315607251
50675 353762.37 113.8466323301 34.087204639 3777057.940004 762761.1446258002 57.1850866741 -0.3630034305 0.9697590021 51.6997962646 1.6895651468 1.3204848846 -0.0304952219
50676 353762.84 113.8466409918 34.0872102211 3777058.581774 762761.9271363001 57.17439688 -0.3589078336 0.9269944426 53.1116176727 1.7254389119 1.2899400069 -0.0451594855
50677 353763.31 113.846649847 34.0872156535 3777059.207432 762762.7279808002 57.1659155972 -0.2091070315 0.8722915596 54.1967938001 1.7449142435 1.257769543 -0.0250378706
50678 353763.74 113.8466580157 34.0872204829 3777059.764408998 762763.4672946 57.160774488 -0.0425160992 0.8889228243 54.9446855807 1.7634720323 1.2268300562 -0.0535062502
50679 353764.21 113.8466670071 34.0872256729 3777060.363518 762764.2814558 57.1570906173 0.0222153037 0.8817055217 55.562928337 1.773561155 1.2097970245 -0.027199958
50680 353764.68 113.8466759845 34.0872307993 3777060.955529 762765.0945238002 57.1607657885 -0.1074292896 0.6096597594 56.1255017651 1.7704799337 1.1903099521 -0.0261093175
50681 353765.15 113.846685035 34.0872358159 3777061.535545 762765.9146795 57.1599882282 -0.1699057247 0.6490097532 56.6777495163 1.7920406977 1.1660730258 -0.0262069737
50682 353765.62 113.8466941605 34.0872407378 3777062.105251 762766.7420571 57.1585910246 -0.2037943979 0.8088274951 57.2422370373 1.8026931028 1.151331884 -0.0323227118
50683 353766.09 113.8467034273 34.0872456522 3777062.674481 762767.5825013 57.1538037239 -0.1845374832 0.7482662421 57.8391370074 1.8546243282 1.1655140741 -0.0341165176
50684 353766.38 113.8467093154 34.0872487051 3777063.0284339986 762768.1167335 57.1525510736 -0.1593099664 0.7036946041 58.1939529697 1.8938156469 1.168355949 -0.0284533533
50685 353766.83 113.846718738 34.0872534629 3777063.580686 762768.9720439 57.1494295765 -0.174530794 0.8184954462 58.7528269328 1.9835954943 1.195262913 -0.0238811303
50686 353767.25 113.8467280812 34.0872580807 3777064.117203 762769.820467 57.1470405627 -0.2248887571 0.8923462658 59.3371046617 2.1287747457 1.2563196717 -0.0267552881
50687 353767.64 113.8467376556 34.0872627097 3777064.655553 762770.6901941 57.1440328164 -0.2354384308 0.8358892516 59.955462494 2.4369635912 1.4033540603 -0.0308568964
50688 353767.98 113.846747316 34.08726727 3777065.186502 762771.5680712 57.1388050709 -0.2224822535 0.7317913117 60.7078892479 2.8119740208 1.5831906414 -0.0288464588
50689 353768.28 113.8467570587 34.087271758 3777065.7096379986 762772.4537783002 57.1318712272 -0.044738843 0.6268651227 61.5680196482 3.1881357239 1.7159401513 -0.0236607214
50690 353768.52 113.8467656771 34.0872755861 3777066.156642 762773.2377175002 57.1261680033 0.0286710233 0.6004461567 62.3918877824 3.4353867979 1.8044939051 -0.0395570566
50691 353768.78 113.8467756026 34.0872798514 3777066.655532 762774.140984 57.1224597096 -0.0187211734 0.4287124086 63.3518236527 3.5921615096 1.8195393364 -0.0095517211
50692 353769.03 113.8467854274 34.0872838915 3777067.129179 762775.0356563 57.1251352672 -0.1936167717 0.423183887 64.343495259 3.6572925864 1.7523544026 -0.0482488523
50693 353769.28 113.8467953458 34.0872877543 3777067.583382 762775.9395216998 57.121106606 -0.1689663884 0.6667216718 65.3492836491 3.6770887709 1.6747080794 -0.0145008095
50694 353769.53 113.8468052844 34.0872914911 3777068.02366 762776.8456376998 57.1191938259 -0.2221893677 0.5066764229 66.3463644423 3.6804354449 1.6170203547 -0.0316109051
50695 353769.57 113.8468068788 34.0872920725 3777068.092277 762776.9910578 57.1183780329 -0.2262441834 0.5193473645 66.5129721351 3.6871104585 1.6021209189 -0.0366716406
50696 353769.83 113.8468172556 34.0872956993 3777068.52148 762777.9379726 57.115004655 -0.2321489762 0.8477493165 67.5558293944 3.6919175925 1.482789563 -0.0003720623
50697 353770.09 113.8468275776 34.0872991441 3777068.930331 762778.8803913 57.1124719866 -0.2639583297 0.7900352353 68.6327742711 3.6495261305 1.4549123694 -0.031815372
50698 353770.35 113.8468378344 34.0873024078 3777069.318922 762779.8173510998 57.1059159227 -0.1599999827 0.6174408563 69.6886836519 3.643361941 1.3400043602 -0.0199964547
50699 353770.57 113.8468465134 34.0873049633 3777069.624856 762780.6108199002 57.1030309666 -0.2113130598 0.8630037308 70.5521156414 3.6370909278 1.2627692078 -0.0265309338
50700 353770.84 113.8468571177 34.0873079534 3777069.983983998 762781.5807096999 57.099155576 -0.2504698395 0.747192447 71.7196539756 3.6176720629 1.2023677057 -0.0094940383
50701 353771.11 113.8468676683 34.0873107566 3777070.3222199986 762782.546222 57.0975053459 -0.3154558491 0.5446935557 73.1877761325 3.6071663365 1.0873101939 -0.0211309974
50702 353771.38 113.8468782119 34.0873132542 3777070.626528 762783.5120316 57.0896279076 -0.259350731 0.6398260822 74.8945178992 3.6088709375 0.9641966023 -0.0409632109
50703 353771.54 113.8468844564 34.0873146126 3777070.793358 762784.0844139 57.0845774105 -0.2136040345 0.6017068501 75.9395715649 3.6103924333 0.9042626798 -0.0230391189
50704 353771.82 113.8468953746 34.0873167433 3777071.057915 762785.085951 57.0805901364 -0.2216833433 0.5524395415 77.6604437559 3.6005209775 0.7787527546 -0.0230505989
50705 353772.1 113.8469062647 34.0873185747 3777071.289179 762786.0858106 57.074978916 -0.1904500921 0.5869349797 79.3167221088 3.5892161571 0.6588159527 -0.0286087258
50706 353772.38 113.8469171102 34.0873201363 3777071.490392 762787.0823944998 57.0682072323 -0.2083615011 0.6295794958 80.7470841067 3.5754388771 0.5726933115 -0.0299927541
50707 353772.52 113.8469225108 34.0873208416 3777071.582565 762787.5788721 57.0666947383 -0.2167618159 0.5611234236 81.4101054646 3.5614378183 0.5363583451 -0.0129127193
50708 353772.8 113.8469332588 34.0873220679 3777071.746307 762788.5674933002 57.0639278414 -0.3008837818 0.6449547378 82.7268646582 3.5423528321 0.4355261027 -0.0119261913
50709 353773.09 113.8469443293 34.0873231269 3777071.892331 762789.5864010998 57.0570922503 -0.2817517269 0.6275961337 83.9112492292 3.521103546 0.3612318882 -0.0332644218
50710 353773.38 113.8469553089 34.0873240309 3777072.020908002 762790.5974014 57.0524131535 -0.3348926642 0.6568795504 84.6981630505 3.4917331208 0.2946430494 -0.0233121845
50711 353773.67 113.846966218 34.0873248109 3777072.135544 762791.6022652 57.0450432086 -0.3989451973 0.6980275211 85.1282415003 3.4718312239 0.2813644122 -0.0153670945
50712 353773.96 113.846977051 34.0873255508 3777072.245529 762792.6002395 57.0381457545 -0.3375716192 0.6271550246 85.3021680074 3.4430078402 0.2708469963 -0.0282632889
50713 353774.26 113.8469881834 34.0873262665 3777072.353609 762793.625925 57.03087941 -0.2496946501 0.6705285533 85.504645686 3.426361718 0.2534761823 -0.0443713075
50714 353774.56 113.8469992342 34.087326949 3777072.457792 762794.644187 57.023347632 -0.0954063152 0.7173497384 85.7195164548 3.3933986204 0.2332101253 -0.0228307818
