51135 354005.77 113.8465022067 34.0870017555 3777035.089755 762749.7571956 57.2735658856 0.0396874482 0.5718696344 17.4072652741 2.0810074602 6.6809760773 -0.0107132916
51136 354005.92 113.8465056338 34.0870107529 3777036.097086 762750.0458163 57.2750954432 0.0707625591 0.6703214113 17.9987622211 2.1368600069 6.6114819211 0.0234233362
51137 354006.07 113.8465091427 34.0870196634 3777037.094979 762750.3422461 57.2761438824 0.229476518 0.6612355116 18.6369220746 2.178222769 6.5567071497 -0.0131810128
51138 354006.2 113.8465122236 34.0870273129 3777037.951818 762750.6030672 57.2783624837 0.2710146142 0.4758493922 19.2502328868 2.2189731365 6.4953328274 0.0268094994
51139 354006.35 113.846515884 34.0870360444 3777038.930236 762750.9140432 57.2848707195 0.123769982 0.3586091024 20.0239727766 2.3052577664 6.4101209445 0.0562117825
51140 354006.5 113.8465196755 34.0870446673 3777039.89693 762751.2374663 57.2934754686 0.0035222186 0.2838874925 20.9100288932 2.3833246722 6.3388946201 0.0318585248
51141 354006.65 113.8465235854 34.087053194 3777040.853266998 762751.5721094 57.2940376019 -0.006091995 0.0990971001 21.9400639482 2.4620691996 6.2676180468 -0.0167145638
51142 354006.8 113.8465276781 34.0870615948 3777041.79609 762751.9240299 57.295319858 -0.1217958202 0.0261157464 23.0769157914 2.5802713954 6.1689130136 0.033701494
51143 354006.95 113.8465319505 34.0870698726 3777042.725725 762752.2929232 57.298393162 -0.397890326 0.0203023158 24.300300828 2.7013875401 6.0724122148 0.0050072376
51144 354007.0 113.8465334191 34.0870726047 3777043.032714 762752.4200699 57.2980115414 -0.4768716626 0.0908009305 24.7104554939 2.7447847592 6.042148708 -0.0192959376
51145 354007.16 113.8465382919 34.0870812573 3777044.005491 762752.8432373 57.2919690562 -0.5182796235 0.2364082412 26.0021119956 2.8664248162 5.9448934086 -0.0439019262
51146 354007.32 113.8465433366 34.087089794 3777044.965843 762753.2826418 57.282521164 -0.5142091123 0.1561619959 27.4113581128 2.9799544487 5.8557899461 -0.0636569655
51147 354007.48 113.8465486133 34.0870981725 3777045.909245 762753.7439507 57.2723175054 -0.3125171629 0.0893534924 28.7592813423 3.1130441472 5.7382677641 -0.0376736999
51148 354007.64 113.8465540858 34.087106397 3777046.836058 762754.2238117 57.2659522798 -0.1881737621 0.0215746817 30.1461109455 3.2230490981 5.634479113 -0.0420661267
51149 354007.79 113.8465593989 34.0871139573 3777047.68875 762754.6910194 57.2588180145 -0.032579127 -0.0668838755 31.421923552 3.3180545695 5.5271821588 -0.0240235679
51150 354007.95 113.8465652512 34.0871218494 3777048.579649 762755.2069819 57.2586680334 0.0394031276 -0.0998010212 32.8036080401 3.4387359564 5.3953253223 0.009698494
51151 354008.11 113.8465712913 34.0871295556 3777049.450401 762755.7408520002 57.258200584 0.0006155379 -0.1183762198 34.1755946376 3.5389327359 5.2796426165 -0.0117610788
51152 354008.27 113.8465775135 34.0871370675 3777050.300064 762756.2921449002 57.2617796063 -0.1089283875 -0.1162833652 35.5229885142 3.6442101154 5.1462536799 0.0362177674
51153 354008.43 113.8465839235 34.0871443901 3777051.1292 762756.8613619 57.2644206528 -0.2251767413 0.051399326 36.8625489064 3.7465533505 5.0232089796 -0.0239868378
51154 354008.59 113.8465904803 34.0871515499 3777051.940643 762757.4446415999 57.2587026209 -0.1573637702 -0.0072487444 38.2545965402 3.8209271287 4.9130314214 -0.0272500664
51155 354008.76 113.8465976249 34.0871589598 3777052.781358 762758.0814173 57.2582090991 -0.3503402611 0.0873100451 39.6992348969 3.934644472 4.7669502073 -0.0096255002
51156 354008.93 113.8466049622 34.0871661528 3777053.598494 762758.7366575 57.2551595354 -0.4435819649 0.3366822282 41.1547378108 4.0289727018 4.6261953734 -0.0261187847
51157 354009.1 113.8466124579 34.0871731605 3777054.395480002 762759.4070926 57.2479689252 -0.3676769757 0.4143086612 42.6299435149 4.1148081526 4.5111411174 -0.0713923973
51158 354009.27 113.8466201347 34.0871799664 3777055.170524 762760.0948759 57.2394509138 -0.3529238454 0.5645871911 44.0543684843 4.2173510582 4.366030597 -0.0341755056
51159 354009.37 113.8466247316 34.0871838642 3777055.614926999 762760.5072798 57.238022685 -0.3979655621 0.7112491433 44.8951149928 4.2655985173 4.2827774976 -0.0198701396
51160 354009.54 113.8466326481 34.0871903425 3777056.354239 762761.2182048 57.2345371665 -0.3877869769 0.7112660571 46.3247750852 4.3274949802 4.16532086 -0.0394841328
51161 354009.71 113.8466406942 34.0871966252 3777057.07218 762761.9417080998 57.2286689384 -0.3589291709 0.5664434426 47.7252416354 4.3998154171 4.0273757397 -0.0330961856
51162 354009.88 113.8466488713 34.0872026959 3777057.766929 762762.6779622 57.2250286099 -0.3283547592 0.4846210922 49.1200599604 4.4675333632 3.8929750876 -0.0279451642
51163 354010.05 113.84665715 34.0872085676 3777058.439858 762763.4242116 57.2211194653 -0.1816976574 0.3914854921 50.5048061233 4.525909845 3.7544412943 -0.0282035822
51164 354010.08 113.8466586199 34.0872095806 3777058.556059 762763.5568034998 57.2204335872 -0.1580391485 0.3745903635 50.7485658747 4.5353572982 3.7277100293 -0.0246408477
51165 354010.26 113.8466675084 34.0872155158 3777059.237598001 762764.3591591999 57.2144225836 0.0197737194 0.56736075 52.2074291672 4.5989212704 3.5680228972 -0.0367553274
51166 354010.44 113.8466764937 34.087221218 3777059.893536 762765.1711739 57.2139224205 -0.0729697731 0.4789773128 53.6470403571 4.6338896188 3.4437925148 0.0213220471
51167 354010.62 113.8466855613 34.0872266918 3777060.5243379986 762765.9914965 57.2180335857 -0.1991068664 0.3272993348 55.0259772548 4.6796266337 3.2906916844 0.0311561881
51168 354010.8 113.8466947134 34.0872319281 3777061.128994 762766.8203524002 57.2197819566 -0.3073203714 0.2801895813 56.3834103055 4.7200891902 3.1556474939 -0.0293306721
51169 354010.81 113.846695224 34.0872322126 3777061.161883998 762766.8666188002 57.2194953756 -0.3109459972 0.2944953914 56.4609177415 4.7210541924 3.1473372682 -0.0321775672
51170 354010.99 113.8467044646 34.0872372015 3777061.739312 762767.7044128 57.2116138637 -0.3121884793 0.481858417 57.8293272409 4.7648391273 2.9998662701 -0.0458107148
51171 354011.17 113.8467137535 34.0872420003 3777062.295772 762768.5472604 57.2088456741 -0.3642132958 0.4004733856 59.1818902557 4.7806926542 2.8833319464 0.0008286821
51172 354011.35 113.8467230974 34.0872465869 3777062.828829 762769.395834 57.2054141769 -0.3881473209 0.3704717609 60.5191266051 4.8173324423 2.7341181003 -0.0512449313
51173 354011.54 113.8467330345 34.0872511746 3777063.363526 762770.2991837 57.1973107457 -0.4519632972 0.5187122967 61.8900251736 4.8502624135 2.5927199566 -0.0302124852
51174 354011.57 113.8467346086 34.0872518763 3777063.44545 762770.4423575 57.1964804251 -0.466844806 0.5326697568 62.1056826471 4.8532712066 2.5708206458 -0.0275800985
51175 354011.76 113.8467446033 34.0872561949 3777063.950433 762771.3518532 57.1920778789 -0.6064480595 0.6078022693 63.4779055609 4.873906973 2.4410005814 -0.0416249307
51176 354011.95 113.8467546308 34.0872603041 3777064.432268 762772.2650269 57.1822384521 -0.5442319466 0.4116765637 64.8208291018 4.8850108475 2.3189085951 -0.053646643
51177 354012.14 113.8467646985 34.087264173 3777064.887526 762773.1826535999 57.1743774228 -0.4175527427 0.4967446474 66.1234471319 4.9029196604 2.1795685798 -0.0528785313
51178 354012.33 113.8467747818 34.0872678386 3777065.320282 762774.1023514 57.1634194395 -0.3341836937 0.5000798563 67.3929245916 4.9061599317 2.0663643049 -0.0587906152
51179 354012.39 113.8467779675 34.0872689563 3777065.452517 762774.3930479 57.1606335808 -0.33934341 0.4543473907 67.7677222416 4.9073194453 2.0305744005 -0.0377085517
51180 354012.58 113.8467880595 34.0872723483 3777065.854919 762775.3143963 57.1588792643 -0.4049881071 0.4462126125 68.789801838 4.9082458809 1.8967627314 0.0011793988
51181 354012.78 113.8467986628 34.0872757393 3777066.258532 762776.2829575 57.1536205327 -0.4317917844 0.4153466034 69.6989166164 4.8905960943 1.8177246864 -0.0391272231
51182 354012.98 113.8468092397 34.0872789493 3777066.641986 762777.2496354998 57.1446915204 -0.3563490215 0.6202699442 70.3958269515 4.8808300994 1.7119626811 -0.0464965421
51183 354013.18 113.8468197586 34.0872820469 3777067.012816 762778.2113103 57.1401253883 -0.4707665225 0.6061833289 70.9010746149 4.8376207144 1.7019749895 -0.0228811747
51184 354013.38 113.846830203 34.0872850716 3777067.37536 762779.1663305998 57.1318982094 -0.4018355277 0.4264302052 71.3744594015 4.8165169333 1.6106234978 -0.035210681
51185 354013.53 113.8468380066 34.0872872332 3777067.635336 762779.8801922 57.1270740051 -0.4048634055 0.6588069581 71.6821095514 4.7929728464 1.57113815 -0.0391479755
51186 354013.73 113.8468483495 34.0872900344 3777067.972824 762780.8265297 57.1187650431 -0.3306035209 0.8570777755 72.1585634694 4.7557748022 1.5269068918 -0.0462556545
51187 354013.94 113.8468591122 34.0872929297 3777068.3218269986 762781.8113410998 57.1140636914 -0.4244676299 0.6494963298 72.6922051421 4.7164814517 1.4848691531 -0.0316594945
51188 354014.15 113.8468698021 34.0872956721 3777068.653682 762782.7899023001 57.1073483676 -0.322654226 0.7014119859 73.2180991511 4.6891865038 1.3955310964 -0.0220276816
51189 354014.36 113.8468804067 34.0872982866 3777068.971115 762783.7609819 57.0998260742 -0.2169022533 0.8285348827 73.7913414982 4.6412199707 1.3603406756 -0.0568085114
51190 354014.57 113.8468909105 34.087300826 3777069.279965 762784.7229923998 57.0928652855 -0.190308277 0.7447504969 74.3662185753 4.6000324187 1.3012334299 -0.0036470983
51191 354014.79 113.8469018106 34.0873033393 3777069.586937 762785.7216746998 57.0921306592 -0.2279537269 0.7973008226 74.953278946 4.5543295661 1.2226392807 -0.0283502782
51192 354014.93 113.8469086883 34.0873048762 3777069.775201 762786.3519613001 57.0883151526 -0.2026246507 0.7722323691 75.3221131211 4.5185056404 1.2050583162 -0.0213489536
51193 354015.15 113.8469193923 34.0873072058 3777070.061269 762787.3331042 57.0848274445 -0.2033542839 0.6867393671 75.9361196226 4.4710567752 1.1317905479 -0.0203498111
51194 354015.37 113.8469299769 34.0873093896 3777070.330869002 762788.3036716 57.0816987408 -0.2126741953 0.7043819238 76.5179143472 4.4234644145 1.0639714225 -0.0208124041
51195 354015.6 113.8469409133 34.0873115522 3777070.599014 762789.3067853 57.0772290183 -0.1875693721 0.6154201166 77.1613609258 4.3701507262 1.0111858363 -0.0252911958
51196 354015.83 113.8469517192 34.0873135896 3777070.852926 762790.2982453 57.0730730426 -0.2062741042 0.5545477693 77.8004141547 4.3149985854 0.944921761 -0.0131916673
51197 354016.06 113.8469623943 34.0873154916 3777071.091473 762791.2780346 57.069566465 -0.3210902326 0.5702045633 78.4261644155 4.2608055169 0.892555012 -0.0168168197
51198 354016.24 113.8469706375 34.0873169003 3777071.2690199986 762792.0348119 57.0677120304 -0.3840281928 0.5529969107 78.9217242449 4.2155198363 0.8424244461 -0.0238495681
51199 354016.48 113.8469814976 34.0873186611 3777071.4923769985 762793.0321236 57.0652231211 -0.3605898362 0.5213278458 79.5403269162 4.1618986343 0.7762698317 -0.0284966628
51200 354016.72 113.8469922055 34.0873202904 3777071.700749 762794.0157926 57.0578846494 -0.2483904131 0.5658049238 80.1673206033 4.10462702 0.7182605087 -0.0537366147
51201 354016.97 113.8470031889 34.0873218536 3777071.902493 762795.0250997 57.0522721252 -0.0703967171 0.6425073725 80.790130257 4.0307129464 0.6679697819 -0.0043316716
51202 354017.22 113.8470139824 34.0873232958 3777072.090327 762796.0172474 57.0505898846 -0.0368185116 0.6017265324 81.4257887788 3.9544118103 0.6120887484 -0.0193438761
51203 354017.48 113.8470250033 34.0873246409 3777072.267958 762797.0306909998 57.0468941685 -0.0518101082 0.6101561626 82.1710825341 3.8781081001 0.5476845993 0.0018702369
51204 354017.63 113.8470312642 34.0873253456 3777072.3622800014 762797.6066128 57.0483132517 -0.2576390086 0.7238123443 82.6214346255 3.8391694607 0.5028781226 0.0028095769
51205 354017.9 113.847042364 34.0873265023 3777072.519211 762798.627927 57.0470601628 -0.461534496 0.6862075491 83.4837233379 3.762713249 0.4433086897 -0.0112999736
51206 354018.17 113.8470532541 34.087327489 3777072.656745 762799.6303981999 57.0426441422 -0.5829871785 0.6906011642 84.327713638 3.6865324836 0.3757566115 -0.0371619648
