5474 309000.77 113.8422500825 34.0913847152 3777510.5644519986 762343.6040446 57.9950584201 -0.1237742599 1.0931629596 272.808199209 -4.9996943431 0.2585994299 -0.0149610089
5475 309000.98 113.8422388265 34.0913851776 3777510.586847 762342.5633488002 57.9928911645 -0.0245702998 0.9678693106 272.601301441 -4.8921906282 0.2299848502 0.0037862469
5476 309001.19 113.8422277967 34.0913856085 3777510.606331 762341.5436416 57.998259021 -0.2118205602 0.9913129012 272.4074333221 -4.8107439675 0.2156709242 0.0189715687
5477 309001.4 113.8422169415 34.0913859986 3777510.621735 762340.5401773001 57.9981126171 -0.1786878852 0.9291790598 272.2146272705 -4.7358851889 0.1915754665 -0.0096505109
5478 309001.62 113.8422057519 34.0913863534 3777510.632358 762339.5059476999 57.9935332639 0.0129663725 0.8374126247 272.0400367164 -4.6592704191 0.1769964084 -0.0185899343
5479 309001.84 113.8421946937 34.09138669 3777510.641296 762338.483912 57.9920006106 0.0461630751 0.8850740141 271.7888912926 -4.6651064412 0.1522695094 -0.027433495
5480 309001.9 113.842191644 34.0913867724 3777510.642609 762338.2020781002 57.9898674265 0.1315536577 0.8604443267 271.726383709 -4.7140752215 0.1539348 -0.0338463899
5481 309002.11 113.8421807147 34.0913870401 3777510.644232 762337.192152 57.9896263592 0.3024566916 0.7682782057 271.5254019786 -4.9149398234 0.1386263574 0.0216004532
5482 309002.31 113.8421697606 34.0913872846 3777510.643221 762336.1800053002 57.9886679528 0.4864241945 0.8664226088 271.329495886 -5.2120743156 0.1320165175 -0.0158866672
5483 309002.5 113.8421587082 34.0913874843 3777510.63699 762335.1589261999 57.9874301366 0.7798068762 0.7680099213 271.1748473396 -5.5318984654 0.1023218538 0.0251161797
5484 309002.68 113.8421476294 34.091387659 3777510.627912 762334.1354817 57.990108137 0.9923083463 0.7875550024 271.0484608691 -5.8368098322 0.1210626373 0.0061880802
5485 309002.85 113.8421366267 34.0913878299 3777510.618606 762333.1190829 57.9950400433 0.9719511987 0.8932485435 270.9142846617 -6.1179243193 0.1052404431 0.0584523175
5486 309003.02 113.8421251137 34.0913879698 3777510.60456 762332.0556581998 58.0094720945 0.6495858359 0.8531262293 270.7819539706 -6.3926128302 0.0938943851 0.0686697414
5487 309003.18 113.8421138271 34.0913881012 3777510.590136 762331.0131667 58.0145218223 0.6802635584 0.9598521789 270.6163913729 -6.6312656421 0.0888950834 -0.0002307736
5488 309003.33 113.8421028682 34.0913882011 3777510.57307 762330.001019 58.0172692528 0.9489649899 1.0888806834 270.5193875509 -6.8608175942 0.0698414112 0.0079694426
5489 309003.48 113.8420915421 34.091388272 3777510.551841001 762328.955067 58.0202446505 1.0136161958 1.0113010678 270.4014558391 -7.0829386967 0.0411896237 0.0460277743
5490 309003.62 113.8420806498 34.09138833 3777510.530293 762327.9492042 58.0342038302 0.4232235689 1.008102255 270.2930325001 -7.288210517 0.0470120998 0.1396377355
5491 309003.76 113.8420694546 34.0913883798 3777510.507054 762326.9154063001 58.0489617996 -0.2092555336 1.1196742474 270.2158913477 -7.4845103138 0.043906847 0.0261431231
5492 309003.9 113.8420579389 34.0913884149 3777510.481366 762325.8520489 58.036061463 0.1357928441 1.1126141629 270.1781997895 -7.6953210931 0.0141659902 -0.1661861579
5493 309004.03 113.8420469683 34.0913884368 3777510.455612 762324.8390761998 58.0201043785 0.5196363871 1.0849718047 270.1350440869 -7.8862396237 0.0227769884 -0.0336070453
5494 309004.16 113.8420357498 34.0913884659 3777510.430011 762323.803186 58.0266464157 0.3792560941 1.1193002615 270.06816948 -8.049737678 0.0138119014 0.090288861
5495 309004.29 113.8420242793 34.0913884873 3777510.402919 762322.7440505 58.0318485005 0.3606942046 1.1945059657 270.0456421983 -8.2304888369 0.026260635 -0.0217906226
5496 309004.42 113.8420125718 34.0913885044 3777510.374745 762321.6630454 58.0247779293 0.7248743511 1.0786176705 270.0028572007 -8.3879519039 -0.0061066778 -0.0468265628
5497 309004.54 113.8420015656 34.0913885054 3777510.346577 762320.6468403002 58.0260914182 0.9150486402 1.0541895326 269.9717386102 -8.5382242935 0.001942461 0.0703036759
5498 309004.66 113.8419903639 34.0913885114 3777510.318465 762319.6125708 58.036599882 0.7272368542 0.9444533543 269.8987320102 -8.695614166 -0.0074598602 0.0851448481
5499 309004.78 113.841978962 34.0913884877 3777510.2865410014 762318.5599104 58.0479769623 0.4906033885 0.8720768613 269.8535083882 -8.8514301133 -0.0305012795 0.082116816
5500 309004.9 113.8419673423 34.0913884684 3777510.254549 762317.4871283001 58.052487052 0.2941209309 0.8597800455 269.7314208103 -9.0198295455 -0.0246679626 0.0067743718
5501 309005.02 113.8419555248 34.0913884237 3777510.219221 762316.3961589001 58.0518552754 0.2542119582 0.7593215066 269.5951320122 -9.1514029365 -0.0701909037 0.0009665604
5502 309005.05 113.8419525438 34.0913884048 3777510.209468 762316.1209881 58.052225953 0.2333813668 0.7765552309 269.5653261384 -9.1867202976 -0.0750513434 0.0177443844
5503 309005.16 113.8419415269 34.0913883292 3777510.172772 762315.1040284 58.0503143817 0.310743384 0.7338399292 269.4220412435 -9.301497095 -0.0830091314 -0.0238965617
5504 309005.27 113.8419303784 34.0913882303 3777510.133161 762314.0749965998 58.0464339182 0.660046728 0.7744979226 269.2541163134 -9.4123458037 -0.1133250681 -0.0393659547
5505 309005.38 113.841919104 34.091388114 3777510.091280998 762313.0343978001 58.0469648335 0.9080735014 0.7556990473 269.0144845849 -9.5043926906 -0.133738232 0.0646312057
5506 309005.49 113.8419077218 34.091387951 3777510.04395 762311.9839867 58.0606540563 0.6326049592 0.807108453 268.7807159818 -9.5949471091 -0.1970680554 0.1840837571
5507 309005.6 113.8418962281 34.091387756 3777509.99279 762310.9233763 58.0768906893 0.2597309371 0.8956979223 268.5633873862 -9.6996803418 -0.2104769087 0.0431282717
5508 309005.71 113.8418846099 34.0913875102 3777509.935657 762309.8514289 58.0712835258 0.5988477281 0.8135619915 268.3927974903 -9.7944616539 -0.2769213085 -0.0906831782
5509 309005.82 113.8418728877 34.0913872359 3777509.8751 762308.769971 58.0682373401 0.7509498859 0.8167279445 268.2098077118 -9.8780246761 -0.2814436351 0.0657411402
5510 309005.93 113.8418610777 34.0913869278 3777509.810569002 762307.6805026 58.0822767522 0.2436763929 0.7709926583 268.0662181217 -9.9446224891 -0.3381069916 0.1703081382
5511 309006.04 113.8418491968 34.0913865943 3777509.743033998 762306.5845794 58.0959646236 -0.3483135496 0.8187575831 267.9268913325 -9.984050424 -0.3369595136 0.0472315921
5512 309006.13 113.841839443 34.0913863153 3777509.687024 762305.684874 58.0944782533 -0.4736402621 0.8172499237 267.8017318549 -10.0186730956 -0.3619537264 -0.0783189627
5513 309006.23 113.8418285751 34.0913859771 3777509.621572 762304.6824861 58.0800917875 -0.1543204335 0.8384359993 267.6767708025 -10.0254134568 -0.3843034198 -0.1462210435
5514 309006.33 113.8418177165 34.0913856208 3777509.554126 762303.6810196 58.0684413491 0.2813489158 0.7752777637 267.5406189679 -10.0203347653 -0.4177614822 -0.0609232013
5515 309006.43 113.8418068678 34.0913852371 3777509.483678 762302.6805448001 58.0687611802 0.4818824875 0.8612256166 267.4085026378 -9.9926312563 -0.4317083001 0.0571155799
5516 309006.53 113.8417960445 34.0913848443 3777509.412286 762301.6824449 58.0796081414 0.316069377 0.786951018 267.2555945283 -9.9759224647 -0.4597618386 0.1196858571
5517 309006.64 113.8417841608 34.091384376 3777509.329780998 762300.5866671 58.0899721216 0.2219497888 0.7937260761 267.1311361957 -9.9540821606 -0.4825228625 0.0610249073
5518 309006.75 113.8417722979 34.0913838887 3777509.245233 762299.4928754001 58.0923922434 0.2308790887 0.7331242327 266.99822643 -9.9320753658 -0.5046501372 0.0139012998
5519 309006.86 113.8417604816 34.0913833832 3777509.158775 762298.4034385 58.096145751 0.162638267 0.776338311 266.8796981456 -9.9021066153 -0.5225345181 0.0641610456
5520 309006.97 113.8417486979 34.0913828555 3777509.069937 762297.3170848001 58.1004451513 0.1477034393 0.6987248955 266.7775105859 -9.8668972443 -0.5467359059 0.033072081
5521 309007.08 113.8417369705 34.0913823047 3777508.978682 762296.2359999998 58.1027372349 0.1237370059 0.6469111762 266.685272076 -9.8166534662 -0.5580196831 0.0389843616
5522 309007.19 113.8417253178 34.0913817543 3777508.887668 762295.1618099 58.109699497 -5.05313e-05 0.651909515 266.5729714776 -9.7604918717 -0.5596281193 0.0594642819
5523 309007.26 113.8417179348 34.091381395 3777508.828828 762294.4812494002 58.111636294 0.044902097 0.5747693461 266.5212160428 -9.7273727396 -0.5885473288 0.0018747233
5524 309007.37 113.841706392 34.0913808114 3777508.734415 762293.4173035999 58.1106284624 0.2111458515 0.5834250294 266.455380219 -9.6524473865 -0.5812711303 0.0032386833
5525 309007.48 113.8416949217 34.0913802316 3777508.640601 762292.3600431 58.1120245615 0.3795452405 0.5726314147 266.3653265935 -9.5932743804 -0.596380331 0.049051176
5526 309007.59 113.8416835306 34.091379636 3777508.54524 762291.3101459 58.1198731996 0.2917560158 0.5963045731 266.3037674147 -9.5254377271 -0.6015985286 0.0772922995
5527 309007.7 113.8416722197 34.091379035 3777508.449487 762290.2676707 58.1312103998 -0.0478477401 0.5410890566 266.2464686157 -9.4589386591 -0.6224990694 0.0798459283
5528 309007.81 113.8416610004 34.0913784249 3777508.352962 762289.2336831 58.1365809441 -0.2493525573 0.6128185017 266.2040298433 -9.3858295353 -0.6107399345 0.0156301239
5529 309007.92 113.8416498725 34.0913778176 3777508.256985 762288.2081196 58.1314388746 0.0232225848 0.5130186495 266.1523210262 -9.3046737011 -0.6250685541 -0.0613763841
5530 309008.03 113.8416388265 34.0913772014 3777508.160216 762287.1901464001 58.1255979631 0.3834426061 0.6488134402 266.1295849604 -9.2504535363 -0.6156113214 -0.0126493496
5531 309008.14 113.8416278453 34.0913766045 3777508.065772 762286.1781002 58.1327415006 0.2214545637 0.6781366463 266.0711546828 -9.1937417468 -0.6068579948 0.1365500893
5532 309008.25 113.8416169102 34.0913759893 3777507.96941 762285.1703617 58.145238529 -0.2779340183 0.7339715416 266.0324957282 -9.1730972379 -0.6321654151 0.0922777285
5533 309008.36 113.8416060085 34.0913753786 3777507.873632 762284.1657034 58.1472168528 -0.3720352659 0.778658193 265.9769721689 -9.1444075751 -0.6221301884 -0.0542777834
5534 309008.47 113.8415951332 34.0913747566 3777507.77666 762283.163507 58.1373052681 -0.0633949617 0.8301369005 265.9475727286 -9.1213227271 -0.6427305136 -0.1136715809
5535 309008.58 113.841584294 34.0913741287 3777507.679143 762282.1646643 58.128663159 0.1352498022 0.8094977403 265.8841443732 -9.0832015446 -0.6399045812 -0.0121520358
5536 309008.7 113.84157252 34.0913734379 3777507.572228 762281.0797113002 58.1359354723 -0.2291618056 0.8020421179 265.8047559597 -9.0457174962 -0.6546310186 0.0916880479
5537 309008.82 113.8415607878 34.0913727362 3777507.4642199986 762279.9986484002 58.1389899179 -0.2934951271 0.8577248749 265.7235255303 -9.0151421089 -0.6473062884 -0.0324222392
5538 309008.94 113.841549089 34.0913720182 3777507.354492 762278.9207105 58.1290847966 0.2062203015 0.7955633803 265.6589596254 -8.9860180435 -0.6870662674 -0.0997014252
5539 309009.06 113.8415374363 34.0913712916 3777507.243916 762277.8470726 58.1249193773 0.4878470524 0.8482687064 265.5799574606 -8.9456986993 -0.6674663097 0.063526199
5540 309009.17 113.8415267955 34.0913706322 3777507.143413 762276.8666377 58.1341860434 0.3037063034 0.8936047502 265.5003569627 -8.9183023615 -0.6784651011 0.1202583865
5541 309009.29 113.8415152251 34.09136989 3777507.031317 762275.8006446002 58.1462954208 -0.1507920102 0.9024942171 265.4420152319 -8.8901910966 -0.70322782 0.0638104919
5542 309009.41 113.8415036777 34.0913691447 3777506.918951 762274.7367759 58.1495060874 -0.3963820191 0.9799036001 265.3613820664 -8.8776262494 -0.6925405944 -0.0148493547
5543 309009.53 113.8414921298 34.0913683914 3777506.80568 762273.6728851 58.1396864075 -0.0872761166 1.0037649361 265.2897616914 -8.8828081094 -0.716073763 -0.1322925019
5544 309009.65 113.8414805697 34.091367615 3777506.689828 762272.6079408001 58.1288462263 0.2895759974 0.9519760331 265.2351106902 -8.8973668037 -0.7341220836 -0.036372528
5545 309009.77 113.8414689942 34.091366824 3777506.572312 762271.5416206998 58.1309962794 0.228069604 0.9051537185 265.1792557315 -8.9116353318 -0.7459516226 0.0736119606
5546 309009.89 113.8414573939 34.0913660188 3777506.453151 762270.4730559 58.140067487 0.0960775567 0.8289755237 265.1177587284 -8.9419210833 -0.7569445948 0.0285630004
5547 309010.01 113.8414457465 34.0913651982 3777506.332174 762269.400185 58.1368523845 0.4474947347 0.8063356293 265.0508447493 -8.9788937673 -0.7715037978 -0.0490844898
5548 309010.13 113.841434041 34.0913643634 3777506.209464 762268.3219989 58.1345969643 0.6085071928 0.7321413669 264.9395950076 -9.0234150662 -0.7935935024 0.0515134417
5549 309010.25 113.841422287 34.0913634903 3777506.082377 762267.2394507 58.1498048073 0.1935310929 0.6999801226 264.8394948452 -9.0649143734 -0.8284664547 0.1301986737
5550 309010.36 113.841411445 34.0913626699 3777505.96348 762266.2409468001 58.1567635974 0.0187591457 0.5668173361 264.7619133506 -9.122893949 -0.8438562619 0.0042861407
5551 309010.47 113.8414005317 34.0913618231 3777505.841471 762265.2359388 58.1524437936 0.1021713493 0.5384171358 264.7048866324 -9.1856536071 -0.8620774162 -0.048680209
5552 309010.58 113.8413895461 34.0913609813 3777505.719829 762264.2242368 58.148431195 0.1366166487 0.4644659687 264.5868494972 -9.2475140291 -0.864799101 -0.020783713
5553 309010.69 113.8413784964 34.0913601144 3777505.5952449986 762263.2066955 58.1494894978 0.1266947658 0.5248347659 264.471998007 -9.3002816446 -0.8798528799 0.0254173472
5554 309010.8 113.8413673669 34.0913592468 3777505.470374 762262.1817914002 58.1485871244 0.3011218016 0.7635169666 264.3072581535 -9.3733589019 -0.8718362807 -0.0370695063
5555 309010.86 113.8413612661 34.091358766 3777505.401351 762261.6199934 58.1474565603 0.3699703477 0.7971400087 264.2108199196 -9.3999529905 -0.9119542978 -0.0232465427
5556 309010.97 113.8413500411 34.0913578331 3777505.268982 762260.5864718 58.1501305886 0.383434052 0.867613365 264.0455205604 -9.4333053076 -0.964912776 0.0842251318
5557 309011.08 113.8413387537 34.091356879 3777505.134107 762259.5472596998 58.1582508758 0.2180316533 0.9218881224 263.8363894104 -9.4978556854 -0.9801604531 0.0543004636
5558 309011.19 113.8413274029 34.0913558705 3777504.993038 762258.5023497 58.1589231519 0.3446104567 0.9047220591 263.6782147217 -9.5414000445 -1.0476620505 -0.0265205108
5559 309011.3 113.841315991 34.0913548315 3777504.848416 762257.4519028001 58.1567546437 0.6372481974 0.9386769474 263.5001998129 -9.5968212951 -1.0513290604 0.011610058
5560 309011.41 113.8413045257 34.0913537626 3777504.700351 762256.396617 58.1624023654 0.5554290029 0.9749924115 263.3024831954 -9.6374970922 -1.1111487638 0.0942598528
5561 309011.52 113.8412930095 34.0913526587 3777504.548258 762255.3367378 58.1762903063 0.1266270702 1.0203147983 263.0880991155 -9.6875780263 -1.1376409525 0.1205481559
5562 309011.63 113.8412814283 34.0913515144 3777504.391519 762254.2709789 58.1817448903 -0.0346639215 1.0275993963 262.8869778813 -9.7417804903 -1.1910964699 -0.0211058228
