6123 309062.36 113.8373799343 34.0879115531 3777112.621606 761904.6522009 57.6490184907 -0.1849944522 0.6028243614 184.7866409538 -0.1959192321 -2.4512164431 0.0028109265
6124 309062.78 113.8373790415 34.0879024864 3777111.613121 761904.5977158 57.6498311423 -0.2470077135 0.6591156467 184.5381220984 -0.1834370121 -2.3576583693 0.0183427565
6125 309062.88 113.8373788395 34.0879003793 3777111.378758 761904.5855566999 57.6501774276 -0.2328368227 0.6604384594 184.4628559346 -0.1729668535 -2.3327862533 -0.0022159291
6126 309063.31 113.8373780239 34.0878913581 3777110.375531 761904.5380608 57.6407131404 0.2078397735 0.5963131221 184.1371335027 -0.1685963513 -2.4434351536 -0.0163306897
6127 309063.69 113.8373772284 34.0878821162 3777109.3478480014 761904.4931022 57.6387686702 0.5000603622 0.6015023026 183.8666941748 -0.1992536306 -3.0214089081 -0.00989203
6128 309064.0 113.8373764827 34.087872861 3777108.318825 761904.4527837 57.6396617722 0.6100047394 0.5989810935 183.602532098 -0.2153090263 -3.6309803119 0.0320533586
6129 309064.26 113.8373757978 34.0878637771 3777107.308972 761904.4175425002 57.642013086 0.6445370997 0.6146921269 183.366504372 -0.2493357193 -4.1387328703 0.0130075986
6130 309064.49 113.8373751385 34.0878547847 3777106.309331 761904.3843891999 57.647506455 0.535355577 0.6905197581 183.1504599631 -0.2537198167 -4.5635682349 0.0212957065
6131 309064.71 113.8373745159 34.087845345 3777105.260146 761904.3560059 57.64648169 0.6145996425 0.6639823245 182.9592644853 -0.2574779723 -4.9791912308 0.0042341456
6132 309064.91 113.8373739244 34.0878360809 3777104.2305230014 761904.3299429 57.6529090256 0.5777222584 0.736627138 182.7254098011 -0.2657043429 -5.3312085795 0.0142620013
6133 309065.07 113.8373734635 34.087828213 3777103.3561949986 761904.3116395002 57.6510281228 0.4592889734 0.8156502363 182.5662661234 -0.2586642384 -5.6010484027 -0.0242266363
6134 309065.25 113.8373729525 34.087818894 3777102.32069 761904.2931866 57.6507504117 0.256657187 0.8262940292 182.3549716074 -0.2511647744 -5.8898475235 0.0526062788
6135 309065.42 113.8373724892 34.0878096552 3777101.294208002 761904.2788873 57.6564558418 0.0398079021 0.7973832101 182.1438010969 -0.2240716865 -6.174088006 -0.0405983223
6136 309065.58 113.8373720867 34.0878005597 3777100.2837910014 761904.2697655 57.6393130626 0.3283253785 0.7435516613 181.9744962955 -0.2228029054 -6.4422870455 -0.104798317
6137 309065.74 113.8373717083 34.087791084 3777099.231237 761904.264038 57.6356542539 0.2440285928 0.6225831935 181.7559015697 -0.1956891143 -6.7054596052 0.0370324087
6138 309065.89 113.8373713685 34.0877818473 3777098.205303 761904.2611328 57.6364212614 0.2485827693 0.6966068819 181.5493994131 -0.2060388448 -6.9563405226 -0.0379375039
6139 309066.04 113.8373710487 34.0877722785 3777097.142568 761904.2611033001 57.6262053521 0.5624938023 0.7015878132 181.2953365474 -0.1628518906 -7.1975458934 -0.0449838915
6140 309066.18 113.8373708105 34.0877630502 3777096.117825 761904.2675584 57.6250537532 0.440555073 0.6455639442 181.0755580538 -0.1419758285 -7.4165620014 0.0263426823
6141 309066.27 113.837370669 34.0877569762 3777095.443399 761904.2732183002 57.6288050208 0.2557206603 0.6277021773 180.9112646488 -0.1349858889 -7.5546633374 0.047862586
6142 309066.41 113.8373704819 34.0877473099 3777094.370184 761904.2857368 57.6317043779 0.1734882822 0.5949095054 180.6980810507 -0.0909866772 -7.7615621178 -0.0253440262
6143 309066.54 113.8373703591 34.0877380987 3777093.347639 761904.3027935 57.621456542 0.5355390847 0.5133375315 180.5434297506 -0.0737713259 -7.9484034872 -0.0780641796
6144 309066.67 113.8373702533 34.0877286753 3777092.301589 761904.3220809 57.6196280206 0.5195934488 0.4497030207 180.3667760352 -0.0498017269 -8.1298781988 0.0400921759
6145 309066.8 113.8373701852 34.0877190466 3777091.2328449986 761904.3454758 57.6268618703 0.1829220966 0.3838575538 180.2199291987 -0.0343363967 -8.2983128891 0.0662213663
6146 309066.92 113.8373701408 34.0877099793 3777090.226478 761904.3693215002 57.6296721864 0.0192239117 0.3672549044 180.0527864976 -0.0146454882 -8.4578430131 -0.0140094709
6147 309067.04 113.837370129 34.0877007441 3777089.201548 761904.3967037 57.620542529 0.3155003388 0.4027678345 179.9140853042 0.008835484 -8.6111306784 -0.1109003022
6148 309067.16 113.8373701446 34.0876913378 3777088.157713 761904.4271435002 57.6115967194 0.6298394763 0.3950542383 179.7661309917 0.0232387266 -8.7575012807 -0.0143022277
6149 309067.28 113.8373702042 34.0876817729 3777087.096381 761904.4621298 57.6175403297 0.4505685676 0.3563768313 179.6372545194 0.0628037848 -8.906338389 0.0849951244
6150 309067.4 113.8373702833 34.0876720358 3777086.016 761904.4994531998 57.6254905043 0.1007030954 0.3304104492 179.4914012796 0.0670801056 -9.0792639272 0.0209324205
6151 309067.51 113.8373703805 34.0876629509 3777085.008031 761904.5364305 57.624880678 0.0114621768 0.4101425433 179.3845879868 0.0948586004 -9.2252760766 -0.0430743575
6152 309067.62 113.8373704922 34.0876537233 3777083.984274 761904.57519 57.6167610334 0.0957508509 0.4748031762 179.2757416611 0.098965024 -9.3666697432 -0.0988605312
6153 309067.73 113.8373706368 34.0876443556 3777082.945038 761904.6174186 57.6075465065 0.1994558969 0.3962170353 179.1743611279 0.1449875905 -9.50133725 -0.0328599188
6154 309067.84 113.8373708086 34.0876348533 3777081.890953 761904.662576 57.6088190507 0.0300559028 0.4368038214 179.0736235232 0.1400749859 -9.6473619817 0.020470205
6155 309067.95 113.8373709925 34.0876252092 3777080.821151 761904.7092831 57.6054220451 0.0900525468 0.400159218 178.9828562821 0.1750038844 -9.7859162382 -0.0694446417
6156 309068.06 113.8373712103 34.0876154286 3777079.73629 761904.7595483002 57.5948667144 0.4030172024 0.4010441866 178.9331948946 0.1834665341 -9.9244222875 -0.0576004951
6157 309068.17 113.8373714236 34.0876055184 3777078.637031 761904.8097931999 57.5932436837 0.3551854458 0.3922832815 178.8584551065 0.1947363678 -10.0528648138 0.0395879669
6158 309068.27 113.8373716385 34.0875963996 3777077.6256120014 761904.8577436 57.5979003394 0.1418716678 0.4429952495 178.8157236435 0.20204431 -10.1672106922 0.0481839632
6159 309068.35 113.8373718094 34.0875890274 3777076.807901999 761904.8962468002 57.5994992862 0.0023688027 0.3806169213 178.7645313283 0.2122786118 -10.2640764635 -0.0071344018
6160 309068.45 113.8373720516 34.0875797131 3777075.774857 761904.9473253002 57.59442183 -0.0778455455 0.3641865993 178.7387208114 0.2313996312 -10.3807414914 -0.0701021731
6161 309068.55 113.8373723033 34.087570292 3777074.729976 761904.9996069998 57.5864156261 0.0547826403 0.3320627793 178.7133914379 0.2369657419 -10.4996328421 -0.078446641
6162 309068.65 113.8373725644 34.0875607625 3777073.673096 761905.0530942 57.5783344228 0.2690806759 0.3202052149 178.7056153127 0.252348967 -10.6204603614 -0.0835032277
6163 309068.75 113.8373728233 34.0875511315 3777072.6049379986 761905.1066882 57.5746514453 0.3956323127 0.2298675063 178.6747940946 0.2400895563 -10.7327568997 0.0138362687
6164 309068.85 113.8373730922 34.0875414021 3777071.525896 761905.1615055002 57.5804049205 0.3228154517 0.2272572593 178.6334105158 0.2602270561 -10.8427914466 0.0632948049
6165 309068.95 113.8373733592 34.0875315649 3777070.434878 761905.2164845 57.5829115743 0.3752979355 0.2897181026 178.5890513462 0.2493320975 -10.9642211212 -0.0217516552
6166 309069.05 113.8373736405 34.087521625 3777069.332501998 761905.2731023001 57.5798625834 0.6381032909 0.3671134321 178.5663416698 0.2663477682 -11.0745971307 -0.0176302369
6167 309069.14 113.8373738955 34.087512605 3777068.332148 761905.3244496 57.5815765392 0.7429808417 0.4331487965 178.5291608943 0.2621400383 -11.1615475926 0.0777073439
6168 309069.23 113.8373741636 34.0875035117 3777067.323691 761905.3772383998 57.5901113609 0.5966633459 0.5162026377 178.5020447703 0.2871139255 -11.2514923742 0.1312145384
6169 309069.32 113.8373744359 34.0874943458 3777066.307182 761905.4306379 57.5995969083 0.2836089286 0.6450301182 178.4691177731 0.2786517917 -11.3426168272 0.0671083569
6170 309069.41 113.8373747088 34.0874851047 3777065.282339 761905.4843247 57.6028186446 0.1013031872 0.6660267497 178.4241164408 0.2907582081 -11.4342867323 0.0166782526
6171 309069.5 113.8373750054 34.087475798 3777064.250269002 761905.5404 57.6004726039 -0.0014358248 0.7246061298 178.4023329896 0.3118658873 -11.5034680702 -0.0380597992
6172 309069.59 113.8373753057 34.0874664303 3777063.211442 761905.5970059 57.5949493349 -0.0311995866 0.6657724006 178.3667100044 0.3230602417 -11.580388553 -0.0895831031
6173 309069.68 113.8373756328 34.0874570131 3777062.1671980014 761905.6562309 57.5871040048 0.1443582784 0.6033597741 178.3670449257 0.3464021761 -11.63766876 -0.0739198262
6174 309069.77 113.8373759572 34.0874475483 3777061.117657 761905.7153683002 57.5817630049 0.3025738391 0.5859877712 178.3456596798 0.3298032762 -11.6899677605 -0.0167233989
6175 309069.86 113.8373762828 34.0874380429 3777060.063605998 761905.7747346999 57.5843666717 0.2312440423 0.5111944915 178.3161058507 0.3408082002 -11.7401414001 0.0889028258
6176 309069.95 113.8373766126 34.0874285017 3777059.005607 761905.8346001 57.5918813059 0.0236343104 0.5521542102 178.2703058884 0.3346037012 -11.7877024839 0.1030345255
6177 309070.04 113.8373769465 34.0874189205 3777057.943168 761905.8949653001 57.5925839376 0.0681782201 0.5784979929 178.2399896996 0.3518751413 -11.8317561046 -0.0454586861
6178 309070.13 113.8373772886 34.0874092979 3777056.876163 761905.9562168 57.5856073098 0.3457704164 0.6664864502 178.2165822845 0.3569423184 -11.8773321712 -0.0957716082
6179 309070.22 113.8373776357 34.0873996445 3777055.80575 761906.0180169 57.5821326803 0.4827487558 0.6099132055 178.1764537971 0.3712205095 -11.9052100255 0.0229647816
6180 309070.31 113.8373780015 34.0873899685 3777054.732882 761906.0816192 57.5905881096 0.2997435889 0.6222476603 178.1282767676 0.382465253 -11.9414646329 0.145039965
6181 309070.4 113.8373783745 34.0873802624 3777053.656683 761906.1459814998 57.5982534997 0.1085890521 0.6836821129 178.0696591148 0.3891826296 -11.9762455399 0.0097885169
6182 309070.49 113.8373787625 34.0873705256 3777052.577125 761906.2118216999 57.5977924354 0.0364927596 0.6219852236 177.9855673003 0.4120002888 -12.0092595282 -0.0328474493
6183 309070.58 113.8373791722 34.0873607632 3777051.494767 761906.2797498 57.5956692267 0.0119854726 0.6687382788 177.8890792548 0.431552765 -12.0455237936 -0.0193968264
6184 309070.67 113.8373795979 34.0873509748 3777050.409574 761906.3492263 57.5914009586 0.1706359448 0.7063038015 177.792132278 0.4496179661 -12.0807637386 -0.0438679179
6185 309070.76 113.8373800395 34.0873411643 3777049.321968 761906.4202435 57.5890336586 0.2852535705 0.7469683812 177.7030696444 0.4626601721 -12.1026331506 0.0029414217
6186 309070.85 113.8373804926 34.0873313387 3777048.2327230014 761906.4923687 57.5932471184 0.1180679382 0.7438204606 177.5928330402 0.4734335681 -12.1163046444 0.0838146993
6187 309070.94 113.8373809699 34.0873214952 3777047.141551 761906.5667894 57.5996886017 -0.183404406 0.8194795864 177.4802431288 0.5095835614 -12.144218719 0.0523672345
6188 309071.03 113.8373814752 34.0873116335 3777046.048422 761906.6438488001 57.5972715914 -0.1943695918 0.7964481875 177.3876641362 0.5347166498 -12.1682009129 -0.0427801963
6189 309071.12 113.8373820111 34.0873017536 3777044.953354 761906.7237811 57.5881173192 -0.0115877268 0.7360821319 177.2954626994 0.561752623 -12.1979743916 -0.0771003818
6190 309071.13 113.8373820718 34.0873006548 3777044.831571 761906.7327787 57.5871674716 -0.0469876055 0.7544314179 177.281491594 0.5633619644 -12.1951354392 -0.0764534111
6191 309071.22 113.8373826273 34.0872907598 3777043.73488 761906.814568 57.5805685986 0.0482556956 0.732324585 177.1327575753 0.5744035119 -12.2074451076 -0.0181174378
6192 309071.31 113.8373832054 34.0872808468 3777042.6362519986 761906.8985047 57.5791928228 0.0142517498 0.734512691 176.9455181171 0.6133873669 -12.2298829542 0.0484577349
6193 309071.4 113.8373838198 34.0872709104 3777041.535118 761906.9858682 57.5794608211 -0.0583709035 0.8995722213 176.7523624092 0.6416518097 -12.2653838611 0.0004987907
6194 309071.49 113.8373844693 34.0872609408 3777040.43039 761907.0765679 57.5758670177 0.1444000573 0.9575545257 176.5521680685 0.7012734036 -12.3073813675 -0.0420113243
6195 309071.58 113.8373851697 34.0872509418 3777039.322536 761907.1720677 57.5708881095 0.3567007852 1.008356296 176.3677229266 0.7358345796 -12.3374404797 -0.0161453784
6196 309071.67 113.8373859165 34.0872409113 3777038.2112980015 761907.2719394 57.5726066381 0.3021896206 0.9543573288 176.1866848365 0.7946433026 -12.3740710612 0.0887070001
6197 309071.76 113.8373867093 34.0872308508 3777037.096849 761907.3761581 57.5780538293 0.0139623411 0.9747479714 176.0314408436 0.8323851187 -12.4306468007 0.0366251926
6198 309071.85 113.8373875424 34.087220752 3777035.978245 761907.4842082 57.5790182622 -0.1396186321 0.9188257418 175.9053512853 0.874914822 -12.4804363566 -0.0728600303
6199 309071.93 113.8373883059 34.0872117383 3777034.979894 761907.5824931 57.5697246781 -0.0166453719 0.9507405105 175.798188511 0.8844225759 -12.5259140316 -0.1275951062
6200 309071.97 113.8373886908 34.0872072173 3777034.479161 761907.6319692 57.5648533506 0.0543178766 0.9172192665 175.729257053 0.8960877843 -12.5469075318 -0.1100812681
6201 309072.05 113.8373894898 34.0871981554 3777033.475552 761907.7336845 57.557812714 0.1995163777 0.9049817734 175.6130536916 0.9416775442 -12.5832098954 -0.0234631034
6202 309072.13 113.8373903117 34.0871890697 3777032.469358 761907.8375827 57.5584036587 -0.0092427509 0.9631341953 175.4882378286 0.9548478353 -12.6282148952 0.0470971792
6203 309072.21 113.8373911637 34.0871799515 3777031.459630002 761907.9443555998 57.56011537 -0.1000964163 0.9145080703 175.3770556611 1.0070757986 -12.6773042728 0.0199217758
6204 309072.29 113.8373920462 34.0871708001 3777030.4463019986 761908.0540504 57.5558187263 -0.0501937967 0.9753597818 175.2651014352 1.0228274309 -12.7102490627 -0.066188123
6205 309072.37 113.8373929453 34.0871616126 3777029.429012 761908.1653946999 57.5487316996 0.0747045536 0.9563798587 175.129740746 1.0574641846 -12.7619140611 -0.075003382
6206 309072.45 113.8373938748 34.0871524002 3777028.409029 761908.2796121 57.5456292564 0.1154021201 0.9567813456 174.988625154 1.0834531784 -12.8085781452 -0.0250694305
6207 309072.53 113.8373948348 34.0871431552 3777027.385512002 761908.3967575 57.5409532767 0.2136638065 0.9037869511 174.839155004 1.1327932553 -12.8417664497 -0.0523946901
6208 309072.61 113.8373958343 34.0871338888 3777026.35972 761908.5176088 57.5409010779 0.1945478108 0.8940198954 174.7078204965 1.163159946 -12.8756321696 0.05776283
6209 309072.69 113.8373968575 34.0871245973 3777025.331203 761908.6407285 57.5431027235 0.1768043408 0.8781386243 174.5646246886 1.1986214514 -12.9097080922 0.0149399791
6210 309072.77 113.8373979161 34.0871152753 3777024.299395 761908.7672045 57.5436343001 0.2204405471 0.9087845814 174.427456407 1.2365381898 -12.9539984734 -0.0097032743
6211 309072.79 113.837398184 34.0871129401 3777024.040925 761908.7991459002 57.5429155305 0.3273516152 0.905081655 174.3864110509 1.237807918 -12.96454485 -0.028862372
6212 309072.87 113.8373992675 34.0871035824 3777023.005216 761908.9280311 57.5435561491 0.3414531215 0.9848331169 174.1847302988 1.2624028513 -13.0037328336 0.0687688486
6213 309072.95 113.8374003869 34.087094201 3777021.966976 761909.0603141 57.548055551 0.4435899653 1.0981544118 173.9652055792 1.3142762227 -13.0384737796 0.0857545869
6214 309073.03 113.8374015501 34.0870847902 3777020.925579 761909.1967250998 57.5524432575 0.3537787919 1.1494729238 173.7297345495 1.3750627373 -13.0715112158 0.0603278813
6215 309073.11 113.8374027774 34.0870753586 3777019.88204 761909.3391214 57.5564457513 0.2131358404 1.1567513532 173.5111175569 1.4491173631 -13.0838151668 0.0847995353
6216 309073.19 113.8374040522 34.0870659023 3777018.835882 761909.4859793 57.5599698676 0.0038014806 1.1443616184 173.2710611979 1.5015671403 -13.1303300055 0.02234076
6217 309073.27 113.8374053869 34.0870564181 3777017.78678 761909.638456 57.5570691014 -0.1767432974 1.1719842374 173.0413726256 1.5717059673 -13.1669596682 -0.0736623426
6218 309073.35 113.8374067707 34.0870469052 3777016.73461 761909.7955515998 57.5468257256 0.1310811328 1.1294751803 172.8095025945 1.6152737486 -13.2205363583 -0.15828816
