6625 309135.55 113.8399823706 34.0841279853 3776699.411136 762156.6178199998 56.8723326661 -0.3609992645 0.5802477239 115.3236468385 1.993217433 -0.9378526691 -0.0310383401
6626 309136.01 113.8399921705 34.0841241578 3776699.0115309986 762157.5345223 56.8655687086 -0.204474653 0.594007676 115.1891328026 1.9649791652 -0.9216016209 -0.0265083811
6627 309136.47 113.8400021209 34.0841203087 3776698.609911 762158.4651948 56.8573904177 -0.0785375185 0.5312387675 115.0661236434 2.03897196 -0.94980522 0.0056129044
6628 309136.88 113.8400119807 34.0841165037 3776698.212958999 762159.3873655 56.8479558341 0.3004675531 0.5581984385 114.9668306174 2.4428469665 -1.1314078757 -0.0043155512
6629 309137.22 113.8400218418 34.0841127025 3776697.816421 762160.3096386999 56.8437085468 0.3400059679 0.5353173829 114.8775012223 2.9285918672 -1.3572882249 -0.0147183759
6630 309137.51 113.8400317526 34.0841088856 3776697.418279 762161.2365557 56.841363349 0.3008624849 0.4889477367 114.7870395287 3.3857332421 -1.5642304382 0.0140843095
6631 309137.77 113.8400418599 34.0841049958 3776697.01255 762162.1818411 56.8407082409 0.2613775436 0.5811604455 114.7079565112 3.7905815039 -1.7497745358 -0.0349241706
6632 309138.0 113.8400517129 34.0841012258 3776696.619464 762163.1032748 56.8373358678 0.267497186 0.5945660533 114.6514458282 4.1137807191 -1.8992262632 -0.0005361381
6633 309138.04 113.8400535068 34.0841005373 3776696.547662 762163.2710494002 56.836830074 0.2830013961 0.5526044569 114.6458923775 4.1720754234 -1.9205416513 -0.0059466802
6634 309138.26 113.8400638273 34.084096597 3776696.1368660014 762164.2361742 56.8331537172 0.362649118 0.5941554058 114.6197960717 4.4760263832 -2.0487733794 -0.012719626
6635 309138.46 113.8400738198 34.0840927776 3776695.738661 762165.1706436998 56.832853348 0.2358418611 0.6561919133 114.5808836908 4.7388445801 -2.1730322291 0.0004064347
6636 309138.65 113.8400838292 34.084088961 3776695.340797 762166.1066639 56.8307883749 0.2383484061 0.6462774051 114.5370888417 4.9795666045 -2.2714027133 -0.0155250807
6637 309138.83 113.8400937526 34.0840851839 3776694.9471 762167.0346204998 56.8302409248 0.1882024302 0.7223436235 114.4919129948 5.1931569093 -2.3790067274 -0.035665287
6638 309139.01 113.8401041047 34.0840812457 3776694.536633 762168.0026601 56.8234156994 0.3221806694 0.8115800851 114.460035061 5.4115437269 -2.46455957 -0.0092261817
6639 309139.18 113.8401142555 34.0840773969 3776694.135565 762168.9518314 56.8259521881 0.2838107734 0.7595784545 114.4317552741 5.6051513843 -2.5450234766 0.0210214803
6640 309139.34 113.8401241284 34.0840736491 3776693.744986 762169.8750330998 56.8212720733 0.4622287944 0.7985629899 114.3741951225 5.7860458648 -2.6325146299 -0.0358950265
6641 309139.5 113.8401343063 34.0840697986 3776693.343801 762170.8267191 56.8220968228 0.3990336799 0.7840535635 114.3031852334 5.955749319 -2.6942130592 0.0387932285
6642 309139.66 113.8401447873 34.0840658556 3776692.933129 762171.8066719 56.8254535748 0.3752187396 0.7788095366 114.2224857499 6.1281926013 -2.7627859885 0.0064236801
6643 309139.81 113.840154873 34.0840620702 3776692.538929 762172.7496452 56.8279125737 0.2992711427 0.7489955652 114.1439907652 6.2886316839 -2.8209887013 -0.0297153243
6644 309139.96 113.8401652149 34.0840582092 3776692.137 762173.716508 56.8246961934 0.3883301748 0.7424331451 114.0653741011 6.4331023825 -2.8864238663 0.017350193
6645 309140.11 113.8401758012 34.0840542658 3776691.726543 762174.7061856998 56.8306948505 0.1698281282 0.7848676763 113.9565897051 6.5923128709 -2.940375211 0.0261106051
6646 309140.25 113.8401859118 34.0840505273 3776691.337612 762175.6513079002 56.8292019376 0.1805145431 0.7958257276 113.8569562546 6.7282147283 -2.9898852939 -0.0251495953
6647 309140.39 113.8401962224 34.0840467347 3776690.943201 762176.6150680998 56.8269694634 0.1782570474 0.7749729231 113.7182163497 6.8570723715 -3.0237990413 -0.0147670781
6648 309140.42 113.8401984573 34.0840459168 3776690.858158 762176.8239526 56.826473101 0.1598122838 0.7723795819 113.6872133831 6.8844643272 -3.0275491271 -0.0174424286
6649 309140.56 113.840208997 34.0840420745 3776690.458817 762177.8090206998 56.8245557202 0.1296867041 0.7744703847 113.5472057926 6.9948706403 -3.0671618317 -0.0084648382
6650 309140.69 113.8402189329 34.0840384712 3776690.084446 762178.737599 56.8247806225 0.0559221543 0.7950312718 113.4096798774 7.0989084698 -3.0889907301 0.0005858204
6651 309140.82 113.8402289892 34.0840348518 3776689.708588 762179.6773433002 56.8221337432 0.0928215337 0.7705054881 113.2796334439 7.1704151564 -3.0938328712 -0.0236902208
6652 309140.95 113.8402391303 34.0840312251 3776689.332143 762180.6249428 56.8191459011 0.0364137264 0.7895130533 113.1330433876 7.2168844618 -3.0994381223 -0.026091377
6653 309141.08 113.8402493353 34.0840275974 3776688.955749 762181.5784364 56.8191551352 -0.0473303226 0.7833410044 112.9835034283 7.2616436283 -3.0940230904 0.0097123132
6654 309141.21 113.8402595888 34.0840239731 3776688.579862002 762182.5364076998 56.8187971627 -0.1217739583 0.8215282109 112.8332802659 7.2912640587 -3.0856656708 -0.0297260008
6655 309141.34 113.8402698801 34.0840203621 3776688.205545 762183.4978191998 56.8150028475 -0.1004868445 0.8147099424 112.6931656806 7.3140977811 -3.0645714676 -0.0332248966
6656 309141.47 113.840280194 34.0840167698 3776687.833362 762184.4612682 56.8113397723 -0.055218108 0.8299794507 112.54449839 7.3165978351 -3.0608355623 -0.0090594151
6657 309141.6 113.8402905245 34.0840131956 3776687.463233 762185.4261894 56.8095705407 -0.0527435249 0.8144669485 112.3892349771 7.3368081529 -3.0373185735 -0.0098836444
6658 309141.73 113.8403008673 34.0840096457 3776687.095833998 762186.3921771 56.8082000371 -0.1302588935 0.8659132091 112.2338515304 7.3399570196 -3.0218597213 -0.0001631288
6659 309141.86 113.8403112231 34.0840061129 3776686.730362002 762187.3593065 56.8074456574 -0.1485888891 0.8700982826 112.0851803585 7.3562480863 -2.9992861192 -0.0075566644
6660 309141.96 113.840319205 34.0840034102 3776686.450914 762188.1046733 56.8054057835 -0.1336403688 0.8773922462 111.9825003207 7.3729179069 -2.9945357952 -0.0339951785
6661 309142.09 113.8403296004 34.0839999141 3776686.089613 762189.0753522 56.8006377313 -0.1193504706 0.925342148 111.8375894558 7.3774642922 -2.9815904992 -0.0248660729
6662 309142.22 113.8403400191 34.0839964326 3776685.730003 762190.0481294 56.7972916579 -0.0524235538 0.9557790006 111.6875513475 7.4062429332 -2.9693374245 -0.0163835014
6663 309142.35 113.8403504714 34.083992969 3776685.37246 762191.0239611998 56.7949768482 -0.1050340402 0.9740669883 111.5351846205 7.4330843689 -2.9488709905 -0.0267352149
6664 309142.48 113.8403609529 34.0839895229 3776685.01693 762192.002428 56.7919441322 -0.1351007919 0.952714049 111.3861898981 7.4531533437 -2.9329625288 -0.0048462351
6665 309142.61 113.8403714656 34.0839860946 3776684.663452 762192.9837327 56.7912615929 -0.1960633087 0.9405933136 111.2453009168 7.4759922442 -2.9219561864 -0.0215317007
6666 309142.74 113.8403820099 34.0839826794 3776684.3115199986 762193.967901 56.7848192984 -0.0979627098 0.8998094612 111.1197227876 7.4943770292 -2.9037331835 -0.0616458967
6667 309142.87 113.8403925821 34.083979279 3776683.961299 762194.9546080999 56.7805805998 -0.1487047048 0.9306675808 110.9936215086 7.5106524304 -2.900531382 -0.0117029847
6668 309143.0 113.8404031723 34.0839758897 3776683.612356 762195.9429446999 56.7797850333 -0.2370659425 0.9316226092 110.8567115635 7.5244694656 -2.8881016297 -0.0054861851
6669 309143.13 113.8404137693 34.0839725254 3776683.266199 762196.9318285999 56.7763451086 -0.1946791908 0.9152672658 110.7178411382 7.5174332078 -2.8626610924 -0.0203653003
6670 309143.14 113.8404145843 34.0839722676 3776683.23968 762197.0078761 56.7760863006 -0.2164642905 0.9247808255 110.7063936818 7.5179941103 -2.8611543692 -0.0204446228
6671 309143.27 113.8404251706 34.0839689361 3776682.897143 762197.9956738001 56.7710986277 -0.2596841682 0.9281932041 110.556458381 7.5008165983 -2.8327620133 -0.0353792624
6672 309143.4 113.840435728 34.0839656353 3776682.557934 762198.9807023002 56.7673596097 -0.3128133048 0.9694897308 110.3981801521 7.4874021265 -2.8048154601 -0.0173034946
6673 309143.53 113.8404462751 34.0839623702 3776682.222664 762199.9646731 56.7638221011 -0.4024147571 0.9199851152 110.2342598627 7.4773035161 -2.7694609358 -0.0485150143
6674 309143.66 113.8404568034 34.083959145 3776681.891779 762200.9467895002 56.7561505782 -0.4400011694 0.8781190348 110.0685916535 7.4618260673 -2.7460286046 -0.0603644
6675 309143.79 113.8404672934 34.0839559551 3776681.564704 762201.9252568 56.7503090296 -0.3740454541 0.8752500742 109.9055005432 7.4278808749 -2.7118789542 -0.037649134
6676 309143.92 113.8404777253 34.0839528107 3776681.242527 762202.8982125998 56.743332292 -0.2883735971 0.831490696 109.7508216021 7.3771183278 -2.6632030398 -0.0622836954
6677 309144.05 113.8404880756 34.0839497187 3776680.925962 762203.8634803002 56.737053588 -0.292063764 0.8276071578 109.5897850123 7.3086689651 -2.6161476088 -0.031669562
6678 309144.18 113.8404983187 34.0839466847 3776680.615558 762204.8186670998 56.7352768378 -0.2945027357 0.8386072874 109.4385456912 7.2238826434 -2.5631538475 -0.0190653931
6679 309144.24 113.8405030014 34.0839453046 3776680.47442 762205.2553155 56.7337757349 -0.2709508754 0.8373146591 109.3683554695 7.1770694089 -2.5421609788 -0.0261240361
6680 309144.38 113.8405138143 34.0839421414 3776680.15115 762206.2635129001 56.7289680103 -0.3225962606 0.831080385 109.2107734242 7.0702254151 -2.4763307887 -0.0237941061
6681 309144.52 113.84052446 34.0839390577 3776679.836264 762207.2560334002 56.7266885107 -0.4212656194 0.7809979074 109.0600995527 6.9538654615 -2.4134058536 -0.0056883993
6682 309144.66 113.8405349254 34.0839360536 3776679.529742 762208.2316518001 56.7251230897 -0.4012166854 0.7941252544 108.9215781995 6.838573832 -2.3619904046 -0.0256314869
6683 309144.8 113.8405452027 34.0839331177 3776679.23032 762209.1896947 56.7172406306 -0.2363313734 0.804344668 108.7902157935 6.7093559611 -2.2978149437 -0.0513447962
6684 309144.95 113.8405559915 34.0839300628 3776678.918993 762210.1953373002 56.7121225027 -0.138544247 0.8213563743 108.647790455 6.5637763033 -2.2294423105 0.0201704272
6685 309145.1 113.8405665473 34.0839270984 3776678.617117 762211.1791845 56.7146377079 -0.2412195168 0.8356263375 108.5154412965 6.418255783 -2.1610193612 0.0136392653
6686 309145.25 113.8405768624 34.0839242244 3776678.324649 762212.1405258002 56.7133555124 -0.188096965 0.8467688594 108.3880356838 6.2675561516 -2.0918936796 -0.0051003553
6687 309145.41 113.8405875772 34.083921256 3776678.02274 762213.1390663 56.7133377958 -0.1296910949 0.9213092908 108.2323499769 6.0917354469 -2.0268024659 0.0047032049
6688 309145.57 113.8405980731 34.0839183743 3776677.729894 762214.1171297 56.7114608996 -0.1546202547 0.9815187571 107.9993258399 6.0204665232 -1.9745405102 -0.0129901063
6689 309145.63 113.8406019825 34.0839173125 3776677.622087002 762214.4813933001 56.7115351101 -0.1640176632 0.9667057646 107.8902651362 6.0027781546 -1.9550765493 0.0111865899
6690 309145.79 113.8406123615 34.0839145282 3776677.339752 762215.4483549 56.7143940851 -0.2756481958 1.0029704351 107.5481496229 5.969080849 -1.9089623662 0.0029959882
6691 309145.96 113.8406233251 34.0839116443 3776677.047852 762216.4696129 56.7109984644 -0.1504729728 1.0691177863 107.1728653525 5.928890385 -1.851995904 -0.0256059398
6692 309146.13 113.8406342301 34.0839088475 3776676.765476 762217.4851878 56.7072567735 -0.0916693685 1.0398310651 106.8028286742 5.9027620751 -1.7936385254 -0.0079342863
6693 309146.3 113.8406450702 34.0839061291 3776676.491625 762218.4945247 56.7046467727 0.0350097625 1.0021459835 106.425037317 5.8687385061 -1.7511899406 0.0197813471
6694 309146.47 113.8406558442 34.0839034868 3776676.22606 762219.4975274998 56.7054083878 -0.0154009209 0.9565464952 106.0553084417 5.8322222738 -1.6929142335 -0.014731932
6695 309146.64 113.8406665495 34.0839009253 3776675.969276998 762220.4939358 56.7052947562 0.0089590259 0.9361438546 105.6846301363 5.7862541074 -1.642503689 0.0340520447
6696 309146.72 113.840671561 34.0838997463 3776675.851308 762220.9603278001 56.707663442 -0.088001036 0.9562312557 105.5076022154 5.7743596511 -1.6254231668 0.0324252703
6697 309146.89 113.8406821744 34.0838972951 3776675.606529 762221.9479104 56.7055536658 0.0371398319 0.9138085623 105.1460116646 5.7622967952 -1.5729674447 -0.0067467449
6698 309147.06 113.8406928671 34.0838948922 3776675.367318 762222.9426691999 56.7035588128 0.0970226215 0.9682801463 104.7753871523 5.8340593106 -1.5613986934 0.002712123
6699 309147.23 113.8407037043 34.0838925152 3776675.131354 762223.9506893002 56.7008091202 0.0732518832 1.0371178472 104.4027706262 5.9271949114 -1.5470134384 -0.0008280357
6700 309147.4 113.8407147173 34.0838901782 3776674.90028 762224.9748106998 56.7031485308 -0.0540758913 1.0268145143 104.0257698503 6.0314070167 -1.5197964729 0.0134319368
6701 309147.56 113.8407252646 34.0838879914 3776674.684680002 762225.9554785999 56.6949434886 0.0652296353 1.0067672753 103.657765096 6.1391387579 -1.5091040065 -0.0664868629
6702 309147.71 113.8407353153 34.0838859567 3776674.484675 762226.8898189 56.6910775574 0.082588789 1.1235231969 103.3114261001 6.2323144319 -1.5019495693 0.0315155668
6703 309147.87 113.8407462216 34.0838838213 3776674.275708 762227.9034759 56.6918580178 -0.0060320438 1.0425360188 102.9620287533 6.3531575888 -1.4727130381 -0.0181273976
6704 309148.03 113.8407573311 34.0838817096 3776674.069883 762228.9358147 56.6861976031 0.0484947988 1.0086120921 102.6314205093 6.4633777137 -1.4729910166 -0.0209313602
6705 309148.18 113.840767932 34.0838797275 3776673.8771339986 762229.9207976 56.6830319418 0.0230283814 1.0062670517 102.4097796393 6.5706754673 -1.4585434984 0.0045786663
6706 309148.33 113.8407787166 34.0838777579 3776673.686242 762230.9226986 56.6815979192 0.0388025742 0.9666519472 102.2871884629 6.688386937 -1.4682652715 -0.0059481009
6707 309148.48 113.8407896667 34.083875767 3776673.493415 762231.9399548002 56.6783790393 0.0589252495 0.9909376762 102.1498434403 6.7845613154 -1.4744212928 -0.0178969966
6708 309148.63 113.8408007669 34.0838737673 3776673.300006 762232.9710986 56.6742362427 0.1871258339 1.0651243127 102.0122637787 6.8755197387 -1.4763471058 0.0089723095
6709 309148.76 113.8408105138 34.0838720294 3776673.132163 762233.8764714 56.6751818983 0.1639148248 1.1042659093 101.8656782622 6.9615410114 -1.4830504124 0.0098508221
6710 309148.9 113.8408211589 34.0838701615 3776672.952207 762234.865177 56.6726891706 0.1256811498 1.1050992686 101.7098590652 7.0629236011 -1.4835268138 -0.014017442
6711 309149.04 113.8408319571 34.0838682967 3776672.772981 762235.8680199998 56.675011564 0.0011456202 1.1184567384 101.5470850433 7.1646761336 -1.4790173394 0.0378113577
6712 309149.18 113.8408429141 34.0838664328 3776672.59427 762236.885517 56.6719788713 0.0662017292 1.0897977051 101.416563025 7.2727062611 -1.4765566534 -0.0544093715
6713 309149.32 113.8408540263 34.0838645597 3776672.414936 762237.9173681 56.6661260994 0.2481421405 1.0592617739 101.3040883966 7.3777356355 -1.4777610813 -0.0103165482
6714 309149.46 113.8408653005 34.0838626907 3776672.236466 762238.9641713002 56.6662659189 0.1180558679 0.952446049 101.2707244364 7.4775188442 -1.4880461012 0.0226591368
6715 309149.6 113.8408767277 34.0838607968 3776672.055634 762240.0251827 56.6697575776 -0.1147898759 0.9055349179 101.26977169 7.5821470802 -1.520345598 0.0176735784
