705 308295.68 113.8422394843 34.0913580523 3777507.578257 762342.7078589002 58.0319921421 0.2597690049 0.931605867 273.4504694743 -10.5343279765 0.6510961717 0.0720633488
706 308295.78 113.8422280795 34.0913586331 3777507.6134089986 762341.6530633002 58.0407479033 0.0463361688 1.0171007824 273.2513727606 -10.5236387254 0.6215254552 0.0651985719
707 308295.88 113.8422166726 34.0913591857 3777507.645423 762340.5981593998 58.0447981497 -0.1150367095 1.0981024439 273.046367155 -10.525811445 0.5838932957 0.0104039004
708 308295.93 113.8422109677 34.0913594485 3777507.659932 762340.0706151 58.044019809 -0.0805326336 1.1432441655 272.9527771132 -10.5293187288 0.5697911127 -0.0086007214
709 308296.03 113.8421995542 34.0913599467 3777507.685893 762339.0152748 58.0393376248 0.0668258513 1.1135197027 272.7711472002 -10.5393301206 0.5262551427 -0.048300399
710 308296.13 113.8421881282 34.0913604153 3777507.708546 762337.9588616998 58.0350229992 0.2154360152 1.1180897369 272.5771974319 -10.5327322472 0.4922619397 -0.0114600132
711 308296.23 113.8421767049 34.091360852 3777507.727662 762336.9028032 58.0375829916 0.1437621276 1.0139944686 272.3892700742 -10.5318034799 0.4538113145 0.0275381399
712 308296.33 113.8421652823 34.091361254 3777507.742921 762335.8469213 58.0414882889 0.0969970894 0.9777559213 272.2053740891 -10.533383103 0.4190789765 0.0325225051
713 308296.43 113.8421538602 34.0913616237 3777507.754605 762334.7911724 58.0422496442 0.171163575 0.8555583345 272.0249920748 -10.5347565371 0.3811604776 -0.0017906535
714 308296.53 113.8421424415 34.0913619593 3777507.762507 762333.7358537 58.041818954 0.3052910416 0.7501094568 271.852064417 -10.5298079853 0.3397530401 -0.0076571304
715 308296.63 113.8421310305 34.0913622631 3777507.766908 762332.6813372 58.0442554206 0.3453030949 0.6393377552 271.6889885011 -10.5204054077 0.310523134 0.0294276594
716 308296.73 113.8421196218 34.0913625417 3777507.768514 762331.6271189002 58.0497965384 0.2535356364 0.576088385 271.5226440092 -10.5221286602 0.2849158914 0.0713674745
717 308296.83 113.8421082164 34.0913627966 3777507.7675 762330.573275 58.0559211671 0.2377492607 0.5216472044 271.3493373143 -10.5161486659 0.2562366462 0.0447564353
718 308296.93 113.8420968041 34.091363025 3777507.763521 762329.5188694 58.057199196 0.482492419 0.4444290456 271.1738426645 -10.5295850389 0.2235612812 -0.0276426484
719 308297.03 113.8420853897 34.0913632244 3777507.7563269986 762328.4643653001 58.0581902694 0.6029513323 0.5306039419 270.9984247741 -10.5218865253 0.2000643355 0.0584855099
720 308297.13 113.8420740028 34.0913634 3777507.746555 762327.4124755998 58.0706489943 0.1357580168 0.5634231871 270.8107787951 -10.5118385384 0.1708740108 0.1776483051
721 308297.23 113.8420626111 34.0913635358 3777507.732358 762326.3602654 58.0801539095 -0.3021086352 0.5682632834 270.6275347803 -10.5232493328 0.1310896477 0.0189329224
722 308297.33 113.8420512042 34.0913636449 3777507.715159 762325.306735 58.0725496253 -0.232231502 0.5702622847 270.4514502925 -10.5386545382 0.1029747432 -0.1197865543
723 308297.43 113.8420397882 34.0913637231 3777507.694512 762324.2524560002 58.0590840522 0.0580722721 0.5884533947 270.2982144151 -10.5376724636 0.056175019 -0.1482255136
724 308297.53 113.8420283718 34.0913637699 3777507.670376 762323.1982338 58.0537086138 0.1795896512 0.5459879126 270.143632344 -10.5343783947 0.0387949302 0.0098756947
725 308297.56 113.8420249455 34.0913637803 3777507.662721 762322.8818531 58.0547022149 0.127543461 0.5355885673 270.0837819925 -10.5493624807 0.0322467833 0.0464637682
726 308297.66 113.8420135315 34.0913637924 3777507.634743 762321.8279651 58.0579419266 0.1820162959 0.5628541239 269.8983556662 -10.5414249838 -0.005115339 0.0228230948
727 308297.76 113.8420021128 34.0913637766 3777507.603658 762320.7737313 58.0579120489 0.3777522423 0.5077934048 269.7163064027 -10.5494471936 -0.0392067687 -0.0146188321
728 308297.86 113.8419906963 34.0913637278 3777507.568906 762319.7197995 58.0588895138 0.474607069 0.5439462101 269.5482999728 -10.5376680102 -0.0753286001 0.0407647638
729 308297.96 113.8419792817 34.0913636562 3777507.53164 762318.6661063002 58.0657363301 0.3125353847 0.5650039035 269.3815258579 -10.540796736 -0.0960905161 0.0817560178
730 308298.06 113.8419678635 34.0913635561 3777507.491196 762317.6121835 58.0742041925 0.0275948943 0.633434166 269.2042030647 -10.5392674589 -0.1299794455 0.0776568799
731 308298.16 113.8419564262 34.0913634301 3777507.447827 762316.5565653002 58.0768926581 -0.1294902012 0.6819417305 269.0418009686 -10.558372127 -0.1552329866 -0.0138648691
732 308298.26 113.841944983 34.0913632761 3777507.401339 762315.5004925998 58.0729638254 -0.0523685695 0.7416098429 268.886971696 -10.5571251189 -0.1885295477 -0.0647318341
733 308298.36 113.8419335378 34.0913630928 3777507.351588 762314.4443306 58.0663489727 0.2907423162 0.665767093 268.7573429785 -10.5616158892 -0.2220226316 -0.0824156387
734 308298.46 113.8419220908 34.0913628781 3777507.298358 762313.3880910998 58.0630075643 0.7619735699 0.6676004512 268.6433129215 -10.5604974647 -0.250410392 0.0081094166
735 308298.56 113.8419106526 34.0913626527 3777507.243955 762312.3327066 58.071820341 0.716112778 0.6642297247 268.5196032043 -10.5455161069 -0.2557266992 0.1453532558
736 308298.58 113.8419083671 34.0913626061 3777507.232907 762312.1218265998 58.0753574614 0.6682295431 0.6424011812 268.494978171 -10.5409669953 -0.2620258207 0.1876693171
737 308298.68 113.841896942 34.0913623539 3777507.175571 762311.0677275 58.0949722892 0.2694618377 0.6368310366 268.3691165604 -10.5436040297 -0.2980330221 0.153499977
738 308298.78 113.8418855075 34.0913620851 3777507.116364 762310.0128118 58.1000143802 0.2495010319 0.6417999361 268.2415138697 -10.5554042948 -0.3055049744 -0.0281213839
739 308298.88 113.8418740685 34.0913617935 3777507.0546160014 762308.9575551999 58.097281035 0.4240254494 0.6123354909 268.1305760317 -10.5560566888 -0.3450665985 -0.0296453397
740 308298.98 113.8418626305 34.0913614775 3777506.990163 762307.9024616998 58.0995725868 0.291862055 0.6081641579 268.0396267901 -10.5553612386 -0.3557079068 0.0677821469
741 308299.08 113.8418511976 34.0913611528 3777506.924764 762306.8478694998 58.1098124385 -0.1340274251 0.6305450291 267.9189218735 -10.55372148 -0.369471772 0.1094282388
742 308299.18 113.841839759 34.0913608094 3777506.8572660014 762305.792807 58.1136508845 -0.3923841639 0.7055433012 267.808805595 -10.5628164866 -0.3906850325 -0.024097962
743 308299.28 113.8418283075 34.091360451 3777506.788064 762304.7366031 58.1054887855 -0.2449461601 0.7155884132 267.7146112105 -10.5764831144 -0.4119156786 -0.1218416346
744 308299.38 113.8418168488 34.09136007 3777506.716355 762303.6797998 58.0927091176 0.185462637 0.7071800326 267.6544495545 -10.5778903312 -0.4325207156 -0.1116192608
745 308299.48 113.841805387 34.0913596759 3777506.643173 762302.6227449 58.0879956512 0.4346936612 0.6844865092 267.5955918336 -10.5738919307 -0.4434705506 0.0199884794
746 308299.58 113.841793932 34.0913592659 3777506.568238 762301.5663825 58.0955562089 0.3859800461 0.61140209 267.5309510661 -10.5700481562 -0.4631273835 0.1126014995
747 308299.68 113.8417824761 34.0913588455 3777506.492153 762300.509959 58.1057760566 0.1965098272 0.5761884601 267.4588193297 -10.5695978475 -0.474611687 0.0891195783
748 308299.71 113.8417790384 34.091358718 3777506.469181 762300.1929507 58.1078369543 0.1502934508 0.597451112 267.4377394909 -10.5754123918 -0.4712282997 0.0551172126
749 308299.81 113.8417675786 34.0913582886 3777506.392085 762299.1361939998 58.1114590783 0.1376309716 0.6014903253 267.3697383217 -10.5760946267 -0.481536999 0.006742616
750 308299.91 113.8417561136 34.0913578456 3777506.313463 762298.0789989 58.1103539541 0.3297703176 0.5801902402 267.3132867201 -10.5829862897 -0.5020805856 -0.0353378046
751 308300.01 113.8417446485 34.0913573908 3777506.233545 762297.0218366 58.110545502 0.4408935957 0.5996486517 267.2503831471 -10.5751162213 -0.5070203227 0.0478697528
752 308300.11 113.8417331905 34.0913569322 3777506.1532190014 762295.9653353002 58.1193672605 0.1879657305 0.5917362802 267.176491067 -10.5668602205 -0.5179031506 0.1226185967
753 308300.21 113.841721733 34.0913564569 3777506.071028 762294.9089349 58.1281746989 -0.0144769184 0.5817823572 267.1137634495 -10.5747043087 -0.5367937811 0.0440732378
754 308300.31 113.8417102664 34.0913559708 3777505.987633 762293.8517338 58.1260242285 0.1920282484 0.5196616767 267.0410007868 -10.5826359945 -0.5467105681 -0.0640172365
755 308300.41 113.8416987956 34.0913554677 3777505.902332 762292.7941824 58.1210918613 0.4899478385 0.4890023714 266.9647334916 -10.5866886116 -0.5694191902 -0.030411735
756 308300.51 113.8416873294 34.0913549543 3777505.8159 762291.7371014 58.125677485 0.4516552789 0.4473693746 266.8676318181 -10.5811960448 -0.5789906876 0.0955944234
757 308300.61 113.8416758681 34.0913544246 3777505.727672 762290.6805139 58.1379397577 0.1223452244 0.4994335182 266.742298072 -10.5790646566 -0.5972711159 0.1109913035
758 308300.71 113.8416644023 34.0913538806 3777505.63785 762289.6235615 58.1444626162 -0.0633575963 0.5202009549 266.6074503933 -10.5894721287 -0.6200280559 0.0042893647
759 308300.81 113.8416529319 34.0913533091 3777505.544958 762288.566269 58.1414398421 0.0929340831 0.5052960884 266.4740490472 -10.5842388229 -0.6562180219 -0.0663196965
760 308300.9 113.8416426047 34.0913527739 3777505.459036 762287.6144085 58.1359435441 0.4131497136 0.4654811581 266.3607523073 -10.5960859828 -0.6700073527 -0.0498802284
761 308301.0 113.8416311352 34.0913521574 3777505.361153 762286.5573415 58.138043113 0.4916730895 0.4725490558 266.2243961293 -10.5868889523 -0.7025504179 0.087250834
762 308301.1 113.8416196729 34.0913515244 3777505.261458 762285.500988 58.1498981817 0.0683015255 0.4557844907 266.0711645087 -10.585976471 -0.7146454095 0.1195756521
763 308301.2 113.8416082117 34.0913508679 3777505.15916 762284.4447976998 58.1597206164 -0.375591144 0.4705934097 265.9170330638 -10.5842289442 -0.7483119987 0.0287527454
764 308301.3 113.8415967353 34.0913501838 3777505.053767 762283.3873022 58.1542021763 -0.2353064214 0.4432464175 265.7871385725 -10.6054257036 -0.7767561559 -0.1252265213
765 308301.4 113.8415852477 34.091349477 3777504.945817 762282.3288387 58.1406443864 0.0821503161 0.4392056998 265.6867066905 -10.6072593207 -0.8032787179 -0.1120744083
766 308301.5 113.841573765 34.091348751 3777504.835752 762281.2708858001 58.1379250586 0.150016237 0.4120288757 265.594227871 -10.5988505632 -0.8148707913 0.0293098803
767 308301.6 113.8415622819 34.0913480136 3777504.724426 762280.2129295998 58.1439966783 0.0815735786 0.4675086499 265.4882826892 -10.5980186311 -0.8340651169 0.0095760798
768 308301.7 113.8415507926 34.0913472603 3777504.6113019986 762279.154451 58.1439324627 0.2876997868 0.4985790888 265.3825019575 -10.6106442766 -0.8493016027 -0.0119826755
769 308301.8 113.8415393056 34.0913464867 3777504.495951 762278.0962446998 58.1442125253 0.4562425298 0.4821254788 265.2885819797 -10.6038788701 -0.8781696159 0.0261357018
770 308301.9 113.8415278231 34.0913456925 3777504.378319 762277.0385175998 58.150716681 0.3357413901 0.5052672755 265.2031199919 -10.5983905902 -0.8913249529 0.0902910271
771 308302.0 113.8415163373 34.0913448857 3777504.2592730015 762275.9805301 58.1593720373 0.068113101 0.512061063 265.1082157943 -10.6077926544 -0.9062435919 0.0929185608
772 308302.1 113.8415048452 34.0913440648 3777504.138652 762274.922007 58.164789767 -0.1237578463 0.5223487965 265.0049107285 -10.6154601698 -0.9266042595 0.0282104134
773 308302.2 113.841493343 34.0913432298 3777504.016438 762273.8625838 58.1623367118 -0.0403816414 0.5334794329 264.9078260697 -10.6185979395 -0.9421355221 -0.0841563549
774 308302.3 113.8414818365 34.0913423764 3777503.892177 762272.8028255998 58.154984734 0.2646188293 0.622169846 264.8154695269 -10.619382741 -0.965960583 -0.0662149764
775 308302.4 113.8414703307 34.0913415145 3777503.766972 762271.7431615 58.1541462066 0.4685354535 0.6816566091 264.7170971729 -10.6105322037 -0.9667980223 0.0300637214
776 308302.5 113.8414588337 34.0913406321 3777503.639517 762270.6843725 58.1624132954 0.3888733071 0.6970931096 264.5764471347 -10.603821197 -1.0027098545 0.0853511883
777 308302.6 113.8414473406 34.0913397285 3777503.509719 762269.6260041 58.1724029947 0.3262967271 0.7774750713 264.4194445624 -10.60344829 -1.0147757096 0.0885300172
778 308302.7 113.8414358499 34.0913387974 3777503.37687 762268.5679514 58.178986161 0.2733722522 0.7802162778 264.2748555331 -10.5980158998 -1.0637155567 0.0632711959
779 308302.8 113.841424361 34.0913378357 3777503.240635 762267.5101535 58.1839243528 0.1695003989 0.7855374509 264.1531065591 -10.6010420707 -1.0779149444 0.0564443799
780 308302.9 113.8414128716 34.0913368532 3777503.102081 762266.4523675 58.1874695234 0.0148922621 0.7662751871 264.0156892323 -10.6008671706 -1.1112872878 0.0303179404
781 308303.0 113.8414013808 34.09133585 3777502.961235 762265.3945254 58.1889532795 -0.0851221658 0.7913559376 263.8819401982 -10.6041680384 -1.1298606719 -0.0079421162
782 308303.08 113.8413921846 34.0913350367 3777502.847354 762264.5479474 58.1877576467 -0.0955424058 0.8340414335 263.7718391152 -10.6088511397 -1.1376450806 -0.0378698042
783 308303.18 113.8413806882 34.091333999 3777502.7026699986 762263.4896981 58.1832398325 0.0455637531 0.8044239089 263.6517069513 -10.6076600714 -1.1741583435 -0.0513858583
784 308303.28 113.8413691918 34.0913329391 3777502.55551 762262.4315080999 58.1812306968 0.2206714774 0.7647378947 263.5269393604 -10.6130274332 -1.2028934326 -0.0285985783
785 308303.38 113.8413576989 34.0913318532 3777502.405486 762261.3737262 58.1811663015 0.3257255009 0.7447105523 263.4145459087 -10.5993549778 -1.2238968742 0.0215131064
786 308303.48 113.8413462101 34.0913307507 3777502.253626 762260.3163713 58.1879972396 0.1587896727 0.699718419 263.2855193896 -10.603542724 -1.2457851899 0.0761050193
787 308303.58 113.8413347255 34.0913296243 3777502.099115 762259.2594808 58.1934558749 0.1273519717 0.6565145439 263.1583899671 -10.5972281783 -1.2690673553 0.014999925
788 308303.68 113.8413232404 34.091328479 3777501.942519998 762258.2025941998 58.1926474804 0.3932304845 0.6230699239 263.0137353834 -10.5967397046 -1.2897827232 -0.0199243976
789 308303.78 113.8413117559 34.0913273097 3777501.783249 762257.1458449 58.193346831 0.6514950379 0.6658616594 262.8711307656 -10.5975844247 -1.317041655 0.0596863277
790 308303.88 113.841300277 34.0913261232 3777501.622091002 762256.0896595 58.2034665178 0.4873483901 0.6936817793 262.7030805606 -10.5877983185 -1.3378122299 0.1677242687
791 308303.98 113.8412887977 34.0913249095 3777501.457918 762255.0335293 58.2191283619 -0.0239511468 0.7690636753 262.5161764002 -10.5932999664 -1.3751767501 0.0914640138
