9178 309401.7 113.8399794856 34.0840942113 3776695.655603 762156.4556243 56.790776927 -0.1371693917 0.6841076182 114.3420020204 0.7898168649 -0.3476585695 -0.0084970456
9179 309402.68 113.8399894258 34.0840905019 3776695.269456 762157.3849206 56.7848127 0.0851394841 0.7365152796 114.257230253 1.221555303 -0.5437169777 -0.0125435873
9180 309403.27 113.8399995055 34.084086718 3776694.875403 762158.3273289001 56.7800616184 0.2313010583 0.7274299986 114.3856694733 1.9892317925 -0.8966281577 -0.0050449046
9181 309403.67 113.8400094126 34.0840829504 3776694.4827230014 762159.2537554 56.7748378618 0.2572925337 0.7056239903 114.5282281958 2.5971932409 -1.1781094161 -0.018539002
9182 309404.0 113.8400194939 34.0840790859 3776694.079731 762160.1965622 56.7722944282 0.214634475 0.7585352221 114.6825547623 3.0630096061 -1.4036035918 -0.02741238
9183 309404.29 113.8400296758 34.0840751535 3776693.6694660014 762161.1488657 56.7693332164 0.2303718887 0.7747563525 114.8276256392 3.4326943809 -1.586630751 -0.0289803987
9184 309404.55 113.8400397687 34.0840712371 3776693.260748 762162.0929066 56.7667035432 0.2341689681 0.7647364754 114.9386412677 3.7498411155 -1.7426272682 -0.0218062734
9185 309404.79 113.8400498549 34.0840672978 3776692.849467 762163.0363889 56.7646350814 0.2431192846 0.8477904066 115.0456083333 4.0295323704 -1.8854078935 -0.0178691708
9186 309405.01 113.8400597496 34.0840634261 3776692.445208 762163.9619939 56.7622536058 0.1442622739 0.8436970849 115.0752249603 4.2889915386 -2.0163597742 -0.0206900119
9187 309405.22 113.840069784 34.0840594942 3776692.034614 762164.9006784002 56.7629886167 0.1410656423 0.8888322311 115.113203271 4.5269154828 -2.1397823145 0.0104462088
9188 309405.42 113.8400798409 34.0840555513 3776691.622857 762165.8414719 56.7592444569 0.1644979068 0.9142712105 115.0164484539 4.7582111143 -2.2247635456 -0.0519387021
9189 309405.61 113.8400898483 34.0840516657 3776691.217342 762166.7775186 56.753861824 0.2541410978 0.8855191056 114.8677141653 4.9641905289 -2.3005291955 0.0135672929
9190 309405.79 113.8400997086 34.0840478538 3776690.819619002 762167.6997535998 56.7578136055 0.1581180129 0.9293599197 114.695659212 5.1542589697 -2.3772944352 -0.0070091878
9191 309405.97 113.8401099313 34.0840439346 3776690.410917 762168.6557851 56.7523148749 0.3289707554 0.9563456825 114.5363101976 5.3293057131 -2.4371643944 -0.0253498504
9192 309406.14 113.8401198746 34.0840401495 3776690.016383 762169.5856064 56.753507236 0.2624042624 0.924308519 114.4160662778 5.4760429394 -2.4922774509 0.0089791857
9193 309406.31 113.8401300801 34.0840362846 3776689.613675 762170.5398851 56.7535288278 0.3495832897 0.9119633181 114.2842377116 5.6166699118 -2.5444394965 0.0047078079
9194 309406.48 113.840140536 34.0840323419 3776689.2029699986 762171.5175231999 56.7563304184 0.279911803 0.9651504596 114.1487941317 5.7532154911 -2.5986739712 -0.0171221712
9195 309406.64 113.8401506038 34.0840285781 3776688.811119002 762172.4587755002 56.7556868419 0.286482063 0.9286731882 114.0301433667 5.8704226725 -2.6222308929 0.022741697
9196 309406.8 113.8401608758 34.0840247632 3776688.414128 762173.4190388 56.76249188 0.0146965965 0.9154734458 113.908815334 5.9905244013 -2.6639193292 -0.0073123393
9197 309406.96 113.8401713389 34.0840208934 3776688.011526 762174.3971152 56.75998249 0.0186111072 0.9198970208 113.7745792248 6.0909327668 -2.6922267514 -0.0230647611
9198 309407.11 113.8401812972 34.084017238 3776687.631428 762175.3279185 56.7580180978 -0.0219813732 0.9395863691 113.6426406843 6.1665202337 -2.7120706674 -0.0135738003
9199 309407.26 113.8401913663 34.0840135661 3776687.249778 762176.2690125 56.7548223976 -0.0104520853 0.9277353992 113.4780355511 6.2200054291 -2.7159597858 -0.0157118339
9200 309407.41 113.840201518 34.0840098935 3776686.868268 762177.2177236 56.7519076494 0.0321055666 0.9378787687 113.3332829546 6.2641875274 -2.7125058456 -0.0157631699
9201 309407.56 113.8402117342 34.0840062228 3776686.487138 762178.1723883002 56.7500551473 0.0600597125 0.91503158 113.1689690379 6.3039767692 -2.7114184673 -0.0153239543
9202 309407.59 113.8402137846 34.0840054906 3776686.4111480014 762178.3639799 56.7497318601 0.0414382003 0.9196934634 113.1326126668 6.3094875874 -2.7042968882 -0.0169780089
9203 309407.74 113.8402240639 34.0840018341 3776686.031745 762179.3244247 56.7500179484 -0.0609768173 0.9547604843 112.9615413933 6.3321029248 -2.6999956442 0.013020086
9204 309407.89 113.8402343893 34.083998184 3776685.653173001 762180.2891144 56.7502503032 -0.1281015321 0.9652579382 112.7756115256 6.3678585486 -2.6908714168 -0.0100150253
9205 309408.04 113.8402447757 34.0839945584 3776685.27748 762181.259358 56.7474435987 -0.1083185778 0.9594289065 112.6148052081 6.4078005766 -2.6755062327 -0.0327524174
9206 309408.19 113.8402552074 34.0839909309 3776684.9016949986 762182.2337925 56.7434650445 -0.100131428 0.9781874866 112.4489807384 6.4386097478 -2.6823023873 -0.0289962936
9207 309408.34 113.840265697 34.0839873151 3776684.52736 762183.2135325 56.7408040976 -0.0900189405 0.9779227053 112.303517974 6.4734794273 -2.6623771018 -0.0118143065
9208 309408.49 113.8402762365 34.0839837076 3776684.154067 762184.1978574998 56.7396192653 -0.0269900084 0.9624752989 112.17180293 6.5032147349 -2.662399553 -0.0176078233
9209 309408.64 113.840286833 34.0839801092 3776683.781936 762185.1874166 56.7354892734 -0.0192685497 0.9539952539 112.0483720139 6.5381541835 -2.6595308032 -0.0167330049
9210 309408.79 113.8402974764 34.0839765052 3776683.4093 762186.1813253 56.7347786799 -0.1579514293 1.0014708329 111.9380319267 6.5635776138 -2.6664376688 0.007301968
9211 309408.94 113.8403081749 34.0839729084 3776683.037597 762187.1802968001 56.734648603 -0.2190517743 0.9846417381 111.8264990351 6.605443389 -2.6559142639 -0.0479811529
9212 309409.09 113.840318927 34.0839693121 3776682.666099 762188.1842158001 56.7260412751 -0.0397450634 1.0048041539 111.6968115529 6.6300491574 -2.6664615201 -0.0638302644
9213 309409.23 113.8403290054 34.0839659622 3776682.32022 762189.1251709 56.7236524615 -0.1193686931 1.0771561554 111.5756919824 6.6561761544 -2.6503935668 0.0048022352
9214 309409.34 113.8403369468 34.0839633368 3776682.049247 762189.86656 56.7249935092 -0.205840178 1.0491061409 111.4815960957 6.6650466252 -2.6415779566 0.0083577496
9215 309409.48 113.8403470727 34.0839600124 3776681.706306 762190.8118271999 56.7231454039 -0.2251783664 0.9952109044 111.3410792365 6.6775867415 -2.6265289031 -0.0459369586
9216 309409.62 113.8403571953 34.0839567091 3776681.365711 762191.7567205 56.7178098299 -0.1695381314 0.9976053192 111.1747027123 6.6682698896 -2.6064437096 -0.0408808661
9217 309409.76 113.8403672874 34.0839534428 3776681.0291410014 762192.6986743 56.7144716447 -0.1509868675 1.0277337983 110.9965933958 6.6388022421 -2.5715508907 -0.0131636113
9218 309409.91 113.8403780768 34.083949986 3776680.673216 762193.7056141 56.7119079186 -0.2671246642 1.0325138517 110.8074527344 6.6341212823 -2.5419483658 -0.00972399
9219 309410.06 113.8403888399 34.0839465745 3776680.3222449985 762194.7099826002 56.7114138575 -0.3483291181 1.038601915 110.6268038238 6.6029922371 -2.5109197275 -0.0160371997
9220 309410.21 113.840399575 34.0839431997 3776679.975286 762195.7116478 56.7033907017 -0.2729058271 1.0941034075 110.4414235631 6.5923563704 -2.4790749764 -0.0765676504
9221 309410.36 113.8404102769 34.0839398624 3776679.632395 762196.7101383002 56.6955871051 -0.2789989252 1.1336937677 110.2442669189 6.5727117044 -2.4498478997 -0.035048901
9222 309410.51 113.8404209505 34.083936579 3776679.295421 762197.7058413 56.691609255 -0.2800251912 1.1318377752 110.0578852707 6.5550712032 -2.4080804063 -0.0228946821
9223 309410.66 113.8404315941 34.0839333384 3776678.963114 762198.6986515 56.6867030533 -0.3022981606 1.1057688394 109.8875569233 6.5360175122 -2.3837803601 -0.0573924055
9224 309410.81 113.8404422058 34.0839301397 3776678.635383999 762199.6883779 56.679652568 -0.3255373601 1.0328027315 109.7211562117 6.5145317561 -2.344359446 -0.0336617944
9225 309410.88 113.8404471454 34.0839286612 3776678.483978 762200.1490511 56.6778751267 -0.3130988726 1.020558235 109.6483328607 6.5062477107 -2.3417787578 -0.0233819656
9226 309411.03 113.8404576995 34.0839255167 3776678.162116002 762201.1333038 56.6741030309 -0.3464200061 0.9859282109 109.4833038097 6.480441432 -2.3139119826 -0.0440517066
9227 309411.18 113.8404682232 34.083922414 3776677.8448089985 762202.1146115 56.6643486256 -0.2152993305 0.9278910008 109.3370658945 6.4514163097 -2.2725416758 -0.0468166176
9228 309411.33 113.8404787 34.0839193502 3776677.5317 762203.0914731 56.661013701 -0.1666238201 0.9093171654 109.207666069 6.4217952446 -2.2596870333 -0.0133955532
9229 309411.48 113.8404891286 34.0839163176 3776677.221918 762204.063784 56.6566097504 -0.1879192197 0.9365730164 109.0724456732 6.3978225703 -2.2280686035 -0.0377673546
9230 309411.63 113.8404995105 34.0839133215 3776676.916083999 762205.0316663 56.6533282511 -0.2430575629 0.9742563817 108.9529889243 6.3652363901 -2.2115701184 -0.0051181875
9231 309411.78 113.8405098459 34.0839103659 3776676.614613 762205.9951332 56.6515315417 -0.2935574009 0.9304797337 108.8055685776 6.3379070508 -2.1706521864 -0.031731235
9232 309411.93 113.8405201325 34.0839074432 3776676.316667 762206.9539985 56.6463929005 -0.2290782806 0.9425883108 108.6376589214 6.3064756568 -2.1406882341 -0.0371934013
9233 309412.09 113.8405310563 34.0839043694 3776676.0036019986 762207.972162 56.6394675747 -0.1429497538 0.975228808 108.4522468387 6.2831363528 -2.1057135403 -0.042207345
9234 309412.2 113.840538538 34.0839022858 3776675.791574 762208.6694361 56.6378789004 -0.17324783 0.9908794039 108.3215409145 6.2591982496 -2.0896057348 -0.0022479361
9235 309412.36 113.8405493737 34.0838992962 3776675.487619 762209.6792034 56.6375624696 -0.2186102999 0.9767787874 108.1165043735 6.2300634532 -2.0548990717 -0.0226236034
9236 309412.52 113.8405601582 34.083896353 3776675.188689 762210.6841059 56.6342352685 -0.1332845077 1.0427356254 107.8617625236 6.1984558996 -2.021034338 -0.0248605585
9237 309412.68 113.8405709023 34.0838934625 3776674.895492 762211.6851106 56.6302656429 -0.0805425068 1.103885164 107.5774211259 6.1815415883 -1.9794561863 -0.015408612
9238 309412.84 113.8405816271 34.0838906363 3776674.609389 762212.6841373 56.6300976239 -0.18458093 1.0800225314 107.2992358276 6.1778875009 -1.9356215411 0.013586049
9239 309413.0 113.8405923766 34.0838878488 3776674.327644 762213.6853243 56.628436448 -0.1717557973 1.0871553657 107.0198456387 6.2044436461 -1.9208652459 -0.0106396848
9240 309413.16 113.8406031585 34.0838850939 3776674.049597 762214.6894063002 56.624928005 -0.1356436801 1.1691452939 106.7436820592 6.221115572 -1.8972622226 -0.030781258
9241 309413.32 113.8406139772 34.0838823828 3776673.776507 762215.6967498 56.6188719217 -0.0972674633 1.1653585967 106.4761523521 6.2452079674 -1.8675697358 -0.0348940656
9242 309413.48 113.8406248524 34.0838797071 3776673.507482 762216.709195 56.6164571615 0.024037569 1.1213384806 106.1779933006 6.2865702887 -1.8425912001 0.0060573318
9243 309413.64 113.8406358148 34.0838770642 3776673.242330998 762217.7296004002 56.6126772752 0.2091448557 1.113545236 105.9047261432 6.348168386 -1.8183458631 -0.045269405
9244 309413.8 113.8406468765 34.0838744331 3776672.978743 762218.7591345 56.6115658442 0.287423188 1.1424210861 105.6094786339 6.4054429482 -1.807330034 0.0327258203
9245 309413.95 113.8406573577 34.0838719945 3776672.735027 762219.7344704 56.614768914 0.2103762897 1.0908673214 105.3788441443 6.4784315009 -1.7952929088 0.018187638
9246 309414.1 113.8406679645 34.0838695633 3776672.492458 762220.7213805 56.6173232291 0.164718509 1.1238002532 105.1160235327 6.5591519586 -1.7980064224 0.0046829833
9247 309414.25 113.8406787152 34.0838671339 3776672.250452 762221.7215727 56.6201621098 0.1143827452 1.1892162634 104.8646738429 6.6569654498 -1.7937408567 -0.0001100413
9248 309414.4 113.8406896368 34.0838647125 3776672.009781 762222.73752 56.617290291 0.0522337606 1.1381524348 104.5910529156 6.7731186753 -1.782366238 -0.0216152871
9249 309414.42 113.8406911074 34.0838643914 3776671.977918 762222.8743087 56.6168576786 0.009239549 1.1373121891 104.5511410288 6.7884134783 -1.7760025795 -0.0222703338
9250 309414.57 113.8407022456 34.0838619832 3776671.7392629986 762223.910217 56.6188662434 -0.0730895456 1.1538653318 104.2707173508 6.9065553807 -1.7833240357 0.0403242064
9251 309414.71 113.840712821 34.0838597322 3776671.516613 762224.8936725 56.6127327224 0.1062987241 1.1550468311 104.0012106319 7.0171100205 -1.7720438335 -0.0942495487
9252 309414.85 113.8407235531 34.083857499 3776671.296334 762225.8915390002 56.6038312092 0.2461603745 1.1401077683 103.7301491036 7.1154198226 -1.7553528649 -0.0074034519
9253 309414.99 113.8407344164 34.0838552842 3776671.07844 762226.9014763002 56.609380303 0.0358921476 1.0717371627 103.463628742 7.1928349227 -1.7456112582 0.0506424841
9254 309415.13 113.8407453924 34.0838530964 3776670.863829 762227.9217264 56.61161438 0.0653589043 1.0269904563 103.2057845678 7.2590593495 -1.7204890121 -0.0411115269
9255 309415.27 113.840756413 34.0838509354 3776670.652299 762228.9460123 56.605239043 0.1263583287 1.0209816404 102.9354687862 7.2499432028 -1.6900297537 -0.023692983
9256 309415.41 113.8407673842 34.0838488331 3776670.447164 762229.9655548 56.6116589522 -0.1438889176 0.887037744 102.676939242 7.1896577206 -1.627738902 0.0900664671
9257 309415.45 113.8407704964 34.0838482484 3776670.390272 762230.2547369002 56.6147834128 -0.2484881205 0.8470495509 102.6083719108 7.1533451316 -1.6088498857 0.0605923209
9258 309415.59 113.8407812325 34.0838462572 3776670.196859 762231.2522317 56.6151591577 -0.2412115274 0.638743925 102.3573268332 6.976297465 -1.5327115861 -0.0507750409
9259 309415.74 113.8407923436 34.0838442375 3776670.001246 762232.2844377 56.6112634325 -0.2463407557 0.530353306 102.0944509515 6.67162024 -1.4410730333 0.0231415315
9260 309415.9 113.8408036063 34.0838422301 3776669.807397 762233.3306086998 56.61578188 -0.4416724258 0.518860013 101.8281873183 6.3128892704 -1.3389186179 0.0153421831
9261 309416.06 113.8408142451 34.0838403719 3776669.628499 762234.3187036 56.6156682447 -0.5778844113 0.5299604752 101.5743456082 5.9273392357 -1.2219576556 -0.0155630767
9262 309416.24 113.8408253478 34.0838385017 3776669.4494550014 762235.3496787 56.6143259946 -0.6357696449 0.5128854509 101.3829838579 5.4242016498 -1.0949935735 0.0037855647
9263 309416.44 113.8408364613 34.0838366487 3776669.272354 762236.3815958 56.6100542312 -0.6406078783 0.6190829444 101.1740716479 4.7967491128 -0.9735500593 -0.0400481625
9264 309416.67 113.8408474737 34.0838348246 3776669.098197 762237.4040823001 56.6087835757 -0.575280557 0.8077446871 100.9372715988 4.0147073184 -0.7923513933 0.0247009662
9265 309416.95 113.8408582328 34.0838331114 3776668.935696 762238.4028480998 56.6047013318 -0.5679445402 0.7758387075 100.7159993468 3.0483895233 -0.5895217793 -0.0248322458
9266 309417.38 113.8408690478 34.0838314065 3776668.774271 762239.4067441 56.6079919599 -0.6672863182 0.8757013121 100.5067077092 1.6795071554 -0.3154882065 -0.0150158949
