9966 309492.62 113.8465212228 34.0869894078 3777033.768373002 762751.5512278002 57.2535499781 -0.2106555672 0.7508159496 7.9755439736 0.3707406147 2.712078578 -0.0184639607
9967 309493.03 113.8465227209 34.0869984046 3777034.770676 762751.6617347 57.2496149857 0.2539630636 0.6560373801 7.7792187509 0.3007980293 2.3093401839 0.0238571504
9968 309493.48 113.8465241926 34.0870074799 3777035.781608 762751.7695527 57.2547168154 0.2365520503 0.7047052651 7.568465316 0.2893998736 2.2069685397 0.0074280162
9969 309493.94 113.8465255954 34.0870165024 3777036.786513 762751.8711755 57.2563598584 0.5286862335 0.6650558455 7.3976822116 0.2811349991 2.2449342141 0.0047766084
9970 309494.36 113.8465270235 34.0870256663 3777037.807168 762751.9746976 57.2565535335 0.7891507381 0.6559814063 7.2253917682 0.3328120318 2.665270279 0.0047136687
9971 309494.71 113.8465284147 34.0870348046 3777038.824893 762752.0748961 57.2633618135 0.796443287 0.6677103637 7.0636131236 0.3870470131 3.1719251725 0.0490486684
9972 309494.97 113.8465296047 34.0870427094 3777039.705197 762752.1603261 57.2706344044 0.8293803576 0.6919292872 6.9215125385 0.4365384452 3.6018709775 0.0355985212
9973 309495.23 113.8465309038 34.0870516586 3777040.701699 762752.2526006 57.2768163681 0.741827168 0.5963978655 6.7699543262 0.4786546685 4.0587920712 0.0278703264
9974 309495.47 113.8465322169 34.0870608504 3777041.725164 762752.3454204 57.2846193854 0.6169432611 0.6246872614 6.6214576417 0.5173639048 4.4592674021 0.0523198156
9975 309495.69 113.8465335035 34.0870700162 3777042.745667 762752.4358739002 57.2889940329 0.4159190151 0.6470171334 6.4423562264 0.537911875 4.8101516636 -0.0020994192
9976 309495.9 113.8465347848 34.0870793946 3777043.789749 762752.5251751 57.2912270557 0.3761968444 0.7421771595 6.2588959762 0.560853896 5.1220732903 0.0429029125
9977 309496.09 113.8465359809 34.0870883997 3777044.79218 762752.6077672 57.2896661973 0.380138344 0.812556264 6.0819950789 0.5847791219 5.4113632224 -0.0559198944
9978 309496.27 113.8465371366 34.0870974039 3777045.794422 762752.686628 57.2842303524 0.5769190033 0.8460653169 5.9090169998 0.5923479125 5.6887883885 0.0211116958
9979 309496.45 113.8465383124 34.0871068535 3777046.8461339986 762752.7659776 57.2905587405 0.5086224478 0.8626391797 5.7254028177 0.614616683 5.9651100417 -0.0009906419
9980 309496.62 113.8465394403 34.0871161782 3777047.883865 762752.8412801998 57.2879890213 0.7033541138 0.8970007643 5.5444597361 0.6095307254 6.2082049326 0.0003068333
9981 309496.78 113.8465405033 34.0871252981 3777048.898694 762752.9112314 57.2928688712 0.7467940962 0.8499493232 5.3771701282 0.6092061621 6.4358986315 0.0426223396
9982 309496.85 113.8465409681 34.0871293864 3777049.3536 762752.9415023002 57.296453611 0.7314877989 0.8052984449 5.2908299349 0.6063581198 6.5242541636 0.0644305263
9983 309497.01 113.8465420151 34.0871389595 3777050.418694 762753.0085698002 57.3024047716 0.7269170204 0.6866608909 5.0910648239 0.6027971538 6.7515196024 0.0296763385
9984 309497.16 113.8465430082 34.0871482141 3777051.4482949986 762753.071643 57.3087286409 0.7230736252 0.6494625635 4.9009951912 0.6085003643 6.9519864159 0.0483135683
9985 309497.31 113.8465439983 34.0871577435 3777052.508391 762753.1335988 57.3169141868 0.6416577294 0.6243354636 4.7275747668 0.5895242447 7.1508281541 0.0372430881
9986 309497.45 113.8465449073 34.0871668849 3777053.525216 762753.189259 57.3208824983 0.7307518362 0.5565941344 4.6135627273 0.597082015 7.3398053777 0.0297568418
9987 309497.59 113.8465458227 34.0871762606 3777054.568056 762753.2447856 57.3272524793 0.6664065056 0.5657862676 4.4743605916 0.6004548086 7.5307695983 0.0348980676
9988 309497.73 113.8465467344 34.087185873 3777055.637151 762753.2992383002 57.3323936844 0.5981224838 0.518956458 4.3535378069 0.5961823592 7.7116720215 0.0450482176
9989 309497.86 113.8465475778 34.0871950074 3777056.6530370014 762753.3488620998 57.3387187431 0.5476658668 0.5021963487 4.2524416536 0.587951327 7.8834672431 0.0445119397
9990 309497.99 113.8465484134 34.0872043395 3777057.690833 762753.3971526 57.34167857 0.5374401485 0.4416378568 4.1828400099 0.5870203337 8.050309066 0.0091471662
9991 309498.12 113.8465492497 34.0872138645 3777058.750043 762753.444923 57.3427168652 0.6370622825 0.4070263807 4.1078802407 0.5916992864 8.2082195503 0.0256749241
9992 309498.25 113.8465500875 34.0872235798 3777059.830373 762753.4922265002 57.3472872777 0.6060341345 0.409432383 4.0590575153 0.6022873057 8.3714726725 0.0343789299
9993 309498.37 113.8465508728 34.0872327091 3777060.845542 762753.5365047 57.351037086 0.55791095 0.370464234 3.9933987999 0.5985309856 8.5096441845 0.0478562341
9994 309498.49 113.8465516531 34.0872419917 3777061.877704 762753.5798477 57.3555620434 0.5393152242 0.3837212343 3.946290079 0.5975288523 8.6544351087 0.0172744946
9995 309498.61 113.8465524484 34.0872514384 3777062.928117 762753.6240628002 57.3566138884 0.5529296224 0.4594629588 3.888968184 0.6140013866 8.8113442437 -0.0180394243
9996 309498.73 113.8465532423 34.0872610393 3777063.995643 762753.6676754 57.3587795058 0.5239010917 0.4805706918 3.8534112389 0.6090844637 8.9385099463 0.0704402435
9997 309498.85 113.8465540443 34.0872707755 3777065.078199 762753.7116194002 57.3662220566 0.3986354806 0.453887079 3.8067220752 0.6213562974 9.0700638047 0.0391165153
9998 309498.96 113.846554775 34.0872798256 3777066.084435 762753.7510989 57.3645509109 0.5432893312 0.4725094082 3.7720700511 0.6135650546 9.188924155 -0.048698479
9999 309499.07 113.8465555156 34.0872889865 3777067.102987 762753.7911499002 57.3638121262 0.6789448071 0.470714043 3.7306146823 0.6290775577 9.2949418939 0.0274553169
10000 309499.18 113.8465562597 34.087298256 3777068.133605 762753.8311898 57.3689222308 0.7063480283 0.4463274863 3.685919372 0.6132913173 9.4058910493 0.0548225894
10001 309499.29 113.846556999 34.0873076366 3777069.176533 762753.8704397 57.3746016063 0.7763985803 0.4598006733 3.6484649308 0.6288586474 9.5127076023 0.0476057123
10002 309499.4 113.8465577423 34.0873171211 3777070.231011 762753.9097358001 57.3815042078 0.7165966668 0.4287325734 3.5928516601 0.6107290926 9.6234549817 0.0705759819
10003 309499.51 113.8465584771 34.0873267125 3777071.297327 762753.9479247 57.3900403427 0.5603297645 0.3487835917 3.5592839685 0.6158683938 9.7314773004 0.1029708934
10004 309499.62 113.8465592082 34.0873364116 3777072.375585 762753.9854380002 57.3972812044 0.4609384947 0.2863110433 3.5149019495 0.6043350685 9.8384158661 0.0603624796
10005 309499.73 113.8465599366 34.0873462204 3777073.466019 762754.0223545 57.3993822494 0.4656416216 0.143040518 3.4802881971 0.6155929718 9.9491753149 0.0116182956
10006 309499.83 113.8465605905 34.0873552303 3777074.467594 762754.0548708 57.4007655382 0.4354655844 0.0254724895 3.4325386186 0.5929529792 10.044907872 0.028128504
10007 309499.93 113.8465612485 34.0873643254 3777075.478635 762754.0874913 57.4038427202 0.4579446356 0.0540999524 3.3946059559 0.6186410464 10.1363956011 0.0269737077
10008 309500.02 113.8465618517 34.0873725822 3777076.3964949986 762754.1176551 57.4055754766 0.6295066626 -0.0009686122 3.3401155221 0.6088748074 10.2226187944 0.0142473894
10009 309500.12 113.846562495 34.0873818345 3777077.424942 762754.1484412 57.4072742481 0.8364466326 0.024078163 3.2859469348 0.6035927659 10.3118210021 0.0407580488
10010 309500.22 113.8465631506 34.0873911673 3777078.4623589986 762754.1801074998 57.4167592041 0.7183452366 0.0567884303 3.2022149204 0.6123607254 10.3979354145 0.1223762123
10011 309500.32 113.8465637893 34.0874005821 3777079.508836 762754.2099702 57.4300847109 0.4619073138 0.115816707 3.1420741358 0.5830463516 10.4937675776 0.0935313351
10012 309500.42 113.8465644259 34.0874100811 3777080.564641 762754.2393719 57.4362271708 0.4181805372 0.1350880803 3.0842337754 0.5968062315 10.5877073501 0.0161899473
10013 309500.52 113.8465650494 34.0874196626 3777081.629575 762754.2673039002 57.4371299008 0.4280456502 0.1381548048 3.022391638 0.5735440593 10.6783187795 -0.0021232785
10014 309500.62 113.846565667 34.0874293279 3777082.703787 762754.2944429 57.439740832 0.2891564064 0.1418208735 2.9496054131 0.5789727706 10.77675572 0.037484115
10015 309500.72 113.8465662772 34.0874390774 3777083.787333 762754.3206345 57.4430206586 0.1667689466 0.1621535335 2.8600676099 0.5621535328 10.8625723489 0.0304961309
10016 309500.82 113.8465668739 34.0874489049 3777084.879496 762754.3453321998 57.4426320717 0.1802894814 0.1870123619 2.7770318184 0.5566309077 10.9535661712 -0.0405948588
10017 309500.92 113.8465674601 34.0874588156 3777085.980859 762754.3688085 57.437984325 0.3608946768 0.2142478314 2.6888614249 0.5376897453 11.0393737745 -0.0438628539
10018 309501.02 113.8465680285 34.087468799 3777087.090257 762754.390418 57.4377147192 0.3517393803 0.1731729262 2.6008891214 0.5265081958 11.1173722977 0.0250419289
10019 309501.11 113.8465685303 34.0874778434 3777088.095269 762754.4087763 57.4426996699 0.2079032665 0.1984644122 2.5121033318 0.5080724455 11.1952947038 0.0568044845
10020 309501.2 113.8465690196 34.0874869473 3777089.106852 762754.4258022 57.4456452485 0.1828352127 0.2531036867 2.4357643454 0.5029831275 11.2631757189 0.0088045054
10021 309501.29 113.8465695028 34.0874961085 3777090.124775 762754.4420846999 57.4439805262 0.2611081926 0.1881399167 2.3384887586 0.4758810457 11.3283948798 -0.0405583564
10022 309501.38 113.8465699612 34.0875053235 3777091.148608 762754.4559088 57.441835924 0.2267119255 0.21580109 2.2606728758 0.4672536284 11.3871084325 -0.0108382423
10023 309501.47 113.8465704173 34.0875145813 3777092.177184 762754.4693984998 57.44464269 0.0045175461 0.233147884 2.1457900099 0.4624392253 11.4420736672 0.0486363297
10024 309501.56 113.8465708478 34.0875238876 3777093.211084 762754.4803609998 57.4447288374 -0.1746600603 0.2500089574 2.052393989 0.4302630531 11.5122249412 -0.0622107422
10025 309501.65 113.846571266 34.087533241 3777094.250171 762754.4900452 57.4376389664 -0.0923659086 0.278796706 1.9433009526 0.4294930244 11.5622809569 -0.1016533901
10026 309501.74 113.8465716688 34.0875426395 3777095.294223 762754.4981733002 57.4278445086 0.1047374412 0.3843587903 1.8239830011 0.4116871284 11.6148654298 -0.0848517731
10027 309501.83 113.846572061 34.0875520731 3777096.342149 762754.5052139 57.4260418546 0.1208719408 0.4201533046 1.6770681973 0.3951457431 11.6487552494 0.0358302891
10028 309501.92 113.8465724208 34.0875615446 3777097.394196 762754.509146 57.428896687 -0.03860475 0.4763702154 1.5329676342 0.3496924014 11.6954094642 0.0047144288
10029 309502.01 113.8465727503 34.0875710554 3777098.450524 762754.51015 57.4287767969 -0.143939781 0.4617616729 1.3907720942 0.3251701338 11.746889154 -0.028351444
10030 309502.1 113.8465730479 34.0875806026 3777099.5108 762754.508106 57.4246344473 -0.0856345052 0.4416986652 1.2670058543 0.2911504168 11.7909090241 -0.0748834478
10031 309502.13 113.8465731401 34.0875837912 3777099.864909 762754.5067547 57.4224337954 -0.0446302358 0.3977381362 1.2285158587 0.2770551017 11.7984315226 -0.0829926717
10032 309502.22 113.8465733929 34.0875933808 3777100.929783 762754.5004399 57.4162832266 0.1248789306 0.2471039151 1.1071292455 0.2396820491 11.8327135269 -0.081344649
10033 309502.31 113.8465736185 34.0876029986 3777101.99772 762754.4915268002 57.4126871266 0.2904625295 0.1853503237 0.9770615321 0.2300147341 11.876828602 0.0056603457
10034 309502.4 113.8465738276 34.0876126406 3777103.06829 762754.481012 57.416209626 0.3736678341 0.1042073754 0.8350229412 0.2046936235 11.8994303858 0.0776317592
10035 309502.49 113.8465740077 34.0876223098 3777104.141821 762754.4677345002 57.4229106456 0.2206722852 0.0942728902 0.6988993932 0.1667460998 11.9300081767 0.0498698614
10036 309502.58 113.8465741674 34.0876320083 3777105.218544 762754.4524934 57.4274897957 0.0802396004 0.0931178334 0.5425335879 0.1562400453 11.9707529943 0.0212997158
10037 309502.67 113.846574299 34.087641738 3777106.298658 762754.4345466 57.4294146821 -0.0611012947 0.0809698505 0.3723542354 0.114341586 12.0221120544 0.0075423779
10038 309502.76 113.846574399 34.0876514995 3777107.382208002 762754.4135914 57.4279748592 -0.3349196817 0.1885022297 0.1901736432 0.0980477152 12.0525580318 -0.0287924771
10039 309502.85 113.8465744669 34.087661295 3777108.469469 762754.3895723 57.4229153339 -0.5444595919 0.2433062564 359.9875210181 0.0384053734 12.0955365044 -0.0717183746
10040 309502.94 113.846574495 34.0876711281 3777109.560785 762754.3617515998 57.4086723933 -0.5455758288 0.3987994371 359.7769364225 0.0189822244 12.1398119529 -0.1886212051
10041 309502.99 113.846574498 34.0876766072 3777110.168842 762754.3450861 57.3985128719 -0.433262609 0.3997394075 359.6464723638 0.0004142872 12.164728759 -0.2012113112
10042 309503.08 113.8465744511 34.0876864939 3777111.265923002 762754.3101766 57.3839129861 -0.3023360096 0.435055093 359.4325689549 -0.0758742736 12.2077076811 -0.0998915456
10043 309503.17 113.8465743581 34.0876964124 3777112.366412998 762754.2709167 57.3782289159 -0.3856331721 0.3726767708 359.2095876158 -0.1128409752 12.2458410104 -0.0240020742
10044 309503.26 113.846574204 34.0877063671 3777113.47076 762754.2259008002 57.3730128687 -0.5543509731 0.394291508 359.0039725708 -0.1807385821 12.2922658934 -0.0849466669
10045 309503.35 113.8465740172 34.0877163566 3777114.578877 762754.1777558002 57.3635729719 -0.7482459851 0.4724089289 358.775166026 -0.2018983585 12.3310899638 -0.1361688648
10046 309503.44 113.8465737851 34.0877263823 3777115.690907 762754.1253151 57.3491848949 -0.9262198606 0.5110906624 358.5479384427 -0.2621046048 12.379067714 -0.212519044
10047 309503.53 113.8465735067 34.0877364497 3777116.807448 762754.0684816 57.3274563169 -0.7957836465 0.5505278932 358.3137125278 -0.3077660906 12.4322052954 -0.2838560191
10048 309503.62 113.8465731761 34.0877465561 3777117.928174 762754.0066913 57.3020836897 -0.3351087625 0.6193090417 358.0992613639 -0.3595743318 12.4788355879 -0.2650016855
10049 309503.7 113.8465728435 34.0877555642 3777118.927005002 762753.9481266 57.2867879933 0.0511295994 0.5701619974 357.9008526255 -0.4033225934 12.49729215 -0.0877642796
10050 309503.73 113.8465727079 34.0877589465 3777119.302019 762753.9251485 57.2853929084 -0.0130325015 0.5887765136 357.8239001727 -0.4229929887 12.5117583891 -0.0158994781
10051 309503.81 113.8465723163 34.0877679828 3777120.303829 762753.8610448001 57.2872024626 -0.1589411695 0.7026262132 357.622952357 -0.4618979553 12.549285671 0.044101319
10052 309503.89 113.8465718983 34.0877770486 3777121.308848 762753.7944094 57.2892859886 -0.4288554781 0.7666616812 357.4062320396 -0.5024642005 12.5939293416 -0.0058646445
10053 309503.97 113.8465714302 34.0877861457 3777122.317221 762753.7230476999 57.2833403824 -0.5292531997 0.8865181787 357.2184138847 -0.5620289396 12.6358208473 -0.1266011977
10054 309504.05 113.8465709342 34.0877952784 3777123.329465 762753.6490054 57.2700855043 -0.5337570643 0.9999112008 357.0243345245 -0.5860006887 12.6803731222 -0.209304152
10055 309504.13 113.8465703981 34.0878044439 3777124.34524 762753.5711591998 57.2535612555 -0.3981021332 1.0067186024 356.8418805956 -0.6508809554 12.7285993756 -0.21277513
10056 309504.21 113.8465698177 34.087813643 3777125.364642 762753.4891168 57.2381122168 -0.1324123345 1.0246145918 356.660219673 -0.6869376669 12.7772542128 -0.1728448264
10057 309504.29 113.8465692 34.0878228722 3777126.387276 762753.4035390002 57.2284659482 -0.0182329728 1.0114507053 356.4680712041 -0.7440354789 12.8144330506 -0.0763415708
10058 309504.37 113.8465685383 34.0878321288 3777127.412848002 762753.3138199998 57.2268964834 -0.0281328246 1.0035250438 356.2876549864 -0.780295554 12.8536006336 0.0305531651
10059 309504.45 113.846567842 34.0878414104 3777128.441097 762753.2208220002 57.2282006023 -0.1276764216 0.9671331587 356.0898954444 -0.8340166079 12.8906608473 -0.0133718398
10060 309504.53 113.8465671003 34.0878507197 3777129.472312 762753.123542 57.2254342539 -0.1059007154 0.9474621258 355.9059908437 -0.8741503502 12.9290239845 -0.0627463791
