10450 309537.94 113.8444094437 34.0908357293 3777455.189933 762544.674049 57.4960255148 0.019221076 0.6215699421 300.2626424017 -1.5209406119 0.8921397332 0.0023396938
10451 309538.51 113.8443999605 34.0908403089 3777455.673782 762543.7843129 57.5030490058 0.1468604314 0.6131293693 300.0020992666 -1.5504493837 0.9040393287 0.011416009
10452 309538.58 113.8443987773 34.0908408828 3777455.73443 762543.6732888998 57.504028135 0.13615931 0.6340270038 299.9791295592 -1.5665798477 0.9071428831 -0.0061282057
10453 309539.08 113.8443892853 34.0908454131 3777456.212786 762542.7828948002 57.502063131 0.6273486673 0.6543714288 299.8352037797 -2.0401254666 1.1781519595 -0.0028991085
10454 309539.45 113.8443798975 34.0908499075 3777456.687419 762541.9022186998 57.5070916973 0.807319492 0.6592099531 299.7594266835 -2.6589641337 1.5146394816 0.026185829
10455 309539.75 113.8443704752 34.0908544158 3777457.163512 762541.0183201998 57.5117795477 0.8324128932 0.7286198514 299.709404437 -3.144467807 1.8076157908 -0.0016411309
10456 309540.01 113.8443610433 34.0908589096 3777457.63796 762540.1335824 57.5203770651 0.7505129603 0.7697614515 299.6878899091 -3.5520729734 2.0386850392 0.0278607967
10457 309540.25 113.8443513198 34.0908635494 3777458.127874 762539.2214745998 57.5238154093 0.7600230205 0.8231928723 299.6650717557 -3.9287273464 2.2329326592 0.0094748613
10458 309540.47 113.8443415986 34.0908681844 3777458.6172629986 762538.3095806999 57.5281405626 0.7036772224 0.8995656277 299.6483337031 -4.2358250286 2.4225155761 0.0436565247
10459 309540.67 113.8443321244 34.0908727029 3777459.094343 762537.4208641 57.5310670352 0.6776568589 0.9414203554 299.5993824107 -4.5160198761 2.5744995959 0.0095995547
10460 309540.86 113.8443225618 34.0908772364 3777459.572869 762536.5239321 57.5345332315 0.6599815453 0.8978715721 299.6042626345 -4.7741690041 2.7200189411 0.0257085088
10461 309541.04 113.8443130301 34.0908817716 3777460.051675 762535.6298539998 57.5374788605 0.6499223295 0.9520906948 299.555692785 -5.0084138741 2.8554979172 0.022817999
10462 309541.21 113.8443035904 34.0908862418 3777460.523492 762534.7444681998 57.5376690915 0.6375247984 0.908970377 299.5688852066 -5.2280018415 2.971865991 0.0084797534
10463 309541.38 113.8442937649 34.0908909022 3777461.015425 762533.8228723 57.5417571869 0.5829097786 0.9047178177 299.5436252951 -5.4335069148 3.0922955051 0.055211372
10464 309541.54 113.8442841695 34.0908954512 3777461.495587 762532.9228644 57.5430182815 0.5345019681 0.9418313774 299.5253190282 -5.6306677858 3.1992081298 -0.0272715703
10465 309541.7 113.8442742433 34.0909001605 3777461.9926910014 762531.991827 57.5413801772 0.5624976707 0.9551977874 299.5106899393 -5.8143290654 3.3061382531 0.0298512533
10466 309541.85 113.8442646368 34.0909047072 3777462.472567 762531.0907998 57.5460728724 0.4961997216 0.9061623553 299.4792469903 -6.0008446794 3.3982782947 0.0180403591
10467 309542.0 113.8442547477 34.0909093779 3777462.965483 762530.1633007 57.5428545391 0.6056013573 0.8833651961 299.4728766641 -6.1558437651 3.5016166297 -0.0135492946
10468 309542.14 113.8442452716 34.0909138466 3777463.437042 762529.2745676 57.5440394031 0.6228088707 0.8491992142 299.4427692959 -6.3193218082 3.568133333 0.0408322838
10469 309542.28 113.8442355595 34.0909184122 3777463.918746 762528.3637366998 57.5495775165 0.6085346752 0.812130864 299.4514321164 -6.4673263805 3.662324852 0.0246309386
10470 309542.42 113.8442256264 34.0909230929 3777464.412648998 762527.4321380998 57.5510463361 0.6519723034 0.8257186569 299.4196169216 -6.609753507 3.7486029505 0.0197495907
10471 309542.56 113.844215474 34.0909278766 3777464.917433 762526.4799858001 57.555561373 0.5000706978 0.9022246405 299.40934196 -6.7540560388 3.8315258192 0.047385756
10472 309542.69 113.8442058492 34.0909324131 3777465.396135 762525.5773075 57.5604843041 0.2856998689 0.9596608444 299.3697194715 -6.8920180409 3.9053101814 0.0255129266
10473 309542.71 113.8442043509 34.0909331187 3777465.47059 762525.4367846998 57.5608431362 0.2752318141 0.962218898 299.363199606 -6.9163481292 3.9173286626 0.0210524739
10474 309542.84 113.8441944908 34.0909377508 3777465.959293 762524.5120809 57.5600618292 0.2901180055 0.969695405 299.350075083 -7.0687704652 3.9851055102 -0.0194677504
10475 309542.97 113.844184433 34.0909424734 3777466.457533 762523.5688479 57.5558626521 0.2993659518 1.0137032505 299.3182346283 -7.1959448496 4.0662475386 -0.0269649042
10476 309543.09 113.844174976 34.0909469076 3777466.92531 762522.6819792 57.5542455744 0.2893835684 1.0073193261 299.2943613364 -7.3308411513 4.125163298 0.0101194297
10477 309543.21 113.8441653561 34.0909514089 3777467.400123 762521.7798616 57.554006299 0.3293058979 0.9775752216 299.2596564423 -7.454882019 4.1904867082 -0.0065575704
10478 309543.33 113.844155574 34.090955979 3777467.882144 762520.8625509 57.5501564611 0.4518268458 0.9690059769 299.214942701 -7.5833898465 4.2499556379 -0.0359589621
10479 309543.45 113.8441456343 34.0909606234 3777468.3720059986 762519.9304632 57.5484827235 0.5432852556 1.0502424501 299.1751611357 -7.6887268774 4.3247931099 0.0245277258
10480 309543.57 113.8441355469 34.0909653299 3777468.868387 762518.9845512 57.5531009445 0.4958870051 1.0754156982 299.1201894941 -7.8119287752 4.36336884 0.0400854394
10481 309543.69 113.844125317 34.0909700854 3777469.369839 762518.0253231 57.5554642472 0.4888325658 1.0502177523 299.0684557026 -7.9114425875 4.4200131406 0.023570212
10482 309543.8 113.8441158244 34.0909744896 3777469.834197 762517.1352616 57.5581809338 0.365692854 1.0654490102 299.0058437419 -8.002689674 4.4568458882 0.0354878713
10483 309543.91 113.8441062262 34.0909789302 3777470.302328 762516.2353294 57.5616785567 0.2022796997 1.0934647589 298.9702382324 -8.0900617554 4.4982628064 0.0329115443
10484 309544.02 113.8440965298 34.0909834124 3777470.77481 762515.3262119001 57.5618514977 0.150062289 1.0971215593 298.9211385435 -8.1766372128 4.5343551406 -0.0134816744
10485 309544.13 113.8440867408 34.0909879266 3777471.250618 762514.4084408002 57.5570238484 0.272773077 1.1136055108 298.8735238849 -8.2454236361 4.57012525 -0.0392319584
10486 309544.24 113.8440768785 34.0909924712 3777471.729615 762513.4838125998 57.5555217564 0.2984052155 1.1692637263 298.7871686337 -8.2974677177 4.5935223404 0.0049242704
10487 309544.35 113.8440669454 34.0909970319 3777472.2102089985 762512.5525943001 57.5581896128 0.1774364902 1.1848999222 298.6960799502 -8.3593611241 4.5993667038 0.047709939
10488 309544.46 113.8440569534 34.0910016028 3777472.691781 762511.6159056 57.5605262807 0.1147895116 1.2556925816 298.5715327524 -8.4036824747 4.6165440037 0.0080667644
10489 309544.57 113.8440468962 34.0910061766 3777473.17351 762510.6731846 57.5588136232 0.2241669589 1.2872985883 298.4371171238 -8.4584215918 4.6037090758 -0.0340621301
10490 309544.68 113.8440367888 34.0910107434 3777473.654329 762509.7258539002 57.5568370223 0.4171446157 1.3025657608 298.2750658897 -8.4888666006 4.598064388 0.0059917022
10491 309544.79 113.8440266384 34.091015294 3777474.133253 762508.7746064 57.5609846925 0.4137511062 1.2256177285 298.098354609 -8.5304550824 4.5696790233 0.0523838085
10492 309544.9 113.8440164526 34.0910198287 3777474.610308 762507.8201305 57.5688256025 0.1878538665 1.2222170456 297.9085758697 -8.5552834067 4.5688737828 0.0880248575
10493 309545.01 113.8440062304 34.0910243506 3777475.08586 762506.8623441998 57.5750899557 -0.0792849115 1.2576521356 297.7076127246 -8.5950247438 4.5508130697 0.0345698704
10494 309545.12 113.8439959734 34.0910288535 3777475.559201 762505.9013986 57.5738454135 -0.0916330818 1.3449272822 297.5058563512 -8.6234388181 4.5383574721 -0.0383918751
10495 309545.23 113.8439856812 34.0910333332 3777476.029883 762504.9372716 57.5675611664 0.1591595413 1.3414432668 297.2944886806 -8.648887138 4.4974511977 -0.0547170469
10496 309545.34 113.8439753733 34.091037772 3777476.495988 762503.9718281998 57.5648297323 0.3883644413 1.358297979 297.0917093681 -8.6461366193 4.4591752637 0.0130617294
10497 309545.37 113.843972564 34.0910389768 3777476.62248 762503.7087205 57.565673138 0.4062111703 1.3572465668 297.0313562993 -8.6388412447 4.4495506037 0.0421156107
10498 309545.48 113.8439622739 34.0910433641 3777477.082909 762502.7450806998 57.5732288929 0.2976207801 1.399530755 296.8165232038 -8.6154402323 4.3980337574 0.1036755518
10499 309545.59 113.843952006 34.0910477039 3777477.538129 762501.7836252 57.5824987767 0.1056903065 1.4151982898 296.5976360303 -8.6192947138 4.3599570591 0.0717064017
10500 309545.7 113.8439417352 34.0910519993 3777477.988411 762500.8220497 57.5859130574 0.1091881823 1.3693349464 296.3837330824 -8.6210326187 4.3068420626 0.0130622598
10501 309545.81 113.8439314712 34.0910562503 3777478.433793 762499.8612431998 57.5865116343 0.0950228696 1.3608811676 296.1889050593 -8.5984196478 4.261367695 0.0258252508
10502 309545.92 113.843921229 34.0910604554 3777478.8741339985 762498.9025845 57.5894863233 0.0164483218 1.3137732191 296.0208213926 -8.5897526813 4.2177866294 0.0231094002
10503 309546.03 113.8439110061 34.0910646195 3777479.309961 762497.945828 57.5918445662 -0.0382138699 1.2796515179 295.8726701835 -8.5679249453 4.1841823866 -0.0042256923
10504 309546.14 113.8439008011 34.0910687517 3777479.742305 762496.9908339 57.5905954782 0.0686555133 1.2613094273 295.7353351936 -8.5567638801 4.1486086009 -0.0164693296
10505 309546.25 113.8438906173 34.091072849 3777480.170839 762496.0378979 57.58918746 0.1725765762 1.2267479785 295.6166629321 -8.5351844902 4.1134510324 -0.01352426
10506 309546.36 113.8438804585 34.0910769173 3777480.596205 762495.0873675002 57.5914413976 0.1443293362 1.2333987393 295.4872924438 -8.5088476769 4.0877518565 0.041247093
10507 309546.47 113.8438703203 34.0910809536 3777481.018084 762494.1388362 57.5957431411 0.0509733761 1.2493251841 295.3552435938 -8.4958087656 4.0564966587 0.046050461
10508 309546.58 113.8438602056 34.0910849616 3777481.436878 762493.192559 57.5996367857 -0.0419462607 1.2849345314 295.1643308115 -8.48231577 4.0258770944 0.0137617633
10509 309546.69 113.8438501082 34.0910889287 3777481.8511660006 762492.2480041998 57.5987552563 0.0917684829 1.2706591801 294.9725467784 -8.4668681352 3.9789253862 -0.0253981423
10510 309546.8 113.8438400303 34.0910928437 3777482.259737 762491.305417 57.5974171348 0.2492869346 1.1926795742 294.7793220805 -8.4458843508 3.9188888148 -0.0016099745
10511 309546.91 113.8438299781 34.0910967119 3777482.663178 762490.3653406 57.5992765538 0.2312985771 1.2321109739 294.5574478244 -8.4177471499 3.8805863852 0.0403575074
10512 309547.02 113.8438199599 34.0911005391 3777483.062148 762489.42853 57.6065621534 -0.0185345988 1.2239038107 294.262591658 -8.393472406 3.8275245992 0.0793962879
10513 309547.13 113.8438099667 34.091104301 3777483.453945 762488.4942383 57.6124700326 -0.2234893604 1.1884792271 293.9886176434 -8.368775634 3.7586193253 0.019210923
10514 309547.24 113.8438000181 34.0911079956 3777483.838386 762487.5642666 57.6100358432 -0.2200667468 1.1863368804 293.722606116 -8.3139692947 3.6898699012 -0.0526860504
10515 309547.26 113.8437982158 34.0911086606 3777483.907548 762487.3958029002 57.609068308 -0.1787837103 1.1528440999 293.6770113945 -8.3129974082 3.6832554653 -0.0502877303
10516 309547.38 113.8437874601 34.0911125918 3777484.316182 762486.3905843 57.604846918 -0.1817173668 1.1022141469 293.4611456685 -8.2315935003 3.5924904685 0.0017339144
10517 309547.5 113.8437768196 34.091116439 3777484.71577 762485.3962612 57.6047622701 -0.1644568138 1.0988722864 293.3000690637 -8.1252184079 3.5234642384 0.0165607334
10518 309547.62 113.8437663423 34.091120203 3777485.106561 762484.417258 57.6026373804 -0.0325057956 1.0562945962 293.1617876158 -7.9862102959 3.4343341666 -0.0318671829
10519 309547.74 113.8437560633 34.0911238801 3777485.488203 762483.4568345002 57.6009121072 0.0194041639 1.0818627947 293.0217070167 -7.823969486 3.359932503 0.0112027268
10520 309547.86 113.8437459903 34.0911274615 3777485.859767 762482.515731 57.6058408758 -0.1014580432 1.0715818349 292.9164323051 -7.6727530501 3.2610692796 0.056006437
10521 309547.99 113.8437353153 34.0911312337 3777486.250952 762481.5184477 57.6096623167 -0.0596113695 1.0811357382 292.8482476348 -7.4853789424 3.1740643501 0.0067801235
10522 309548.12 113.8437248939 34.0911348979 3777486.630795 762480.5449154 57.6098489147 -0.0571139427 1.1369404258 292.7506461916 -7.291955434 3.0848551957 0.0048761814
10523 309548.25 113.8437147864 34.0911384376 3777486.997637002 762479.6007519 57.6147639407 -0.2334257207 1.2207008995 292.5714082313 -7.0433492979 2.9632461497 0.0449270891
10524 309548.39 113.8437042989 34.0911420772 3777487.374598 762478.6212004 57.6212097732 -0.3735754157 1.2564242099 292.3321875914 -6.7733516458 2.8027460787 0.0007029332
10525 309548.51 113.8436956453 34.0911450391 3777487.681048 762477.8130595002 57.6197333233 -0.23868911 1.238563378 292.1511565442 -6.5226575337 2.6782482773 -0.0345446777
10526 309548.66 113.8436852922 34.0911485407 3777488.043036 762476.8463343 57.6175511209 -0.1485388115 1.1822462972 291.8750441535 -6.1983681309 2.502145521 -0.0032825585
10527 309548.82 113.8436748558 34.0911520104 3777488.4012589986 762475.8720191 57.6224546172 -0.1453209966 1.0395246152 291.6322985409 -5.8232632228 2.3165543023 0.0401390677
10528 309548.99 113.8436644957 34.0911554155 3777488.752523 762474.9049566998 57.6267891321 -0.1305182765 0.9065534929 291.3641045082 -5.4163958012 2.1269327829 0.0057703058
10529 309549.17 113.8436543635 34.0911587088 3777489.0919550015 762473.9592745 57.6313335849 -0.1245858995 0.9006725714 291.1625676534 -4.9613325959 1.9383300583 0.024086042
10530 309549.37 113.8436441293 34.0911620202 3777489.43313 762473.0041124 57.6342842653 -0.0358664534 0.95331703 290.9436754395 -4.4977422919 1.7385668266 0.0139755636
