11356 309656.78 113.8442529878 34.0844835748 3776749.844567 762549.8577309 56.8926000819 -0.5770483863 0.3241328749 237.8677556277 -4.2644435559 -2.6753410961 -0.0067408737
11357 309656.99 113.8442435557 34.0844786576 3776749.274619 762549.0019908001 56.8853744967 -0.5115731968 0.3589342936 237.9955667767 -4.0210759018 -2.5041776875 -0.0390917534
11358 309657.21 113.8442342937 34.0844738513 3776748.717417 762548.1616171 56.8745554909 -0.3200085025 0.3508131094 238.1322304524 -3.7355630486 -2.3251241043 -0.0191740586
11359 309657.45 113.8442250118 34.0844690644 3776748.162323 762547.3193399998 56.8720971905 -0.331290912 0.3964979665 238.2629836796 -3.3887651895 -2.0833308275 -0.0022669884
11360 309657.72 113.8442156762 34.084464279 3776747.607247 762546.4720985 56.8646417679 -0.3266005512 0.4528864901 238.3958582791 -2.9708849597 -1.8283982388 0.0212535659
11361 309658.04 113.8442062969 34.0844594753 3776747.050039 762545.6208846 56.8625613572 -0.3483955119 0.4292480022 238.5070730972 -2.4282844836 -1.4851858523 -0.0127707645
11362 309658.42 113.8441969397 34.0844547301 3776746.499377 762544.771528 56.8493398326 -0.0506893353 0.4764586267 238.6219116735 -2.190136213 -1.3432225638 -0.0200785596
11363 309658.82 113.8441876106 34.0844500025 3776745.950736 762543.924708 56.836449245 0.0736471217 0.5254121135 238.7890264194 -2.1069305144 -1.2813720082 -0.0066368464
11364 309659.24 113.8441781949 34.0844452569 3776745.399875 762543.0699534002 56.8303107312 0.0357793023 0.5910633383 238.9685800471 -2.0318194768 -1.2330312224 -0.0056273005
11365 309659.4 113.8441746011 34.0844434513 3776745.19026 762542.7436884 56.8232355239 0.1868103947 0.5715885125 239.028751044 -2.1246970733 -1.2878922749 -0.0394355021
11366 309659.77 113.8441652724 34.084438802 3776744.650313 762541.8966699 56.8122894634 0.4416765029 0.6831997976 239.2202019066 -2.5681526088 -1.5345132554 -0.013723755
11367 309660.08 113.8441557698 34.0844341029 3776744.104391 762541.0337462 56.8049065256 0.4408199408 0.6836413051 239.4308401257 -3.0894604128 -1.8392383154 -0.0086822213
11368 309660.34 113.8441464124 34.0844295278 3776743.572607 762540.1838443001 56.7987174885 0.3615624803 0.6631063279 239.6322687071 -3.5376496623 -2.0817411718 -0.0031768889
11369 309660.58 113.844136661 34.0844248108 3776743.024055 762539.2980022 56.7929260992 0.366980588 0.6766391952 239.8171507272 -3.9399173837 -2.3033610057 -0.0239841749
11370 309660.79 113.8441272708 34.0844202789 3776742.496975 762538.4449393002 56.7844744055 0.4295354803 0.6448317502 239.9708367418 -4.2942080039 -2.5022889598 -0.039062334
11371 309660.99 113.8441175913 34.084415639 3776741.957168 762537.5654942 56.7769172108 0.5133664953 0.6426367418 240.0877715794 -4.6088093032 -2.6576987486 0.021508156
11372 309661.18 113.8441078075 34.084410968 3776741.413639 762536.6765156002 56.773317921 0.5671893066 0.6171885701 240.2070702548 -4.8743283337 -2.8085307754 -0.0344528767
11373 309661.36 113.8440980325 34.0844063263 3776740.873393 762535.7882583 56.7682364797 0.7002031985 0.6153158383 240.3314153765 -5.131237717 -2.9273425129 0.0054586001
11374 309661.53 113.8440883468 34.0844017527 3776740.340929 762534.9080332 56.7673299033 0.6482813394 0.6414540067 240.4598125558 -5.3703955884 -3.0589735522 -0.0087078239
11375 309661.58 113.8440854122 34.0844003676 3776740.179674 762534.6413392 56.7669549659 0.6079546159 0.6531969289 240.5147787466 -5.4454587162 -3.1019785634 -0.0014934597
11376 309661.74 113.8440757432 34.0843958294 3776739.651175 762533.7625573 56.7686375873 0.3386268776 0.6091807662 240.6912742402 -5.6909024358 -3.2086951709 0.0298346098
11377 309661.89 113.8440662955 34.0843914278 3776739.138413 762532.9037776998 56.7693756986 0.2825652978 0.6066239333 240.8677885451 -5.9121489 -3.3188485252 -0.0179901899
11378 309662.04 113.8440564814 34.0843868933 3776738.609957 762532.0115846 56.7592398152 0.5780891937 0.6397656028 241.1001590531 -6.1446676218 -3.4062318329 -0.0960726976
11379 309662.19 113.8440463068 34.0843822437 3776738.067801 762531.086447 56.7512861779 0.7454136225 0.590554066 241.3253507754 -6.3559247418 -3.5003486229 0.0050676916
11380 309662.33 113.8440364979 34.0843777924 3776737.548603 762530.1944765 56.7568743331 0.5977855281 0.5282630316 241.5920480816 -6.5564200389 -3.5693923846 0.0606291345
11381 309662.47 113.8440263724 34.0843732629 3776737.019898 762529.2735038 56.759016321 0.456377194 0.5446909319 241.8816582808 -6.7722079529 -3.6282054857 -0.0323015647
11382 309662.6 113.8440166878 34.0843689861 3776736.520374 762528.3924664 56.7551548574 0.5847531639 0.6110851534 242.1642553437 -6.9622667416 -3.6928789585 0.001113334
11383 309662.65 113.8440128901 34.0843673232 3776736.326069 762528.0469382 56.7542520156 0.6079725826 0.6201320761 242.2738921017 -7.0398400941 -3.7142480507 -0.0122995446
11384 309662.78 113.8440028212 34.0843629444 3776735.814232 762527.1307329 56.7516332855 0.5258469024 0.6008295547 242.5501949017 -7.2364811323 -3.7838015917 -0.0099219245
11385 309662.91 113.8439924709 34.0843584918 3776735.293489 762526.1887688001 56.7533718627 0.315864961 0.5570855301 242.8419792789 -7.4385397737 -3.8359490659 0.033090025
11386 309663.03 113.8439826583 34.0843543259 3776734.805945 762525.2955709002 56.7515009241 0.2404329969 0.5952079012 243.077739672 -7.6324463682 -3.8903055758 -0.0713666077
11387 309663.15 113.8439725907 34.0843501167 3776734.31294 762524.3789557 56.7410981441 0.3287841261 0.6518563509 243.2671944031 -7.8174630409 -3.9378079294 -0.0743489304
11388 309663.27 113.8439622857 34.0843458441 3776733.812293 762523.4406184 56.733173281 0.3231745789 0.658968075 243.3584886906 -7.9923629526 -4.0123459941 -0.0482685294
11389 309663.39 113.8439517558 34.0843414855 3776733.301521 762522.4817783001 56.7308688499 0.2293921577 0.6708840949 243.4559066366 -8.1702017721 -4.094699838 -0.0188101768
11390 309663.5 113.8439419062 34.0843374236 3776732.825421 762521.5848470002 56.7248899927 0.2288626815 0.647264273 243.5525366728 -8.3211938033 -4.142184559 -0.070198794
11391 309663.61 113.843931875 34.0843332987 3776732.341864 762520.6713305998 56.7174915075 0.2100590932 0.6378147197 243.6388245201 -8.4778100039 -4.2169291164 -0.0735353406
11392 309663.62 113.8439309536 34.0843329202 3776732.297494 762520.5874241998 56.7168172672 0.2300998386 0.6298703838 243.6475045878 -8.4934679978 -4.2233858634 -0.069034108
11393 309663.73 113.8439207115 34.0843287287 3776731.806007 762519.654642 56.7109580124 0.1836137524 0.5907221917 243.7229623445 -8.6554079366 -4.2835206978 -0.0364782789
11394 309663.84 113.8439102837 34.0843244712 3776731.306715 762518.7049167 56.7040344868 0.1733572369 0.5873356869 243.7983035415 -8.8085342526 -4.3461683549 -0.057522658
11395 309663.95 113.8438996728 34.0843201597 3776730.800966 762517.7384585 56.6959695118 0.1796604825 0.5921306575 243.85697631 -8.9626928758 -4.3976994687 -0.0804239879
11396 309664.05 113.8438898728 34.0843161928 3776730.335535 762516.8458104 56.6880836207 0.1909742549 0.5788056838 243.9185811276 -9.0947985818 -4.451491079 -0.0662057255
11397 309664.15 113.8438799079 34.0843122004 3776729.866856 762515.9380098 56.683707281 0.143546854 0.6052225777 243.9712267264 -9.2280102814 -4.4965551788 -0.0394955507
11398 309664.25 113.8438697977 34.0843081601 3776729.392485 762515.0169398001 56.6777497614 0.1963498466 0.5905595537 244.0142605283 -9.3536354791 -4.562195734 -0.0934809184
11399 309664.35 113.8438595503 34.0843040711 3776728.912356 762514.0833518001 56.6709015509 0.3105235604 0.580572822 244.0630253143 -9.4772577848 -4.6062760389 -0.0812522561
11400 309664.45 113.8438491653 34.0842999372 3776728.426893 762513.1372031998 56.6657731291 0.4309651958 0.5660426333 244.1034712291 -9.6029721489 -4.6587881826 -0.0389257149
11401 309664.55 113.8438386525 34.084295755 3776727.935747 762512.1793989 56.6639822498 0.5119254414 0.5495091759 244.159731425 -9.7211199139 -4.7071338341 -0.0168768845
11402 309664.65 113.8438280068 34.0842915312 3776727.439633 762511.2094441 56.663099451 0.5559459007 0.5496768944 244.2016067698 -9.8464226778 -4.7573376293 -0.0244333279
11403 309664.75 113.8438172291 34.0842872651 3776726.938498 762510.2274449002 56.6639835481 0.5409601512 0.5489114977 244.2496340312 -9.9648313749 -4.803852025 0.0041099401
11404 309664.84 113.84380742 34.0842833882 3776726.4830269986 762509.3336711 56.6651284685 0.5147030765 0.5379530699 244.2916062192 -10.0719663542 -4.844184871 0.0154245994
11405 309664.93 113.8437975097 34.0842794761 3776726.023406 762508.4306591 56.6674507223 0.4054834796 0.5649302516 244.345380822 -10.1798797327 -4.8899320306 0.0033172875
11406 309665.02 113.8437874921 34.0842755327 3776725.5600269986 762507.5178489998 56.666638853 0.459219342 0.5364651964 244.4027845665 -10.2885566426 -4.9277140579 -0.0172858849
11407 309665.11 113.8437774054 34.0842715237 3776725.089197 762506.5988497 56.6644951785 0.5134362557 0.5532421991 244.4743738571 -10.3943839378 -4.9667411334 -0.0342452071
11408 309665.2 113.8437672188 34.0842674867 3776724.614989 762505.6707189 56.6637910157 0.5040014507 0.5563763143 244.5319751194 -10.4951232325 -4.9955403266 0.002015951
11409 309665.29 113.8437569332 34.0842634201 3776724.137258 762504.7335298002 56.6655874848 0.4581744265 0.586279804 244.6059246765 -10.5979416918 -5.0342973134 0.0262651222
11410 309665.38 113.8437465475 34.0842593299 3776723.656643 762503.787181 56.666475364 0.4182296475 0.6089573604 244.6936891064 -10.701786517 -5.0548493324 -0.0209621494
11411 309665.47 113.8437360644 34.0842552167 3776723.173226998 762502.8319071 56.6649365565 0.4268538444 0.6309691036 244.7939116402 -10.7961131794 -5.0922197722 -0.0179915918
11412 309665.56 113.8437254773 34.0842510826 3776722.687224 762501.867085 56.6638528882 0.4313902107 0.6561253955 244.8987315781 -10.9138406306 -5.1046466458 0.0009299058
11413 309665.65 113.8437147921 34.0842469299 3776722.198906 762500.8932695 56.6638402129 0.3641927574 0.6483669768 245.0037511993 -11.0035251531 -5.140871986 -0.0074824556
11414 309665.74 113.8437040084 34.0842427579 3776721.70819 762499.9104166 56.6631524619 0.2520510343 0.7188145034 245.1357857921 -11.1138666878 -5.1468266206 -0.0204430567
11415 309665.83 113.8436931184 34.0842385719 3776721.215645 762498.9177958 56.6605458772 0.225885659 0.6879712939 245.278716679 -11.2162650544 -5.1778097513 -0.0620851561
11416 309665.92 113.8436821251 34.0842343683 3776720.720885 762497.9156880998 56.655509213 0.2267460433 0.702018447 245.4361427147 -11.3276721042 -5.182567921 -0.0536283643
11417 309666.0 113.8436722657 34.0842306321 3776720.280907 762497.0168366 56.6533055175 0.1417003783 0.7247558972 245.5668854633 -11.4215736297 -5.1888887411 -0.0306002672
11418 309666.08 113.8436623198 34.0842268848 3776719.839476 762496.1100315 56.6480066543 0.122457528 0.7098178641 245.7369844179 -11.517095622 -5.2044727846 -0.0849333759
11419 309666.16 113.8436522898 34.0842231338 3776719.397427 762495.1954735 56.6417319793 0.1589592778 0.6364054149 245.9103739197 -11.6110519202 -5.2117604534 -0.0800238306
11420 309666.24 113.8436421806 34.0842193787 3776718.954707 762494.273619 56.6351385191 0.1836037422 0.6100927197 246.1076732129 -11.7079570628 -5.2104118163 -0.0803457172
11421 309666.32 113.8436319832 34.0842156301 3776718.512488 762493.3435986 56.6291436506 0.3292388028 0.6033386235 246.3064409693 -11.8142578194 -5.2010045523 -0.0815631906
11422 309666.4 113.8436217009 34.0842118831 3776718.07023 762492.405726 56.6239126939 0.5631124642 0.509871784 246.5247905094 -11.9074144861 -5.2044445172 -0.0568285543
11423 309666.48 113.843611335 34.0842081446 3776717.6287050014 762491.4601119 56.6236859495 0.6413649752 0.6241834821 246.75168043 -12.0038643335 -5.1625909122 0.0504692964
11424 309666.56 113.8436008822 34.084204424 3776717.188935 762490.5064197 56.630380989 0.4742675542 0.4768560399 246.9736452125 -12.0948147392 -5.1728558414 0.1113667144
11425 309666.64 113.8435903533 34.0842007028 3776716.7488980014 762489.5457003 56.6384452004 0.1468528104 0.4965021478 247.2411551479 -12.1954559959 -5.1476167518 0.0091918222
11426 309666.69 113.843583723 34.08419839 3776716.475193 762488.9406253 56.6380898757 0.0385670525 0.4718759976 247.3994442116 -12.2739090634 -5.1310776505 -0.0693621391
11427 309666.77 113.8435730486 34.0841946964 3776716.0378559986 762487.9663813001 56.6296410924 0.1013723203 0.3202690433 247.6522110884 -12.3587659894 -5.1315046834 -0.1372567261
11428 309666.85 113.8435622877 34.0841910161 3776715.601765 762486.9841133 56.6176307155 0.256650561 0.3182616417 247.8726389371 -12.4591644749 -5.0973049085 -0.1240727667
11429 309666.93 113.843551438 34.0841873569 3776715.167795 762485.99359 56.6091774134 0.3479617579 0.3803436965 248.0510401871 -12.5590509286 -5.0644978045 -0.030072815
11430 309667.01 113.8435405046 34.0841837123 3776714.735224 762484.9952756 56.6068568267 0.3198945102 0.4291696597 248.2143878863 -12.6531755534 -5.0576559977 -0.0257471234
11431 309667.09 113.8435294788 34.0841801033 3776714.306368 762483.9883316 56.6093143569 0.195684252 0.4739941512 248.4197061576 -12.7554286914 -5.0355100367 0.0230198587
11432 309667.17 113.8435183684 34.0841765061 3776713.878606 762482.9735398 56.609868885 0.2385289875 0.4212401609 248.6018810516 -12.849166339 -5.0326566539 -0.040250434
11433 309667.25 113.8435071771 34.0841729116 3776713.450938 762481.9512673 56.6079749111 0.0623182469 0.4286481851 248.7923877117 -12.9461029255 -5.0231315074 -0.0621838829
11434 309667.27 113.8435043669 34.0841720145 3776713.3441550015 762481.6945503 56.6067813449 0.164009246 0.3823771521 248.835774732 -12.9682086366 -5.0224828893 -0.0798842702
11435 309667.35 113.84349307 34.0841684267 3776712.916955 762480.6624974 56.6027694633 0.0586176583 0.311827318 249.0238165758 -13.0700665465 -5.0227928123 -0.0752031945
11436 309667.43 113.8434816902 34.0841648432 3776712.490021 762479.6227895 56.597625616 0.1569200883 0.2283758381 249.2260412975 -13.1674960772 -5.0081801125 -0.0764489532
11437 309667.51 113.8434702248 34.0841612712 3776712.064144002 762478.5751365 56.5916971909 0.1866207566 0.1424240422 249.4298950124 -13.2586339884 -4.9958397679 -0.1068598366
11438 309667.59 113.843458675 34.084157711 3776711.639357 762477.5196461 56.5874478323 0.223585326 0.0926863902 249.6494542716 -13.3652032686 -4.9691724054 -0.0402821988
11439 309667.66 113.8434484996 34.0841546115 3776711.269225 762476.5896518001 56.5855393438 0.2400737006 0.0594092543 249.8492558071 -13.4462821249 -4.9508099799 -0.0371706315
11440 309667.73 113.8434382594 34.084151525 3776710.900385 762475.6536295 56.5844317311 0.1927805812 0.0322797131 250.0737759779 -13.5327827395 -4.9231667163 -0.0254056518
11441 309667.8 113.8434279567 34.0841484551 3776710.533213 762474.7117859998 56.5830528075 0.245476029 0.0043395008 250.3060940723 -13.6105423787 -4.9002667836 -0.0516153187
11442 309667.86 113.843419074 34.0841458392 3776710.220082 762473.8996559 56.5821444327 0.2590459649 0.0184214941 250.5139714902 -13.6878296118 -4.8682135755 -0.0485977985
11443 309667.93 113.8434086472 34.0841428117 3776709.8572989986 762472.9462241002 56.5816898048 0.2812244004 0.0108703324 250.7420346001 -13.782764251 -4.8238747558 -0.0043367476
11444 309668.0 113.8433981557 34.0841398066 3776709.496837 762471.9867455999 56.5810455913 0.2600803922 -0.0141730076 250.9679601408 -13.868467155 -4.7953599996 -0.0143426788
11445 309668.07 113.843387612 34.0841368026 3776709.13636 762471.0224460999 56.5803188914 0.2788317277 -0.0081524237 251.1925713825 -13.9400284626 -4.7611115489 -0.0182474666
11446 309668.14 113.8433770101 34.0841338072 3776708.776688 762470.0527429 56.5797347184 0.3060937377 0.0504762915 251.4031486284 -14.0271276299 -4.7263831202 -0.0173654582
11447 309668.21 113.8433663423 34.0841308363 3776708.419574 762469.0768851999 56.5796651747 0.3150594996 0.0705607899 251.5912325061 -14.1136995911 -4.6817011004 -0.0169169653
11448 309668.28 113.8433556105 34.084127885 3776708.064469 762468.0950502 56.5790507095 0.3160559383 0.0757531105 251.7649481199 -14.199959882 -4.6649684603 -0.0218939323
11449 309668.35 113.8433448199 34.0841249481 3776707.71081 762467.1077425998 56.5786367655 0.2553600753 0.1268167866 251.9380278503 -14.2716058519 -4.6355444939 -0.0138859419
11450 309668.42 113.8433339763 34.0841220295 3776707.359035 762466.1154852 56.5789130675 0.1208230092 0.1938094571 252.1180598315 -14.3275700019 -4.6134021587 -0.0198377418
11451 309668.44 113.8433308703 34.0841211995 3776707.258941 762465.831251 56.5790299838 0.094166012 0.1918168246 252.1708120586 -14.3463619435 -4.5968634818 -0.0033285527
11452 309668.51 113.8433199781 34.0841183081 3776706.910068 762464.8344193002 56.5784967123 -0.1526633102 0.1814831867 252.3502721172 -14.3883204656 -4.558998103 -0.0260477696
