11670 309687.02 113.8409857336 34.0840287118 3776690.970222 762249.5723127 56.7254555915 0.0619719474 0.5455358487 282.5282595837 -2.9797938357 0.6536243512 0.0068198353
11671 309687.03 113.840985411 34.084028771 3776690.9759699986 762249.5423463 56.7255077846 0.0536144217 0.5471917217 282.533133912 -2.974962235 0.655329359 0.0060446086
11672 309687.37 113.8409747382 34.0840308071 3776691.174522 762248.5505625998 56.730481497 0.1399724053 0.5854229131 282.6468775623 -2.8415954176 0.6376041943 0.022079517
11673 309687.73 113.8409639322 34.0840328777 3776691.3765589986 762247.5463654002 56.7361972285 0.2792514122 0.5643272145 282.774073507 -2.7185922143 0.6086415141 0.0134541947
11674 309688.09 113.8409532096 34.0840349587 3776691.579969 762246.5498466998 56.7366457554 0.6454303843 0.5418919466 282.9310278722 -2.8838018773 0.6605506513 0.0100163992
11675 309688.41 113.8409426048 34.0840370528 3776691.785133 762245.5641555 56.7415247848 0.7217293989 0.6294534617 283.1416280034 -3.2664616808 0.7672632823 0.0234461037
11676 309688.7 113.8409316909 34.0840392313 3776691.998862 762244.5496693002 56.7482163431 0.6831592391 0.6237262466 283.3547284735 -3.6971341711 0.8818258602 0.0205932553
11677 309688.95 113.8409211608 34.0840413639 3776692.20849 762243.5707685002 56.7514413875 0.7474351068 0.6157621312 283.5556478704 -4.0920725881 0.9845354595 0.0405251847
11678 309689.18 113.8409105076 34.0840435422 3776692.422882 762242.5803546 56.7566866549 0.7018426526 0.5968551506 283.7173848553 -4.4588947635 1.0937429171 0.0067974713
11679 309689.4 113.8408994902 34.0840458308 3776692.648568 762241.5559621998 56.7616263963 0.6537601208 0.6383939089 283.8889665757 -4.7861733841 1.1921647452 0.0389423835
11680 309689.59 113.8408893326 34.0840479506 3776692.857735 762240.6114906998 56.7631439865 0.7253278557 0.6324504429 284.0870006491 -5.081908183 1.2706241532 0.016119743
11681 309689.78 113.8408785543 34.0840502392 3776693.084038 762239.6091855 56.7668954358 0.6574863858 0.5617814447 284.2672096742 -5.3909660697 1.3686358569 0.0232490863
11682 309689.96 113.8408677593 34.084052556 3776693.313429 762238.6052556 56.7706643883 0.4925054336 0.5825904235 284.4496965037 -5.6767529786 1.4627762706 0.0176491588
11683 309690.13 113.8408570515 34.0840548962 3776693.5456449986 762237.6093 56.7735305252 0.5096623021 0.6426704495 284.6325602556 -5.9464860431 1.5672858018 0.0145782041
11684 309690.29 113.8408465111 34.0840572202 3776693.776493 762236.6288477 56.7694688113 0.6015021848 0.6022883363 284.8212289875 -6.2031258738 1.6379115619 -0.0463390861
11685 309690.45 113.8408355359 34.0840596612 3776694.019203 762235.6078936 56.7682199869 0.6739662791 0.523133135 285.0220056819 -6.4409156029 1.730238961 0.0449997963
11686 309690.6 113.8408248719 34.0840620786 3776694.260097 762234.6157396 56.7744779903 0.5565823 0.5647312362 285.2055979355 -6.6659310981 1.8214324444 0.0184312777
11687 309690.75 113.8408138384 34.0840646077 3776694.512426 762233.5891279002 56.772094083 0.6142428245 0.5100019243 285.4106463813 -6.8931178799 1.9041535718 -0.0052621554
11688 309690.88 113.8408039938 34.0840668916 3776694.74061 762232.673058 56.7744041104 0.5091697859 0.4888917476 285.5717547943 -7.0744959285 1.9749783647 0.0444651443
11689 309691.02 113.8407931094 34.0840694518 3776694.996789 762231.6601145002 56.7775635114 0.5388730025 0.5372439874 285.7570667456 -7.2631143427 2.0600481713 0.0211600377
11690 309691.16 113.8407819413 34.084072113 3776695.263445 762230.6206676 56.7757548084 0.5779169509 0.4652390191 285.9601928423 -7.4503712648 2.130161748 -0.0144104932
11691 309691.29 113.8407713304 34.0840746596 3776695.518806 762229.6330165998 56.7786723338 0.4562278153 0.4030494695 286.1409291326 -7.605917999 2.2026370996 0.0728550338
11692 309691.42 113.840760507 34.0840773018 3776695.784237 762228.6254567 56.7847996857 0.4011265288 0.4282958612 286.3255096345 -7.7544770478 2.2859787733 0.0028955219
11693 309691.55 113.8407494656 34.0840800247 3776696.058067 762227.5975218002 56.7796282228 0.6489240324 0.4324064273 286.5251075021 -7.9084970988 2.3531644028 -0.0523803693
11694 309691.67 113.8407390967 34.084082614 3776696.31879 762226.6320913 56.7808782682 0.6608246959 0.4109672973 286.7000939785 -8.0340782574 2.4228860091 0.0840576067
11695 309691.79 113.8407285614 34.0840852733 3776696.5868589985 762225.6510766 56.7911138134 0.4731678513 0.4210947324 286.8748291135 -8.1658058724 2.4778620481 0.0725649264
11696 309691.91 113.8407178525 34.0840880051 3776696.862526 762224.6538093 56.7945918487 0.5058476135 0.3967113582 287.0657953594 -8.2921538136 2.5549848089 0.012513708
11697 309692.03 113.8407069759 34.0840908136 3776697.146282 762223.6408218 56.792931133 0.5699114241 0.3842443861 287.2507861473 -8.4282330218 2.6143334777 -0.0114779344
11698 309692.04 113.8407060614 34.0840910509 3776697.170271 762223.5556459002 56.7927869493 0.6081462755 0.3830153716 287.2736927479 -8.4416108971 2.6233589227 -0.0127874968
11699 309692.16 113.8406949912 34.0840939411 3776697.462592 762222.5245335 56.796668618 0.557685595 0.3198798809 287.4617347971 -8.5825972378 2.7080667201 0.0511586871
11700 309692.28 113.8406837475 34.0840969125 3776697.763479 762221.4771484 56.7997012539 0.6112309095 0.3773859963 287.6471429444 -8.7056400084 2.7744486789 0.0092353104
11701 309692.39 113.8406733031 34.0840997087 3776698.0469660014 762220.5041093002 56.8012456894 0.5969117174 0.3195268801 287.8120724715 -8.8167520363 2.8438101221 0.0260636081
11702 309692.5 113.8406627255 34.084102562 3776698.336466002 762219.5185941 56.8048033556 0.4859118172 0.3361601817 287.9357768276 -8.9269064437 2.9003240102 0.06755865
11703 309692.61 113.8406520195 34.0841054786 3776698.632646 762218.5210255998 56.8088511089 0.4154832404 0.3492604051 288.0269199868 -9.0351388967 2.9630968301 0.0150926601
11704 309692.72 113.8406411745 34.084108438 3776698.933223 762217.5104904 56.806744813 0.5077820343 0.2865123804 288.1384173211 -9.1544290636 2.9988203726 -0.0181787753
11705 309692.83 113.8406301988 34.0841114516 3776699.239483 762216.4877202 56.8069655877 0.5028410909 0.3239546318 288.243599511 -9.258307352 3.0677054568 0.0461086348
11706 309692.94 113.8406190952 34.0841145268 3776699.552246 762215.4529523002 56.8118424118 0.4171253585 0.2706406135 288.3420242521 -9.3683987757 3.1141545528 0.0551704051
11707 309693.05 113.840607854 34.0841176469 3776699.869638 762214.4053428002 56.8137650453 0.457003123 0.2388039701 288.4596660297 -9.4890345684 3.1746354783 -0.0060716314
11708 309693.13 113.8405996013 34.0841199594 3776700.105082 762213.6361653 56.8131885938 0.513434971 0.2591592587 288.531410954 -9.5521350159 3.2204377041 0.0058603777
11709 309693.23 113.8405891964 34.0841228884 3776700.403428 762212.6663701 56.8139943778 0.5231729356 0.2855176767 288.6320086708 -9.6442429836 3.2628175392 0.026540246
11710 309693.33 113.8405786909 34.0841258626 3776700.706517 762211.6871369 56.8181390222 0.3704972534 0.243270657 288.7433037878 -9.734317362 3.3151953919 0.042437191
11711 309693.43 113.8405680785 34.084128881 3776701.014237 762210.6978971999 56.8205919797 0.3108877966 0.2482508833 288.8675650617 -9.8396460361 3.361809036 -0.0173263912
11712 309693.53 113.8405573647 34.0841319529 3776701.327642 762209.6991310002 56.8187382333 0.443004808 0.2545324989 289.0038071641 -9.9291451518 3.4290147021 -0.0514191682
11713 309693.63 113.8405465536 34.0841350787 3776701.646772 762208.6912148001 56.8162574153 0.5391112055 0.259988034 289.1386471186 -10.0204759669 3.4881304495 -0.0088465464
11714 309693.73 113.8405356465 34.0841382578 3776701.971577 762207.6742715 56.8189662276 0.4831611119 0.2775906392 289.278450658 -10.1049488914 3.5502181994 0.0631337123
11715 309693.83 113.8405246449 34.0841414901 3776702.302043 762206.6484329002 56.8246049434 0.3124150272 0.2730061527 289.418666076 -10.2031509862 3.6020179739 0.0137537803
11716 309693.93 113.840513544 34.0841447732 3776702.637889 762205.6132774 56.8246020004 0.4048238115 0.2282905318 289.5810331611 -10.2873449841 3.6681110654 -0.0061553156
11717 309694.03 113.8405023513 34.0841481104 3776702.9795019985 762204.5694711 56.8228389127 0.5329166359 0.2077785641 289.7387598765 -10.3715071145 3.7263864056 -0.0050881767
11718 309694.09 113.8404955947 34.0841501356 3776703.186904 762203.9393284002 56.8236933546 0.5800700549 0.2482256117 289.8382253279 -10.4155757292 3.7656593163 0.0304354422
11719 309694.18 113.8404854045 34.0841532175 3776703.502758 762202.9888831 56.8280213205 0.5276666576 0.2023060439 289.9706360165 -10.4880677104 3.826289411 0.0542351765
11720 309694.27 113.8404751425 34.0841563387 3776703.822789 762202.0316824 56.8332012035 0.5103847001 0.2549215632 290.0998964739 -10.5515711127 3.8704416124 0.054766797
11721 309694.36 113.8404648226 34.084159509 3776704.148125 762201.0689907 56.8374052187 0.5124110738 0.3223654042 290.2050667323 -10.6124703739 3.9376256058 0.0245803868
11722 309694.45 113.8404544362 34.0841627193 3776704.477729 762200.1000275 56.8401858527 0.5460015031 0.3775938975 290.2941104405 -10.6915297319 3.9749337382 0.0424112486
11723 309694.54 113.8404439825 34.0841659655 3776704.811144 762199.1247428 56.8446324114 0.5101121497 0.4621027429 290.3764233819 -10.7510943572 4.0281946497 0.0642119427
11724 309694.63 113.8404334656 34.0841692478 3776705.148398 762198.1435105 56.8496256685 0.4309208851 0.4779948661 290.4414976932 -10.8228908806 4.060257553 0.0387620295
11725 309694.72 113.8404228736 34.0841725568 3776705.488419 762197.1552608 56.8518053712 0.398889848 0.5158061359 290.5203587502 -10.8981040305 4.0962316446 0.0189719402
11726 309694.81 113.8404122181 34.0841759021 3776705.832319 762196.1610364 56.8536693715 0.427553443 0.5309259054 290.5783319601 -10.9595710266 4.1443721962 0.0155140431
11727 309694.9 113.8404014937 34.0841792779 3776706.179415 762195.1603518 56.8548883619 0.5036820921 0.5520426885 290.6267410326 -11.0336263163 4.180075944 0.0097317038
11728 309694.99 113.8403907094 34.0841826817 3776706.529475 762194.1540481 56.8575357562 0.5579886883 0.5557217529 290.6667058558 -11.0915569008 4.2104807582 0.0588370484
11729 309695.08 113.8403798676 34.0841861096 3776706.882057 762193.1423669001 56.8634516485 0.5057231358 0.5966093743 290.7060949378 -11.1510417426 4.2445243697 0.0725380546
11730 309695.1 113.8403774503 34.0841868754 3776706.960839 762192.9168031 56.8648711229 0.489924602 0.5983750237 290.7160954304 -11.1631810054 4.2515732796 0.0707896682
11731 309695.19 113.8403665409 34.084190335 3776707.316756 762191.8987781 56.8707038416 0.41999518 0.5615442461 290.7528649086 -11.216020242 4.2731441171 0.0678401487
11732 309695.28 113.8403555743 34.0841938151 3776707.674812 762190.8754064002 56.8747641128 0.3722422488 0.6062054515 290.7936536834 -11.2750875646 4.3072617153 0.0303026222
11733 309695.37 113.8403445572 34.0841973249 3776708.036035 762189.8472861998 56.8773821192 0.3456537631 0.5645267586 290.825555532 -11.3248495277 4.3308345064 0.01560499
11734 309695.46 113.8403334837 34.0842008512 3776708.39895 762188.8139101998 56.8787006894 0.3485466099 0.5975715279 290.8729899016 -11.3803149983 4.3619428583 0.0070121653
11735 309695.55 113.8403223642 34.0842044081 3776708.765128 762187.7761881 56.8810322518 0.290941108 0.5690762951 290.912271299 -11.4303341057 4.3925793246 0.0185601339
11736 309695.64 113.8403111906 34.0842079807 3776709.132924 762186.73342 56.8818852678 0.3701695346 0.5324110767 290.9866824758 -11.4869451685 4.4181981953 0.0187484452
11737 309695.73 113.8402999705 34.0842115826 3776709.503846 762185.6862716 56.8822725574 0.5107210538 0.496981076 291.0876066849 -11.5316144877 4.455250391 0.0085720008
11738 309695.82 113.8402887065 34.084215215 3776709.878035 762184.634975 56.884897952 0.5919474888 0.4280457335 291.205682878 -11.568620902 4.4958605448 0.0695161494
11739 309695.91 113.840277408 34.084218883 3776710.256088 762183.5803832 56.8933522385 0.5474652993 0.4349952791 291.3333196234 -11.6029661173 4.5417004936 0.1228723871
11740 309695.99 113.8402673308 34.084222175 3776710.595556 762182.6397236 56.9005408362 0.5953668945 0.4443317555 291.4670685624 -11.6476261185 4.5881571958 0.0608260133
11741 309696.06 113.840258492 34.0842250828 3776710.895568 762181.8145984 56.9045530707 0.7565593322 0.4820553092 291.5966038436 -11.664071861 4.63102165 0.0698612269
11742 309696.14 113.8402483682 34.0842284408 3776711.242237 762180.8694308002 56.9110641666 0.8452004968 0.528700036 291.734972092 -11.698402386 4.6832035357 0.1000772147
11743 309696.22 113.84023822 34.0842318352 3776711.592876 762179.9218931 56.9216698604 0.7486374059 0.5914284613 291.8692478475 -11.7155713103 4.7341378043 0.1697500756
11744 309696.3 113.8402280474 34.0842352637 3776711.947248 762178.9720000002 56.9350303048 0.4581725874 0.6816260675 291.9978429757 -11.7620094067 4.7740151902 0.1369454547
11745 309696.38 113.8402178397 34.0842387234 3776712.304988 762178.0187750999 56.9420702215 0.3036405917 0.7592076324 292.146004804 -11.7963566819 4.8248601952 0.0594890521
11746 309696.46 113.8402076029 34.0842422192 3776712.666661 762177.0627486 56.9434599178 0.3147694305 0.6996698757 292.2863489481 -11.8298729206 4.8665169048 -0.0032436932
11747 309696.54 113.8401973299 34.0842457444 3776713.031497 762176.1032878 56.9423503103 0.2552294397 0.6857666646 292.4298629885 -11.8696162106 4.9153415191 -0.0100391219
11748 309696.62 113.840187032 34.0842493065 3776713.400377 762175.1414164002 56.9432414966 0.1551745102 0.6486272633 292.56015466 -11.8996847612 4.9645470111 0.0213133834
11749 309696.7 113.8401766998 34.0842528981 3776713.77243 762174.1762845 56.9434651928 0.1281054641 0.622794409 292.7058769314 -11.9465255225 5.0056095991 -0.0096541959
11750 309696.78 113.8401663372 34.0842565287 3776714.148739 762173.2082295 56.9412246514 0.1395884895 0.6373173385 292.8454160538 -11.9733592054 5.0612468091 -0.0582803758
11751 309696.82 113.8401611434 34.0842583572 3776714.3383269985 762172.7230031998 56.9392531365 0.2578121042 0.6567064614 292.916838854 -11.9952438986 5.0802834045 -0.0401889571
11752 309696.9 113.8401507357 34.0842620439 3776714.720742 762171.750611 56.9372773198 0.3724863037 0.6626579809 293.0478875267 -12.025753306 5.1422412785 -0.0133436562
11753 309696.98 113.8401403029 34.084265767 3776715.107146 762170.7757891 56.9403538182 0.3975459004 0.6831062377 293.1639410774 -12.0551581266 5.1821368198 0.0813114408
11754 309697.06 113.8401298423 34.0842695197 3776715.496751 762169.7982989 56.9473768687 0.13552607 0.6654317166 293.2919620274 -12.0878598579 5.2279203595 0.0782517966
