12573 309785.48 113.8393085679 34.090477119 3777402.288332 762074.8149253002 58.239076647 0.700637172 0.8154211569 51.3516276532 0.6414441572 0.5246037274 -0.0187930035
12574 309786.21 113.839317185 34.0904828344 3777402.944726 762075.5929149 58.2417046903 0.8399779598 0.7583663733 51.4710021682 1.5643089428 1.2494755069 0.0137737884
12575 309786.27 113.8393182298 34.0904835214 3777403.023654 762075.6872618 58.2422768446 0.8357609871 0.7518143244 51.4773923104 1.6450699819 1.3131395554 0.0052165018
12576 309786.68 113.8393267836 34.090489127 3777403.667695 762076.4597397 58.2458551861 0.8238604394 0.8723903612 51.558235209 2.187748062 1.7366595617 0.0142868803
12577 309787.01 113.8393353108 34.090494722 3777404.3105 762077.2297996 58.2503621159 0.6408166345 0.8893519161 51.6498076742 2.5855238587 2.0388151635 0.0040653902
12578 309787.3 113.8393440706 34.0905004169 3777404.964989 762078.021034 58.2557439227 0.5753298599 0.923449164 51.8541873166 2.9733006359 2.3450879534 0.0138188169
12579 309787.55 113.8393526303 34.0905059644 3777405.6026 762078.7942435 58.2537886873 0.5064557093 0.9801434294 52.040036391 3.3409570992 2.5808914675 -0.0385799579
12580 309787.78 113.839361352 34.0905115427 3777406.244047 762079.5823073002 58.2505135676 0.4988185884 1.147315651 52.1143794499 3.641566838 2.8155157138 -0.014656871
12581 309787.99 113.8393699436 34.0905170779 3777406.8803839986 762080.358503 58.2540340414 0.2606327492 1.0398562809 52.2673128752 3.917463172 3.0285137844 -0.008904053
12582 309788.19 113.8393787622 34.0905226729 3777407.523937002 762081.1554666 58.2456518579 0.2424045114 1.1325032155 52.3359263054 4.1725202898 3.2153127953 -0.0075391671
12583 309788.38 113.8393875986 34.0905282989 3777408.170965 762081.9539801999 58.2483837484 -0.0793295426 1.0264385081 52.490238573 4.3870342474 3.3791162033 -0.031434408
12584 309788.56 113.839396369 34.0905338675 3777408.811469 762082.7465799 58.2354721911 0.3548039522 0.8404430821 52.5926209642 4.594645802 3.4919769269 -0.0839071143
12585 309788.73 113.8394050165 34.0905392922 3777409.435679 762083.5282705999 58.2258394249 0.5629379461 0.9420561046 52.6719671039 4.7758567374 3.6047840557 -0.0394240305
12586 309788.9 113.8394139336 34.0905449031 3777410.081248 762084.3342778 58.2307908563 0.4674611334 0.8224680666 52.8348361473 4.8978692158 3.7184104477 0.0635331437
12587 309789.07 113.8394230973 34.0905506494 3777410.742469 762085.1626396 58.2375988718 0.2792321091 0.6691613274 52.9229233006 5.0423146133 3.795950536 -0.0437382152
12588 309789.17 113.8394285856 34.0905540923 3777411.138645 762085.6587591999 58.233662542 0.3817912717 0.6895883777 52.9985156559 5.1098193705 3.8401493885 -0.0552889057
12589 309789.33 113.8394375319 34.0905596675 3777411.780322 762086.4675757 58.2362377318 0.2594702765 0.75305825 53.1098427767 5.2287499602 3.9006739356 0.0515011599
12590 309789.49 113.8394466619 34.0905653477 3777412.4341339986 762087.2930241 58.2399971094 0.0186369515 0.7001343176 53.224463434 5.3279846873 3.9742225117 -0.0206123074
12591 309789.64 113.8394554016 34.0905707472 3777413.055788 762088.0833047 58.2384243719 0.2662929503 0.8586701333 53.3449121834 5.4420531495 4.0053093741 -0.0133071453
12592 309789.79 113.8394643 34.090576229 3777413.686982 762088.8879880002 58.232462476 0.6264528247 0.817870291 53.4889699223 5.5232912543 4.0874752739 -0.0814638758
12593 309789.94 113.8394733263 34.0905817806 3777414.326247 762089.7042687 58.2404237604 0.5474836012 0.705603793 53.6572892966 5.6180184232 4.1182990927 0.0919229784
12594 309790.09 113.8394825141 34.0905873639 3777414.969449 762090.5353571 58.251125575 0.3424337536 0.7212987979 53.8347825077 5.7030915743 4.1588724936 0.0045179086
12595 309790.24 113.8394918456 34.0905930054 3777415.619471 762091.3795344 58.2529093139 0.4010986722 0.7098577947 54.130493942 5.8102967595 4.1867673776 -0.016895747
12596 309790.38 113.8395007254 34.090598308 3777416.230736 762092.1830497 58.2537904484 0.4756051434 0.6736664247 54.3981932652 5.9172813153 4.2227771508 -0.0024159227
12597 309790.52 113.8395097697 34.0906036579 3777416.847668 762093.0016098 58.2590424102 0.5385528541 0.6893361199 54.7446938092 6.0296891772 4.254696787 0.0412588537
12598 309790.58 113.839513702 34.090605961 3777417.113348 762093.3575689 58.2615042087 0.528468197 0.6964207008 54.9007782525 6.0813046378 4.2658763402 0.0256797353
12599 309790.72 113.83952301 34.0906113561 3777417.735977 762094.2003408001 58.2644934216 0.6378990391 0.7310961321 55.2558022583 6.1949936217 4.2864109472 0.0187977656
12600 309790.86 113.8395324921 34.0906167794 3777418.362176 762095.0590975 58.2730451338 0.6074785541 0.7830871213 55.6378903115 6.3229341168 4.3071755455 0.0591739346
12601 309790.99 113.83954146 34.0906218345 3777418.946186 762095.8715040998 58.2793607218 0.4959727799 0.830834225 55.9707567052 6.4326206911 4.3259724538 0.0337578527
12602 309791.12 113.8395505736 34.0906269134 3777419.533221 762096.6973059 58.2855076073 0.3867171615 0.8275955588 56.3080012351 6.5290553671 4.3445473206 0.0407775513
12603 309791.25 113.8395598486 34.0906320111 3777420.122758 762097.5379399002 58.2916782005 0.2853252066 0.8771328689 56.622537526 6.6528286145 4.3557806952 0.0147341354
12604 309791.38 113.8395692733 34.0906371358 3777420.715679 762098.3923144002 58.2893564142 0.4136556826 0.8683280387 56.9567078188 6.7521130378 4.384939613 -0.0355398089
12605 309791.51 113.8395788375 34.0906422698 3777421.309985 762099.2595394 58.2891717041 0.3761804807 0.877306056 57.226860479 6.849956963 4.3799727845 0.0222573992
12606 309791.55 113.8395818073 34.090643851 3777421.493085 762099.5288617 58.2908784458 0.3210016456 0.8796128781 57.2966723857 6.875847208 4.3894947225 0.0470568466
12607 309791.68 113.8395915378 34.0906490068 3777422.09023 762100.4113823002 58.2964376006 0.1766116476 0.8718882557 57.5394360057 6.9606562335 4.409313078 0.0184451155
12608 309791.81 113.8396013963 34.0906541886 3777422.690599 762101.3056288002 58.2966809981 0.1629257507 0.8218660145 57.7742901126 7.0535594588 4.4300887431 -0.0309698372
12609 309791.93 113.8396106136 34.0906589912 3777423.247237 762102.1418505 58.293620374 0.2021162664 0.785073835 57.9953305333 7.1451928511 4.4504337136 -0.0227970781
12610 309792.05 113.8396199411 34.0906638044 3777423.805339 762102.9882102 58.2938214969 0.1592533019 0.7577253453 58.1857815077 7.2231471062 4.4581731627 -0.0080384799
12611 309792.17 113.8396293686 34.0906686436 3777424.366575 762103.8437229998 58.2930738358 0.2516180006 0.7716627633 58.3816696773 7.302092765 4.4777475298 -0.0156487359
12612 309792.29 113.8396389038 34.0906734935 3777424.929284 762104.7091509 58.2912102677 0.4366315619 0.832452387 58.5305760004 7.3860594815 4.4831449781 -0.0106416352
12613 309792.41 113.8396485341 34.0906783685 3777425.495017 762105.5832839 58.2928185929 0.504948316 0.806037673 58.67903156 7.4479807444 4.525514157 0.0166097046
12614 309792.53 113.8396582557 34.0906832656 3777426.063435 762106.4657688001 58.3005181961 0.2901568374 0.8027777044 58.8314891877 7.5245912821 4.5291205719 0.0860985839
12615 309792.65 113.8396680728 34.0906881775 3777426.63374 762107.3570351999 58.3073468991 0.2082607616 0.7832918069 58.9924168881 7.598507295 4.5514829865 0.0093573641
12616 309792.7 113.8396721895 34.0906902306 3777426.87215 762107.7307964001 58.307633657 0.2644054158 0.7921427283 59.0743590836 7.627759198 4.5561408919 -0.0211216835
12617 309792.82 113.8396821383 34.0906951611 3777427.4448690014 762108.6341554 58.305916477 0.4328117597 0.7678762635 59.2574346989 7.6940213682 4.558165668 -0.0340520622
12618 309792.94 113.8396921614 34.0907000893 3777428.017508 762109.5443901998 58.3098226758 0.4663262539 0.8070646969 59.4546687846 7.7354277 4.5459031013 0.0916309627
12619 309793.06 113.8397022226 34.0907049947 3777428.587728 762110.4582040998 58.3210092485 0.1493630416 0.8085801022 59.6748961946 7.7571837075 4.5210860322 0.0608693803
12620 309793.18 113.8397122919 34.090709867 3777429.154281 762111.3728732 58.3292113962 -0.0567732592 0.7459171056 59.9278496582 7.7551027168 4.4915772487 0.0419888214
12621 309793.3 113.8397223621 34.0907146908 3777429.715464 762112.2877789 58.3302270006 -0.1327513429 0.7111962216 60.1752243057 7.762916058 4.43701338 -0.0327501906
12622 309793.42 113.8397324428 34.0907194685 3777430.271562 762113.2037963 58.324659898 0.1661643461 0.7023129025 60.4097950121 7.7737864092 4.4067292127 -0.0774075935
12623 309793.54 113.8397425373 34.0907242031 3777430.822905 762114.1212125 58.3238885403 0.3631315867 0.7876451603 60.6046610149 7.7761164571 4.3528385243 0.0241553403
12624 309793.57 113.8397450609 34.0907253785 3777430.959826 762114.3505929 58.3251506994 0.3424915704 0.8310355111 60.6412149023 7.7728449456 4.340315881 0.0379927188
12625 309793.69 113.839755135 34.0907300453 3777431.50359 762115.2663319 58.3328000717 0.3303728768 0.8802287341 60.7776754922 7.7537008263 4.3114711503 0.0548942473
12626 309793.81 113.8397651837 34.0907346917 3777432.045028 762116.1798013998 58.3407580536 0.1883560806 0.8647691364 60.9333683424 7.7304215649 4.2809658357 0.0581690127
12627 309793.93 113.8397752094 34.0907392958 3777432.581721 762117.0912736 58.3488386674 0.0238725713 0.8675070713 61.0708364393 7.7203189978 4.2418992061 0.0447883359
12628 309794.05 113.8397852251 34.090743871 3777433.115169 762118.0019026 58.3511093697 -0.0003514736 0.8042584122 61.215805305 7.7081285417 4.2234018528 -0.0103958974
12629 309794.17 113.8397952368 34.090748421 3777433.64582 762118.9122534002 58.349950918 0.0379418367 0.7886081643 61.36521412 7.7010207355 4.1851792812 0.0023865874
12630 309794.29 113.8398052416 34.0907529337 3777434.172302 762119.8220691 58.3517465144 -0.0303244997 0.8182508623 61.5184747239 7.696863738 4.1545729949 0.0066976606
12631 309794.41 113.8398152658 34.0907574225 3777434.696186 762120.7337597 58.3512882581 0.1186117598 0.8218055303 61.6911563874 7.7238875719 4.1379966891 -0.0093145151
12632 309794.53 113.8398253254 34.0907618979 3777435.218677 762121.6487585 58.3484458746 0.3551274474 0.8830203442 61.8824309114 7.7579348427 4.1173064695 -0.0106782997
12633 309794.65 113.8398354289 34.0907663474 3777435.738405002 762122.5678888 58.3520096885 0.3485611915 0.9061034416 62.0498695127 7.7910360202 4.1030909414 0.0694353035
12634 309794.72 113.8398413381 34.0907689405 3777436.041358 762123.1054851 58.3565992648 0.2856783997 0.8914091393 62.1625462582 7.8008495755 4.1060135415 0.0640933367
12635 309794.84 113.8398515088 34.0907733775 3777436.5598699986 762124.0308528001 58.3629691694 0.1605545346 0.8954985817 62.3548998692 7.8499983247 4.0902264592 0.0227762688
12636 309794.96 113.8398617429 34.0907778042 3777437.077407 762124.9621196998 58.3629267057 0.1490262723 0.8751269264 62.5528793008 7.9002713318 4.0877416385 -0.0021746598
12637 309795.08 113.8398720379 34.0907822236 3777437.59428 762125.8990167 58.3638934568 0.3142978857 0.8612331163 62.7500373014 7.9473745616 4.0766343805 0.0022889327
12638 309795.2 113.8398824039 34.0907866461 3777438.111694 762126.8424728 58.3646455668 0.4122944524 0.8172051816 62.9552065366 8.010967775 4.086057359 0.0066717231
12639 309795.32 113.8398928521 34.0907910614 3777438.628506 762127.7935349 58.3688026276 0.3337901746 0.8287279436 63.1557006216 8.0801625061 4.0636322989 0.0657092122
12640 309795.44 113.8399033961 34.0907954796 3777439.145899 762128.753428 58.3764049513 0.1804083265 0.8030593206 63.3545491293 8.1521010956 4.0866862214 0.0334590324
12641 309795.55 113.8399131479 34.0907995338 3777439.620858999 762129.6413029998 58.3773026345 0.3234290189 0.8297563658 63.5279291432 8.2298811027 4.0743946485 -0.012016966
12642 309795.66 113.8399229826 34.0908035844 3777440.0956230015 762130.5368486 58.375833435 0.4319844426 0.8032829304 63.6631318178 8.2918114136 4.0882926929 -0.0070999283
12643 309795.71 113.8399274754 34.0908054307 3777440.312051 762130.9459719 58.3761765212 0.4091557508 0.8182142388 63.7299454217 8.3149806415 4.0914935278 0.0227540703
12644 309795.82 113.8399374131 34.0908094887 3777440.787917 762131.8510015 58.3843678525 0.0907523364 0.8486058544 63.8320667739 8.3745998256 4.085025896 0.0998840843
12645 309795.93 113.8399474326 34.0908135542 3777441.264808 762132.7635599 58.3890509848 -0.0355676972 0.9091974112 63.9217228223 8.4477928964 4.1009872924 -0.0304980214
12646 309796.04 113.839957528 34.0908176412 3777441.74429 762133.6830534 58.3804285498 0.2433517514 0.918153328 64.0133172747 8.5063632785 4.1187612053 -0.1056314262
12647 309796.15 113.839967699 34.090821735 3777442.224721 762134.6095123 58.375906691 0.4737195919 0.9376478543 64.096688713 8.5642009702 4.1328603301 0.0338662867
12648 309796.26 113.8399779402 34.0908258416 3777442.706751 762135.54242 58.3842635341 0.3116255206 0.9165702526 64.1720024592 8.6257711006 4.1494483295 0.0996402953
12649 309796.37 113.8399882521 34.0908299653 3777443.190861 762136.4817885 58.3924880829 0.0866123158 0.8722938026 64.2459412618 8.6889671764 4.1662303261 0.0455286875
12650 309796.48 113.8399986376 34.0908341063 3777443.6770769986 762137.4279109 58.3935153205 0.0280831188 0.8574766695 64.3277465365 8.7501301716 4.1761139034 -0.0321772818
12651 309796.59 113.8400091004 34.0908382622 3777444.165154 762138.381122 58.3881892106 0.2276560032 0.8249083396 64.4136716531 8.8103575368 4.1965366578 -0.0497169407
12652 309796.7 113.8400196352 34.0908424321 3777444.654954 762139.3409322 58.3853763295 0.4187990227 0.8152328521 64.5232862298 8.8692538718 4.2027770651 -0.0016956854
12653 309796.81 113.8400302443 34.0908466075 3777445.145572 762140.3075851 58.3897930086 0.4030083905 0.8043809164 64.6149045795 8.9256528926 4.2123028555 0.057023594
