12777 309807.11 113.8412992243 34.0911775453 3777485.130667 762256.4511631 58.3119692793 -0.4524431129 0.7385690581 80.4033832001 11.1019899101 1.8534124931 -0.1206914902
12778 309807.2 113.8413100467 34.09117905 3777485.325455 762257.4457531 58.2982751224 -0.0620384466 0.6929747146 80.5359155139 11.0899254274 1.8444734755 -0.1407811173
12779 309807.29 113.8413208475 34.0911805364 3777485.518159 762258.4383963002 58.2925892416 0.0782868722 0.6842935838 80.6874400717 11.0580553974 1.8090376025 0.0116945807
12780 309807.38 113.8413316247 34.0911819928 3777485.707462 762259.4289582 58.2980883448 -0.2141453256 0.6956394361 80.818222083 11.0522600565 1.7664825114 0.0816362597
12781 309807.47 113.8413423917 34.0911834249 3777485.8940449986 762260.4186607 58.2996019162 -0.3366812188 0.6325899397 80.9751305556 11.039750464 1.7498484263 -0.0105526448
12782 309807.56 113.8413531765 34.0911848416 3777486.078973002 762261.4100455998 58.292995139 -0.4636020251 0.5364971185 81.1546284172 11.0760893321 1.7344185787 -0.1201376572
12783 309807.61 113.8413591759 34.0911856183 3777486.180575 762261.9615708 58.2866303688 -0.4929000331 0.485140869 81.2425969707 11.0758607045 1.7054007397 -0.1294077855
12784 309807.7 113.8413700026 34.0911869944 3777486.361103 762262.9569497 58.2736268099 -0.4016959431 0.4403613356 81.3968804793 11.1087507259 1.6799499044 -0.1349654969
12785 309807.79 113.8413808652 34.091188344 3777486.538776 762263.9557271 58.2602586504 -0.1458843667 0.4445101131 81.5625796568 11.160020246 1.6380240809 -0.1767586754
12786 309807.88 113.8413917657 34.0911896724 3777486.7141949986 762264.9580612 58.249276164 0.1237150797 0.3323103319 81.7588844246 11.1876998451 1.6232118557 -0.0468221341
12787 309807.97 113.8414026939 34.0911909817 3777486.887564 762265.9630213 58.250763786 0.0055327923 0.3039564871 81.9768347869 11.2267824653 1.579809267 0.0904645504
12788 309808.06 113.8414136706 34.0911922585 3777487.057458 762266.9725556999 58.2541183922 -0.1935174956 0.2627110498 82.1822603988 11.2883087541 1.5479672002 -0.018260994
12789 309808.15 113.8414246954 34.0911935171 3777487.2254550015 762267.9865916 58.2481071157 -0.1109710261 0.1756795492 82.3826558335 11.3301107821 1.5236901986 -0.0841571391
12790 309808.24 113.8414357724 34.0911947461 3777487.390291 762269.0055403 58.2398261903 0.0244841734 0.2306424091 82.5647143388 11.3917149758 1.4752469776 -0.0948397583
12791 309808.33 113.8414468996 34.0911959444 3777487.5518620014 762270.0292076 58.2317209626 0.2037218901 0.2211916665 82.7400347605 11.4390529771 1.4524366342 -0.0455078699
12792 309808.41 113.8414568256 34.091196993 3777487.693732 762270.9424393 58.2319721999 0.133498913 0.2451951311 82.9106814197 11.4719566053 1.4229375805 0.0622645118
12793 309808.5 113.841468038 34.0911981487 3777487.850783 762271.9741066 58.2346859388 -0.017311488 0.1984652485 83.1035596777 11.5339172931 1.3986666258 0.0093773329
12794 309808.59 113.8414793012 34.0911992829 3777488.005585 762273.0105374 58.2327890769 -0.1399267388 0.0821787614 83.2971799648 11.5740045294 1.3644772993 -0.0337821698
12795 309808.68 113.8414906146 34.091200393 3777488.157841 762274.0516797 58.2286613993 -0.1432209847 0.0268770784 83.4840629037 11.6307198018 1.3424194017 -0.0693376054
12796 309808.77 113.8415019797 34.0912014732 3777488.30691 762275.0976826998 58.219448626 0.1952163889 -0.0321248507 83.6831168031 11.6858593855 1.2945806401 -0.0922501395
12797 309808.86 113.8415133909 34.0912025264 3777488.453106 762276.1480269 58.2130920328 0.3028227115 -0.0856104456 83.8807025122 11.7207806169 1.2681092472 -0.0054846774
12798 309808.95 113.8415248364 34.0912035471 3777488.595775 762277.2016361 58.2195708174 -0.0466223131 -0.0094033531 84.0851266412 11.7650395221 1.2220338589 0.1210138544
12799 309809.04 113.8415363297 34.0912045279 3777488.734148 762278.2597808002 58.2244022451 -0.3449695548 0.01325107 84.2801215041 11.8215413654 1.1731081748 -0.0242593512
12800 309809.13 113.8415478826 34.0912054768 3777488.869131 762279.3235329002 58.2160519324 -0.2074754995 0.0560313294 84.4836932274 11.8746835959 1.1425466534 -0.1252998055
12801 309809.16 113.8415517454 34.0912057864 3777488.913414 762279.6792251 58.2109838547 -0.0919844772 0.0804731957 84.5497392374 11.8881319743 1.1318097724 -0.1772121661
12802 309809.25 113.8415633638 34.0912066938 3777489.043962002 762280.7491501998 58.1971117826 0.1639536094 0.157315726 84.7518062718 11.9233029388 1.0949183864 -0.1191255345
12803 309809.34 113.8415750215 34.0912075697 3777489.171108 762281.822798 58.1949475883 0.1678039383 0.2302438506 84.9560258044 11.9663633397 1.0509611068 0.0340277291
12804 309809.43 113.8415867226 34.0912084134 3777489.294798 762282.90056 58.1975574642 0.0264236626 0.2530218426 85.156457389 12.0154651934 1.0136171684 0.0299734399
12805 309809.52 113.8415984667 34.0912092286 3777489.415436 762283.9823744 58.1985234032 -0.012013849 0.3136162233 85.3478881232 12.0630699539 0.9751880503 -0.0036456372
12806 309809.61 113.8416102556 34.0912100102 3777489.532456 762285.0684236998 58.195048485 0.0381827719 0.3367937481 85.5115877482 12.1072698916 0.9396686007 -0.0858674797
12807 309809.7 113.8416220891 34.0912107701 3777489.647189 762286.1586625 58.1884602187 0.1980094418 0.3497604151 85.670604129 12.1581241846 0.9147313305 -0.0626510945
12808 309809.79 113.8416339597 34.0912115067 3777489.759423 762287.252405 58.1864556521 0.2357847061 0.3043039491 85.8229012113 12.1882515971 0.8856377828 0.0379237164
12809 309809.88 113.8416458669 34.091212227 3777489.869943 762288.349571 58.1901693186 0.0465073459 0.2639809455 85.9941857083 12.2299118984 0.8641575954 0.0665588412
12810 309809.94 113.841653829 34.0912126921 3777489.942014 762289.0832757 58.1921709096 -0.0591426765 0.236049056 86.1094443166 12.2598391964 0.8384709132 0.0214859952
12811 309810.03 113.8416658105 34.0912133657 3777490.047551 762290.1874438 58.1895877766 -0.080648307 0.1097453433 86.2779914636 12.3091853971 0.8094871984 -0.0600415449
12812 309810.12 113.8416778238 34.0912140079 3777490.149682 762291.2946503 58.1842532335 -0.0206317964 0.1276019325 86.4512493998 12.3358632166 0.7680966632 -0.0376035829
12813 309810.21 113.8416898631 34.0912146149 3777490.247971 762292.4043579 58.1797455838 -0.0103029398 0.1148338095 86.6275931256 12.3549984073 0.7280831099 -0.0508420982
12814 309810.3 113.8417019232 34.0912151922 3777490.343014 762293.5160851 58.1768067749 -0.1031665226 0.1092512473 86.8202058495 12.376182629 0.6928272473 -0.0129910585
12815 309810.39 113.8417139872 34.091215738 3777490.434578 762294.6282664002 58.1759441337 -0.223294508 0.0914472714 87.021492476 12.3657951554 0.6513518658 -0.0048969376
12816 309810.48 113.8417260424 34.0912162485 3777490.522197 762295.7397458 58.1728255022 -0.2051924124 0.1240256234 87.2270450518 12.3599954931 0.6029632303 -0.0488610808
12817 309810.57 113.8417380886 34.0912167204 3777490.60552 762296.8505119 58.1665606918 -0.0516381565 0.0696012673 87.4312186893 12.3524676962 0.5632261287 -0.0671946738
12818 309810.65 113.8417487887 34.0912171122 3777490.676489 762297.8372388 58.1623585234 -0.0118539647 0.0897102792 87.6119351056 12.335959303 0.515841732 -0.0121513629
12819 309810.74 113.841760809 34.0912175128 3777490.75182 762298.9458412 58.163839926 -0.1727001517 0.1971132604 87.7910222987 12.3162120456 0.4711670714 0.0323756043
12820 309810.83 113.8417728189 34.0912178738 3777490.822737002 762300.0536019 58.1624065982 -0.1566615407 0.2585375753 87.9651393839 12.3101250941 0.4185434467 -0.0456179198
12821 309810.92 113.8417848055 34.091218209 3777490.890733 762301.159286 58.157595613 -0.0787069385 0.2499031677 88.1405529153 12.2822457069 0.4001631105 -0.0416903245
12822 309811.01 113.8417967694 34.0912185171 3777490.955661 762302.2629544 58.1545815039 -0.0277293916 0.2906228178 88.3148399489 12.2550231369 0.3543874324 -0.0022177087
12823 309811.1 113.8418087018 34.0912187885 3777491.016433 762303.3638394 58.1539202826 0.0374610772 0.2802707301 88.4909860459 12.2113883206 0.3258870402 0.0006164175
12824 309811.19 113.8418205993 34.0912190302 3777491.073819998 762304.4615839 58.1525748847 0.3596463607 0.3040100063 88.6892271326 12.1738565092 0.2740438064 0.0155091823
12825 309811.28 113.8418324534 34.0912192341 3777491.126896 762305.5554405 58.1566720288 0.2688165504 0.2642246956 88.8680766116 12.1201340164 0.240961364 0.0870676471
12826 309811.37 113.8418442534 34.0912194086 3777491.176581 762306.6443957 58.1701945113 -0.3145343659 0.2758885285 89.0399654823 12.0709279678 0.1959417317 0.188352399
12827 309811.39 113.8418468686 34.091219443 3777491.187118 762306.8857523 58.1728560692 -0.4683440252 0.3010147058 89.0741841568 12.0606783442 0.1923660607 0.1243059796
12828 309811.48 113.8418586157 34.0912195782 3777491.2322989986 762307.9699464 58.1704775235 -0.5332385681 0.3370949519 89.2443500842 12.0254117046 0.1533696648 -0.1534774617
12829 309811.57 113.8418703229 34.0912196818 3777491.273874 762309.0505466998 58.1550708115 -0.0713744384 0.3831550506 89.4090705271 11.9743518962 0.1062847896 -0.1632858371
12830 309811.66 113.8418819727 34.0912197535 3777491.311755 762310.1259505998 58.1454077158 0.2918420833 0.4513346219 89.5438227403 11.919592598 0.0760967234 -0.008581801
12831 309811.75 113.8418935501 34.0912198002 3777491.346681 762311.1947507 58.1553053558 -0.0050433183 0.5119408017 89.6751672772 11.8343864156 0.0438348524 0.2117173153
12832 309811.84 113.8419050673 34.0912198285 3777491.379411 762312.2580398001 58.1677922877 -0.5230246832 0.5283071111 89.8343231175 11.7747456613 0.0267646635 0.0711541308
12833 309811.93 113.8419165317 34.0912198388 3777491.410002 762313.3165161 58.1652053986 -0.5658067863 0.4412595012 90.0124705403 11.7243653198 0.0047952234 -0.1115635397
12834 309812.02 113.8419279323 34.0912198239 3777491.43764 762314.3691840002 58.1530175228 -0.2348675756 0.3673754357 90.1971545969 11.6478120946 -0.0376775308 -0.1178489471
12835 309812.11 113.8419392438 34.0912197775 3777491.461548 762315.4137089001 58.1435959702 0.0158896544 0.3583686363 90.3677548681 11.5364495978 -0.0784144809 -0.0349860989
12836 309812.18 113.841947964 34.0912197161 3777491.477136 762316.2190372 58.1437689606 0.0357021893 0.4296551029 90.5052750395 11.4363444092 -0.1120676599 0.0522677362
12837 309812.27 113.8419590706 34.0912196093 3777491.493821 762317.2448428002 58.1485830676 -0.0021280151 0.475086631 90.6929098937 11.3215295033 -0.1445503193 0.0593012096
12838 309812.36 113.8419700566 34.0912194756 3777491.507203 762318.2595904 58.1536668101 -0.0930897942 0.5053888696 90.884753283 11.1937455948 -0.1793666474 0.072289365
12839 309812.45 113.8419809249 34.091219314 3777491.517197 762319.2635521 58.1582617918 -0.2185768647 0.5270732767 91.0726700128 11.0731867354 -0.2100789334 0.0244257239
12840 309812.55 113.8419928814 34.0912191024 3777491.524428 762320.368153 58.1580737261 -0.1625627897 0.5287999008 91.2827186101 10.9861851659 -0.2538603265 -0.0171544547
12841 309812.65 113.842004766 34.0912188591 3777491.527968 762321.4662024 58.1554075051 -0.1632643322 0.5096935176 91.4864266269 10.9345325121 -0.2841449003 -0.018829434
12842 309812.75 113.8420166044 34.0912185763 3777491.526998 762322.5601210998 58.154615148 -0.2503227731 0.5521728541 91.671297608 10.9000128257 -0.335106923 -0.0056327766
12843 309812.85 113.8420284067 34.0912182654 3777491.522808 762323.6507828 58.1501821391 -0.1748419507 0.5470816052 91.8533555464 10.8659464345 -0.3540363493 -0.0579166609
12844 309812.95 113.8420401757 34.0912179215 3777491.514882 762324.7384785998 58.1454380518 -0.0645146597 0.645983774 92.0190627732 10.8355795956 -0.4000822262 -0.0372666609
12845 309812.97 113.8420425255 34.0912178482 3777491.512789 762324.9556619 58.1445844341 -0.0322603143 0.6401754424 92.0466024175 10.8317115976 -0.4069358759 -0.0371244578
12846 309813.07 113.8420542498 34.0912174723 3777491.501194 762326.039323 58.1424276857 0.0065979857 0.6620551757 92.1949426308 10.7960389855 -0.4243018025 0.0128632966
12847 309813.17 113.8420659307 34.0912170724 3777491.486825 762327.1190566998 58.1449346254 -0.0944494386 0.6294212907 92.3351285097 10.7665166376 -0.448192092 0.0116750881
12848 309813.27 113.8420775808 34.0912166562 3777491.470564 762328.1959909998 58.1458169902 -0.0725794123 0.4353620217 92.4805100257 10.7363909298 -0.4648529472 -0.0014896431
12849 309813.37 113.8420892012 34.0912162305 3777491.45318 762329.2702211 58.1438912069 0.0105011013 0.4102789868 92.6316249858 10.7090767828 -0.4857105185 -0.0323386588
12850 309813.47 113.8421007868 34.091215761 3777491.430847 762330.3413668 58.145569345 -0.1214046298 0.5285170503 92.7386030531 10.6769600681 -0.5359191266 0.0123097102
12851 309813.57 113.8421123484 34.0912152716 3777491.406233 762331.4103622 58.1437093485 -0.124612076 0.5047679117 92.8446033112 10.6610358771 -0.5482256777 -0.042392508
12852 309813.67 113.8421238753 34.0912147641 3777491.379529 762332.4762029 58.1443912499 -0.3526933152 0.5863813572 92.9230453293 10.6244181357 -0.56960096 -0.0131803306
12853 309813.77 113.8421353829 34.0912142348 3777491.350359 762333.5403298 58.1407751339 -0.3679709895 0.6299685216 92.9959595707 10.6127208781 -0.5881678788 -0.0572650825
12854 309813.87 113.8421468691 34.0912137136 3777491.322027 762334.6024659 58.1332574235 -0.3087626426 0.7143986765 93.1209383452 10.5839138696 -0.5755777796 -0.0377487549
12855 309813.97 113.8421583287 34.0912131629 3777491.290357 762335.6622261999 58.131311167 -0.579297658 0.7381836783 93.2461322922 10.5676699981 -0.6235803218 -0.0103796599
12856 309814.07 113.8421697731 34.0912126042 3777491.257755 762336.720608 58.1261773044 -0.6935445672 0.6783190837 93.4004371473 10.5575349081 -0.624089733 -0.0644726224
12857 309814.09 113.8421720633 34.0912124899 3777491.250951 762336.9324154998 58.1246840069 -0.7289713359 0.7005670529 93.4287065292 10.5542990929 -0.6368195985 -0.0748865402
12858 309814.19 113.8421835023 34.0912118953 3777491.214355 762337.9904215998 58.1072161663 -0.2564354056 0.6549856507 93.5597854895 10.5291518091 -0.6773886619 -0.168315775
