12982 309826.12 113.8434995314 34.0909791828 3777468.770684 762460.2182902 57.8270222833 -0.1368790577 0.5968638701 110.7240432877 9.3427201414 -3.5442149183 -0.0341262565
12983 309826.23 113.8435106306 34.0909756559 3777468.407812 762461.2539776 57.8244472742 -0.2031140962 0.6951387805 110.8572581871 9.2895233431 -3.5711222736 0.0252086604
12984 309826.34 113.8435216908 34.0909721162 3777468.043414 762462.2861087 57.8182054125 -0.0138638155 0.7889821348 110.9942775177 9.2647108401 -3.5814698175 -0.0549813029
12985 309826.45 113.8435327036 34.0909685667 3777467.6778089986 762463.3138838002 57.8156321058 0.0523037028 0.8306427615 111.1232431905 9.2142821117 -3.5891384745 0.0128484148
12986 309826.56 113.8435436745 34.0909650145 3777467.311802 762464.337813 57.818142226 -0.0792255497 0.8208170189 111.2519780654 9.1852055285 -3.5851101935 0.0255623818
12987 309826.67 113.8435546056 34.0909614552 3777466.944896 762465.3580804 57.820808541 -0.3071248398 0.7504966577 111.3729511473 9.1516196074 -3.5993790182 0.0151672171
12988 309826.78 113.8435655042 34.0909578888 3777466.577123998 762466.3753653001 57.8173388299 -0.3851134476 0.6485681662 111.5023938884 9.1325889533 -3.5988946173 -0.0556503073
12989 309826.89 113.8435763679 34.0909543125 3777466.20816 762467.3894679 57.8098422438 -0.3549089646 0.5232409174 111.6205968793 9.09635946 -3.6165491239 -0.0588366866
12990 309827.0 113.8435872003 34.0909507335 3777465.838817 762468.4006758 57.8011325318 -0.3213135185 0.4432040155 111.7562423744 9.0750822298 -3.6124958536 -0.067954565
12991 309827.11 113.8435979974 34.0909471363 3777465.467374 762469.4086943001 57.7952788649 -0.3915832942 0.3995400542 111.8958357789 9.0372609017 -3.6369311235 -0.0357786364
12992 309827.22 113.8436087585 34.0909435236 3777465.094109 762470.4134343 57.7890258832 -0.3388799857 0.3470105247 112.0567761916 9.0099388925 -3.6440362576 -0.0657298123
12993 309827.33 113.8436194795 34.0909398942 3777464.718888 762471.4145214001 57.7813408691 -0.2019234702 0.3673328872 112.2205291743 8.9681969077 -3.6744258214 -0.070371484
12994 309827.44 113.8436301534 34.0909362419 3777464.340999 762472.41133 57.7757223947 -0.151653548 0.4183319174 112.3672714765 8.9291867427 -3.6936364982 -0.0117354453
12995 309827.55 113.8436407825 34.0909325731 3777463.961173 762473.4040503 57.7735453779 -0.1671554732 0.5124131563 112.5158192886 8.8950003875 -3.7081372491 -0.0233917195
12996 309827.66 113.8436513722 34.0909288948 3777463.580191 762474.3931646999 57.769842471 -0.1343202809 0.5603092018 112.6760469545 8.8578802195 -3.7110947909 -0.0453316325
12997 309827.71 113.8436561733 34.0909272211 3777463.40679 762474.8416243 57.7680047387 -0.0919682893 0.5975437042 112.758888682 8.8457097138 -3.7136178632 -0.0341677114
12998 309827.82 113.8436667005 34.0909235234 3777463.023494 762475.8250307 57.7662838344 -0.0524112045 0.5650907194 112.9139639828 8.813493114 -3.7298133319 -0.0111074057
12999 309827.93 113.8436771866 34.0909198205 3777462.639506 762476.8046545 57.7638374968 0.0327711381 0.5790974734 113.0971516789 8.771363305 -3.7377980326 -0.0160848174
13000 309828.04 113.8436876215 34.0909160943 3777462.252807 762477.7796186 57.764280227 -0.0495102784 0.5806731647 113.2577165382 8.7276125099 -3.7686366044 0.0168499554
13001 309828.15 113.8436980033 34.0909123577 3777461.8648190014 762478.7497185002 57.7656254321 -0.2003092935 0.5153774878 113.4351947662 8.7008028804 -3.7689614104 0.0096353139
13002 309828.26 113.8437083424 34.0909086111 3777461.475613 762479.7159132 57.7656955114 -0.3204826459 0.4997560845 113.6133759682 8.6542886827 -3.7919100153 -0.0077874921
13003 309828.37 113.8437186353 34.0909048422 3777461.083811 762480.6779031 57.7622205727 -0.2811958494 0.4760658812 113.7765706862 8.6230845091 -3.8064218822 -0.0412351231
13004 309828.48 113.843728888 34.0909010671 3777460.691219 762481.636206 57.7559330137 -0.177617444 0.4188141661 113.9431383748 8.5851752561 -3.8160327968 -0.0475511521
13005 309828.59 113.8437390928 34.0908972786 3777460.297012 762482.5901248 57.7498796284 -0.1309306132 0.3315137324 114.0824222055 8.5444135703 -3.8192758094 -0.0508683194
13006 309828.64 113.843743716 34.0908955563 3777460.117765 762483.0223082 57.7489480358 -0.1623069556 0.3230755439 114.1523997285 8.5214787666 -3.81389506 -0.0105081992
13007 309828.75 113.8437538497 34.090891753 3777459.72174 762483.9697034 57.7486950355 -0.227327789 0.3125100257 114.2955576914 8.4789641756 -3.8418681555 -0.0177608896
13008 309828.86 113.8437639412 34.0908879499 3777459.325622 762484.9132045 57.7457202151 -0.2021155406 0.2539351696 114.4595784223 8.4490634287 -3.8279451064 -0.0487185878
13009 309828.97 113.8437739801 34.0908841346 3777458.9280239986 762485.8518872 57.7401851751 -0.1279840932 0.2789507825 114.5964666579 8.3928798607 -3.8656710066 -0.0516405848
13010 309829.08 113.8437839689 34.0908803113 3777458.529398 762486.7859680002 57.7372929119 -0.1574271547 0.2163390435 114.6996512993 8.3663945531 -3.8488948713 -0.0137173058
13011 309829.19 113.8437939166 34.0908764949 3777458.131443 762487.7162364002 57.7375685992 -0.3669787275 0.2588696065 114.8221821721 8.3206979726 -3.8601152685 0.001026273
13012 309829.3 113.8438038144 34.0908726718 3777457.732614 762488.6419156 57.7347307056 -0.3815294325 0.1474316184 114.9372454964 8.2833485358 -3.8419267572 -0.0560535524
13013 309829.41 113.8438136722 34.0908688583 3777457.334736 762489.5638793 57.7268516282 -0.205305363 0.1386251302 115.0788667174 8.2378866344 -3.8566934779 -0.0889426012
13014 309829.52 113.8438234699 34.0908650232 3777456.934314 762490.4803540999 57.7187054204 -0.0242967757 0.2088021386 115.1784520035 8.1953951237 -3.8698244005 -0.0681718352
13015 309829.64 113.8438341008 34.0908608465 3777456.49813 762491.4748151 57.7165027428 -0.0957773602 0.2756535241 115.3429611847 8.1444106454 -3.8639127324 0.0039865759
13016 309829.71 113.8438402729 34.0908584077 3777456.243347 762492.0522208 57.7177503603 -0.1610969656 0.3007760394 115.4259296794 8.1179706377 -3.8675334414 0.0156945391
13017 309829.83 113.8438508068 34.090854211 3777455.804697 762493.0377882 57.7182379551 -0.2734516145 0.3571946107 115.5510636404 8.0765435668 -3.8770334806 -0.0206251985
13018 309829.95 113.8438612904 34.0908500192 3777455.366446 762494.0186908002 57.7136972174 -0.1157914372 0.4119313714 115.7073410582 8.0310926461 -3.8823687997 -0.0524453397
13019 309830.07 113.8438717161 34.0908458276 3777454.928075 762494.9942571998 57.7075358955 0.0589842192 0.3948939127 115.8605163949 7.9924466044 -3.871389313 -0.0442440552
13020 309830.19 113.8438820622 34.0908416281 3777454.488628 762495.9624926 57.7079076301 0.0399066173 0.4768760255 116.0220838752 7.9256236705 -3.8921830575 0.0298642664
13021 309830.31 113.8438923397 34.0908374175 3777454.047777 762496.9244311998 57.7131524654 -0.1531170274 0.4273363964 116.1933620854 7.89267497 -3.876774867 0.0078064282
13022 309830.43 113.843902567 34.0908332107 3777453.60721 762497.8817133 57.714282834 -0.3385646531 0.4010352893 116.4138189926 7.8364951274 -3.8970831719 -0.0034638456
13023 309830.55 113.8439127279 34.0908289759 3777453.163369002 762498.8329656002 57.7126643797 -0.3877755449 0.3990803406 116.6089993374 7.7971094634 -3.9129113851 -0.0353515922
13024 309830.67 113.843922842 34.0908247343 3777452.718649 762499.7799082 57.7047354048 -0.2448146423 0.3918169422 116.8450087816 7.7569331865 -3.9257335614 -0.0889136086
13025 309830.73 113.8439278753 34.0908226038 3777452.495148 762500.2512185002 57.7007811591 -0.2075648324 0.3812051038 116.9351141167 7.7337113798 -3.9393703762 -0.0627971451
13026 309830.85 113.8439378986 34.0908183334 3777452.047007 762501.1898686999 57.6969887838 -0.1959271785 0.4276965801 117.0938657251 7.6864147984 -3.9450897203 -0.0151083262
13027 309830.97 113.8439478692 34.0908140561 3777451.597953 762502.1236736998 57.6954548638 -0.149452027 0.4524070159 117.245036193 7.6483533278 -3.9508559296 -0.0434329878
13028 309831.09 113.8439577978 34.0908097795 3777451.148868 762503.0536063 57.690815825 0.0039813291 0.4001461716 117.4042196099 7.6236236268 -3.9489087417 -0.0389588587
13029 309831.21 113.8439676731 34.090805499 3777450.69922 762503.978624 57.6889945073 0.074373224 0.4176391888 117.5612004505 7.5650160637 -3.9609364556 -0.0117409346
13030 309831.33 113.8439774929 34.0908012056 3777450.248005002 762504.8985569 57.6904677274 0.0186892068 0.4360933851 117.7156103218 7.5316821512 -3.9659228862 0.0244144414
13031 309831.45 113.8439872664 34.0907969121 3777449.796648 762505.8142104 57.6930318959 -0.2307011276 0.4383369989 117.8940645592 7.4935624421 -3.9714386596 0.0095147233
13032 309831.57 113.8439969864 34.0907926038 3777449.343513 762506.7249807 57.693868882 -0.2912107925 0.4115013157 118.043247561 7.4551557098 -3.9810704146 -0.0274744105
13033 309831.69 113.844006669 34.0907882945 3777448.890178 762507.6322931999 57.6894446546 -0.3657610458 0.3939297714 118.2193837588 7.4268091423 -3.9827024985 -0.0632676335
13034 309831.81 113.8440163015 34.0907839699 3777448.43501 762508.5350278001 57.6828076635 -0.3151709905 0.4193940619 118.3590071726 7.3878307939 -4.006377926 -0.0563683201
13035 309831.93 113.8440258906 34.0907796404 3777447.979184 762509.4337774002 57.6772478828 -0.299565194 0.4091304359 118.5003657185 7.3610387169 -3.9950260683 -0.0481615035
13036 309832.05 113.8440354376 34.0907753096 3777447.523109 762510.3286359 57.6712618321 -0.2701557024 0.3526366224 118.6297157952 7.3198809724 -4.0070819521 -0.0391215721
13037 309832.17 113.8440449371 34.0907709751 3777447.066511 762511.2191244998 57.6659924798 -0.0590220883 0.3636116775 118.7670825209 7.2853335394 -4.0001370222 -0.0454821005
13038 309832.3 113.8440551674 34.0907662746 3777446.571158 762512.1782193001 57.6618168037 0.1067230185 0.3916936871 118.9216743169 7.2356374137 -4.0082733131 -0.0300415273
13039 309832.43 113.8440653315 34.0907615787 3777446.07616 762513.1311797 57.6606495026 0.1464609762 0.3997863672 119.0805145652 7.1859033753 -3.9984541185 0.0118415512
13040 309832.56 113.8440754168 34.0907568883 3777445.581561 762514.0768613 57.6661346629 0.0130280196 0.4084832893 119.2340184511 7.1286061157 -4.0016296026 0.0475467276
13041 309832.69 113.8440854248 34.0907521976 3777445.086732 762515.015402 57.6692015976 -0.196606929 0.4257714778 119.3776653431 7.0785192541 -3.9917512834 0.0061475584
13042 309832.81 113.8440945983 34.0907478768 3777444.630798 762515.8757406998 57.6690420657 -0.3605603343 0.4670962213 119.5267252508 7.0269360716 -3.9881177036 -0.0015311856
13043 309832.94 113.8441044581 34.0907431997 3777444.137104 762516.8005613001 57.6644052044 -0.263448084 0.4610791156 119.6608879826 6.9742353689 -3.9791985105 -0.0712658273
13044 309833.07 113.8441142419 34.0907385432 3777443.6454980015 762517.7182903001 57.6566818431 -0.1265328297 0.4554575532 119.8025001486 6.911136955 -3.9651725573 -0.0516834259
13045 309833.2 113.8441239286 34.0907338978 3777443.154869002 762518.6270249 57.6525713429 -0.0885609762 0.4668704193 119.8785288129 6.8401746093 -3.9471209477 -0.0176635701
13046 309833.33 113.8441335195 34.0907292863 3777442.66775 762519.5268076998 57.6533829095 -0.0926739644 0.4813054001 119.9624807969 6.7725667188 -3.9152620347 0.0076329954
13047 309833.46 113.8441430009 34.0907247183 3777442.185191 762520.416347 57.6532184854 -0.1608022784 0.4114354405 120.025719402 6.6813994403 -3.8690266627 -0.0064033913
13048 309833.6 113.8441530531 34.0907198655 3777441.67248 762521.3594685 57.6526293801 -0.3044313098 0.4557960487 120.1167492593 6.5600967273 -3.8217103317 -0.013635325
13049 309833.74 113.8441629029 34.0907150815 3777441.166892 762522.2836901 57.6522070086 -0.3792354482 0.4718304254 120.1776255756 6.4316344035 -3.7516179768 -0.0369324457
13050 309833.88 113.8441725562 34.0907103891 3777440.670968 762523.1894828 57.6466242429 -0.2494186617 0.494630825 120.2502351032 6.2889916883 -3.6778742515 -0.0245712809
13051 309834.02 113.8441819907 34.0907057931 3777440.185173 762524.0747808 57.6421079664 -0.2355903798 0.4176148756 120.280149837 6.1418503951 -3.5942504959 -0.0210371201