13862 309984.26 113.8441622133 34.0844765814 3776748.835087 762541.4974719 56.7053295858 -0.2751207216 0.2949969352 238.7327571193 -1.9724996148 -1.20346533 -0.0024716432
13863 309984.71 113.844152859 34.084471898 3776748.291287 762540.648186 56.6984280162 -0.19457795 0.3299597495 238.8397128412 -1.8838353673 -1.1452703215 -0.0129449975
13864 309985.17 113.8441435421 34.0844672536 3776747.751912 762539.8022424 56.6894860985 -0.0708245313 0.3692419555 238.9351203661 -1.8583456659 -1.1187644545 -0.008223802
13865 309985.62 113.8441342318 34.0844626209 3776747.213859 762538.9568652 56.6849327385 0.0147065995 0.3748801806 239.1041484247 -2.0113327083 -1.220061492 -0.017978303
13866 309986.02 113.8441247445 34.0844579316 3776746.66907 762538.095322 56.6770804087 0.1564364297 0.4341163366 239.2702770826 -2.3721912505 -1.4196505602 -0.02119082
13867 309986.36 113.8441153172 34.0844532601 3776746.126396 762537.2392693001 56.6732070781 0.2318088995 0.3871304208 239.4463354028 -2.7666168068 -1.6358865867 -0.0133788432
13868 309986.51 113.8441106662 34.0844509738 3776745.860714 762536.8168703 56.6710583642 0.2941908469 0.3864982258 239.550821593 -2.9577496978 -1.7512223328 -0.0094841537
13869 309986.79 113.8441010849 34.0844462889 3776745.316171 762535.9466295999 56.6630089022 0.5034710447 0.3489827508 239.7824959231 -3.3577162965 -1.9673202102 0.0002852032
13870 309987.04 113.8440914813 34.0844416384 3776744.7753800014 762535.0742295998 56.6627919655 0.559276996 0.3274136997 240.0445409413 -3.7335870489 -2.1603105891 0.0017324037
13871 309987.27 113.8440817581 34.0844369919 3776744.234727 762534.1907694 56.6628484009 0.5805567665 0.3435864273 240.3093408987 -4.0680821766 -2.3247188205 0.0113747212
13872 309987.48 113.8440721685 34.0844324498 3776743.70601 762533.3193273002 56.6651124153 0.4832343193 0.313159972 240.5878807777 -4.364008387 -2.471596652 0.0004165746
13873 309987.68 113.8440624018 34.0844278808 3776743.173842 762532.4316168 56.6662414316 0.3773164966 0.2786350193 240.8573001853 -4.6434629697 -2.6032235991 0.0039466902
13874 309987.87 113.8440525663 34.0844233261 3776742.643094002 762531.5375 56.6677191909 0.3147567838 0.2594648677 241.1190759242 -4.9082141196 -2.7231103075 -0.0104869849
13875 309988.05 113.8440427348 34.0844188319 3776742.1190660014 762530.6435701002 56.6639079573 0.3426306874 0.3087481691 241.3839868393 -5.1657372011 -2.8250260259 -0.033161185
13876 309988.13 113.8440382027 34.0844167814 3776741.879865 762530.2314274 56.6619249554 0.4161303298 0.3309130455 241.4871541776 -5.2744560072 -2.8728460072 -0.0229472313
13877 309988.3 113.844028267 34.084412311 3776741.358204 762529.3278020001 56.6610273384 0.4256078921 0.3624433901 241.6668146285 -5.5028619406 -2.9704390029 -0.0041743081
13878 309988.46 113.8440185318 34.0844079658 3776740.85096 762528.4423071 56.660092988 0.4730847064 0.3459369949 241.821512523 -5.7125516066 -3.0660878588 -0.0092383401
13879 309988.62 113.8440084393 34.0844034916 3776740.328488 762527.5242115 56.660405064 0.4412061856 0.3926317535 241.9746637452 -5.9180918428 -3.1525696151 -0.0020973834
13880 309988.77 113.8439986575 34.0843991899 3776739.82595 762526.6342772 56.6618394786 0.3793886326 0.4811608598 242.1228311443 -6.1040982746 -3.2264623458 0.0019667881
13881 309988.92 113.8439885777 34.0843947743 3776739.310009 762525.7171835 56.6618896266 0.3104321037 0.4821532283 242.273276266 -6.283880492 -3.3157330741 -0.0121970612
13882 309989.06 113.8439788988 34.0843905579 3776738.817201 762524.8364805002 56.6613730704 0.2823079394 0.4793323154 242.4204903322 -6.4690186427 -3.3729668835 0.0048146242
13883 309989.2 113.8439689483 34.0843862745 3776738.316266 762523.9309128 56.6604024861 0.1946513493 0.479313215 242.5500745505 -6.6220765803 -3.4405390643 -0.0118472367
13884 309989.34 113.8439587447 34.0843818996 3776737.80452 762523.0022531998 56.6560444934 0.2322783347 0.4805775405 242.7105012765 -6.7939716892 -3.5095620497 -0.0504878746
13885 309989.47 113.8439490463 34.0843777678 3776737.321056 762522.1194994 56.6524024699 0.2308892256 0.4408584813 242.8385777262 -6.9504014976 -3.5680211508 -0.0123475759
13886 309989.57 113.8439414422 34.0843745421 3776736.943528 762521.4273204 56.6493926356 0.2594314654 0.4298403655 242.9527907549 -7.0682026543 -3.610002484 -0.0289161153
13887 309989.7 113.8439313741 34.0843702961 3776736.446443 762520.510775 56.6463731164 0.3071889159 0.3556298165 243.0953962014 -7.2020799108 -3.6630110731 -0.0123445961
13888 309989.83 113.8439211094 34.0843659872 3776735.941859 762519.5762713002 56.6454391228 0.2000737676 0.3478340412 243.2516888634 -7.3471652001 -3.7101857114 -0.0176118838
13889 309989.96 113.8439106442 34.0843616287 3776735.4312660014 762518.6234118 56.6427155994 0.1428953815 0.3141135186 243.4152593256 -7.4835605048 -3.7494658835 -0.0290006947
13890 309990.08 113.8439008131 34.0843575547 3776734.953872 762517.7282165998 56.6403553141 0.0945810958 0.2831112214 243.5736533174 -7.613442595 -3.7900995577 -0.0125039383
13891 309990.2 113.8438908119 34.0843534424 3776734.471792 762516.8174331 56.6365866717 0.1281419129 0.2552300287 243.7314507525 -7.7428044871 -3.823983704 -0.0515842488
13892 309990.32 113.8438806671 34.0843492956 3776733.985522 762515.8935078002 56.6320071695 0.1004058373 0.2010542438 243.8976520152 -7.8387736379 -3.8569044344 -0.0507508941
13893 309990.44 113.8438703929 34.0843451254 3776733.496306 762514.9576911 56.6303307321 0.0409235416 0.1687125354 244.0798054497 -7.9429633884 -3.8619756624 -0.0060750862
13894 309990.56 113.8438599973 34.084340939 3776733.004997 762514.0107270002 56.6269967733 -0.0292613416 0.0828135679 244.2523971107 -8.0272825369 -3.8860976987 -0.0369573978
13895 309990.68 113.8438494983 34.08433674 3776732.512017 762513.0542473 56.6215720046 0.1858526731 0.0486523024 244.444875369 -8.0983377541 -3.8855304581 -0.0610941456
13896 309990.7 113.8438477373 34.0843360404 3776732.429853 762512.8937998 56.6210164176 0.2060884229 0.0436589786 244.4743014926 -8.1232919633 -3.885226055 -0.0266850755
13897 309990.82 113.8438371345 34.0843318455 3776731.937059 762511.927726 56.6180574074 0.2156090863 0.0276463667 244.6654976657 -8.1702785509 -3.8846050331 0.0154505251
13898 309990.94 113.8438264733 34.0843276677 3776731.4460160006 762510.9562040998 56.6217774078 0.0925322161 0.067635756 244.8456678269 -8.2173629945 -3.8527007469 0.0511602254
13899 309991.06 113.8438157733 34.084323513 3776730.957432 762509.9810292 56.6246961942 0.0710551041 0.1043309665 245.0135722346 -8.2275131553 -3.8394776635 0.0033678654
13900 309991.18 113.8438050747 34.0843193907 3776730.4724449986 762509.0058823002 56.6243361682 0.0771825564 0.1372284735 245.1962352226 -8.2204407675 -3.8017488429 -0.0188126041
13901 309991.3 113.8437943745 34.0843153007 3776729.991046 762508.0304944002 56.625272953 0.1077581911 0.1640520577 245.3689024856 -8.2201970196 -3.7722782324 0.014886845
13902 309991.42 113.8437836777 34.0843112442 3776729.513372 762507.0553053 56.628634776 -0.0385715813 0.2047521572 245.5512375032 -8.2196708699 -3.7374661044 0.0301493102
13903 309991.54 113.8437730001 34.0843072257 3776729.0399629986 762506.081783 56.6311256914 -0.1080390243 0.1683820078 245.7202965445 -8.1918780282 -3.7063461461 -0.0106626948
13904 309991.66 113.8437623318 34.0843032454 3776728.570822 762505.1089872 56.6301617213 -0.1095532943 0.2106664802 245.8699864756 -8.1942794019 -3.665339193 -0.0303040899
13905 309991.75 113.843754346 34.0843002877 3776728.222057 762504.3807398 56.6280599823 -0.0660199204 0.2635294829 245.9625422558 -8.1805549044 -3.6422508297 -0.0173886919
13906 309991.87 113.8437437115 34.0842963673 3776727.759644 762503.4108866998 56.6266370052 -0.0522328658 0.3365067787 246.0943613305 -8.1658170176 -3.6158849022 -0.0236267282
13907 309991.99 113.8437330911 34.0842924777 3776727.300697 762502.4422481 56.6260714149 -0.0051593477 0.3488208964 246.2286037518 -8.1511111728 -3.5904919794 0.0076176259
13908 309992.11 113.8437224809 34.0842886204 3776726.84535 762501.4744401998 56.626726849 -0.1566540251 0.3970836942 246.3765604087 -8.156742706 -3.5647029853 -0.0037358814
13909 309992.23 113.8437118669 34.0842847939 3776726.393411 762500.506188 56.6250667824 -0.1076935631 0.451245488 246.5077823886 -8.1664701196 -3.5430666679 -0.0321091211
13910 309992.35 113.8437012329 34.0842809879 3776725.943698 762499.5360297 56.6218145052 -0.062242917 0.431031789 246.6423263301 -8.1763594581 -3.5340881222 -0.0333401256
13911 309992.47 113.8436905838 34.0842771957 3776725.495483 762498.5644357 56.6190071143 -0.0850881086 0.4521113642 246.7767413686 -8.1906442691 -3.5038048014 -0.0121424472
13912 309992.59 113.8436799174 34.0842734248 3776725.049583999 762497.5911765002 56.6173508409 -0.1647071918 0.4570101575 246.9088150461 -8.2045616422 -3.4947288269 -0.0142663176
13913 309992.71 113.8436692349 34.084269667 3776724.6050949986 762496.6163876 56.6153277457 -0.2285827643 0.4689042816 247.0511073143 -8.2170272822 -3.473714156 -0.0393191216
13914 309992.83 113.8436585297 34.0842659333 3776724.163222 762495.6394378 56.6104511833 -0.2641074074 0.4873500891 247.169612735 -8.2296652435 -3.4597091613 -0.0523056238
13915 309992.95 113.8436478045 34.0842622126 3776723.72274 762494.6605885 56.6049265088 -0.2186520563 0.4870293254 247.2981388611 -8.2521903767 -3.4485645908 -0.0451089545
13916 309993.04 113.8436397504 34.0842594299 3776723.393226 762493.9254861998 56.6012326311 -0.1139092887 0.4324616781 247.3896178514 -8.2627025232 -3.4362910653 -0.0294773706
13917 309993.16 113.8436289799 34.0842557468 3776722.9568 762492.9423464001 56.5955628836 0.0096278574 0.3984746722 247.5030343911 -8.2764044786 -3.4172029181 -0.0457370796
13918 309993.28 113.8436181932 34.0842520839 3776722.522573998 762491.9576423998 56.5936976206 0.0779050563 0.3589621294 247.5888040751 -8.283884572 -3.4048900123 0.0032911099
13919 309993.4 113.8436073949 34.0842484289 3776722.089196 762490.9718438 56.5942177316 0.2114627384 0.4079748368 247.679430087 -8.3021368772 -3.3976740124 -0.0019399523
13920 309993.52 113.8435965756 34.0842447977 3776721.658415 762489.9840371 56.5944963666 0.2486724331 0.4995286294 247.7451570427 -8.3101104375 -3.3756232571 -0.007312521
13921 309993.64 113.8435857513 34.0842411702 3776721.228026 762488.9957585 56.5974886026 0.1594057987 0.5592681433 247.8327901764 -8.31311173 -3.3716465683 0.0678305197
13922 309993.76 113.8435749048 34.0842375623 3776720.799746 762488.0053625 56.6052334718 -0.2029012041 0.6430123291 247.8759346191 -8.3435501861 -3.3578806871 -0.0483806246
13923 309993.88 113.8435640316 34.084233948 3776720.370693 762487.0125245998 56.5994359618 -0.047365027 0.6922777708 247.9546454801 -8.3492269755 -3.3674240437 -0.0699089683
13924 309994.0 113.8435531417 34.0842303435 3776719.942688 762486.0181061 56.5951205576 -0.0376840758 0.6946702166 248.0286625733 -8.3692196368 -3.3562182319 -0.0165371221
13925 309994.12 113.8435422478 34.0842267145 3776719.511958 762485.0234066 56.594546413 -0.0833238128 0.6583727894 248.1430373598 -8.3824635606 -3.3606201158 -0.0077551177
13926 309994.24 113.8435313376 34.0842230904 3776719.081721 762484.0271783002 56.592361615 0.0540602031 0.5512261453 248.2591614834 -8.4052988091 -3.3456895401 -0.0217800056
13927 309994.36 113.843520403 34.0842194828 3776718.653262 762483.0286516 56.5892591383 0.0759849873 0.5779190526 248.3917623684 -8.4205519049 -3.3245526869 -0.009850547
13928 309994.48 113.8435094485 34.0842158949 3776718.226927 762482.0282187 56.5894063739 0.1082698157 0.5444608019 248.5388366339 -8.4297136662 -3.312153191 0.0182019986
13929 309994.6 113.843498472 34.0842123227 3776717.802285 762481.0257071998 56.5913653579 -0.0361071295 0.5070058872 248.6912235799 -8.4570739853 -3.2959915327 0.000421455
13930 309994.72 113.8434874717 34.0842087704 3776717.379789 762480.0209458 56.5913422992 -0.0380880617 0.4685435931 248.8222329196 -8.4689957652 -3.2736702279 -0.0012428373
13931 309994.83 113.8434773639 34.084205527 3776716.993867 762479.0976329 56.5889067035 0.0177503803 0.4099074845 248.9485826855 -8.4929480043 -3.2699927216 -0.0338690962
13932 309994.94 113.8434672368 34.0842022941 3776716.6090589985 762478.1725107 56.585373221 0.07434557 0.3859456612 249.0867169179 -8.5049646551 -3.2530693728 -0.0199182148
13933 309995.05 113.8434570899 34.0841990843 3776716.226768 762477.245477 56.5874445084 -0.0115070435 0.3419117164 249.2054334048 -8.5190388548 -3.2286840766 0.0334615969
13934 309995.16 113.8434469244 34.084195882 3776715.8452550014 762476.3167193001 56.5888938187 -0.0324768757 0.3013823801 249.343734343 -8.534054575 -3.2205848614 -0.012305057
13935 309995.27 113.8434367344 34.0841927004 3776715.465983 762475.3856219 56.5846469654 0.0382566784 0.3385860931 249.4690467178 -8.5666398222 -3.1928086928 -0.067622692
13936 309995.38 113.843426524 34.0841895379 3776715.088775 762474.4525935 56.5835058969 0.0447616702 0.3624227166 249.5903733123 -8.5775082313 -3.1799220276 0.0265975206
13937 309995.49 113.8434162937 34.0841863905 3776714.713193 762473.5176670002 56.5849264972 -0.1064552818 0.4002569751 249.705899918 -8.5975896571 -3.1667688231 0.0089266749
13938 309995.6 113.843406044 34.0841832536 3776714.338724 762472.5809279998 56.5839243401 -0.0685429039 0.4181865605 249.8354394857 -8.6125062255 -3.1514993193 -0.0267796563
13939 309995.62 113.8434041783 34.0841826849 3776714.270817 762472.4104116 56.5835370421 -0.0624254438 0.4245802594 249.8604009212 -8.6113141083 -3.1513429697 -0.0210635795
13940 309995.73 113.8433939029 34.0841795693 3776713.898645 762471.4712259 56.5800319882 -0.0715669776 0.4609728932 249.9834523645 -8.6291566607 -3.1301648462 -0.0377077812
13941 309995.84 113.8433836031 34.0841764694 3776713.528155002 762470.5297445 56.5775938453 -0.1058238404 0.4954871183 250.1248175077 -8.6578121233 -3.1183093136 -0.0198138047
13942 309995.95 113.8433732762 34.0841733813 3776713.158905002 762469.5857229 56.5763469739 0.0061311834 0.4336804673 250.2897790684 -8.6780047932 -3.107125556 -0.0322655886
13943 309996.06 113.8433629102 34.0841703015 3776712.790477 762468.6380601998 56.5716136713 0.1585551536 0.4059757261 250.4792545864 -8.7136067704 -3.1033532863 -0.0367513991
13944 309996.17 113.8433525082 34.0841672378 3776712.4237480015 762467.6870339002 56.5720255319 0.101392662 0.42746013 250.672398835 -8.7554174617 -3.064930318 0.0323053607
13945 309996.28 113.843342047 34.0841641978 3776712.059495 762466.7304584002 56.576009321 -0.0140896065 0.4399392776 250.846903168 -8.8135995013 -3.0476198548 0.0114653857
13946 309996.39 113.8433315181 34.0841611699 3776711.696402 762465.7675951 56.5736976983 0.0316355646 0.4425595303 251.0124020775 -8.867927331 -3.0404249299 -0.0487498166
13947 309996.5 113.8433209211 34.0841581512 3776711.334159 762464.798419 56.5699917739 0.0259857296 0.4850609097 251.1600015229 -8.9210771392 -3.029208402 -0.0176190895
13948 309996.61 113.8433102567 34.0841551388 3776710.9724449986 762463.8229979 56.5713578919 -0.1627700866 0.480175797 251.3099231641 -8.9818897347 -3.0249199917 0.0172388099
13949 309996.64 113.8433073361 34.0841543179 3776710.873841 762463.5558516999 56.5714874091 -0.1973527059 0.4640200877 251.3471916933 -8.9961743722 -3.0269207365 -0.0125341133
