14164 310017.82 113.8409887715 34.0840636296 3776694.853087 762249.745066 56.6433480578 0.2514089524 0.3927868328 282.3525494531 -2.0477545256 0.443679009 -0.007423576
14165 310018.31 113.84097803 34.0840655844 3776695.042449 762248.7471864 56.640839994 0.3080689763 0.4001455502 282.4503222458 -2.0218016877 0.4385304311 -0.0056014742
14166 310018.79 113.8409674082 34.0840675252 3776695.230554 762247.7604029 56.6374420142 0.5135964932 0.395946217 282.5919346541 -2.1322165471 0.4624445279 -0.0065899996
14167 310019.21 113.8409567073 34.0840695042 3776695.4227019986 762246.7661943 56.6332655028 0.7407229645 0.3776914389 282.7489768244 -2.6139739283 0.5898177816 -0.0114399276
14168 310019.55 113.8409461296 34.084071496 3776695.616584 762245.7833343 56.6344763059 0.7893101862 0.3758388514 282.9310874244 -3.1541727631 0.7111389768 -0.0009067575
14169 310019.84 113.8409354335 34.0840735397 3776695.815915 762244.7893731 56.6384167839 0.662719785 0.3443104323 283.1342916189 -3.6703004792 0.838781199 -0.008287812
14170 310019.93 113.840931785 34.0840742432 3776695.884617 762244.4503018 56.6385158412 0.6793895323 0.3520825762 283.2121007705 -3.8244935565 0.8870560432 0.0020031791
14171 310020.18 113.8409209194 34.0840764014 3776696.0962269986 762243.4403422 56.6430456042 0.6020661253 0.366924216 283.4560020202 -4.217410421 1.0021794766 -0.0033031242
14172 310020.41 113.8409100566 34.0840786318 3776696.315854 762242.4304125998 56.643374037 0.5963997346 0.4181098656 283.6985180855 -4.5499841402 1.1076282182 -0.0121967962
14173 310020.62 113.8408994086 34.084080853 3776696.535014 762241.440345 56.6477130558 0.4555334465 0.454607804 283.9399694664 -4.8577524334 1.2097126214 0.0012769858
14174 310020.82 113.8408886214 34.0840831475 3776696.761951002 762240.4372016998 56.6493773516 0.3539048952 0.5007491298 284.1842699638 -5.1429859912 1.3010444399 -0.0033934531
14175 310021.01 113.8408778043 34.08408548 3776696.993029 762239.4311769 56.6482404172 0.4035237731 0.4942326322 284.4008635552 -5.4079972396 1.3810970972 -0.0237801712
14176 310021.19 113.8408670249 34.0840878002 3776697.222834 762238.4286704 56.6433096845 0.6158807761 0.48314961 284.6292127965 -5.6477056628 1.4705188054 -0.0304944216
14177 310021.36 113.8408564141 34.0840901187 3776697.452892 762237.4417341999 56.639292269 0.7833163766 0.5087767322 284.8304536833 -5.8747519637 1.5524907284 -0.0080186209
14178 310021.5 113.840847358 34.08409212 3776697.651732 762236.5993429 56.6397651909 0.7457982861 0.5063439949 285.008977643 -6.0643510204 1.6154008469 0.0145399285
14179 310021.66 113.8408366616 34.0840945118 3776697.889697 762235.6042795 56.646774387 0.5113486721 0.3994746351 285.1854777004 -6.2745227314 1.6925254217 0.0540232481
14180 310021.82 113.840825599 34.0840970127 3776698.138833 762234.5750691999 56.649419223 0.5054359128 0.3356817045 285.362555801 -6.4875362335 1.7709851278 -0.0366559861
14181 310021.97 113.8408149033 34.0840994696 3776698.38403 762233.579868 56.6439503627 0.6407074582 0.3637954791 285.5102833988 -6.6776953782 1.8577540085 -0.0316028661
14182 310022.12 113.8408038932 34.0841020199 3776698.638782 762232.5553542 56.6445962405 0.6516698769 0.3422769424 285.6471967579 -6.8686009963 1.9203762293 0.0261555824
14183 310022.26 113.8407933342 34.0841044817 3776698.8848730014 762231.5727595 56.6478562048 0.5662882128 0.3046916597 285.7845541811 -7.0478655635 1.9888943616 0.0130135088
14184 310022.4 113.84078251 34.0841070375 3776699.140707 762230.5653998 56.6491927663 0.4433693468 0.3286304429 285.9102504358 -7.2249979822 2.05551693 -0.006451167
14185 310022.54 113.8407714225 34.0841096784 3776699.405318 762229.5334524 56.650174424 0.4271825996 0.3331807362 286.0633977325 -7.3914957826 2.1264306778 0.0007512828
14186 310022.67 113.8407608999 34.0841122087 3776699.659101 762228.5540159 56.6482458431 0.5787773176 0.3138206658 286.177296585 -7.5445534665 2.1891414616 -0.0395024927
14187 310022.79 113.840750997 34.0841146033 3776699.899421 762227.6322141999 56.6449988196 0.6997060936 0.3375763847 286.3023352729 -7.6843987913 2.2414071777 -0.0169185689
14188 310022.92 113.8407400748 34.0841172694 3776700.16725 762226.6154545 56.6466593165 0.7007446297 0.320118299 286.430327396 -7.8243705196 2.299375783 0.0420420673
14189 310023.05 113.8407289517 34.0841200034 3776700.442096 762225.5799344 56.6551450547 0.5447169017 0.2956419342 286.5843763795 -7.9644268641 2.3636011244 0.0588168444
14190 310023.17 113.8407185041 34.0841225973 3776700.70314 762224.6072216 56.6569591323 0.5547163131 0.2405261408 286.7210109159 -8.0952691882 2.4221665412 -0.0232944285
14191 310023.29 113.8407078954 34.0841252557 3776700.97092 762223.6194361999 56.6570098531 0.6326346803 0.204279454 286.8654123275 -8.2226526612 2.479123811 0.0163031887
14192 310023.41 113.8406971219 34.0841279856 3776701.246204 762222.6162130998 56.6578523302 0.6460579975 0.2384934022 287.0082109115 -8.3473622645 2.5533344353 0.0227166659
14193 310023.53 113.8406861931 34.0841307782 3776701.528059 762221.598457 56.6631293073 0.5344405805 0.2161988713 287.1680537412 -8.4648156382 2.6004997177 0.0482424634
14194 310023.65 113.840675122 34.0841336356 3776701.816741 762220.5673653 56.6668302799 0.4840076368 0.1903127797 287.319968672 -8.5619790231 2.6761977195 0.0304273949
14195 310023.77 113.8406639205 34.0841365506 3776702.111478 762219.5240469 56.667487164 0.5092922456 0.1457237576 287.4710042764 -8.6653950276 2.711575664 -0.0095953645
14196 310023.87 113.8406544915 34.0841390236 3776702.361712 762218.6457654 56.667370542 0.5461539737 0.1577593454 287.5956016801 -8.7371219397 2.7637882982 0.0061733443
14197 310023.98 113.8406440296 34.0841417991 3776702.642868 762217.6711763 56.6703694416 0.4283458357 0.1913104615 287.7083933295 -8.8189314692 2.8157549354 0.032851725
14198 310024.09 113.8406334667 34.0841446197 3776702.92876 762216.6871140002 56.6744497986 0.2654252373 0.1982772779 287.8364872302 -8.901158 2.8654381646 0.023017336
14199 310024.2 113.8406228101 34.0841474907 3776703.22002 762215.6942491998 56.6753493547 0.2925054666 0.2056740448 287.9389189298 -8.9790665111 2.9077340645 -0.0325585931
14200 310024.31 113.8406120627 34.0841504074 3776703.51611 762214.6928588002 56.6722323857 0.4440488587 0.2405412525 288.070620909 -9.051392622 2.9508931279 -0.0511086328
14201 310024.42 113.8406012308 34.0841533668 3776703.816717 762213.683543 56.6739300378 0.4010234472 0.2488448088 288.2149812233 -9.1200795463 2.9939469877 0.0278899109
14202 310024.53 113.8405903192 34.0841563764 3776704.122698 762212.6666975998 56.6808687737 0.1919622829 0.2535563313 288.3650151248 -9.1848179459 3.0501763626 0.0430864456
14203 310024.64 113.8405793216 34.084159436 3776704.433999 762211.6417655 56.6814865014 0.1751340489 0.2766995573 288.5271153445 -9.2625336628 3.1015727054 -0.051446985
14204 310024.75 113.8405682446 34.084162548 3776704.7509199986 762210.6093411 56.675228172 0.2973669252 0.299013589 288.695645166 -9.3192954755 3.1546713778 -0.0608779595
14205 310024.86 113.8405570962 34.0841657108 3776705.0732910014 762209.5701709002 56.6741392445 0.2761242963 0.339153512 288.8601514297 -9.3796086438 3.207241676 0.0171119618
14206 310024.97 113.8405458882 34.0841689234 3776705.401038 762208.5253324 56.6776289018 0.239441246 0.3569165286 289.0308108293 -9.4191085777 3.2502191642 0.0178616257
14207 310025.08 113.8405346455 34.084172195 3776705.735247 762207.4771167 56.6803710377 0.3127171481 0.3551458818 289.2312907411 -9.432010523 3.2964209684 -0.0005925505
14208 310025.18 113.8405244094 34.0841752249 3776706.045219002 762206.5225892 56.6837439891 0.5106842662 0.2945872218 289.390136244 -9.4366433129 3.3241716568 0.0046926081
14209 310025.28 113.8405141845 34.0841782711 3776706.357026 762205.5690454 56.6915428583 0.5158046167 0.2353929147 289.5559546395 -9.4098504587 3.3359326226 0.0636491744
14210 310025.38 113.8405039933 34.0841813383 3776706.67124 762204.6185534 56.7053914284 0.2695754587 0.2303590568 289.7157039182 -9.3824089152 3.3686550998 0.1259896982
14211 310025.48 113.8404938224 34.0841844285 3776706.988069 762203.6698598 56.7188029783 -0.0125570547 0.235822992 289.8818736284 -9.3716223334 3.3892978153 0.0472707184
14212 310025.59 113.8404826601 34.084187853 3776707.339453 762202.6285949 56.7235183539 0.0393524677 0.2146788729 290.0633963798 -9.3438176893 3.418356652 -0.0478977795
14213 310025.67 113.840474567 34.0841903612 3776707.597021 762201.8735543 56.723877837 0.1247869873 0.264276968 290.1862494788 -9.3108863238 3.43739842 -0.028527763
14214 310025.78 113.84046348 34.0841938318 3776707.953713 762200.8391061998 56.7287053876 0.0949401393 0.369725981 290.3109754906 -9.2764627157 3.4577542051 0.0168962933
14215 310025.89 113.8404524344 34.0841973117 3776708.3115449985 762199.8084384 56.7358851526 0.038561148 0.4326729803 290.4252869089 -9.2421265908 3.4603040104 0.0100610645
14216 310026.0 113.840441428 34.084200797 3776708.670069 762198.7813798 56.7413381962 -0.0195104986 0.4750271347 290.5418579921 -9.215901448 3.4711504217 -0.0195762987
14217 310026.11 113.840430471 34.084204248 3776709.024922 762197.7589883 56.740599338 0.0307802985 0.4891878419 290.657984131 -9.1716297783 3.469765142 -0.0049566809
14218 310026.22 113.8404195618 34.0842076971 3776709.3796809986 762196.7410231 56.7392894486 0.1219675145 0.5248639592 290.7463891851 -9.1346556127 3.4784873514 -0.0304922115
14219 310026.33 113.8404086952 34.0842111474 3776709.734687 762195.7269814 56.7394485753 0.2260154687 0.5211716125 290.8291532484 -9.0961415301 3.4690434917 0.0029674798
14220 310026.44 113.8403978746 34.084214598 3776710.089844 762194.7171814998 56.7422395572 0.2173720901 0.566815203 290.8905032931 -9.0549830769 3.4826814498 0.0465913131
14221 310026.55 113.8403871043 34.0842180455 3776710.444781 762193.7120488002 56.7473221626 0.0996985818 0.5618961244 290.948664399 -9.0195623578 3.4699891413 0.0536527911
14222 310026.66 113.8403763804 34.0842214832 3776710.798752 762192.7112144 56.7499057911 0.0857717191 0.5631145931 290.993857891 -8.9781828336 3.4679802574 -0.0013656414
14223 310026.77 113.8403657055 34.0842249133 3776711.152012 762191.7149411 56.7495762827 0.0977261741 0.5634821932 291.0291968523 -8.9373280374 3.4537529913 0.000550243
14224 310026.88 113.840355092 34.0842283282 3776711.503735 762190.7243795998 56.7518325197 -0.0071201814 0.5424303226 291.067183563 -8.8759526665 3.4349011302 0.0307900556
14225 310026.99 113.8403445639 34.0842317214 3776711.853265 762189.741774 56.7542284308 -0.0168595973 0.5263192285 291.1040604338 -8.791533384 3.4089523003 -0.0073802168
14226 310027.1 113.8403341408 34.0842350855 3776712.199842 762188.7689483 56.7526049362 0.1287621006 0.4823770961 291.1487604605 -8.696392852 3.3771051532 -0.0295574051
14227 310027.21 113.8403238401 34.0842384158 3776712.542985 762187.8075286 56.7528116936 0.2321897843 0.4587071319 291.1880600522 -8.5873541546 3.3432014479 0.0208593311
14228 310027.32 113.8403136731 34.0842417088 3776712.882330002 762186.8585806 56.7573148208 0.2456653867 0.4231198981 291.2421307471 -8.4704535094 3.3010232093 0.0432135494
14229 310027.41 113.8403054625 34.0842443757 3776713.157217 762186.0922053 56.7618238646 0.1744783887 0.4690930829 291.2941545937 -8.3702497124 3.2712758047 0.043106053
14230 310027.53 113.8402946798 34.0842478977 3776713.520394 762185.0856913 56.7680541556 0.0561166549 0.4954015808 291.3631827441 -8.2162520214 3.2325405543 0.0559880645
14231 310027.65 113.8402840991 34.0842513658 3776713.878108 762184.0979951002 56.7726985486 0.0433074317 0.5764141795 291.4260584112 -8.0579883888 3.1813683846 0.0318732689
14232 310027.77 113.8402737358 34.0842547823 3776714.230648998 762183.1305275 56.772916778 0.1198188301 0.6587582235 291.4954278143 -7.8800072596 3.1296947772 -0.0048885957
14233 310027.89 113.8402636049 34.0842581293 3776714.576087 762182.1847383 56.775065749 0.0976078761 0.6739257926 291.5714020121 -7.7001154136 3.0624795362 0.0422552384
14234 310028.02 113.840252914 34.0842616727 3776714.941874 762181.1866354 56.7825905094 -0.0529998509 0.7199103503 291.6933653012 -7.4817433709 2.9891250301 0.0520185957
14235 310028.15 113.8402425405 34.0842651332 3776715.299279 762180.2180923 56.7852301076 -0.1431059118 0.754881388 291.8308251977 -7.2456738403 2.9167386623 0.0021776535
14236 310028.29 113.8402317539 34.0842687647 3776715.674595 762179.2108851 56.7869582642 -0.354969331 0.8246679821 291.9779091123 -6.9760318156 2.827343739 0.012257379
14237 310028.43 113.840221398 34.0842722753 3776716.037601 762178.2438199002 56.7863407666 -0.2382918844 0.8308744307 292.1382804476 -6.6841367603 2.7286115801 -0.013722397
14238 310028.58 113.8402107933 34.0842758923 3776716.41178 762177.2534461998 56.7822088115 -0.0425643777 0.7703764039 292.3338219709 -6.3718687463 2.6168426323 -0.0466852119
14239 310028.73 113.8402007211 34.0842793622 3776716.771004 762176.312702 56.7807255015 -0.0768631945 0.7327738991 292.576028764 -6.0238244679 2.5159144092 0.0526740199
14240 310028.76 113.840198775 34.08428004 3776716.8412230015 762176.1309043 56.7830070313 -0.1820188299 0.7368239005 292.6193531371 -5.9550626503 2.4932962357 0.0861284941
14241 310028.92 113.8401887767 34.0842835426 3776717.204261 762175.1968854 56.7909206254 -0.3758865426 0.7236886467 292.8694841348 -5.5776202059 2.3573152872 0.0398350538
14242 310029.1 113.8401783291 34.0842872455 3776717.588378 762174.220756 56.7865827754 -0.2274656435 0.7067513557 293.1027481907 -5.1352152959 2.2066042589 -0.0495801556
14243 310029.29 113.8401682501 34.0842908586 3776717.963472 762173.2789394 56.783789482 -0.2310695312 0.6930297688 293.3293801603 -4.6632373062 2.0201553852 0.005532109
14244 310029.5 113.8401582615 34.0842944778 3776718.339484 762172.3454481 56.7874726737 -0.308022551 0.6542393374 293.5532121199 -4.1240978288 1.8058952995 0.0093440852
14245 310029.74 113.8401483321 34.0842981157 3776718.717713 762171.4173685 56.7883948963 -0.2975687569 0.6544064794 293.7694382454 -3.5373482538 1.5637840698 -0.0255982359
