15070 310109.33 113.8393093884 34.090434363 3777397.545511 762075.0225856998 58.164759214 -0.1577136265 0.4210047435 51.4612631365 2.9630287109 2.3505453449 -0.008759678
15071 310109.63 113.8393181088 34.0904401007 3777398.204649 762075.8100381 58.1589934593 0.1129199778 0.4487090667 51.5481130608 2.4748360842 1.9547561192 -0.0298584377
15072 310109.96 113.8393266847 34.0904457453 3777398.853085 762076.584442 58.1614644099 0.2051117991 0.4667145433 51.6413731964 2.3488898179 1.8446817578 0.0134947812
15073 310110.31 113.8393353507 34.0904514333 3777399.506565 762077.3670398 58.1662542764 0.1974367955 0.5155939366 51.7934957336 2.239073842 1.7584087909 -0.0018963324
15074 310110.67 113.8393439012 34.0904570336 3777400.150008 762078.1392363001 58.1681391122 0.2360088469 0.5230968627 51.9800071806 2.1957088417 1.7184786903 -0.0281127204
15075 310111.01 113.8393524616 34.0904625918 3777400.788817 762078.912475 58.1641246322 0.5312823224 0.5489268073 52.2230595386 2.4791568956 1.9221433301 0.0067552689
15076 310111.05 113.8393535431 34.09046329 3777400.869069 762079.0101774 58.1645011576 0.5290871366 0.5585121988 52.2469550874 2.5224647891 1.9544252253 -0.0060463106
15077 310111.35 113.8393622794 34.0904688948 3777401.513506 762079.7995058 58.1688641235 0.4168525649 0.5529971105 52.4764380165 2.8690828909 2.215767055 0.0090863592
15078 310111.62 113.83937122 34.0904745777 3777402.167118 762080.6074684 58.1729800962 0.3186946007 0.5733843497 52.748786468 3.2512764198 2.474624184 -0.0132271798
15079 310111.86 113.8393801238 34.0904801837 3777402.8121050014 762081.4122702 58.1728169564 0.3198189694 0.5729388704 52.9985431741 3.608197 2.7138973323 -0.0044492884
15080 310112.08 113.8393890731 34.090485769 3777403.454923 762082.2213312 58.1698352536 0.3471735619 0.5216658343 53.2636500428 3.9136947695 2.9161261028 -0.0285130212
15081 310112.28 113.839397869 34.0904911939 3777404.079529 762083.0167238001 58.1677035308 0.4598557394 0.4593262636 53.5054522265 4.188921208 3.1154969469 -0.0254026465
15082 310112.47 113.839406783 34.0904966648 3777404.709562 762083.822885 58.1665248247 0.4854839153 0.3560086588 53.7669286896 4.4592802904 3.2783489944 -0.0130688204
15083 310112.65 113.8394157331 34.0905020847 3777405.334011 762084.6325321 58.1647526762 0.6299211427 0.4074494625 54.0056861461 4.6983044793 3.4019036895 0.0061630894
15084 310112.81 113.839424058 34.090507094 3777405.911301 762085.3857171 58.1702743592 0.5376366288 0.4188978091 54.170213319 4.8963190364 3.5465447029 0.0203443135
15085 310112.98 113.839433304 34.0905126292 3777406.549315 762086.2223274 58.167354974 0.5530487867 0.3548435361 54.3106966735 5.1255715593 3.6769966077 -0.0173965995
15086 310113.14 113.8394423687 34.090518015 3777407.170274 762087.0426659002 58.1748161502 0.3789996192 0.4125649777 54.4499835071 5.3221394839 3.8016744126 0.0575783076
15087 310113.3 113.8394517824 34.0905235817 3777407.81221 762087.8946583 58.1751545677 0.3961357157 0.4357530911 54.6457353751 5.5290502864 3.9208014327 -0.0570646746
15088 310113.45 113.8394609302 34.0905289491 3777408.431348 762088.7227248 58.1697915504 0.4082007208 0.4568091438 54.8039934625 5.7164511083 4.0262451746 -0.0017364683
15089 310113.6 113.8394703726 34.0905344639 3777409.067603 762089.5775316998 58.1743232897 0.251870158 0.4899903364 55.0383069236 5.9057800644 4.1252695509 0.0284136273
15090 310113.74 113.8394794582 34.0905397242 3777409.674703 762090.4001833 58.173021582 0.3061218588 0.411702875 55.2912238358 6.0694680249 4.2209917119 -0.0539205949
15091 310113.88 113.8394888043 34.0905450813 3777410.293203 762091.2465845002 58.1660754057 0.6041863684 0.3791897082 55.583417452 6.2443081349 4.2807802882 -0.0454402347
15092 310113.94 113.8394928916 34.0905474033 3777410.561381 762091.6168058 58.1657637889 0.6332061587 0.4218435487 55.7025834762 6.3282354909 4.305368971 0.0201543166
15093 310114.07 113.8395019124 34.0905524825 3777411.148208 762092.4340296 58.1708016126 0.5627027062 0.4632958934 55.9606749995 6.4725343792 4.3761077391 0.0167365397
15094 310114.2 113.8395111579 34.090557646 3777411.744974 762093.2717425 58.1756785549 0.4431678014 0.5046963172 56.2375590347 6.6342933226 4.4362137436 0.0323131737
15095 310114.33 113.8395206261 34.0905628742 3777412.349485 762094.1298078 58.1790549839 0.498543069 0.4596015917 56.4562683746 6.7911274208 4.4988822115 -0.0028900648
15096 310114.46 113.8395303025 34.0905681799 3777412.963135 762095.0068710998 58.1804307364 0.6151129973 0.4773579003 56.6902172093 6.9425004426 4.5589966501 0.0105037476
15097 310114.58 113.839539426 34.0905731331 3777413.536246 762095.8339641 58.1823126012 0.6054222004 0.538713122 56.8930284681 7.0823020676 4.608752429 0.0298079792
15098 310114.7 113.8395487203 34.0905781434 3777414.116123 762096.6766528002 58.1894926075 0.4433816188 0.5497054439 57.110477356 7.2086589107 4.6601360216 0.0540137045
15099 310114.82 113.839558198 34.0905832083 3777414.702547 762097.5361106 58.1939450363 0.4355049002 0.5844632141 57.3170222548 7.3557910275 4.7116976707 -0.005028487
15100 310114.9 113.8395646187 34.0905866188 3777415.0975129986 762098.1184091 58.1932369582 0.5028699399 0.6164345553 57.4463571527 7.4401813489 4.753080621 -0.043848284
15101 310115.02 113.8395743889 34.0905917722 3777415.694497 762099.0046019 58.1941442471 0.5798981837 0.670019247 57.6246674637 7.5657286133 4.780131899 0.0313702153
15102 310115.14 113.8395843105 34.0905969594 3777416.295628 762099.9046596999 58.2021568762 0.3544181103 0.7146275242 57.7766091608 7.675216689 4.8269854476 0.0880474403
15103 310115.25 113.839593526 34.0906017606 3777416.852098 762100.7407258998 58.205558341 0.2931428614 0.7433148098 57.9366622455 7.7857667075 4.8631831927 0.0155605284
15104 310115.36 113.8396028596 34.0906065925 3777417.412293 762101.587588 58.2047682162 0.3355910108 0.7700771853 58.0779072441 7.8747596044 4.893827574 -0.0359834789
15105 310115.47 113.8396123049 34.0906114577 3777417.976463 762102.4446652 58.202861648 0.4696200821 0.7198076328 58.2306674726 7.9591397339 4.9298387389 -0.0049989743
15106 310115.58 113.8396218537 34.0906163489 3777418.543777 762103.3112261 58.2071720725 0.4743710506 0.6722527058 58.362942483 8.050927866 4.9533019242 0.0365064145
15107 310115.69 113.8396315026 34.0906212675 3777419.114402 762104.1869305002 58.213498109 0.3891790724 0.6694378364 58.4975228356 8.1307759854 4.9801376058 0.037105681
15108 310115.8 113.8396412504 34.0906262058 3777419.687461 762105.071715 58.2163455617 0.2989786567 0.6599635278 58.62746414 8.2104917958 4.9940246079 0.0198209358
15109 310115.91 113.8396510858 34.0906311688 3777420.26349 762105.9645141999 58.2203594865 0.1869706009 0.6270054552 58.7647721941 8.2873509967 5.0241977808 0.0353119371
15110 310115.94 113.8396537833 34.0906325262 3777420.421047 762106.2093848 58.2209297996 0.2178900756 0.6082426783 58.807960353 8.3050492973 5.0284021242 0.0015604625
15111 310116.05 113.8396637382 34.0906375092 3777420.999607 762107.1131481 58.2191368649 0.3135679475 0.6599744935 58.9375831957 8.3830949468 5.030834975 -0.037682977
15112 310116.16 113.8396737742 34.0906425093 3777421.5802629986 762108.0243537 58.2185930861 0.3830389331 0.6704198923 59.0762716156 8.4501703159 5.0560039538 0.0235632858
15113 310116.27 113.8396838958 34.0906475252 3777422.162888 762108.9434042 58.2229471663 0.3720205149 0.6523628366 59.2051254604 8.529011144 5.0628904709 0.017875513
15114 310116.38 113.8396941026 34.0906525563 3777422.747427 762109.8702806998 58.2270921273 0.2603855506 0.7465237781 59.3480549384 8.5974229231 5.0780772343 0.0378213991
15115 310116.48 113.8397034379 34.0906571333 3777423.279332 762110.7180909 58.2305858228 0.251646112 0.7426739074 59.4804796708 8.6302428726 5.0757505971 0.048786118
15116 310116.58 113.8397128007 34.0906617067 3777423.810907 762111.5684538 58.2329428559 0.315095608 0.7172481598 59.6159543537 8.6597099152 5.071323685 -0.0012365192
15117 310116.68 113.8397221888 34.0906662643 3777424.3408 762112.4211961 58.2344802991 0.2979487655 0.7253349565 59.745980958 8.6573344099 5.0416656657 0.0312815205
15118 310116.78 113.8397315705 34.0906707967 3777424.867871 762113.2734312 58.2412738604 0.0855803138 0.7270073862 59.8780602574 8.6528059852 5.0159424528 0.0783705581
15119 310116.88 113.8397409528 34.090675306 3777425.392385 762114.1257835 58.2482524561 -0.0795582791 0.7178180624 60.0080000589 8.6631274415 4.990917551 0.0337529462
15120 310116.93 113.8397456484 34.0906775521 3777425.653705002 762114.5524056 58.2487398619 -0.0384810007 0.72226507 60.0589243212 8.6659529977 4.9768992902 -0.011487209
15121 310117.04 113.8397559748 34.0906824767 3777426.226736 762115.4906498 58.2464645281 0.1305988412 0.7418530153 60.1642007085 8.6571209717 4.9553373884 -0.0267482953
15122 310117.15 113.83976629 34.0906873665 3777426.795867 762116.4279651 58.2464998681 0.2879511533 0.762118529 60.2457158307 8.6471303439 4.9219271416 0.0249866171
15123 310117.26 113.8397765824 34.0906922323 3777427.362282 762117.3632545 58.2522319239 0.3209433966 0.7813985329 60.3299789015 8.6294739687 4.9011789743 0.0731879062
15124 310117.37 113.839786851 34.0906970695 3777427.92546 762118.2964380998 58.2603295418 0.1969214463 0.798205681 60.4048053426 8.6049641093 4.8611809915 0.0811326621
15125 310117.48 113.8397970915 34.0907018826 3777428.485889 762119.2270954001 58.2685883744 0.0188290242 0.8119645663 60.4751364307 8.5782661241 4.8507445078 0.0523828249
15126 310117.59 113.8398073121 34.0907066682 3777429.043219 762120.1560007 58.2725202097 0.0308084476 0.7657852558 60.5435570439 8.565996414 4.8192845739 0.0089680978
15127 310117.7 113.8398175087 34.0907114356 3777429.598463 762121.0827481 58.2728362372 0.0950473304 0.7697823553 60.6246504216 8.5507878291 4.8022076294 0.0070101213
15128 310117.81 113.8398276855 34.0907161738 3777430.150426 762122.0077491 58.2747409754 -0.011273284 0.7638637718 60.6951239506 8.5332534635 4.770730194 0.0251574492
15129 310117.92 113.839837837 34.0907208892 3777430.699786 762122.930498 58.2789682634 -0.0718897852 0.796478431 60.7683632957 8.511587487 4.7490310543 0.0202419998
15130 310118.03 113.8398479735 34.0907255802 3777431.246393 762123.8519259 58.2791232346 0.0786269131 0.7950736224 60.8456887311 8.4986815138 4.7240383047 -0.0331659958
15131 310118.14 113.8398580825 34.0907302489 3777431.790468 762124.7708879 58.2772278367 0.2541071497 0.793301392 60.9213303046 8.4727647825 4.7036838678 -0.0075081013
15132 310118.25 113.8398681674 34.0907348917 3777432.331596 762125.6877061998 58.2817034666 0.2412882774 0.8047580227 61.0024188123 8.4562024847 4.6718010879 0.0535725932
15133 310118.36 113.83987823 34.0907395083 3777432.869767 762126.6025438 58.2888553701 0.1265713126 0.7638264233 61.078983535 8.4327008861 4.6529322742 0.0545242879
15134 310118.47 113.8398882708 34.0907441065 3777433.405841 762127.5154224 58.2951546078 0.0678483874 0.7747499946 61.1757932651 8.4186355247 4.6241118696 0.0378558772
15135 310118.58 113.8398983035 34.0907486742 3777433.938501002 762128.4276533001 58.2967538405 0.189124836 0.7139621198 61.2449894554 8.4088925677 4.6053605968 0.0015656253
15136 310118.69 113.8399083139 34.0907532315 3777434.469963 762129.3378581 58.297737848 0.3759320691 0.6653297807 61.3568264379 8.4009440201 4.5844565478 0.0200532058
15137 310118.8 113.8399183117 34.0907577568 3777434.997834 762130.2469901 58.3035906861 0.3289115946 0.6490801292 61.4401315744 8.3874889441 4.555232995 0.0940347833
15138 310118.91 113.8399283025 34.0907622655 3777435.523837 762131.1555330999 58.3140679542 0.0856031074 0.6098787858 61.5480149085 8.3832678842 4.5367924812 0.097754802
15139 310119.02 113.8399383011 34.0907667537 3777436.04759 762132.0648554 58.3187427027 0.0824782 0.5844715469 61.6373825104 8.3916226622 4.519221119 0.0260328974
15140 310119.13 113.8399482945 34.0907712285 3777436.569849 762132.9737466 58.3186614858 0.0809581202 0.5797886022 61.7364340078 8.3891289499 4.5012193692 0.0016826815
15141 310119.24 113.8399582907 34.0907756794 3777437.089454 762133.8829594 58.3213900719 -0.0503492426 0.6089117213 61.8281370143 8.3948383667 4.4798538191 0.0458356729
15142 310119.35 113.8399682936 34.0907801179 3777437.607707 762134.7928358002 58.3232146688 -0.0904116797 0.6697657846 61.9554844775 8.4040301104 4.4688130595 -0.0348884269
15143 310119.46 113.8399783138 34.0907845398 3777438.124161 762135.7043555 58.3188310545 0.1589834461 0.6766824777 62.1146071792 8.4184249624 4.4491398353 -0.0448281714
15144 310119.5 113.8399819624 34.0907861428 3777438.311425 762136.0362868 58.3178757708 0.1853774442 0.6941534161 62.1798954396 8.4318480464 4.4448700498 -0.0160041279
15145 310119.61 113.8399920123 34.0907905332 3777438.824465 762136.9506483001 58.3190761656 0.2660211347 0.7110758231 62.3611901099 8.4516238128 4.414386503 0.0526375043
15146 310119.72 113.8400020898 34.0907949031 3777439.335288 762137.8676293 58.3255296266 0.2086039063 0.7464090377 62.5491507257 8.4720128751 4.3953311395 0.048432674
15147 310119.83 113.8400122106 34.0907992511 3777439.843798 762138.7886696998 58.3280595569 0.2450862682 0.7338502603 62.7574336144 8.5166377128 4.3814105038 0.0040574474
15148 310119.94 113.8400223738 34.0908035859 3777440.350953 762139.7136587 58.3311858764 0.2546823421 0.6968935892 62.9660617939 8.5525141383 4.3624166119 0.038782764
15149 310120.05 113.8400325927 34.0908079026 3777440.856242 762140.6438538 58.3362988336 0.14548363 0.732584307 63.1599156309 8.6027585178 4.33849294 0.0282159754
15150 310120.16 113.8400428755 34.0908121986 3777441.359408 762141.5800096998 58.3389949696 0.1486613764 0.6982846985 63.327560386 8.6517137594 4.3315145139 0.0161292476
15151 310120.27 113.8400532169 34.0908164984 3777441.863136 762142.5215684 58.3387459191 0.2048079422 0.7272579641 63.502478134 8.7136437845 4.3388585707 -0.0201022566
