1359 308354.32 113.8374117812 34.087902524 3777111.701261 761907.6205707 57.7080004681 -0.1114447077 0.8322141751 184.6954105979 -0.9232140421 -10.7735065132 0.0455163084
1360 308354.42 113.8374107997 34.0878928285 3777110.622775 761907.5598274 57.7084839931 -0.2035751424 0.9317933089 184.5082203918 -0.8823274613 -10.7557107932 -0.0257128252
1361 308354.52 113.8374098528 34.0878831404 3777109.545187 761907.5022617 57.7024312066 0.0037068263 0.972776956 184.3154903302 -0.850557355 -10.7474503512 -0.0811099835
1362 308354.6 113.8374091301 34.0878753975 3777108.684059 761907.4594067 57.6971034845 0.2329230217 0.9439956543 184.1760954613 -0.8076953001 -10.7349432145 -0.0397949525
1363 308354.7 113.8374082666 34.0878657344 3777107.609464 761907.4094601999 57.6986494083 0.2415972068 0.8695519526 183.9936461179 -0.7779909758 -10.7104243674 0.0791564911
1364 308354.8 113.837407443 34.0878560881 3777106.536829 761907.363156 57.7071770094 -0.0187711774 0.8163994667 183.802869867 -0.7317573715 -10.7008579715 0.0853323874
1365 308354.9 113.8374066612 34.087846455 3777105.465781 761907.3206636 57.7123049144 -0.1098513233 0.7653039834 183.6231120593 -0.7021895889 -10.6886427766 0.0090360689
1366 308355.0 113.8374059182 34.0878368318 3777104.395914 761907.2817300998 57.7082129903 0.0654743227 0.6641440993 183.4423991707 -0.6551465747 -10.6726925196 -0.0578161251
1367 308355.1 113.8374052143 34.0878272192 3777103.32734 761907.2463715 57.7048191754 0.1659531169 0.6265858964 183.2577539128 -0.6366573107 -10.6612212211 0.0034181144
1368 308355.2 113.8374045404 34.0878176218 3777102.260523 761907.2137270998 57.7085018838 0.0130244836 0.606230849 183.0622859862 -0.5995651772 -10.6405250021 0.0912321042
1369 308355.3 113.8374039092 34.0878080392 3777101.195453 761907.184993 57.7149535464 -0.3298363235 0.6603151383 182.8809591777 -0.5631205595 -10.6268037576 0.0361046846
1370 308355.4 113.8374033096 34.0877984623 3777100.131109 761907.159146 57.7135736765 -0.4298834894 0.6910891019 182.6925352498 -0.5303584081 -10.6179628183 -0.0509805982
1371 308355.49 113.8374027999 34.0877898489 3777099.173913 761907.1386404 57.7059177198 -0.3685463101 0.8015039577 182.5358141537 -0.5129454638 -10.6093748275 -0.0799076992
1372 308355.59 113.8374022604 34.0877802875 3777098.111432 761907.1183021 57.6966461977 -0.2167587992 0.7630269438 182.3493872432 -0.4679868027 -10.6023910969 -0.0913751597
1373 308355.69 113.8374017797 34.0877707364 3777097.050247 761907.1033580998 57.6900245361 -0.0275192656 0.7007601528 182.1884478699 -0.4200053828 -10.5873974364 -0.0551677705
1374 308355.79 113.8374013259 34.0877611961 3777095.990332 761907.0908673 57.6874259924 -0.0693377115 0.7376063213 182.0037142447 -0.4045335337 -10.5751503624 -0.0022718966
1375 308355.89 113.8374009089 34.0877516735 3777094.932476 761907.0817238 57.6913840175 -0.3120855869 0.7117164198 181.833715497 -0.3582492479 -10.5560975069 0.032876873
1376 308355.99 113.8374005318 34.0877421584 3777093.875554 761907.0762379002 57.6892586732 -0.2847667004 0.6789302656 181.6600880679 -0.3289561891 -10.5523966048 -0.077247291
1377 308356.09 113.8374001867 34.0877326479 3777092.819232 761907.0736849 57.6795683447 0.0150351295 0.655397277 181.4890886762 -0.2965974638 -10.5403071136 -0.0911994231
1378 308356.19 113.8373998754 34.0877231501 3777091.764397 761907.0742269 57.6753625032 0.0807039019 0.6142811453 181.3263758451 -0.269966705 -10.5196496676 0.027700235
1379 308356.29 113.8373996005 34.0877136677 3777090.711363 761907.078074 57.6802205667 -0.1836598862 0.6268303021 181.1688402998 -0.234237953 -10.501763376 0.0637145578
1380 308356.33 113.8373994985 34.0877098789 3777090.290631 761907.0803367 57.6824300727 -0.2940284709 0.6599930122 181.1033764009 -0.2274531545 -10.4980573385 0.0434147401
1381 308356.43 113.8373992564 34.087700412 3777089.239407 761907.0871625999 57.6812228821 -0.263597488 0.6941954446 180.9318735914 -0.2093983704 -10.4921336282 -0.0681355996
1382 308356.53 113.8373990516 34.0876909546 3777088.189329 761907.0974059 57.6719471179 0.1301473114 0.7202863679 180.7839512044 -0.1736666534 -10.480311565 -0.093659881
1383 308356.63 113.8373988754 34.0876815136 3777087.141143 761907.1102457 57.6673257276 0.3367622821 0.7310922731 180.6249348836 -0.146275477 -10.4598124895 0.0167132401
1384 308356.73 113.8373987352 34.0876720931 3777086.095328 761907.1263415 57.6751595233 0.0254123243 0.749249568 180.4745742405 -0.1112038609 -10.436788754 0.1239989797
1385 308356.83 113.8373986264 34.0876626876 3777085.051255998 761907.145286 57.6845327523 -0.3778204779 0.7517039134 180.3183319971 -0.0878127881 -10.422455773 0.0500868805
1386 308356.93 113.8373985496 34.0876532874 3777084.007854 761907.1671729998 57.6830209 -0.4921244984 0.7159212607 180.1751774783 -0.0515359388 -10.4160909548 -0.0769220549
1387 308357.03 113.8373985042 34.0876438939 3777082.965276 761907.1919455 57.6719152927 -0.4001976416 0.6800522925 180.0425392153 -0.0325539346 -10.4051772998 -0.1198196726
1388 308357.13 113.8373984862 34.0876345131 3777081.924182 761907.2191955 57.6611758601 -0.2684921634 0.6631643126 179.934542355 0.0004069331 -10.3903464437 -0.0581891348
1389 308357.23 113.8373984924 34.0876251431 3777080.884343 761907.2486545 57.6554086208 -0.1767209107 0.7052517032 179.8278907037 0.0024336989 -10.3856084708 -0.051256565
1390 308357.33 113.837398508 34.0876157866 3777079.846035 761907.2789364002 57.6501307385 0.0401734789 0.7099151425 179.7110185087 0.0294750497 -10.3680425237 -0.0361032469
1391 308357.36 113.8373985193 34.0876129824 3777079.534857 761907.2886241998 57.6491413424 0.0730344104 0.7132704583 179.6840663996 0.0391088639 -10.3632911913 -0.0192310857
1392 308357.46 113.8373985731 34.0876036452 3777078.498787 761907.3223753 57.6477146288 0.1047395722 0.6893448245 179.5899301737 0.0568138333 -10.3444391156 0.0277630889
1393 308357.56 113.8373986444 34.0875943232 3777077.464451 761907.3577014 57.6512087388 -0.2097388171 0.6966989571 179.4912917632 0.076740525 -10.3315740948 0.0626429873
1394 308357.66 113.8373987359 34.0875850113 3777076.431276 761907.3948579001 57.6530651702 -0.5169212091 0.708366837 179.4000976741 0.0900824228 -10.3268736901 -0.0200963773
1395 308357.76 113.8373988462 34.0875757038 3777075.398643 761907.4337305998 57.6453633141 -0.5554598415 0.658999115 179.314055063 0.1142334805 -10.3229193327 -0.1023057574
1396 308357.86 113.8373989774 34.0875664023 3777074.366724 761907.4745221 57.6315426286 -0.2870070958 0.6348993183 179.2392381317 0.1247450457 -10.3155698605 -0.1459519967
1397 308357.96 113.8373991195 34.0875571083 3777073.335672 761907.5162880998 57.6201979276 0.0654373108 0.6044291775 179.1512647025 0.1421937692 -10.3024974092 -0.0661268147
1398 308358.06 113.8373992812 34.0875478304 3777072.306453 761907.5598205 57.6180442032 0.1502602217 0.6350610742 179.0712527875 0.1482454724 -10.2807574246 0.0636756001
1399 308358.16 113.8373994462 34.0875385772 3777071.27999 761907.6035843 57.6245387029 0.0171651891 0.6226959935 178.9677245806 0.1687736391 -10.2600767269 0.0867838499
1400 308358.26 113.8373996368 34.0875293346 3777070.254769 761907.649672 57.6255562883 0.1091193876 0.656457619 178.8564153126 0.1869400514 -10.2527804378 -0.0147395466
1401 308358.36 113.8373998429 34.0875201062 3777069.231157 761907.6971484 57.6219762778 0.3779988112 0.6129680554 178.7218447982 0.2045663218 -10.2320817489 -0.0006297255
1402 308358.46 113.8374000859 34.0875108969 3777068.2097660014 761907.7479778002 57.6237764582 0.426757102 0.6066602468 178.6072561726 0.2426224115 -10.2089998642 0.0635130453
1403 308358.56 113.8374003491 34.0875017075 3777067.190629 761907.800608 57.6328547057 0.2442014501 0.5533027261 178.4734924969 0.2559721394 -10.1861558272 0.1261156459
1404 308358.59 113.8374004314 34.0874989536 3777066.885224 761907.8167 57.6359931584 0.1184998929 0.5528462582 178.4328674643 0.2589857505 -10.1816684558 0.1043335438
1405 308358.69 113.8374007294 34.0874897812 3777065.868064 761907.8724910999 57.6432942599 -0.1099392498 0.5759706635 178.3086799704 0.2866411071 -10.1701821465 0.0426432359
1406 308358.79 113.8374010434 34.0874806171 3777064.851858 761907.9297269 57.644329654 -0.2940758937 0.5542033099 178.1645104036 0.3054069608 -10.1671556461 -0.0132017751
1407 308358.89 113.8374013894 34.0874714613 3777063.836671 761907.9899043002 57.6403693389 -0.3404622954 0.5918496187 178.0476301581 0.3338625577 -10.1587274973 -0.0470611779
1408 308358.99 113.8374017543 34.0874623094 3777062.821956 761908.0518095 57.6334750773 -0.2212649267 0.5995820101 177.9184173903 0.3473215333 -10.151855066 -0.0914011053
1409 308359.09 113.8374021457 34.0874531596 3777061.80754 761908.1161563002 57.6249572998 0.0694639073 0.5524991101 177.7854860244 0.3879962346 -10.1457989084 -0.0692296434
1410 308359.19 113.8374025585 34.0874440162 3777060.793897 761908.1824587 57.6219507661 0.1931124589 0.5823363371 177.662116233 0.3848318445 -10.1328663689 0.0283669149
1411 308359.29 113.8374029872 34.087434885 3777059.781654 761908.2501835 57.6270319745 -0.0073054145 0.5553669592 177.5345210832 0.4218364147 -10.1187239982 0.078580881
1412 308359.39 113.8374034472 34.087425761 3777058.77028 761908.320789 57.6315822909 -0.1976593686 0.5875475748 177.4348048781 0.4353064152 -10.1174861408 0.015690224
1413 308359.49 113.8374039202 34.0874166374 3777057.758978 761908.3925841999 57.6271830844 0.0104629877 0.5139909342 177.3288289521 0.4573002461 -10.1167382548 -0.0879154464
1414 308359.59 113.8374044225 34.0874075173 3777056.748151 761908.4670807 57.6189329876 0.3896296443 0.5296944268 177.2597251134 0.4774178158 -10.1082277281 -0.0497587409
1415 308359.69 113.8374049289 34.0873984092 3777055.738667 761908.5419201 57.6216452438 0.3523652024 0.5399574018 177.1709638999 0.4801897684 -10.0881081889 0.1088273341
1416 308359.71 113.8374050323 34.0873965894 3777055.536974 761908.5570731 57.6237345096 0.3117946074 0.5402001017 177.1560189793 0.4859674586 -10.0894825142 0.1228806985
1417 308359.81 113.8374055643 34.0873874961 3777054.529188 761908.6342234998 57.636007946 -0.0049889991 0.4947050311 177.0763542505 0.5085329137 -10.0834389145 0.103140022
1418 308359.91 113.8374061112 34.0873784036 3777053.521537 761908.7127507 57.6386882393 -0.1367212963 0.4470598565 176.9763822102 0.5166201292 -10.0812665161 -0.0267710116
1419 308360.01 113.8374066812 34.0873693145 3777052.514322 761908.7934017 57.6340856617 -0.163039877 0.4473130135 176.902194495 0.5400408644 -10.0728271739 -0.0471432346
1420 308360.11 113.8374072619 34.0873602323 3777051.507902 761908.8750148001 57.6301065013 -0.1281076401 0.3882789253 176.8163158771 0.5497588111 -10.0753864079 -0.0262887382
1421 308360.21 113.837407866 34.0873511545 3777050.502027 761908.9587866 57.6248729881 0.1129958184 0.2902602378 176.7461953278 0.569997324 -10.0720970591 -0.0600510351
1422 308360.31 113.8374084785 34.0873420794 3777049.496466001 761909.0433115 57.6212855009 0.3026615253 0.2797826707 176.6526876488 0.5698796671 -10.062175036 0.0162403858
1423 308360.41 113.8374091009 34.0873330142 3777048.492043 761909.1287231 57.6274310928 0.0957383769 0.2851316669 176.5393194572 0.5955071773 -10.0510170637 0.1159153697
1424 308360.51 113.8374097432 34.0873239551 3777047.488341 761909.2159586998 57.6349839177 -0.2756363353 0.3969550738 176.3988152275 0.5959626084 -10.0533452989 0.0464563476
1425 308360.61 113.8374104034 34.0873148944 3777046.484498 761909.3048456998 57.6322202254 -0.3107827702 0.467675987 176.2240558459 0.6356243361 -10.0529171679 -0.0746072337
1426 308360.71 113.8374110997 34.0873058335 3777045.480743 761909.39707 57.6205914179 -0.0414051834 0.5882266369 176.0626986792 0.654993859 -10.0550401461 -0.1064582229
1427 308360.81 113.8374118239 34.0872967798 3777044.477843 761909.4918529 57.6135529904 0.1663059919 0.577484171 175.8798312043 0.6974908763 -10.0399291729 0.0062857661
1428 308360.89 113.8374124382 34.0872895448 3777043.676507 761909.5708785 57.6153163044 0.1428670297 0.6510348379 175.7416840014 0.7244562841 -10.0309695738 0.0544740295
1429 308360.99 113.8374132244 34.0872805075 3777042.675589 761909.6713304 57.6196773937 0.0042368161 0.6933743231 175.5435242004 0.7449821047 -10.0185096315 0.0551308492
1430 308361.09 113.8374140471 34.087271478 3777041.675632 761909.7751260998 57.6212967262 -0.0643262747 0.7613522338 175.3583888823 0.7875657924 -10.0132916982 0.0051407425
1431 308361.19 113.8374148998 34.0872624546 3777040.676437998 761909.8816770002 57.6187097421 0.1191137145 0.78994719 175.1819764885 0.8038821786 -10.0083284399 -0.0323526079
1432 308361.29 113.8374157903 34.0872534363 3777039.677901 761909.9916964001 57.6158402879 0.2653484684 0.7409481914 175.0179528015 0.8580970282 -10.0017219285 0.0018342474
1433 308361.39 113.8374167178 34.0872444282 3777038.680591 761910.1051144 57.6185703417 0.1262754518 0.7651907173 174.8797695318 0.8740227282 -9.989746745 0.0692231966
1434 308361.49 113.8374176653 34.0872354294 3777037.684363 761910.2203391999 57.6259306772 -0.2185650929 0.6997417657 174.7385680013 0.9035037795 -9.9825078077 0.0538418581
1435 308361.59 113.8374186457 34.0872264322 3777036.688394998 761910.3385959001 57.6252296744 -0.2533459409 0.7006478856 174.6251749432 0.9218512355 -9.9871999311 -0.0564086832
1436 308361.69 113.8374196401 34.0872174352 3777035.69249 761910.4581497 57.6164176352 -0.0529871955 0.6683609646 174.5155648884 0.9391851536 -9.9806507549 -0.1022096651
1437 308361.79 113.8374206617 34.0872084438 3777034.697275 761910.5801979 57.6103171604 0.0886846387 0.6391274007 174.4352876305 0.9628272445 -9.9728622073 -0.0055903793
1438 308361.89 113.8374216932 34.0871994594 3777033.702855998 761910.7031329002 57.612328195 -0.0777321872 0.6648969173 174.3490410162 0.9629465856 -9.972825205 0.0473808054
1439 308361.98 113.8374226318 34.087191378 3777032.808418 761910.8147114002 57.6144986516 -0.236048128 0.6944528362 174.273850978 0.9837766935 -9.963187503 0.0110298825
1440 308362.08 113.8374236903 34.087182396 3777031.814345 761910.9401370998 57.6113773575 -0.2231360191 0.7000792339 174.1870359891 0.987726506 -9.9609277371 -0.0575902364
1441 308362.18 113.8374247607 34.0871734126 3777030.82014 761911.0666622 57.6043610293 -0.1447175682 0.7330690368 174.1071773831 1.0064886999 -9.9599332449 -0.0436831814
1442 308362.28 113.8374258511 34.0871644335 3777029.826459 761911.1950212 57.5988134127 -0.0702784017 0.7686329401 174.0320396628 1.0166538362 -9.9569928483 -0.0318830542
1443 308362.38 113.8374269509 34.0871554587 3777028.83329 761911.3242421 57.5962669393 -0.0479297084 0.7530206094 173.9320130181 1.0366505823 -9.947865841 -0.0274692858
1444 308362.48 113.8374280751 34.0871464849 3777027.840289 761911.4557073001 57.5934877982 -0.0866416386 0.8480341142 173.8186623109 1.0521576076 -9.9531293454 -0.0167082658
1445 308362.58 113.837429203 34.0871375185 3777026.848121 761911.5874921 57.5922201425 -0.1940509351 0.9063444177 173.6781170788 1.0631771545 -9.9368888138 0.0303020676
1446 308362.68 113.8374303646 34.087128562 3777025.857139 761911.7223571 57.5905548949 -0.1189801657 0.9398983347 173.5618444169 1.0966573527 -9.9326555903 -0.0635052293
1447 308362.78 113.837431553 34.0871196046 3777024.866125 761911.8597045002 57.5800447771 0.5373757682 0.8903822617 173.433688166 1.1185688343 -9.9329457579 -0.0916013437
1448 308362.89 113.8374328887 34.0871097682 3777023.777931 761912.013358 57.5791154672 0.7744095544 0.9127045634 173.2929922062 1.1386641693 -9.9019772066 0.1427031789
1449 308363.0 113.8374342505 34.0870999595 3777022.692889 761912.1693302 57.6028355854 0.1758069717 0.8127600053 173.1178869945 1.1675680642 -9.8842333257 0.2111013806
1450 308363.11 113.8374356542 34.0870901572 3777021.608658 761912.3291572 57.6128283981 -0.0848569454 0.7731467544 172.9457670263 1.1951944505 -9.8960961656 0.0080386429
1451 308363.19 113.8374366929 34.0870830281 3777020.820158 761912.4470455998 57.6096761078 -0.1532818596 0.7117759537 172.8046940096 1.2204655813 -9.8847900644 -0.0641760069
1452 308363.3 113.8374381557 34.087073234 3777019.736996 761912.6123066 57.6049143737 -0.3106791661 0.6621532045 172.629169254 1.2560445195 -9.873829437 -0.0079796464
1453 308363.41 113.8374396534 34.0870634445 3777018.65443 761912.7807736 57.6015765602 -0.348570446 0.6624668907 172.4521395313 1.277496553 -9.8791471801 -0.0689531354
1454 308363.52 113.8374411846 34.0870536552 3777017.571972 761912.9523292 57.5911754323 -0.0601408271 0.6468283773 172.2721950797 1.3103726472 -9.8733368552 -0.0978023442
1455 308363.63 113.8374427569 34.0870438742 3777016.490541 761913.1276554 57.5861895708 0.1701809231 0.622301124 172.1008519353 1.3431456846 -9.863063178 0.0339757423
