15481 310162.55 113.8435011136 34.0909444537 3777464.920617 762460.4716755998 57.7669747658 -0.2464198097 0.918127979 109.85137161 2.8096521549 -1.0082523157 -0.0238138693
15482 310162.89 113.8435113104 34.0909413778 3777464.605481 762461.4226489002 57.7640097504 -0.1384084706 0.9690767511 109.9978734894 2.7048472568 -0.9781730306 -0.0009763512
15483 310163.25 113.8435217269 34.0909382104 3777464.280749 762462.3941931998 57.7592160953 -0.0452310901 0.9430788277 110.1736398557 2.676413039 -0.9821463729 -0.0264481841
15484 310163.59 113.8435321529 34.090934995 3777463.95071 762463.3667635998 57.7549640331 0.1370590748 1.0063040583 110.4047759043 3.0035426989 -1.1126212247 -0.0068556747
15485 310163.89 113.8435424888 34.0909317687 3777463.61923 762464.3310550002 57.754408326 0.0353332674 1.0240104065 110.6074799992 3.3765630227 -1.2548717842 -0.0030462587
15486 310164.16 113.8435529213 34.0909284861 3777463.281753 762465.3044273001 57.7509321608 0.1291291111 0.9959425497 110.8343300806 3.7582335621 -1.4318565932 -0.009093464
15487 310164.4 113.8435631488 34.0909252192 3777462.945498 762466.2588345 57.7418319676 0.4351036467 0.9769106051 111.0902440136 4.1031904145 -1.5837913994 -0.0325561375
15488 310164.62 113.843573318 34.090921943 3777462.608051 762467.2078746 57.7386514209 0.5047783092 0.8691844623 111.3724578466 4.4243927621 -1.7215066386 0.0018754167
15489 310164.83 113.8435837136 34.0909185336 3777462.256406 762468.178245 57.7400014009 0.3766332406 0.8588105558 111.7347568499 4.711055929 -1.873668837 0.0346457936
15490 310165.03 113.8435942211 34.090915018 3777461.893268 762469.1592596999 57.7454190496 0.0582524726 0.773978996 112.0844938699 4.9778452298 -2.0043481186 0.0138837997
15491 310165.22 113.8436047236 34.0909114636 3777461.525811 762470.1399457 57.742352833 0.0493945287 0.7131039581 112.451158995 5.2120227324 -2.1546282762 -0.0396073858
15492 310165.27 113.8436075672 34.0909104824 3777461.424227 762470.4055246 57.7403718606 0.0789667225 0.7441762017 112.5354998022 5.2775569315 -2.195576432 -0.0486561013
15493 310165.45 113.8436180996 34.0909068095 3777461.043698998 762471.3893298 57.7306772247 0.1771698022 0.8153326208 112.8622150024 5.5197190084 -2.321003827 -0.0482920688
15494 310165.62 113.8436284707 34.0909031522 3777460.664486 762472.3581986 57.727095237 0.2312165959 0.8145053764 113.2191925078 5.7350708466 -2.4523936628 -0.0183140758
15495 310165.78 113.8436385842 34.0908995178 3777460.287141 762473.3032126 57.7227597097 0.2855705525 0.7946354504 113.5230378314 5.9317034377 -2.5738120658 -0.0362096315
15496 310165.94 113.8436490415 34.0908957074 3777459.89116 762474.2805073 57.7186052948 0.411801838 0.818626584 113.8168493279 6.1281962515 -2.7031074144 -0.0109407742
15497 310166.09 113.8436591462 34.0908919711 3777459.5024910006 762475.2250238 57.7178809 0.395503424 0.8704986048 114.0044951396 6.3083316823 -2.8200814171 -0.0069433569
15498 310166.24 113.843669543 34.0908880918 3777459.098701 762476.1969479 57.7181696408 0.328433363 0.8384281169 114.213107034 6.4889348588 -2.9081838477 0.0109836476
15499 310166.38 113.8436795008 34.090884339 3777458.707828 762477.1279534 57.7203556672 0.2503998264 0.8180575799 114.4114350396 6.6427651955 -3.018514517 -0.0018178975
15500 310166.52 113.843689701 34.0908804601 3777458.303581 762478.0817269 57.718273147 0.2748609318 0.823713403 114.6086662181 6.8063040611 -3.1182358767 -0.0288909622
15501 310166.66 113.843700133 34.0908764489 3777457.885244 762479.0573069 57.7154424172 0.2558206255 0.8516891212 114.8240984778 6.9557833921 -3.226720224 -0.0177781771
15502 310166.79 113.8437100284 34.0908726194 3777457.485697 762479.982792 57.7157290727 0.2512222395 0.8092451168 115.0257039082 7.0935611846 -3.3100415504 0.0189171772
15503 310166.92 113.8437201199 34.09086868 3777457.0744589986 762480.9267091998 57.7144592786 0.2728723386 0.8273698076 115.2345057807 7.2282802537 -3.4066677186 -0.0378067521
15504 310167.05 113.8437303885 34.0908646216 3777456.650465 762481.8873600998 57.710990061 0.3563306427 0.801147273 115.4245134451 7.3609795642 -3.4951798931 -0.0159005961
15505 310167.18 113.8437408349 34.090860462 3777456.215694 762482.8647273001 57.7111710897 0.3356879872 0.7718461866 115.6020096582 7.4800275476 -3.5867006222 0.012710173
15506 310167.27 113.8437481718 34.0908575213 3777455.90821 762483.5512304 57.7125631012 0.2630271776 0.7630584947 115.6940997227 7.5680451876 -3.6473408402 0.0079988006
15507 310167.39 113.8437580879 34.0908535257 3777455.490278 762484.4791356998 57.713483559 0.2192892986 0.6930778416 115.8195320699 7.6917103172 -3.7180998667 0.0014200509
15508 310167.51 113.8437681613 34.0908494512 3777455.0640050014 762485.4218102 57.7112932075 0.2564762852 0.658470037 115.9442510165 7.8131095812 -3.8045664204 -0.0136925898
15509 310167.63 113.8437783881 34.0908452899 3777454.6284839986 762486.3789115 57.708891131 0.2193717978 0.6582087255 116.0495356105 7.9261085173 -3.8744883662 -0.0284662395
15510 310167.75 113.8437887499 34.0908410492 3777454.184505 762487.3487225 57.709788355 0.0716783619 0.6552522681 116.1507858927 8.0192914954 -3.9479727224 0.021363345
15511 310167.87 113.8437992406 34.0908367376 3777453.732975 762488.3306551998 57.708580954 -0.0246225858 0.6577521136 116.2456106872 8.1229486173 -4.0090973773 -0.0419781
15512 310167.98 113.8438089609 34.0908327279 3777453.312985 762489.2405247 57.7033517407 -0.0566830031 0.7136326223 116.3212953212 8.1973425853 -4.0704177844 -0.0627115039
15513 310168.09 113.8438187686 34.0908286655 3777452.887367 762490.1586274002 57.6977153625 0.0098764042 0.7181690847 116.3674694042 8.2665248611 -4.1130121191 -0.0361499232
15514 310168.2 113.8438286694 34.090824569 3777452.458202 762491.0854293 57.6927557597 0.0542358793 0.7469882798 116.4340926798 8.3437338185 -4.1493897492 -0.055454757
15515 310168.31 113.8438386451 34.0908204215 3777452.023572 762492.0192999 57.6887354814 0.1381070155 0.6717520223 116.4802697733 8.4044766435 -4.1914555316 -0.0140990423
15516 310168.42 113.8438487004 34.0908162436 3777451.58577 762492.960625 57.6871818779 0.240513708 0.6780731123 116.550124568 8.4674969126 -4.2334589268 0.0053958426
15517 310168.53 113.8438588245 34.0908120146 3777451.142472 762493.9084521999 57.6839811178 0.3198417973 0.6662198531 116.5898197699 8.5238447884 -4.2910540436 -0.0165724402
15518 310168.64 113.8438690118 34.0908077554 3777450.695986 762494.862212 57.6855911491 0.171280021 0.7305766431 116.6408740528 8.564336629 -4.3069779741 0.0736757451
15519 310168.75 113.8438792343 34.0908034649 3777450.24612 762495.8193186999 57.6928736549 -0.1653431433 0.7495850422 116.6736560376 8.5978585363 -4.3342927383 0.0419051237
15520 310168.86 113.8438894997 34.0907991595 3777449.794708 762496.7804274 57.6905151866 -0.2311030396 0.7580688732 116.7151362513 8.6184461889 -4.3461701122 -0.0755922134
15521 310168.97 113.843899759 34.0907948466 3777449.342448 762497.7409976 57.6817380879 -0.1186483461 0.7211281779 116.7479436812 8.6072597728 -4.3424006373 -0.0568569168
15522 310169.08 113.8439100172 34.0907905404 3777448.890937 762498.7014512 57.6759256823 -0.0202375491 0.6648640379 116.7942986719 8.6036498113 -4.3459427243 -0.0164709994
15523 310169.19 113.8439202508 34.0907862313 3777448.439037 762499.6596413 57.6750718104 -0.0740038312 0.654959605 116.8149073879 8.5772918894 -4.3480856164 0.0206100288
15524 310169.3 113.8439304645 34.0907819223 3777447.987092 762500.6159869 57.6766126528 -0.2003386613 0.6236829744 116.8422727017 8.568901101 -4.3406868673 0.015962528
15525 310169.41 113.843940653 34.0907776218 3777447.536025 762501.5699885 57.6748776156 -0.0922669482 0.6169383173 116.8749885743 8.5365436096 -4.3362043234 -0.0274292969
15526 310169.52 113.8439507784 34.0907733362 3777447.086464 762502.518115 57.6693117553 0.1009937157 0.6642037419 116.9009977085 8.4593616858 -4.3099548728 -0.0261811913
15527 310169.63 113.8439608141 34.0907690856 3777446.640535 762503.4578457 57.6692754347 0.0368633814 0.6368976245 116.9275569086 8.3843018505 -4.2613625984 0.0564906775
15528 310169.74 113.8439707429 34.0907648778 3777446.199103 762504.3875759 57.6770425765 -0.3548176821 0.6259156835 116.957685104 8.2817376568 -4.2191077781 0.0628370562
15529 310169.85 113.843980551 34.0907607185 3777445.762723 762505.3060178 57.6788743986 -0.4530383777 0.616494441 116.9977933657 8.1764380414 -4.1654425133 -0.0296199697
15530 310169.96 113.8439902259 34.0907566131 3777445.331999 762506.2119976998 57.6721106442 -0.2904738624 0.5410844168 117.0386407456 8.0600007485 -4.108895079 -0.0918275903
15531 310170.08 113.8440006091 34.0907521921 3777444.868064 762507.1843389 57.6649391605 -0.2796981764 0.554797252 117.0968740045 7.9176028126 -4.053966687 -0.0300785999
15532 310170.2 113.8440108172 34.0907478399 3777444.411312 762508.1403044001 57.665144464 -0.3915883387 0.4937750839 117.2164777506 7.7856226329 -3.9964303573 0.0006854816
15533 310170.32 113.8440208401 34.0907435477 3777443.960742 762509.0789947 57.6610151986 -0.201565026 0.5064231472 117.3688786724 7.6286110898 -3.9539793792 -0.0444709078
15534 310170.44 113.8440306688 34.0907393038 3777443.515035 762509.9995972 57.654774176 0.0096202101 0.4716778541 117.5301577196 7.4823369003 -3.8932765004 -0.0259385247
15535 310170.53 113.8440379074 34.0907361622 3777443.184997 762510.6776422 57.6547723906 0.0030491763 0.4856516735 117.6558286299 7.3605016948 -3.8473240884 0.0343118625
15536 310170.66 113.844048157 34.0907316766 3777442.713547 762511.6378598 57.6604232648 -0.1991205343 0.576737376 117.8410193159 7.1912366584 -3.8120660973 0.0482374325
15537 310170.79 113.8440581728 34.0907272602 3777442.249188 762512.576272 57.6633522008 -0.3531738968 0.5650494691 118.0732981552 7.0232788474 -3.7410281739 0.0218786292
15538 310170.92 113.8440679502 34.0907229115 3777441.791718 762513.4924644 57.6616456537 -0.4499121905 0.6081641926 118.3166043671 6.8509884411 -3.6937396626 -0.0249906311
15539 310171.05 113.844077484 34.0907186182 3777441.339768 762514.3859864002 57.6574537205 -0.4094946738 0.5853740063 118.5673813844 6.6868884627 -3.6346340013 -0.0309568925
15540 310171.19 113.8440874737 34.0907140671 3777440.8603839986 762515.3224054 57.6521303179 -0.314650714 0.594736903 118.8591128444 6.4974242686 -3.5655028319 -0.0402473019
15541 310171.33 113.8440971734 34.0907095927 3777440.388767 762516.2318082 57.6465909025 -0.2075039436 0.5772151776 119.1255480009 6.2972939694 -3.5021893318 -0.0206279674
15542 310171.41 113.844102583 34.0907070759 3777440.1233660006 762516.7390646 57.6450842693 -0.2033819453 0.6373530905 119.2759314531 6.184631553 -3.4684257296 0.0008749175
15543 310171.56 113.8441124598 34.0907024378 3777439.634043 762517.6653212 57.6459504869 -0.2436572673 0.6227879628 119.5408481003 5.9778062206 -3.3802065609 0.0096104819
15544 310171.71 113.8441219897 34.0906979218 3777439.157369 762518.5591835999 57.6455502966 -0.2143230246 0.5676110278 119.7866810645 5.7551871169 -3.2890097745 -0.0008649033
15545 310171.87 113.8441317548 34.0906932431 3777438.663253 762519.4752519 57.643512534 -0.2308214065 0.5970473085 119.9620652258 5.5100099931 -3.1884523302 -0.0022200952
15546 310172.04 113.844141659 34.0906884629 3777438.1582160015 762520.4044883002 57.6445342032 -0.3720357001 0.641560188 120.0847313778 5.2341909307 -3.0424260589 0.029128673
15547 310172.21 113.844151043 34.0906839334 3777437.679677 762521.2849136 57.6453416422 -0.3542578838 0.514212083 120.2343337387 4.9563858319 -2.875026408 0.0112300165
15548 310172.4 113.8441608802 34.090679157 3777437.174903 762522.2079499002 57.6410569483 -0.222863234 0.445044009 120.3678688666 4.6063518255 -2.7045640061 -0.0327923648
15549 310172.6 113.8441704391 34.0906744616 3777436.6783980015 762523.1050358 57.6382400244 -0.1177741484 0.5993797173 120.5026339735 4.2380713952 -2.4978389047 0.0258001379
15550 310172.78 113.8441783575 34.0906705642 3777436.266229 762523.8481954002 57.6415721867 -0.1776595471 0.6545844611 120.5901531982 3.896495013 -2.3027475447 0.0175927562
15551 310173.02 113.8441878647 34.0906658573 3777435.768322 762524.740541 57.6448334782 -0.3804612369 0.7496480323 120.66550986 3.4304207875 -2.0455369045 0.0314391809
15552 310173.3 113.8441974705 34.090661083 3777435.2631769986 762525.6422116 57.6476400103 -0.6209018589 0.8341834201 120.7309847463 2.9043410313 -1.7235716076 0.0175645538
15553 310173.64 113.8442069367 34.0906563788 3777434.765454 762526.5307619 57.6460552272 -0.6809260326 0.8266567799 120.8012848293 2.2557832994 -1.3446231553 -0.0001594841
