16642 310391.43 113.8410152837 34.0840913033 3776697.992311 762252.1077221 56.6130959634 0.3417813355 0.4266601773 280.9883304062 -1.7499570488 0.3372603844 -0.0107146331
16643 310391.98 113.8410046252 34.0840930273 3776698.156269 762251.1182225002 56.6121228654 0.4112894636 0.3516954927 281.1076100068 -1.9018748704 0.3721436806 0.0010076185
16644 310392.45 113.8409937495 34.084094815 3776698.326731 762250.1084714001 56.6158682825 0.5888868633 0.4044636322 281.256487142 -2.4598462844 0.4951059374 -0.0057948682
16645 310392.82 113.8409828563 34.0840966491 3776698.502304 762249.0969553002 56.6187168555 0.6276403761 0.4661021867 281.3974783415 -3.014432297 0.6107617617 -0.0247685846
16646 310393.13 113.8409720067 34.0840984818 3776698.677828 762248.0894709 56.6282124743 0.4985776754 0.408528602 281.5441081311 -3.46871813 0.7171280483 0.0772835982
16647 310393.4 113.8409613227 34.0841003387 3776698.856467 762247.0972095998 56.6207697047 0.8413393066 0.476639819 281.6947599392 -3.8520576372 0.8064804407 -0.0015356359
16648 310393.65 113.840950498 34.0841022474 3776699.0404839986 762246.0917921 56.6325817676 0.52253493 0.5441197932 281.8346365499 -4.1740558298 0.8806954506 0.0116121403
16649 310393.88 113.8409397763 34.0841041435 3776699.223377 762245.0959236 56.6331822341 0.5869622122 0.5055835599 281.9992127856 -4.4536024469 0.9543002972 0.0456648318
16650 310394.1 113.8409288581 34.0841061118 3776699.413785 762244.0816886 56.6418770747 0.4553513827 0.5369489766 282.1383842001 -4.7436344611 1.0331554062 -0.0339841108
16651 310394.31 113.8409177561 34.0841081206 3776699.608199 762243.0503518 56.6367809391 0.5674488082 0.5135492662 282.3343070105 -5.0252533068 1.098672653 0.0266550438
16652 310394.5 113.8409071746 34.0841100641 3776699.796717 762242.0672862 56.6437898306 0.3920640344 0.4538631763 282.5015312324 -5.2690675661 1.1774692544 0.0242636702
16653 310394.69 113.8408961039 34.0841121347 3776699.998068 762241.0386535998 56.6440056171 0.469021951 0.4595580541 282.7137072565 -5.5055810138 1.2461831729 -0.0077206086
16654 310394.81 113.8408888611 34.0841135056 3776700.131608 762240.3656443001 56.643070722 0.5507202515 0.4312647616 282.8490674303 -5.6523407949 1.2953550652 -0.0083192614
16655 310394.98 113.8408782792 34.084115532 3776700.329327 762239.3822781 56.6433930844 0.6674902865 0.391793011 283.0324257984 -5.8529089529 1.353076645 0.0238767368
16656 310395.15 113.8408673486 34.0841176634 3776700.5377839985 762238.3663960998 56.6489694361 0.8325859272 0.4455518604 283.2246323129 -6.0305308889 1.4332704459 0.0362817451
16657 310395.31 113.8408567483 34.0841197608 3776700.743333 762237.3811167 56.6523658168 0.8488056771 0.4301414436 283.3548246177 -6.2094029549 1.4808785506 0.0267898389
16658 310395.47 113.8408458536 34.084121921 3776700.955092 762236.3684599 56.6636800542 0.7034598595 0.3939974491 283.5083738628 -6.3684431233 1.5340852082 0.1249337794
16659 310395.63 113.8408346833 34.0841241827 3776701.177399 762235.3300435 56.6753019914 0.5204156062 0.4180115196 283.6478828692 -6.5322427664 1.6032403602 0.012954342
16660 310395.78 113.840823955 34.084126373 3776701.392928 762234.3326592 56.6746657928 0.6362441019 0.4327299266 283.8242478621 -6.6810673883 1.645225485 0.0040035296
16661 310395.93 113.8408129916 34.0841286374 3776701.616065 762233.3133316998 56.681952158 0.5208497113 0.3924374598 284.0116694995 -6.8258258807 1.7125817227 0.0512380887
16662 310396.08 113.8408017949 34.0841309841 3776701.847752 762232.2722167 56.685882071 0.5188178738 0.3789021452 284.2580344381 -6.9614855604 1.774264282 0.0292854065
16663 310396.14 113.840797254 34.0841319467 3776701.942914 762231.8499448001 56.687435356 0.474283376 0.3584441468 284.3659812414 -7.0154376677 1.7995317278 0.0389887085
16664 310396.28 113.8407865218 34.0841342549 3776702.171512 762230.8518428 56.6917707603 0.3375993198 0.3377716896 284.5874175698 -7.1435962764 1.8670079775 0.0258931247
16665 310396.42 113.8407755991 34.0841366481 3776702.409055 762229.8358795 56.6953761177 0.360545973 0.3764797466 284.8395896133 -7.2698197292 1.9349458662 0.0085346294
16666 310396.56 113.840764489 34.0841391239 3776702.655281 762228.8023618 56.6942243986 0.5885023999 0.3464540181 285.1000642228 -7.3875447838 2.0024702438 -0.0231515556
16667 310396.69 113.8407540142 34.0841414903 3776702.890998 762227.827837 56.6949651195 0.7052313161 0.3036552729 285.3487961581 -7.4943582289 2.0596229574 0.0276303757
16668 310396.82 113.8407434069 34.0841439368 3776703.135275 762226.8408374 56.7029815968 0.5971455958 0.3222318554 285.5955348355 -7.5821400909 2.1327652781 0.0912244763
16669 310396.95 113.8407326664 34.0841464616 3776703.387884 762225.8412923 56.713731858 0.3884012 0.3546533117 285.8525334849 -7.6829512867 2.1829316148 0.0591600308
16670 310397.08 113.8407217938 34.0841490584 3776703.648154 762224.8293265002 56.7173401229 0.4619427107 0.3607284306 286.1358879201 -7.7685440119 2.2544775898 0.0045590862
16671 310397.21 113.8407107932 34.0841517332 3776703.916747 762223.8053073002 56.7184395902 0.5459315348 0.3590637559 286.4028065638 -7.8653132326 2.319298108 0.0193256796
16672 310397.34 113.8406996631 34.0841544794 3776704.192931 762222.7690995998 56.7238591667 0.5314165032 0.3157018207 286.701186443 -7.9483031439 2.3858059669 0.0611191453
16673 310397.46 113.8406892895 34.0841570878 3776704.455771 762221.8031795 56.7305086413 0.4840594667 0.2708687596 286.9501846355 -8.0207701343 2.4402588969 0.0522907309
16674 310397.58 113.8406788273 34.0841597607 3776704.7255379986 762220.8288823002 56.7344008405 0.5195437446 0.2635018203 287.2295057492 -8.0824326213 2.5088675111 0.0203823796
16675 310397.7 113.840668289 34.084162507 3776705.003253 762219.847323 56.7396649821 0.5193148593 0.2786338597 287.4874776278 -8.1444119154 2.572816222 0.0513415649
16676 310397.82 113.8406576734 34.0841653112 3776705.287196 762218.8584520002 56.7449282687 0.4068317283 0.2846571674 287.7541365998 -8.1949562236 2.6300134033 0.0488298479
16677 310397.89 113.8406514512 34.0841669797 3776705.456387 762218.2787574 56.7494172091 0.1987719027 0.364795694 287.8879945981 -8.224154602 2.6732044797 0.0684388536
16678 310398.01 113.8406407387 34.0841698968 3776705.752602 762217.280592 56.7556000836 -0.0927506574 0.5938495793 288.0793376012 -8.27545642 2.7317667374 0.0267563958
16679 310398.13 113.8406299643 34.0841728669 3776706.054555 762216.2765451 56.7534247357 0.0504887868 0.7747632331 288.2611185121 -8.3142669006 2.7733754249 -0.0525483011
16680 310398.25 113.8406191294 34.0841758748 3776706.360539 762215.2667899998 56.7443480799 0.3380520593 0.7866283126 288.4144152565 -8.3613285132 2.7946095286 -0.061475216
16681 310398.37 113.8406082552 34.0841789054 3776706.668949 762214.2533484 56.7471055658 0.3158292209 0.7157848207 288.5772744754 -8.3761144283 2.8149987298 0.0965473157
16682 310398.49 113.8405973467 34.0841819809 3776706.982247 762213.2365918 56.7566417716 0.0399749027 0.6776685746 288.719225146 -8.404423061 2.861003609 0.0445573122
16683 310398.61 113.8405863955 34.0841850845 3776707.298555 762212.2158083002 56.7592361532 -0.0857397114 0.5605060721 288.8826679124 -8.4432864284 2.8889336512 -0.0237348643
16684 310398.73 113.8405754199 34.0841882221 3776707.6185760014 762211.1926644 56.7514474122 0.163973922 0.4735620147 289.0159418684 -8.4437044887 2.9246011397 -0.0622873751
16685 310398.85 113.8405644206 34.0841913973 3776707.942709 762210.1672224 56.7502702856 0.2231361914 0.487965832 289.1507802485 -8.4724551198 2.9619963142 0.0461755432
16686 310398.93 113.8405570726 34.0841935361 3776708.161196 762209.4821247 56.753664175 0.1433353895 0.5053169227 289.2296524667 -8.4857736567 2.9813976385 0.0410564368
16687 310399.05 113.8405460092 34.0841967712 3776708.491817 762208.4505698001 56.7552631162 0.3114190143 0.5505101948 289.3678479695 -8.5335479201 3.0125284225 -0.0247160449
16688 310399.17 113.8405349054 34.0842000407 3776708.826141 762207.4151869002 56.7541449787 0.4890328112 0.5865588501 289.5016830808 -8.5674335847 3.0592423388 0.0050933706
16689 310399.28 113.8405246787 34.084203076 3776709.1367339985 762206.4615113002 56.7580805039 0.5928975718 0.6350862178 289.6191649084 -8.6063792776 3.0909884031 0.0663884413
16690 310399.39 113.8405143991 34.0842061439 3776709.450803 762205.5028483 56.7667787978 0.4544935789 0.6596807797 289.7409559571 -8.6557955898 3.1274738878 0.067287507
16691 310399.5 113.8405040635 34.0842092528 3776709.769283 762204.5388983 56.7752538621 0.2698761711 0.6833008803 289.854273154 -8.7105416658 3.1623157049 0.0702660074
16692 310399.61 113.840493658 34.0842123978 3776710.091594 762203.5683757 56.7786546359 0.2449140913 0.6664935627 289.9947566754 -8.764990499 3.1998836567 0.0033715002
16693 310399.72 113.8404831837 34.084215583 3776710.418183 762202.5913705998 56.7770848526 0.2929362691 0.6330309621 290.1162697931 -8.8254081652 3.2417171902 -0.0105512277
16694 310399.83 113.8404726458 34.0842188138 3776710.7496730015 762201.6083643001 56.7783706263 0.2378021071 0.6868240321 290.2430286697 -8.8718063687 3.2992316578 0.0405068043
16695 310399.94 113.8404620481 34.0842220893 3776711.085962 762200.619685 56.7817796348 0.2063189955 0.6618253764 290.3637859959 -8.9271868523 3.3289163127 0.0142557909
16696 310400.01 113.8404552668 34.0842241908 3776711.301769 762199.9870346 56.7826975929 0.213298154 0.6776509268 290.4596526251 -8.9651218258 3.3543435728 -0.0200623797
16697 310400.12 113.8404445619 34.0842275389 3776711.645846 762198.9882402 56.7824540166 0.2273210332 0.6851110069 290.5921861748 -9.009541799 3.4055172967 -0.0100326433
16698 310400.23 113.8404337967 34.08423093 3776711.99454 762197.9837415 56.7835530397 0.2356913902 0.6974496296 290.7356416165 -9.0617232285 3.4436009384 0.0178487073
16699 310400.34 113.8404229784 34.0842343612 3776712.347552 762196.9742241 56.7866435256 0.2866568408 0.7143339294 290.9015506991 -9.1046858986 3.4950998623 0.0400380886
16700 310400.45 113.8404121058 34.0842378445 3776712.706196 762195.959529 56.7870174125 0.357921954 0.7172821241 291.0662438739 -9.1520341031 3.5381035082 -0.002342775
16701 310400.56 113.8404011846 34.0842413672 3776713.069095 762194.9402191 56.7899712995 0.424222413 0.738300988 291.2558768887 -9.1810272039 3.5823275207 0.0627361651
16702 310400.67 113.8403902176 34.0842449482 3776713.438354 762193.9165046 56.7962089414 0.3198027926 0.7450642623 291.4432077206 -9.2290298966 3.6406721018 0.0487800159
16703 310400.78 113.8403792024 34.0842485756 3776713.812627 762192.8881959 56.8012473406 0.3086791772 0.6978292864 291.6687080906 -9.2662674183 3.6893887319 0.0397588648
16704 310400.88 113.8403691481 34.0842519205 3776714.158022 762191.9494903 56.8040276123 0.2483455351 0.6839718832 291.8625691138 -9.2956788711 3.7440320306 0.0329529631
16705 310400.89 113.8403681398 34.0842522578 3776714.192861 762191.8553391 56.8043518243 0.2340480801 0.6875249111 291.8829547771 -9.3092705881 3.7500030764 0.0358213257
16706 310400.99 113.8403580459 34.0842556515 3776714.5435690014 762190.9128281998 56.8068526527 0.3075168377 0.687201572 292.0897755071 -9.3341102582 3.7965133431 0.0309152708
16707 310401.09 113.840347919 34.0842591 3776714.900268 762189.9670953 56.8085041698 0.4602052967 0.6980246478 292.2873141283 -9.3562358971 3.8528905549 0.039777444
16708 310401.19 113.8403377579 34.0842625958 3776715.262135 762189.0180569 56.8123621996 0.5002511398 0.6752332962 292.492704823 -9.3909565333 3.8967127006 0.0611583169
16709 310401.29 113.840327571 34.0842661401 3776715.629322 762188.0664917 56.8204740621 0.4892595145 0.7192101811 292.692781282 -9.4110407641 3.9623771447 0.0982433758
16710 310401.39 113.8403173512 34.0842697313 3776716.001618 762187.1117405 56.8293325882 0.3540707005 0.705341351 292.8973204968 -9.44955147 4.0078162526 0.0685271455
16711 310401.49 113.840307097 34.0842733685 3776716.378937002 762186.1536703 56.8342121253 0.2770883542 0.7076457324 293.1017049136 -9.4769620081 4.0654501161 0.0362757033
16712 310401.59 113.8402968157 34.0842770557 3776716.76174 762185.1929386 56.8393078502 0.1920553058 0.7132205863 293.3072957977 -9.5048562401 4.112994652 0.0410002478
16713 310401.69 113.8402864979 34.0842807886 3776717.149518 762184.2287040999 56.8414257681 0.2130960401 0.7350307526 293.5285375878 -9.5374989919 4.1756160588 -0.0040444792
16714 310401.78 113.8402771824 34.0842841968 3776717.503835 762183.3580167 56.8420494646 0.3155255794 0.7357902598 293.7212005282 -9.5722300858 4.2246514898 0.0295293894
16715 310401.88 113.8402667944 34.0842880311 3776717.902678 762182.386982 56.8461344549 0.2675876779 0.7471938577 293.9382742441 -9.6076417822 4.283876675 0.0517902989
16716 310401.98 113.8402563662 34.0842919238 3776718.30791 762181.4120660998 56.8503123783 0.2003984988 0.7379603517 294.1456476308 -9.6469532812 4.3474526427 0.0363751774
16717 310402.08 113.8402458905 34.0842958682 3776718.718747 762180.4325952 56.8531553158 0.1881086008 0.7191046697 294.3598541628 -9.6898314981 4.4068460025 0.0212492356
16718 310402.18 113.8402353665 34.0842998692 3776719.135753 762179.4484918 56.853951755 0.2016621379 0.71171753 294.5687427293 -9.7355349183 4.4679623183 0.0054582996
16719 310402.28 113.8402247926 34.0843039281 3776719.55905 762178.4595945 56.8548169313 0.3014303851 0.7069629188 294.7847140758 -9.7761552386 4.5354225815 0.0178662235
16720 310402.38 113.8402141688 34.0843080509 3776719.989307 762177.4659073001 56.8563180128 0.3628841066 0.6938545341 294.9749839437 -9.829834109 4.6040570588 0.0131789516
16721 310402.48 113.8402034974 34.0843122278 3776720.425447 762176.4676455 56.8607109729 0.368250974 0.7386866449 295.1635618607 -9.8619242593 4.6650370632 0.0562861666
16722 310402.58 113.84019278 34.0843164655 3776720.868219 762175.4649520002 56.8662046045 0.2855135598 0.808461132 295.3248016403 -9.9114201836 4.7256928261 0.0141877054
16723 310402.64 113.8401863228 34.0843190307 3776721.136327 762174.8608005998 56.8670457052 0.3485057623 0.7883755317 295.4256883146 -9.9426112965 4.7504582052 -0.0066529922
16724 310402.74 113.8401755257 34.08432334 3776721.586835 762173.8505249 56.8696557768 0.3487773546 0.776322058 295.5912540405 -9.9859184369 4.8029332192 0.0388741651
16725 310402.83 113.8401657712 34.0843272586 3776721.996666 762172.9377332 56.8741575209 0.3882011569 0.7168624136 295.7423620237 -10.0195138861 4.8500097958 0.0594363977
16726 310402.92 113.8401559871 34.0843312124 3776722.410324 762172.0220948001 56.8794592433 0.3811874783 0.6689547439 295.8970262044 -10.0473962002 4.8945758718 0.0460734033
