17541 310484.17 113.839357391 34.0904256583 3777396.702702 762079.4815499 58.1498149773 0.1046234012 0.5861634514 51.4871097496 1.9679229977 1.5581337028 0.0205665087
17542 310484.58 113.8393658762 34.0904312555 3777397.345637 762080.2477281998 58.1543790363 0.0978916632 0.5709325871 51.6103030896 1.8825779018 1.486499484 -0.0035192465
17543 310484.99 113.8393744581 34.0904368932 3777397.993328 762081.0227085998 58.1486797491 0.4345801915 0.5805379245 51.7866338098 2.0808589563 1.6434794557 0.0027735761
17544 310485.34 113.8393830347 34.0904424907 3777398.6365269986 762081.7973188001 58.1474103723 0.5809159225 0.5135363694 51.9217073577 2.4698390048 1.9462837352 0.0013458267
17545 310485.64 113.8393917234 34.0904481466 3777399.286506 762082.5821086 58.1501661073 0.5168951531 0.4456644863 52.0642905668 2.8981452444 2.2581236684 -0.0030625569
17546 310485.9 113.8394003964 34.0904537482 3777399.930417 762083.3656029 58.149546368 0.5127083579 0.4531852577 52.1999705043 3.2744366575 2.5423836043 0.0012015174
17547 310486.14 113.8394093214 34.0904595001 3777400.591652 762084.1719111 58.154263394 0.375940703 0.3731850572 52.3488320032 3.5991848401 2.793953935 -0.0020475141
17548 310486.16 113.8394101026 34.0904600029 3777400.6494519985 762084.2424886 58.154257765 0.3588259014 0.3728582394 52.3623862998 3.6289994612 2.8085547482 -0.0084340203
17549 310486.38 113.8394190849 34.0904657492 3777401.31022 762085.0541004002 58.1473118802 0.5022027747 0.3209026655 52.5085293441 3.9249749233 3.0128257278 -0.0100454854
17550 310486.58 113.8394278505 34.0904713238 3777401.951368 762085.8462419001 58.1480653938 0.4858147257 0.3120330793 52.6382157674 4.1761981972 3.1998443981 -0.0160834729
17551 310486.77 113.8394366868 34.0904769254 3777402.595693 762086.6448206998 58.14572269 0.6091261537 0.294368794 52.8152970734 4.4235361353 3.3638548696 -0.0051791267
17552 310486.95 113.8394455363 34.0904824882 3777403.235755 762087.4447376998 58.1467711385 0.571182451 0.2819590663 52.9440429607 4.6677503233 3.5227045895 0.0072696742
17553 310487.12 113.8394543243 34.0904879914 3777403.869038 762088.2391613001 58.1477424027 0.5159490924 0.2757055341 53.127756038 4.8924786153 3.6665928822 0.0120354162
17554 310487.29 113.8394635241 34.0904937174 3777404.528111 762089.0709124 58.1526439637 0.4010316682 0.2448644619 53.2966512938 5.1137526288 3.8085441082 0.0261045731
17555 310487.45 113.8394725539 34.0904993009 3777405.170924 762089.8874151 58.1530021541 0.3700953647 0.2620883888 53.4822759199 5.320370394 3.9419461379 -0.0348704849
17556 310487.6 113.8394813473 34.0905047033 3777405.793039 762090.6826497 58.1494464912 0.3915059782 0.21280993 53.6564785615 5.5097215687 4.0596150814 -0.018706427
17557 310487.75 113.8394904441 34.0905102656 3777406.433673002 762091.5054041998 58.152075964 0.3360965426 0.1070401502 53.8431416928 5.6931134478 4.1774890096 0.0067941589
17558 310487.76 113.839491061 34.0905106418 3777406.477011 762091.5611995999 58.1522309035 0.3368730317 0.0890638512 53.8584796747 5.7044753508 4.1827439331 0.0049012997
17559 310487.9 113.8394998453 34.090515974 3777407.091307 762092.3558069002 58.1501337243 0.4604855841 0.0432386286 54.0635219391 5.8869582163 4.2673030448 -0.0454078383
17560 310488.04 113.8395088984 34.0905214165 3777407.718536 762093.1748964002 58.1479974342 0.6169431505 0.0378717741 54.2743708448 6.0595994887 4.3633364305 -0.0060466041
17561 310488.18 113.8395182068 34.0905269692 3777408.358648 762094.0172099 58.1493945904 0.5861644185 -0.0294707272 54.5321854005 6.2257791518 4.4479297733 0.0075935712
17562 310488.31 113.8395270808 34.0905322081 3777408.962828 762094.8203891999 58.1549250744 0.443058725 -0.0547478682 54.7657324997 6.3796957134 4.5092135049 0.0476116832
17563 310488.44 113.8395361728 34.0905375262 3777409.576353 762095.6434525 58.1588792419 0.4156997237 -0.0096206798 55.0295207924 6.5362733775 4.5734749666 -0.0077276791
17564 310488.57 113.8395454844 34.0905429136 3777410.198122 762096.4865737 58.1569761178 0.5499152847 0.0118884251 55.2893355762 6.6877987284 4.6374725833 -0.0198433431
17565 310488.7 113.8395549973 34.0905483707 3777410.828157 762097.3480685998 58.1577549288 0.5051180395 -0.0074619614 55.5745730041 6.8240743626 4.6898315234 0.0292771445
17566 310488.71 113.8395557369 34.0905487935 3777410.876973 762097.4150551 58.1579938522 0.4981322523 -0.0060230419 55.5965455276 6.8343699694 4.6967544105 0.0229170584
17567 310488.83 113.8395647122 34.0905538807 3777411.464582 762098.2280488001 58.1637906535 0.4109780674 0.0080784026 55.8437942529 6.9714311298 4.7304068691 0.0485651141
17568 310488.95 113.8395738567 34.0905590157 3777412.057921 762099.0565299 58.1669571344 0.3600085468 0.023381906 56.1126529542 7.1027242843 4.7765539208 -0.0122668394
17569 310489.07 113.8395831823 34.0905641944 3777412.656569 762099.901584 58.1647528382 0.4576363089 0.0146005288 56.3699858278 7.2398201384 4.811660472 -0.0067882134
17570 310489.19 113.8395926727 34.0905694094 3777413.25968 762100.7617512 58.1681316309 0.3862944756 0.0571077274 56.6303399945 7.3609104495 4.8461739104 0.03358021
17571 310489.31 113.8396023145 34.0905746617 3777413.867314 762101.6357754002 58.1714969063 0.345436355 0.0245161286 56.8519881877 7.4764719261 4.8712238453 0.0102077763
17572 310489.43 113.8396121012 34.0905799444 3777414.478688 762102.5230865 58.1723273452 0.3807671515 0.0273165072 57.034281272 7.5787844064 4.9068484792 0.0042765975
17573 310489.55 113.8396220143 34.0905852662 3777415.094738 762103.421955 58.1747527272 0.3483048879 0.0177828911 57.2108671725 7.6787384491 4.9403111068 0.0019853286
17574 310489.58 113.8396245131 34.0905866012 3777415.249297 762103.6485475 58.1750985403 0.354678784 -0.0059668211 57.2502701634 7.7020401732 4.9478071478 0.0048729273
17575 310489.69 113.8396337426 34.0905915133 3777415.818124 762104.4855602 58.1764733829 0.3947012963 0.0033864636 57.4092719995 7.7851899336 4.9708386612 0.0188337725
17576 310489.8 113.839643076 34.0905964466 3777416.38956 762105.3320920998 58.1791432388 0.4296377661 0.033092628 57.5536267552 7.8750762638 4.9943138511 0.011955387
17577 310489.91 113.8396525119 34.0906014046 3777416.9640089986 762106.1880143002 58.1806181706 0.4190678788 0.0457960943 57.706660085 7.9549641107 5.0257452661 -0.0067966982
17578 310490.02 113.839662041 34.0906063896 3777417.541697 762107.0524625 58.1845913678 0.3691001992 0.1166255775 57.8698318417 8.0415531692 5.0326525629 0.0473805062
17579 310490.13 113.8396716699 34.0906113943 3777418.121818 762107.9260669 58.1896854397 0.3245764536 0.0825269276 58.017702703 8.123394448 5.0729622193 0.0138275092
17580 310490.24 113.8396813894 34.0906164322 3777418.705857 762108.8079266 58.1883222088 0.3992620314 0.0456189953 58.1958669616 8.2011713189 5.0942069853 -0.0222322007
17581 310490.35 113.8396912086 34.0906214815 3777419.291415 762109.6989581998 58.189013252 0.4471475186 0.0056095664 58.3479674667 8.2813454455 5.1051531131 0.0226636236
17582 310490.46 113.8397011213 34.0906265499 3777419.879337 762110.5985619002 58.1930410778 0.3593531308 -0.0148835183 58.5148423888 8.3631056639 5.1273001696 0.0311665218
17583 310490.52 113.8397065715 34.090629319 3777420.20064 762111.0932364998 58.1954915533 0.2796424656 -0.0346305763 58.5926369 8.4099677242 5.1263180911 0.0298764092
17584 310490.63 113.8397166408 34.0906344137 3777420.791877 762112.0072266 58.1983323405 0.2486679643 -0.0339442941 58.740977236 8.4918485872 5.1539441088 -0.0063915173
17585 310490.74 113.8397268109 34.0906395266 3777421.385401998 762112.930456 58.1965372907 0.3709371752 0.0298940999 58.8774417244 8.5796308811 5.1651172119 -0.0496723423
17586 310490.84 113.8397361383 34.0906441899 3777421.9268620014 762113.7772692 58.194063507 0.5164250591 0.016158486 59.0121233267 8.6418397002 5.1897578966 -0.0007281276
17587 310490.94 113.8397455308 34.0906488718 3777422.470549 762114.6300389 58.1995255491 0.4238113282 0.0245347588 59.1500214815 8.7111572622 5.1996779194 0.0797215628
17588 310491.04 113.8397550069 34.0906535616 3777423.015336 762115.4905018002 58.2078625588 0.2174980027 -0.0123723152 59.2742362763 8.7829950102 5.217624913 0.0661617169
17589 310491.14 113.8397645592 34.0906582709 3777423.56248 762116.3579417 58.20963345 0.2606761635 -0.0209125363 59.4306679779 8.8658702117 5.2379415127 -0.0160876399
17590 310491.24 113.8397742002 34.0906629901 3777424.110961 762117.2335383 58.207815689 0.3405593013 -0.0405010633 59.5727380696 8.9437553299 5.2457587881 -0.0248086328
17591 310491.34 113.8397839229 34.0906677237 3777424.661232 762118.1166261998 58.207731057 0.4410770039 -0.0024207701 59.723509947 9.0229944796 5.2574232861 0.0080069637
17592 310491.41 113.8397907829 34.0906710393 3777425.046804 762118.7397872 58.2093015164 0.4424520032 0.0138472572 59.8137526678 9.0765276082 5.2673886728 -0.0003751976
17593 310491.51 113.8398006532 34.0906757928 3777425.599667 762119.6364465 58.2138135163 0.3979157746 0.0053869092 59.9638248122 9.1435307944 5.2887119019 0.0662017283
17594 310491.61 113.8398106093 34.090680558 3777426.154049 762120.5409953 58.2197132828 0.2759647858 0.078754736 60.1198286135 9.2391570432 5.2952881893 0.0437878151
17595 310491.71 113.8398206567 34.0906853398 3777426.71052 762121.4539233 58.2210588427 0.3462496304 0.0135014551 60.2921433027 9.3165812816 5.3256774199 -0.0274072395
17596 310491.81 113.8398307892 34.0906901359 3777427.268779 762122.3746605 58.2193005634 0.4672459084 -0.0205231527 60.4744430929 9.3983775805 5.3278171196 -0.0124841912
17597 310491.91 113.8398410162 34.0906949386 3777427.828023 762123.304105 58.2214542404 0.3764024387 -0.0507727306 60.6673249322 9.4834297394 5.3410882164 0.041196639
17598 310492.01 113.8398513296 34.0906997443 3777428.387829 762124.241513 58.2285612822 0.1382168877 -0.0436704759 60.8873574281 9.5673693386 5.3328886934 0.067800596
17599 310492.11 113.8398617409 34.0907045505 3777428.9479269986 762125.1879630998 58.2286092974 0.1690652599 -0.1077266862 61.1229008717 9.663030502 5.3388203459 -0.0567604544
17600 310492.21 113.8398722483 34.0907093575 3777429.508369 762126.1432875999 58.22195883 0.494978144 -0.0815310556 61.3596111713 9.7574923089 5.3293745068 -0.0588423189
17601 310492.25 113.8398764792 34.090711275 3777429.732035 762126.5280113001 58.2204178041 0.5938671221 -0.0391659551 61.4473848613 9.7901640089 5.3193856045 -0.0284052516
17602 310492.34 113.8398860566 34.0907155854 3777430.234978 762127.3989914 58.2229338102 0.6163936927 -0.0377496143 61.6665671252 9.8572232476 5.319660614 0.0604562324
17603 310492.43 113.8398957006 34.0907198953 3777430.738029 762128.2761283001 58.2341029383 0.4212643821 -0.0162853319 61.905171043 9.9422723042 5.3118799889 0.1394831469
17604 310492.52 113.8399054239 34.090724194 3777431.240046 762129.1606199 58.2422980759 0.3185856038 -0.013698088 62.1365810534 10.0192995077 5.2947901991 0.046766014
17605 310492.61 113.8399152265 34.0907284868 3777431.741618 762130.0524535 58.2430732194 0.3636725357 -0.0048722714 62.365424875 10.1012677883 5.2902807483 -0.0357215405
17606 310492.7 113.8399251072 34.0907327722 3777432.242567 762130.9515141 58.2415325306 0.5598834854 0.0301796784 62.5927400594 10.1800805781 5.2828707481 0.0038297449
17607 310492.79 113.8399350598 34.0907370447 3777432.74226 762131.8572606 58.2444018973 0.566280502 0.0797090257 62.8080386991 10.2511190641 5.260408559 0.0614715152
17608 310492.88 113.8399450901 34.0907413051 3777433.240815 762132.7702141 58.2530409582 0.3826410268 0.1271974265 62.9979929828 10.3322249954 5.256619333 0.0735885991
17609 310492.96 113.8399540663 34.0907450893 3777433.683823 762133.5873133 58.2589288009 0.3153044842 0.1882319904 63.1584922359 10.3961942338 5.2510257444 0.0317408219
17610 310493.05 113.8399642375 34.0907493414 3777434.181811 762134.513302 58.2609387906 0.2077175586 0.1883043248 63.3235848959 10.4671363954 5.2468736529 -0.0127973575
17611 310493.14 113.8399744758 34.0907535948 3777434.680134 762135.4454823001 58.2608300308 0.1506164211 0.1637967817 63.513180955 10.5400505376 5.2543485546 -0.0372378113
17612 310493.23 113.8399847884 34.0907578504 3777435.178877 762136.3845176 58.2578695128 0.2298202495 0.1043479927 63.7210143621 10.6223381127 5.2539900129 -0.0500960366
17613 310493.32 113.8399951727 34.0907621008 3777435.67724 762137.3301908001 58.2552299648 0.3192280184 0.0156383283 63.9373007263 10.6953866704 5.2430050552 0.0176202364
17614 310493.41 113.8400056291 34.0907663344 3777436.173918 762138.2825656 58.2581228549 0.3015450301 0.0369438559 64.1381370472 10.7745873865 5.2142810781 0.0416244196
17615 310493.5 113.840016165 34.090770554 3777436.669241002 762139.2423278001 58.2597199725 0.3703134332 0.1316994015 64.3537697592 10.8462850833 5.2061928521 -0.0200331541
17616 310493.59 113.8400267738 34.0907747563 3777437.162839 762140.2088805 58.2612067703 0.4493190736 0.1672093549 64.5678662378 10.9259444936 5.1755986388 0.0299382584
17617 310493.68 113.8400374489 34.0907789469 3777437.655303 762141.1815843 58.2669328116 0.4116327603 0.2165403069 64.7823759847 10.9895712732 5.169456804 0.0913193463
17618 310493.69 113.8400386391 34.0907794118 3777437.709946 762141.290039 58.267772153 0.3561364328 0.236103285 64.8060092295 10.9971254771 5.16637497 0.0855830115
17619 310493.78 113.8400493908 34.090783583 3777438.200459 762142.2698713002 58.2743902551 0.1834277811 0.203177597 65.0072507257 11.069142078 5.1471527964 0.0595479553
17620 310493.87 113.8400602044 34.0907877525 3777438.690935 762143.2554314998 58.2758189496 0.1883072975 0.1315619512 65.2319201681 11.1235342233 5.146847256 -0.052439159
