18729 310651.79 113.8441104848 34.0845280819 3776754.4174690014 762536.5618781 56.5980800837 -0.1394973489 0.6567909151 237.4740277371 -1.9627282567 -1.272043295 -0.008814217
18730 310652.03 113.8441054234 34.084525422 3776754.10927 762536.1027355 56.5982837509 -0.120342441 0.6894255648 237.5070233373 -1.9231523124 -1.251288882 -0.0126100656
18731 310652.45 113.8440961722 34.0845206419 3776753.55501 762535.263274 56.5898905359 0.221610897 0.7165991062 237.5849227654 -2.1538813175 -1.3907040928 -0.0085571605
18732 310652.81 113.8440868991 34.0845158326 3776752.997451 762534.4218823 56.5878770193 0.3415089748 0.6170510546 237.6618724603 -2.5594036516 -1.6449010998 0.013427514
18733 310653.12 113.8440774776 34.0845110002 3776752.436942 762533.5668529002 56.5862816088 0.3806585906 0.648412336 237.7458839155 -3.0020379708 -1.9038184899 -0.0043646426
18734 310653.39 113.8440680523 34.084506229 3776751.883222 762532.7112886999 56.583622002 0.4583584787 0.6792809384 237.8340791399 -3.3963170994 -2.1386912512 -0.0110413216
18735 310653.63 113.8440587329 34.0845015129 3776751.335881 762531.8653379001 56.5809566081 0.4613526832 0.6580299181 237.9193420275 -3.7307763332 -2.3304138644 -0.0010231741
18736 310653.85 113.8440494586 34.0844968265 3776750.791955998 762531.0234492 56.5769523662 0.4332515855 0.6554982779 237.9919153387 -4.0080647 -2.5061804211 0.0147244981
18737 310654.06 113.8440399866 34.0844920283 3776750.235116998 762530.1636605 56.578507279 0.312901828 0.7020376862 238.0640762696 -4.2742365947 -2.661247131 -0.0016022693
18738 310654.26 113.8440304662 34.0844870961 3776749.663278 762529.2998056 56.5776490858 0.3798508165 0.7230652155 238.130721138 -4.50682444 -2.8076927988 -0.0032218733
18739 310654.45 113.8440209299 34.0844821696 3776749.092037 762528.4344773 56.5733360499 0.3672487992 0.8084562381 238.2228516314 -4.7547517187 -2.9426780658 -0.0367955681
18740 310654.63 113.844011431 34.0844772828 3776748.525292 762527.5724726 56.5754924389 0.2519450151 0.8020412729 238.3359139606 -4.9832914157 -3.0762325051 0.0560419394
18741 310654.8 113.844002053 34.0844724754 3776747.967683 762526.7213874002 56.5736248875 0.2650936292 0.7820121422 238.4884870318 -5.1979426635 -3.1925873294 -0.060961015
18742 310654.9 113.8439963529 34.0844695678 3776747.630351 762526.2040339 56.5682729902 0.3319146401 0.8269234427 238.5931027706 -5.3228001932 -3.252574823 -0.0548538002
18743 310655.06 113.8439869584 34.0844648088 3776747.078055 762525.3512798002 56.5669988729 0.2944986306 0.8388910052 238.7771733987 -5.5151841455 -3.3502087995 0.002160368
18744 310655.22 113.8439772273 34.0844599261 3776746.511182 762524.4678184 56.5657045357 0.2968385919 0.7863935198 239.0100940319 -5.7066889984 -3.4314058173 -0.0191533556
18745 310655.37 113.843967811 34.0844552386 3776745.966769 762523.6128236 56.5588657539 0.4386060491 0.7387665557 239.2581968482 -5.87289863 -3.5036514682 -0.0197211277
18746 310655.52 113.8439581075 34.0844504716 3776745.412792 762522.7315566 56.5600695899 0.3221891739 0.7909747658 239.5210562444 -6.0524665659 -3.5610365123 0.0283025413
18747 310655.67 113.843948127 34.0844456172 3776744.848413 762521.8249875 56.5604094993 0.245612165 0.7700802914 239.7954071138 -6.2191905273 -3.6293354349 -0.0032781764
18748 310655.81 113.8439385649 34.08444101 3776744.312535 762520.9562753 56.5568784429 0.3503628739 0.7452326241 240.0611441289 -6.37833993 -3.6790873908 -0.0159157871
18749 310655.95 113.8439287659 34.0844363449 3776743.769628 762520.0658821 56.5558730336 0.2729233264 0.7635351498 240.3365100791 -6.5272604338 -3.7267130906 -0.0061219524
18750 310655.96 113.8439280566 34.0844360092 3776743.730551 762520.0014187 56.5557825966 0.2884106333 0.7588132502 240.357334938 -6.5442281728 -3.7312027927 -0.0071136786
18751 310656.1 113.8439180157 34.0844312806 3776743.179974 762519.0888831 56.5551429335 0.3312171957 0.7206938126 240.6506008898 -6.6857728364 -3.7738445367 0.0127570528
18752 310656.23 113.843908488 34.084426847 3776742.66345 762518.2228186 56.5541376565 0.3467571874 0.7049279053 240.9138898017 -6.8306684753 -3.8046515315 -0.0331265762
18753 310656.36 113.8438987654 34.0844223715 3776742.141782 762517.3388853002 56.5531724645 0.3408187031 0.7195339477 241.1882263201 -6.9707940137 -3.8369609479 0.0301841882
18754 310656.49 113.8438888527 34.0844178617 3776741.6158199986 762516.4375078002 56.556528504 0.2539828882 0.7240694335 241.4757335982 -7.0977787044 -3.8671667019 0.0179175961
18755 310656.62 113.8438787595 34.0844133205 3776741.085908 762515.5195561999 56.5556864664 0.2924257537 0.6947601605 241.7661642851 -7.2273229976 -3.8899886598 -0.0225319358
18756 310656.75 113.8438684904 34.0844087561 3776740.552964 762514.5854373 56.5541247418 0.355149612 0.6727697229 242.0576312361 -7.3456281249 -3.9076107487 -0.0004198785
18757 310656.87 113.843858875 34.0844045334 3776740.059623 762513.7106208 56.5553402165 0.240693935 0.6838198855 242.3330587608 -7.4341476579 -3.9132422882 0.0144586702
18758 310656.99 113.8438491469 34.0844003077 3776739.565661 762512.8254066998 56.5575451963 0.155687281 0.6286574647 242.6114692345 -7.5150176564 -3.9124480868 0.010307932
18759 310657.11 113.8438393128 34.0843960922 3776739.072557 762511.9303799 56.5574129699 0.1147910981 0.6147516307 242.8699113414 -7.6007799528 -3.8994576492 -0.0229702979
18760 310657.23 113.8438293804 34.0843918887 3776738.5805339986 762511.0262354 56.5552402856 0.1326194958 0.6021864435 243.100092728 -7.665210164 -3.8963017187 0.0021330976
18761 310657.35 113.8438193653 34.0843876932 3776738.089181 762510.1144249 56.5543463295 0.1366867252 0.6125896455 243.3181161996 -7.7290627551 -3.8862756735 -0.0184771377
18762 310657.47 113.843809278 34.0843835069 3776737.598669002 762509.1959203 56.5530119101 0.1257346428 0.6128569682 243.5219727449 -7.7744889972 -3.8777396015 -0.0014112118
18763 310657.59 113.8437991325 34.0843793322 3776737.109299 762508.2720153001 56.5548768807 0.0591351328 0.5948488394 243.7164544584 -7.8178804444 -3.8654549746 0.0180452119
18764 310657.71 113.8437889327 34.0843751696 3776736.62113 762507.3430441 56.5535767134 0.0570264955 0.6100534775 243.929073199 -7.862728957 -3.8512663768 -0.0350886692
18765 310657.79 113.8437821019 34.0843724033 3776736.296578 762506.7208605 56.5514172427 0.1124749118 0.5768975527 244.0657917708 -7.8877145496 -3.8437524587 -0.0108217904
18766 310657.91 113.8437718304 34.0843682743 3776735.811945 762505.7851711998 56.5528262509 0.0085769956 0.596601284 244.2773750852 -7.9083225019 -3.8101772513 0.0276703509
18767 310658.03 113.8437615075 34.0843641697 3776735.329899 762504.8446571998 56.5533283874 -0.0380543226 0.6062315986 244.4952404255 -7.951881178 -3.7992119372 -0.0212231898
18768 310658.15 113.8437511378 34.0843600882 3776734.8502839985 762503.8997551998 56.5518616792 -0.097628425 0.6395764265 244.7335187616 -7.9826167087 -3.7639475423 0.0034877816
18769 310658.27 113.8437407142 34.0843560268 3776734.372779 762502.9498179 56.5498034796 -0.0941872182 0.6439334657 244.9891833027 -8.0309869174 -3.7549135659 -0.0186451762
18770 310658.39 113.8437302463 34.0843519958 3776733.8985129986 762501.9956864 56.5468247253 -0.1085192893 0.6776666711 245.2726834657 -8.0664398792 -3.721898856 -0.0473317433
18771 310658.51 113.8437197231 34.0843479993 3776733.427953 762501.0363515002 56.5427132985 0.0029983305 0.6611828782 245.570110519 -8.1006528444 -3.6868063734 -0.0346439289
18772 310658.63 113.8437091502 34.0843440352 3776732.960847 762500.0723235 56.5407192334 -0.0158864613 0.6494230783 245.8616699791 -8.1436919586 -3.6564760714 -0.0056350374
18773 310658.75 113.8436985213 34.084340105 3776732.49736 762499.1030176998 56.540092241 0.0255226686 0.6472666398 246.1336548522 -8.1953587291 -3.6253932326 -0.005445072
18774 310658.87 113.843687845 34.0843362034 3776732.036937 762498.1292551998 56.5388653288 0.0775023875 0.6315205862 246.3972618497 -8.2228452952 -3.6038515875 -0.0278785259
18775 310658.99 113.8436771189 34.0843323326 3776731.579799 762497.1507871 56.5381819643 0.0908697756 0.6068511858 246.6317621602 -8.2618251974 -3.5698644955 0.0197669422
18776 310659.11 113.8436663459 34.0843284976 3776731.12651 762496.1678814 56.538811069 0.0487382277 0.5621818473 246.8454304912 -8.2915454936 -3.5488820197 0.0043617501
18777 310659.23 113.8436555274 34.0843246828 3776730.675347 762495.1807125 56.54019453 -0.0269102292 0.5376788146 247.0554493244 -8.3367614979 -3.5340129379 0.0010712973
18778 310659.35 113.8436446573 34.0843208942 3776730.226961 762494.1887047 56.5386594869 -0.1181631161 0.5156881522 247.2544068731 -8.3737852497 -3.5075100015 -0.0030516882
18779 310659.46 113.8436346534 34.0843174353 3776729.8173879986 762493.2756532 56.5361866439 -0.1202267941 0.480796363 247.4507098785 -8.4028501058 -3.4957833491 -0.0278763566
18780 310659.57 113.8436246068 34.0843139933 3776729.409581 762492.3586071 56.5326537667 -0.0271271591 0.4197270443 247.638563599 -8.4422697271 -3.4765424444 -0.0428330543
18781 310659.64 113.8436181924 34.0843118141 3776729.151246 762491.7730491002 56.5295841191 0.0199382656 0.4333635775 247.7525573659 -8.46106674 -3.4593820429 -0.0385893842
18782 310659.75 113.843608076 34.0843084097 3776728.747437 762490.8494494002 56.5262991283 0.064325976 0.4770311035 247.9354330235 -8.5005899989 -3.4382826225 -0.0112061279
18783 310659.86 113.8435979248 34.08430502 3776728.3451660015 762489.9225828 56.5256563863 0.0580394193 0.4281572763 248.1308951612 -8.5303943156 -3.4314104887 0.0052880017
18784 310659.97 113.8435877347 34.0843016487 3776727.944843 762488.9920674 56.526281707 0.0683371852 0.4752914308 248.3200454276 -8.5682371258 -3.3975058439 0.0090658436
18785 310660.08 113.8435775027 34.0842983053 3776727.547497 762488.0575976 56.5246068398 0.1538177436 0.4610172484 248.5055397779 -8.5932203247 -3.3784172398 -0.0042126623
18786 310660.19 113.8435672382 34.0842949746 3776727.151481 762487.1200929 56.5243862355 0.0281567321 0.4676252761 248.7065398723 -8.6239002692 -3.363252133 0.0251703357
18787 310660.3 113.8435569351 34.084291668 3776726.758042 762486.178939 56.5262170872 -0.0216214461 0.4698616061 248.8944936919 -8.6593953174 -3.3337860069 0.00173878
18788 310660.41 113.8435465909 34.0842883816 3776726.366743 762485.2339407 56.5251038624 -0.0290434506 0.4421600796 249.0948686589 -8.6937438631 -3.3232947854 -0.0400860419
18789 310660.52 113.8435362096 34.0842851128 3776725.977298 762484.2854474 56.5208420474 0.0394161908 0.4059625339 249.3024821507 -8.7214323422 -3.295833536 -0.0309127197
18790 310660.63 113.8435257853 34.08428187 3776725.590629 762483.3329169 56.5202686014 -0.0714806475 0.4058739747 249.5148655075 -8.7653385549 -3.272805188 0.02040263
18791 310660.66 113.8435229349 34.0842809898 3776725.4856260014 762483.072439 56.5203697318 -0.1356795868 0.4139171655 249.5788765928 -8.769972121 -3.2645034155 0.0004373094
18792 310660.77 113.8435124566 34.0842777766 3776725.102099 762482.1148239998 56.5195420813 -0.1496467233 0.4126794547 249.8137883004 -8.8065487979 -3.2435780373 -0.0283879538
18793 310660.88 113.8435019286 34.0842745903 3776724.72143 762481.1525339001 56.5139744049 -0.0119141312 0.395931159 250.0490828919 -8.8505428128 -3.2130036052 -0.0664427212
18794 310660.99 113.8434913512 34.0842714342 3776724.343987 762480.1855934 56.5084363185 0.0798426013 0.4263229875 250.27679658 -8.8898670203 -3.1862690495 -0.0255184126
18795 310661.1 113.8434807334 34.0842683009 3776723.968979 762479.2148554 56.5085690152 0.037152428 0.412300302 250.5010234836 -8.9320422547 -3.1573762931 0.0251244446
18796 310661.21 113.8434700707 34.0842651902 3776723.596361 762478.2398921 56.5094896788 -0.0543743377 0.4351897433 250.714646781 -8.9714905676 -3.1331314217 -0.006974059
18797 310661.32 113.8434593595 34.0842621052 3776723.22646 762477.2603801 56.5077505996 -0.0236898264 0.4603437445 250.9072855184 -9.0107970659 -3.1054291398 -0.0193449772
18798 310661.43 113.8434486009 34.084259041 3776722.85876 762476.2764159002 56.5047141705 0.0176171559 0.4738966263 251.0730220378 -9.0470612714 -3.0906492669 -0.0315211257
18799 310661.54 113.8434378019 34.0842559892 3776722.492316 762475.2886912 56.5020805765 -0.0044045669 0.4773108858 251.2232427556 -9.0750206174 -3.0772562677 -0.015210198
18800 310661.62 113.8434299189 34.0842537776 3776722.22663 762474.5676329002 56.5017868429 -0.0287120743 0.4863229912 251.3298975651 -9.1153855784 -3.0691830493 0.0131614577
18801 310661.73 113.8434190424 34.0842507469 3776721.862329 762473.5726776 56.5008846195 -0.0304680961 0.4372990605 251.4743729124 -9.1465255748 -3.0642354148 -0.0196138618
18802 310661.84 113.8434081187 34.0842477258 3776721.498987002 762472.5733426998 56.4969822159 -0.0112704023 0.4485738168 251.6256166595 -9.1872970966 -3.0431773738 -0.0333125238
18803 310661.95 113.843397145 34.0842447217 3776721.137393 762471.5693432 56.4950079965 -0.0319258696 0.4024175854 251.7598910326 -9.2271305534 -3.0348034309 -0.0064767744
18804 310662.06 113.8433861186 34.0842417276 3776720.776780002 762470.5604373 56.4932391048 -0.0653822595 0.442221744 251.9096805606 -9.2758634849 -3.0155328011 -0.0328752492
18805 310662.17 113.8433750411 34.0842387632 3776720.419330002 762469.5467300002 56.48881316 -0.125442947 0.4516139027 252.0349996878 -9.3154846018 -3.0041154421 -0.0366195518
18806 310662.28 113.843363913 34.0842358065 3776720.062598998 762468.5283208 56.4845889546 -0.1337396514 0.4773707459 252.166168284 -9.3631211837 -2.9979786015 -0.0193026227
18807 310662.39 113.8433527326 34.0842328584 3776719.706691 762467.505051 56.4791672183 -0.1089667768 0.5116742102 252.2890779094 -9.4116102828 -2.9861728882 -0.0658214917
18808 310662.5 113.8433415008 34.0842299232 3776719.352085 762466.4770085998 56.4721320812 -0.0170474599 0.5825447363 252.4018815147 -9.4474657648 -2.96152056 0.0031697991
18809 310662.61 113.8433302208 34.0842269989 3776718.9985629986 762465.44447 56.4694639705 -0.1072774753 0.7260004617 252.5061262729 -9.4935398457 -2.9647605173 -0.0043140027
18810 310662.68 113.8433230228 34.0842251413 3776718.773914 762464.7855623 56.4676414365 -0.1701044233 0.7596186558 252.5776107777 -9.4983241999 -2.9669869354 -0.0193844164
18811 310662.79 113.8433116633 34.0842222216 3776718.420702 762463.7456761 56.4597921437 -0.1328613224 0.8200394667 252.7011905464 -9.549134557 -2.9602351569 -0.0528620741
18812 310662.89 113.8433012965 34.084219571 3776718.099906 762462.7966184 56.4534931444 0.1024009614 0.7736302646 252.8229270344 -9.5930194803 -2.9655302933 -0.0320282512
18813 310662.99 113.8432908842 34.084216923 3776717.779282 762461.8433428 56.4479759298 0.1065086393 0.7866417454 252.9400001895 -9.6235285863 -2.9501108902 -0.0774214007
18814 310663.09 113.8432804303 34.0842142876 3776717.459946 762460.8861986 56.4484201046 -0.0588106974 0.8045292088 253.0457936024 -9.6577611233 -2.9304881644 0.0224259882
18815 310663.19 113.8432699378 34.0842116542 3776717.140733 762459.9254814 56.4501743074 -0.1519751496 0.7878938313 253.1498750569 -9.6981201197 -2.9278895709 -0.0235679056
