19495 310775.67 113.8377487777 34.0870387845 3777016.710653 761941.3995738 57.5056183143 0.0408893306 0.8179556346 349.4355787134 -0.5303241964 2.8844955979 0.0065511942
19496 310776.02 113.8377467791 34.087047651 3777017.689498 761941.1876983001 57.5091495691 0.0078534399 0.7193708337 349.4926576632 -0.5176005849 2.7617104047 0.0201831886
19497 310776.39 113.8377447798 34.0870566436 3777018.682332 761940.9753708 57.5071029449 0.0900792631 0.5793686058 349.6778208551 -0.4822294899 2.6428206409 -0.0036238742
19498 310776.77 113.8377428311 34.0870656583 3777019.67776 761940.7676404 57.497698823 0.4674994437 0.5717649082 349.9906572956 -0.4773681908 2.7356631762 -0.0342551936
19499 310777.12 113.8377409294 34.0870747648 3777020.683496 761940.5639731998 57.4976805057 0.4731408229 0.5675904676 350.3779764222 -0.5194052837 3.0907612418 -0.0240287854
19500 310777.43 113.8377390795 34.0870839454 3777021.697578 761940.3648579002 57.5030476907 0.4021612807 0.4894058463 350.7526286377 -0.5682469965 3.5106466994 0.0397925237
19501 310777.7 113.8377373456 34.0870929579 3777022.693314 761940.1769760002 57.5040537668 0.4788040405 0.446808742 351.1543656024 -0.6056867306 3.9191235458 0.0049029725
19502 310777.86 113.8377362653 34.0870987768 3777023.336302 761940.0592913 57.5032134075 0.5284102482 0.4150914615 351.4224475858 -0.6297743195 4.1699839849 -0.0069511276
19503 310778.09 113.8377346528 34.0871077737 3777024.330615 761939.8826599 57.5027458277 0.5784669474 0.3747770748 351.8458351433 -0.6618487382 4.5214744403 0.0206126832
19504 310778.31 113.8377330655 34.087117069 3777025.358098 761939.7074459002 57.506029238 0.478997338 0.2929991092 352.3175704713 -0.6571672685 4.8634561446 0.0131664849
19505 310778.51 113.8377316237 34.0871261022 3777026.356881 761939.5464628 57.5089334967 0.3504340883 0.2575609304 352.7526855811 -0.6690888843 5.1669295796 0.0145509167
19506 310778.7 113.8377302458 34.087135183 3777027.361106 761939.3912435 57.5088623771 0.4026349253 0.1459228274 353.2294179951 -0.6652992452 5.4492152331 0.0008903339
19507 310778.88 113.8377289771 34.0871442316 3777028.362039 761939.2462044002 57.5057754349 0.553409203 0.1491011129 353.6314437767 -0.6422664874 5.7143101613 -0.0072152209
19508 310779.01 113.8377280673 34.0871510262 3777029.1137440014 761939.1412461 57.5046990328 0.6406381132 0.1422683836 353.9264273548 -0.6384859492 5.8954862554 0.0006876186
19509 310779.18 113.8377269038 34.0871602316 3777030.132344 761939.0054353002 57.5078200027 0.6859418663 0.1302975658 354.2343096507 -0.6250817558 6.1340940401 0.0162051775
19510 310779.34 113.8377258108 34.0871692262 3777031.127738 761938.8767858002 57.5125891762 0.5750080415 0.1400025608 354.4908705645 -0.6235562574 6.3517899775 0.0187884176
19511 310779.5 113.8377247401 34.0871785355 3777032.158108 761938.7492187 57.5183887193 0.5246275615 0.1833515764 354.712713684 -0.6009155829 6.5682842793 0.0383750156
19512 310779.65 113.8377237521 34.0871875471 3777033.155642 761938.6302085 57.5209136028 0.5433244012 0.2674169135 354.8426823089 -0.6093568205 6.7737051061 -0.0065516045
19513 310779.8 113.8377227487 34.0871968261 3777034.18283 761938.5089588 57.5219035791 0.5533452277 0.2455244346 355.0175260494 -0.6062190019 6.9684293223 0.0310316977
19514 310779.95 113.8377217508 34.0872063611 3777035.238432 761938.3874149 57.5265435074 0.4013872243 0.2734861482 355.1933026129 -0.6057451299 7.1499912696 0.0216074051
19515 310780.09 113.8377208324 34.0872154922 3777036.249416 761938.2744680998 57.5283119511 0.3472272311 0.2698829164 355.4130219146 -0.5954213494 7.3250505998 0.008516631
19516 310780.19 113.8377201976 34.0872221507 3777036.986721 761938.1953266 57.5283921547 0.3461902328 0.2879927488 355.5624209077 -0.5794304057 7.4441801403 -0.0063067861
19517 310780.33 113.8377193275 34.0872316545 3777038.039189 761938.0856888002 57.5257658204 0.3756929108 0.3716217713 355.7830406137 -0.5599675498 7.6162391843 -0.0361735432
19518 310780.46 113.8377185485 34.0872406605 3777039.036653 761937.9859924 57.5242653098 0.4337923045 0.347103483 355.9988971835 -0.5459623199 7.7548599492 0.0187551014
19519 310780.59 113.837717793 34.087249837 3777040.053087 761937.8879398 57.5261792187 0.3852866844 0.3855269957 356.2018490391 -0.5278820617 7.8999623988 0.0280513694
19520 310780.72 113.8377170656 34.0872591845 3777041.088578 761937.7919632 57.5273686992 0.265665274 0.4531873663 356.4202189015 -0.5079138612 8.0455541065 0.0118730935
19521 310780.85 113.8377163735 34.0872686964 3777042.142402 761937.6987276998 57.5279133553 0.1901564982 0.506411516 356.6295397313 -0.4857852684 8.1789654674 -0.0067173265
19522 310780.98 113.8377157083 34.0872783731 3777043.214587 761937.607474 57.5243827524 0.2729927044 0.5302556281 356.8664647471 -0.4551276102 8.3294164484 -0.0215972489
19523 310781.1 113.8377151248 34.0872874406 3777044.219368 761937.5256436 57.5214476045 0.4181163473 0.5107503268 357.0572868896 -0.4371106423 8.4423118354 -0.0182708371
19524 310781.14 113.8377149363 34.0872904942 3777044.557765 761937.4988242 57.5211003255 0.4226397943 0.5301974687 357.1247707545 -0.4319670891 8.4896082187 -0.0079063284
19525 310781.26 113.8377143993 34.0872997436 3777045.582859 761937.4207189 57.5225784834 0.3524324929 0.5926583332 357.3391068114 -0.3960797976 8.6116484384 0.0114194351
19526 310781.38 113.8377138964 34.0873091178 3777046.621892 761937.3453838 57.5281309364 0.3106797733 0.5840825314 357.5447638907 -0.3854846883 8.7203455873 0.0323034935
19527 310781.5 113.8377134194 34.0873186142 3777047.674539 761937.2720667 57.5274353074 0.4649321513 0.5890094028 357.7553487801 -0.3479453605 8.834762306 -0.0311593854
19528 310781.62 113.8377129891 34.0873282193 3777048.73938 761937.2027222 57.5266463971 0.568468178 0.5891418562 357.9089773943 -0.321874162 8.9311372565 0.02376697
19529 310781.74 113.8377125772 34.0873379264 3777049.815593 761937.134759 57.5347041469 0.37227629 0.618906063 358.0961412518 -0.3010527621 9.0233373987 0.0855110328
19530 310781.86 113.8377122099 34.0873477406 3777050.903796 761937.0705885 57.541215173 0.2657127714 0.6357475083 358.2596650265 -0.2677974005 9.1207201519 0.0230846849
19531 310781.97 113.8377118986 34.087356832 3777051.911935 761937.013821 57.5403281236 0.4103183594 0.6227425642 358.4261279345 -0.2521318294 9.2146875914 -0.0179878362
19532 310782.01 113.8377117922 34.0873601601 3777052.280998002 761936.9937301999 57.5394201782 0.4360554889 0.6308651706 358.4783491213 -0.2427263706 9.2447859988 -0.0397085832
19533 310782.12 113.837711523 34.0873693627 3777053.3015870014 761936.9405064 57.5402703499 0.4749722864 0.6678372004 358.620472272 -0.221059424 9.3194483781 0.0606537956
19534 310782.23 113.8377112797 34.0873786502 3777054.33166 761936.8894103002 57.5464502042 0.3040965309 0.6409737247 358.7631603138 -0.1985653919 9.4132335822 0.0613061366
19535 310782.34 113.8377110582 34.0873880229 3777055.371236 761936.840061 57.5518352445 0.0995255495 0.6842070268 358.8940036111 -0.1807321056 9.4971156104 0.0295495534
19536 310782.45 113.8377108616 34.0873974847 3777056.420772 761936.7927361 57.551172425 0.0783941705 0.6753593587 359.0280349115 -0.1589496636 9.5919576631 -0.0484384302
19537 310782.56 113.8377106948 34.0874070303 3777057.479689 761936.7479035 57.5464927591 0.2130788466 0.6481292321 359.1321025 -0.1377788919 9.6705081571 -0.0461149899
19538 310782.67 113.8377105456 34.0874166585 3777058.54781 761936.7044407 57.5424168818 0.3481738444 0.6714962764 359.2452610588 -0.1198038436 9.7527583405 -0.002618885
19539 310782.78 113.8377104234 34.0874263632 3777059.624492 761936.6632404 57.5436223466 0.3126244319 0.643307352 359.3244105536 -0.0964845944 9.8303271974 0.0231307818
19540 310782.89 113.8377103148 34.0874361512 3777060.71046 761936.6230353 57.5464005629 0.2067377017 0.6413936438 359.3964708718 -0.0952548081 9.913886847 0.0292187899
19541 310783.0 113.8377102181 34.0874460238 3777061.805835 761936.5836735 57.5480424445 0.1717705163 0.6096547563 359.456024158 -0.0794184809 10.0041670125 0.002552718
19542 310783.1 113.8377101296 34.0874550737 3777062.809943 761936.5476011998 57.545252895 0.1843016568 0.6102331083 359.5024249203 -0.0803681981 10.0754158624 -0.0480280458
19543 310783.2 113.8377100512 34.0874641918 3777063.821631 761936.5122428002 57.5419988772 0.2774441399 0.6222492028 359.5461377925 -0.0643369929 10.1435246924 0.0029109854
19544 310783.3 113.8377099778 34.0874733746 3777064.840525 761936.4771620998 57.5410465254 0.3796494192 0.6056629451 359.5974844283 -0.0623400506 10.2258176929 -0.0272900539
19545 310783.4 113.8377099116 34.0874826186 3777065.866224 761936.4425457 57.5407430455 0.4438909411 0.6451032159 359.6561456577 -0.0444899335 10.279050248 0.0026043122
19546 310783.5 113.8377098651 34.0874919203 3777066.898381 761936.4095763002 57.5438248813 0.4040883639 0.7025064912 359.6923149389 -0.0411594963 10.3565162949 0.0302830044
19547 310783.6 113.8377098221 34.0875012845 3777067.937472 761936.3767305 57.5478262892 0.3796446469 0.7649129748 359.7511266265 -0.0312413 10.4180741013 0.019382937
19548 310783.7 113.8377097891 34.0875107071 3777068.983083002 761936.3446349 57.5513128089 0.287096059 0.733550008 359.7993924306 -0.0300102779 10.4858525456 0.0279116058
19549 310783.8 113.8377097623 34.0875201942 3777070.035857 761936.3129108001 57.5537452074 0.191125594 0.7295613377 359.8543454666 -0.0094510951 10.5615464456 0.0034726247
19550 310783.9 113.8377097487 34.0875297421 3777071.095415 761936.2822196998 57.5537199797 0.157496368 0.6842033823 359.8996627748 -0.0092548509 10.6282134763 -0.0094935505
19551 310784.0 113.8377097326 34.0875393561 3777072.1623059986 761936.2510962 57.5507506067 0.1931334218 0.6709846557 359.9767756623 -0.004320387 10.6946061742 -0.033151546
19552 310784.1 113.8377097348 34.0875490233 3777073.235151 761936.2214939 57.5501225255 0.1516966636 0.6335788517 0.0307473361 0.0155282772 10.7619700392 0.0093260749
19553 310784.2 113.8377097554 34.0875587495 3777074.314587 761936.1934045998 57.5507431794 0.0653566443 0.5858118963 0.0824831563 0.0300744473 10.8301726272 -0.0109378273
19554 310784.3 113.8377097877 34.0875685325 3777075.400353 761936.1662277 57.5482847383 0.0286324312 0.7123916052 0.1336551806 0.0453684424 10.8903052022 -0.0400136089
19555 310784.4 113.8377098412 34.0875783762 3777076.49291 761936.1408179 57.5439377921 0.0268545171 0.8748271019 0.1956225883 0.0670466043 10.9495802422 -0.0320390559
19556 310784.5 113.8377099175 34.0875882752 3777077.591664 761936.1173470998 57.5409201086 -0.0093757293 0.9758494824 0.2528315036 0.0806956568 11.0147152152 -0.0279319166
19557 310784.6 113.837709989 34.0875982284 3777078.696422 761936.0932643 57.5373566328 0.1851925328 0.9278880197 0.3340528634 0.0712704226 11.0731562959 0.0047444653
19558 310784.7 113.8377100792 34.0876082347 3777079.8071199986 761936.0707389 57.532530468 0.4729923111 0.9632022955 0.4111148388 0.1087364035 11.1361333095 -0.0047517624
19559 310784.79 113.8377101745 34.0876172741 3777080.810531 761936.0516723002 57.5355973663 0.5461002849 0.8063070251 0.4878289807 0.0924606973 11.1659030015 0.0620028974
19560 310784.88 113.8377102707 34.0876263474 3777081.8177019986 761936.0325833 57.5422820486 0.4607259823 0.844140576 0.5873064082 0.1153310874 11.1984804793 0.0553298059
19561 310784.97 113.8377103887 34.0876354582 3777082.829093 761936.015384 57.5464427276 0.3737253064 0.8223774356 0.6632899688 0.127974984 11.2487711961 0.034046567
19562 310785.06 113.8377105338 34.0876445992 3777083.843899 761936.0005983001 57.5502601396 0.3059221793 0.7935303724 0.7138454937 0.1646038141 11.2831697686 0.0555261278
19563 310785.15 113.8377106955 34.0876537738 3777084.862481 761935.9872462 57.5547318002 0.1164120163 0.8434757566 0.7727359363 0.16529073 11.3291713771 0.0233779336
19564 310785.24 113.8377108652 34.087662982 3777085.884819 761935.9745220002 57.553370568 0.1648530418 0.9042352729 0.8607672802 0.1822194591 11.3726765296 -0.0421089579
19565 310785.33 113.8377110542 34.0876722191 3777086.910407 761935.9634971998 57.5505832061 0.2186394018 0.972566224 0.943401514 0.2021657367 11.3993618023 -0.0500903734
19566 310785.42 113.8377112622 34.0876814826 3777087.938973998 761935.9541406 57.551019947 0.2233363343 0.9531034376 1.0115227905 0.216740102 11.4358353538 0.0312673479
19567 310785.51 113.8377114832 34.0876907696 3777088.970185 761935.9459202 57.5524764136 0.397848592 1.0007594191 1.0785251417 0.2335502527 11.4656159332 0.0080319996
19568 310785.6 113.8377117175 34.0877000786 3777090.003861 761935.9388547 57.5557990009 0.4458124068 1.016932061 1.1657285084 0.2426381185 11.4855140145 0.0472164559
19569 310785.69 113.8377119637 34.0877094074 3777091.039779 761935.9328203 57.5614665812 0.4690762179 0.949749389 1.2582077011 0.2533295061 11.5197839859 0.0934315705
19570 310785.78 113.8377122168 34.0877187549 3777092.0777839986 761935.9273694998 57.5691607148 0.4627747411 0.9193965983 1.3677630327 0.2698178813 11.5390104906 0.0688387609
19571 310785.87 113.8377124999 34.0877281199 3777093.1178 761935.9246405 57.5745844981 0.4021184725 0.8560989103 1.4722747549 0.2968228779 11.5537626634 0.0547922326
19572 310785.96 113.8377127973 34.0877374875 3777094.158153 761935.9232149002 57.5807261169 0.2605010175 0.8236188022 1.6209194163 0.3164456942 11.5532794855 0.0939500821
19573 310786.05 113.8377131308 34.0877468561 3777095.198702 761935.9251283002 57.5876952242 0.101232043 0.8838583656 1.7587831188 0.37065525 11.5428345599 0.0599716433
19574 310786.14 113.8377134987 34.087756218 3777096.238607 761935.9302341 57.5887509054 0.2537090883 0.8662583223 1.9017729983 0.389543546 11.5386537882 -0.0217805233
19575 310786.23 113.8377138888 34.0877655632 3777097.276707 761935.9374441998 57.5873037362 0.546183957 0.8188505786 2.0518424563 0.4139299624 11.4977534919 0.0065297663
19576 310786.32 113.837714299 34.0877748813 3777098.311852 761935.9465876998 57.5935094031 0.4942744573 0.8354156845 2.1989660216 0.433352438 11.453243336 0.0899852304
19577 310786.39 113.837714637 34.0877820902 3777099.112732 761935.9555738001 57.6047267495 0.2262153584 0.8041228764 2.3174112981 0.4587456122 11.3840521684 0.1793900358
19578 310786.48 113.8377150936 34.0877912734 3777100.133027 761935.9694204001 57.6193757486 -0.2844963776 0.7064372622 2.4677160805 0.474707233 11.2487865496 0.1143573683
19579 310786.57 113.8377155626 34.0878003323 3777101.139562 761935.9847966 57.6228271741 -0.4266155821 0.6091684048 2.6419294111 0.4949250657 11.0781197064 -0.0209501654
19580 310786.67 113.8377161172 34.0878102236 3777102.238692 761936.0055076998 57.6173120868 -0.3132797757 0.481688231 2.8136276378 0.5235903756 10.8757775703 -0.0769939499
19581 310786.77 113.8377166927 34.0878199246 3777103.316749 761936.0287372 57.6130333776 -0.1900266324 0.4768962508 2.9979802611 0.5509424127 10.650800734 -0.0009993792
19582 310786.87 113.8377173134 34.0878294498 3777104.375418 761936.0566771999 57.6134225018 -0.1702840078 0.5065755952 3.1464745435 0.5947443595 10.5081930263 -0.0087186065
