21792 311081.88 113.8376869058 34.0870299138 3777015.567494 761935.7140175 57.5507181324 0.2093223506 -0.104384524 352.3195886341 -1.8498711012 13.9642589734 0.1625576857
21793 311081.96 113.8376853083 34.0870399838 3777016.680939 761935.5354703 57.5587544581 -0.0717335477 -0.056058593 352.4171993746 -1.8328200298 13.9554450876 0.0544495609
21794 311082.04 113.8376837183 34.0870500584 3777017.794904 761935.3575971 57.5588709414 -0.2388847621 -0.0327788133 352.5435304023 -1.8236824666 13.9826277331 -0.0519423494
21795 311082.12 113.8376821398 34.0870601383 3777018.90949 761935.1807694 57.5526013468 -0.1837790696 -0.2227013135 352.6833528414 -1.8196406958 13.9746570168 -0.1253050978
21796 311082.2 113.8376805702 34.0870702211 3777020.024424 761935.0047585 57.5436389008 0.1013437702 -0.2947864847 352.8322173684 -1.7878363341 13.9749955634 -0.1163527784
21797 311082.28 113.8376790436 34.0870803109 3777021.140241 761934.8326974 57.5402426626 0.114296659 -0.3187452114 352.9382259614 -1.7353225885 13.9895218414 0.020517386
21798 311082.36 113.8376775503 34.0870904015 3777022.2562339986 761934.6637046 57.5448261015 0.0884921564 -0.360732713 353.0308539977 -1.7030733369 13.9946336539 0.0606074146
21799 311082.44 113.8376760884 34.0871005037 3777023.373592 761934.4975761998 57.5502660414 -0.0867128261 -0.3126306642 353.1043932333 -1.6728783565 14.0120397627 0.0377261993
21800 311082.52 113.8376746448 34.0871106183 3777024.492368 761934.3331016 57.5515662013 -0.1878884983 -0.2710620024 353.193302753 -1.6513383702 14.0282606292 -0.0165146406
21801 311082.6 113.8376732114 34.0871207432 3777025.612323001 761934.1695346 57.5488432152 -0.2765618447 -0.3557216374 353.2939838475 -1.6541620947 14.0407613286 -0.0617762588
21802 311082.64 113.8376724962 34.0871258114 3777026.172936 761934.0878689998 57.5458028754 -0.271902839 -0.3576806482 353.3492334713 -1.6454540394 14.0528530326 -0.102318959
21803 311082.72 113.8376710856 34.0871359604 3777027.295627 761933.9263353002 57.5356094558 -0.1180946091 -0.3983196114 353.4488536657 -1.6107237137 14.0787082608 -0.1674347605
21804 311082.8 113.8376696886 34.087146122 3777028.419745 761933.7660123 57.5258724969 0.1027860642 -0.4786575408 353.5540685352 -1.6000939031 14.0903565553 -0.0833419375
21805 311082.88 113.8376683115 34.0871562953 3777029.545216 761933.6074991 57.5225768881 0.2595009575 -0.4932745299 353.6629055157 -1.5659936438 14.1088159031 -0.016359613
21806 311082.96 113.8376669549 34.0871664784 3777030.671817 761933.4508407 57.5267024022 0.3843943911 -0.5125743313 353.7743174545 -1.5532007292 14.1275153408 0.096027133
21807 311083.04 113.8376656303 34.0871766719 3777031.799663 761933.2971104998 57.5350543112 0.4332064149 -0.4506698737 353.8870945547 -1.5058996664 14.138521079 0.0979330247
21808 311083.12 113.8376643187 34.0871868683 3777032.927861 761933.1445679 57.5433499413 0.4274636686 -0.42374367 354.0086253454 -1.4928597253 14.1475580748 0.1119041908
21809 311083.2 113.837663035 34.0871970779 3777034.057595 761932.9945676 57.5508325547 0.3254481372 -0.3903506762 354.1195551521 -1.4544951154 14.1689949743 0.0854835712
21810 311083.28 113.8376617715 34.0872072997 3777035.18874 761932.8463843 57.5562655264 0.1281394459 -0.3720040442 354.2379566747 -1.4371404342 14.1868465459 0.036859028
21811 311083.36 113.8376605313 34.0872175363 3777036.321583 761932.7003198002 57.5573387072 0.0382147089 -0.4371767304 354.3596567175 -1.4106259226 14.2089611194 -0.024326602
21812 311083.43 113.8376594573 34.0872265034 3777037.3139699986 761932.5735046 57.5545249414 0.0150185609 -0.5404438685 354.4754286546 -1.3964200522 14.2134547233 -0.0703218225
21813 311083.5 113.8376584015 34.0872354846 3777038.30796 761932.4483261 57.5502840886 0.1236324497 -0.5085528752 354.5884843278 -1.3699105726 14.2518828985 -0.0652165743
21814 311083.51 113.8376582532 34.0872367688 3777038.450099 761932.4306779 57.5493979743 0.1202726996 -0.5056742883 354.604457555 -1.360672286 14.2550532133 -0.0854256267
21815 311083.58 113.8376572241 34.0872457595 3777039.445217 761932.3079330998 57.5472576246 0.2729250607 -0.5089984906 354.7080044313 -1.3518632523 14.2644261374 -0.0012096517
21816 311083.65 113.837656215 34.0872547558 3777040.441007 761932.1870319998 57.5522248149 0.1420344954 -0.4889690183 354.8150891587 -1.308712528 14.26752148 0.0967681101
21817 311083.72 113.8376552229 34.0872637595 3777041.437671 761932.0676652 57.558328256 0.1429170586 -0.4717075828 354.9221672558 -1.298958142 14.2779948155 0.060283568
21818 311083.79 113.8376542476 34.0872727765 3777042.435839 761931.9498133 57.5613832436 0.1957452294 -0.4136261285 355.0484362535 -1.2562221716 14.2998953946 0.0207407782
21819 311083.86 113.8376532862 34.0872818031 3777043.435121 761931.8332109002 57.5614816947 0.1871042869 -0.4869269889 355.1925872184 -1.2420333733 14.3098871643 0.0199584641
21820 311083.93 113.8376523563 34.0872908384 3777044.435442 761931.7194969 57.5623172959 0.1659750938 -0.5295161857 355.3129455314 -1.1838118334 14.3283447971 0.0088744696
21821 311084.0 113.8376514644 34.0872998848 3777045.437091 761931.6092513001 57.5632664198 0.0605876147 -0.5654468709 355.3888340345 -1.1560206775 14.347823572 0.0039182108
21822 311084.07 113.8376505898 34.087308945 3777046.440325 761931.5005696 57.5616480205 0.10563629 -0.5611710819 355.4701592797 -1.1389399194 14.3629302011 -0.0467067798
21823 311084.14 113.8376497339 34.0873180196 3777047.445204 761931.3935622 57.5586472359 0.2057328518 -0.4502791347 355.5665968843 -1.1074997307 14.3858778372 -0.0423364352
21824 311084.21 113.8376488978 34.0873271023 3777048.451024 761931.2883613001 57.5573956054 0.3124696174 -0.4230508887 355.6653034312 -1.086818725 14.3976282685 -0.0006463567
21825 311084.28 113.8376480756 34.0873361904 3777049.457481 761931.1844227 57.560836535 0.2703972601 -0.3998545949 355.7782942617 -1.0688411514 14.401049847 0.0662213548
21826 311084.29 113.837647959 34.0873374886 3777049.601248998 761931.1696519 57.5614724709 0.304715088 -0.4240740799 355.7917359454 -1.0688876978 14.3965828281 0.0622566923
21827 311084.36 113.837647153 34.0873465849 3777050.608657 761931.0671929 57.5682248818 0.2162197099 -0.4311829252 355.9093770161 -1.0445739241 14.4181527796 0.0740056561
21828 311084.43 113.8376463665 34.0873556891 3777051.617 761930.9665035 57.5734847086 0.0971244844 -0.4579323276 356.0264253202 -1.0122129887 14.4279071855 0.0729047976
21829 311084.5 113.8376455947 34.0873648038 3777052.626541 761930.8671361 57.5753020858 0.0281764541 -0.5505524187 356.1457055219 -1.0060136271 14.4578745631 -0.0094206126
21830 311084.57 113.8376448427 34.0873739274 3777053.637114 761930.7695789002 57.5747230584 0.0506921286 -0.6045131088 356.2632931502 -0.9636698399 14.4639991458 -0.003182701
21831 311084.64 113.8376441183 34.0873830601 3777054.648783 761930.6745363001 57.5735546593 -0.0418677345 -0.6308481879 356.3728114992 -0.9348294216 14.4714173154 -0.0180827472
21832 311084.71 113.8376434148 34.0873922027 3777055.661588 761930.5813883 57.5715543311 0.0418282978 -0.6336480591 356.4907486415 -0.9021571122 14.4835960436 -0.0606175206
21833 311084.78 113.8376427374 34.087401356 3777056.675651 761930.4906212 57.5693743071 0.1304833456 -0.6245436907 356.6091188967 -0.8648227096 14.5111976352 -0.0159556854
21834 311084.85 113.8376420823 34.087410517 3777057.690637 761930.4018960998 57.5680952957 0.112014038 -0.6428928204 356.7293524067 -0.8443695449 14.5188137224 0.0126023767
21835 311084.92 113.8376414479 34.087419685 3777058.7064410006 761930.3150524 57.5683241775 0.2381137576 -0.6208119367 356.8658078262 -0.8108603331 14.5288476726 0.0198909066
21836 311084.99 113.8376408407 34.0874288623 3777059.723348001 761930.2306963 57.5701000765 0.3039151943 -0.6391864926 357.0034732142 -0.7817333745 14.541984903 0.0381998418
21837 311085.04 113.8376404239 34.0874354201 3777060.45005 761930.1719901 57.573786038 0.2326195055 -0.6637762296 357.1060393783 -0.7522007361 14.5405268492 0.0917682216
21838 311085.11 113.8376398695 34.087444605 3777061.467935 761930.0924883 57.58064391 0.0417250089 -0.6063043213 357.2437905047 -0.7163223482 14.5637272903 0.0766008647
21839 311085.18 113.83763935 34.0874538012 3777062.487164 761930.0161645 57.583016823 -0.08174763 -0.5131910288 357.3652605646 -0.6645117179 14.5836506899 -0.0306596106
21840 311085.25 113.8376388588 34.0874630103 3777063.507903 761929.9424242 57.5791810108 -0.0195128759 -0.5372634649 357.486707161 -0.6452914319 14.6028294376 -0.0759612304
21841 311085.32 113.8376383817 34.0874722288 3777064.529719 761929.869947 57.5733038252 0.1913786332 -0.4614143109 357.6150630814 -0.6144751156 14.6139995886 -0.0956702524
21842 311085.39 113.8376379321 34.0874814556 3777065.552527 761929.7999896 57.5708351731 0.3041544614 -0.4194787021 357.7396294888 -0.5832821576 14.6295136088 0.0023791866
21843 311085.46 113.8376374992 34.0874906882 3777066.576015 761929.7315497 57.574472365 0.257441946 -0.4856075676 357.8801430525 -0.5619803442 14.6355120635 0.1055771548
21844 311085.53 113.8376370844 34.0874999282 3777067.600374 761929.6647708 57.5801189961 0.2334565247 -0.4893248231 358.0254565769 -0.5335462766 14.6493876118 0.0623625447
21845 311085.6 113.837636698 34.0875091762 3777068.625707 761929.6005813002 57.5842235051 0.2190051679 -0.4976104756 358.1653267794 -0.494900082 14.6589340884 0.0422690099
21846 311085.67 113.8376363411 34.0875184322 3777069.651984 761929.5390849 57.587797909 0.2349561598 -0.5903309224 358.3079433687 -0.4542662404 14.660453046 0.0459891523
21847 311085.74 113.8376360099 34.0875276981 3777070.67944 761929.4799409 57.5912112175 0.0639683202 -0.5840871604 358.4438632242 -0.4191703536 14.6968177494 0.0484897128
21848 311085.76 113.8376359202 34.0875303457 3777070.973029 761929.4634964 57.5914044725 -0.0647977922 -0.5494416611 358.4858866428 -0.4122907606 14.6836713797 6.60689e-05
21849 311085.83 113.8376356328 34.0875396224 3777072.001784 761929.4083615 57.5906664692 -0.0411595536 -0.6034490476 358.6101347811 -0.3630575783 14.7092583878 -0.0557986423
21850 311085.9 113.837635367 34.0875489101 3777073.031826 761929.3551856999 57.5850332119 0.0658163531 -0.5719927229 358.7448051666 -0.3377168502 14.7256559876 -0.1072223968
21851 311085.97 113.8376351311 34.0875582063 3777074.062885 761929.3047394 57.5793048218 0.2583438943 -0.5085981503 358.889874549 -0.2908894422 14.7301376884 -0.076688129
21852 311086.04 113.8376349262 34.0875675089 3777075.094729 761929.2571418 57.5794152273 0.2739671014 -0.4540944847 359.0356174126 -0.251528371 14.74489628 0.0605577277
21853 311086.11 113.8376347576 34.0875768169 3777076.127269998 761929.2128756 57.5850699833 0.1369389576 -0.3559883934 359.1934130763 -0.2036012304 14.7592064566 0.0885145408
21854 311086.18 113.8376346184 34.087586133 3777077.160783998 761929.1713071 57.5895857159 0.0823332643 -0.343987858 359.3653568423 -0.178286413 14.7715803337 0.0301229064
21855 311086.25 113.8376345075 34.0875954582 3777078.195379 761929.1323189 57.592119229 0.1404810135 -0.3854321292 359.5624458291 -0.1314747165 14.7840223721 0.0175935489
21856 311086.32 113.8376344284 34.0876047912 3777079.2309199986 761929.096241 57.5934968945 0.1007374039 -0.405654493 359.772496067 -0.0934662114 14.7975852862 0.0042640904
21857 311086.39 113.83763439 34.0876141313 3777080.267354 761929.0638962 57.5933993543 0.1936745614 -0.4058427759 359.9789489782 -0.0231551999 14.805957694 -0.0163797674
21858 311086.43 113.8376343897 34.087619472 3777080.860054 761929.0474021998 57.5937875211 0.2238680344 -0.4318254517 0.0884646443 0.0040793829 14.8143444103 -0.0001813739
21859 311086.5 113.837634417 34.0876288223 3777081.897784 761929.021099 57.594826878 0.3763345751 -0.4484932326 0.2829494691 0.0507168008 14.8202820402 0.0220851234
21860 311086.57 113.837634487 34.0876381784 3777082.936275 761928.99872 57.5993408654 0.284295995 -0.4079044778 0.4796471309 0.1134300823 14.8326887677 0.099066198
21861 311086.64 113.8376345953 34.0876475377 3777083.975218 761928.9798597 57.6055903984 0.0663394545 -0.4312825137 0.6763964395 0.1563604545 14.8356815742 0.0828682574
21862 311086.71 113.8376347385 34.0876569045 3777085.015083 761928.9642077 57.6098403102 -0.0073677122 -0.4640586219 0.8772809961 0.2050873633 14.8479915168 0.028179418
21863 311086.78 113.8376349221 34.0876662808 3777086.056108 761928.9522507 57.6090387488 0.0433143971 -0.4857502693 1.0778890896 0.2635581098 14.8749648701 -0.0572282236
21864 311086.85 113.837635142 34.0876756657 3777087.098181 761928.9436279 57.6038155789 0.3537153716 -0.4985399777 1.2761072035 0.3087895262 14.8800988942 -0.0875190151
21865 311086.92 113.837635404 34.087685054 3777088.140731 761928.9388749001 57.6039812276 0.5582063761 -0.4467078378 1.4844989628 0.3688728668 14.8823091238 0.0479704134
21866 311086.99 113.8376357076 34.0876944412 3777089.183269 761928.9379591 57.6122779325 0.4336976952 -0.4392016791 1.7042905371 0.4191583138 14.8704105597 0.1342112123
21867 311087.03 113.8376359016 34.0876998071 3777089.779262 761928.939333 57.6198493978 0.249694223 -0.4407850712 1.8370450927 0.456840853 14.8802510934 0.1884399167
21868 311087.1 113.8376362737 34.0877092016 3777090.82279 761928.9447270002 57.6284267344 0.1411748787 -0.4508633599 2.0753078649 0.5189320534 14.8936241021 0.0523095534
21869 311087.17 113.8376366936 34.0877186038 3777091.867288 761928.9545141999 57.6311341422 0.14723505 -0.5640932729 2.3118395691 0.5805607051 14.9046963602 0.0218543851
21870 311087.24 113.8376371536 34.0877280125 3777092.9126160014 761928.9679794002 57.6315836832 0.1039448717 -0.6221495259 2.5515681708 0.638292339 14.9259143241 -0.0419064004
21871 311087.31 113.8376376605 34.087737427 3777093.95871 761928.9857581998 57.6293718852 0.2740197549 -0.6710866104 2.7810007143 0.6948442774 14.9344734416 -0.0442979662
21872 311087.38 113.8376382167 34.0877468451 3777095.005327 761929.0080731999 57.6303908154 0.2920075759 -0.6790658766 3.0066579149 0.7586436229 14.9347313864 0.0322347397
21873 311087.45 113.8376388177 34.0877562694 3777096.052738 761929.0345166 57.6321218163 0.4016666135 -0.7069477047 3.2252691125 0.8174176746 14.939222943 0.0029049492
21874 311087.52 113.837639463 34.087765698 3777097.100754 761929.065034 57.6365817897 0.5543006183 -0.7663590693 3.4311397619 0.8652536435 14.9509654426 0.0957857291
21875 311087.59 113.8376401442 34.0877751312 3777098.149366 761929.0988402 57.6458566114 0.2400526654 -0.6624004107 3.6322123562 0.9230607462 14.9517132304 0.1588197472
21876 311087.62 113.8376404503 34.0877791745 3777098.598862 761929.1146416998 57.6501359735 0.2109340021 -0.6487065558 3.7040321301 0.9564462617 14.9565112086 0.1512716797
21877 311087.69 113.837641201 34.0877886146 3777099.648427 761929.1548522 57.6574279079 -0.0656450686 -0.589180066 3.8257609086 1.0138309208 14.967132252 0.0712368203
21878 311087.76 113.8376419865 34.0877980675 3777100.6994839986 761929.1982416 57.6569241378 -0.0750405034 -0.5246087718 3.9115832644 1.049744793 14.9939080158 -0.0603137799
21879 311087.83 113.8376427944 34.08780753 3777101.751685 761929.2436646 57.6506239977 -0.0401678612 -0.3227246015 3.9907908357 1.0761040762 15.0082824708 -0.1001831545
21880 311087.9 113.8376436249 34.0878170014 3777102.804917 761929.291146 57.6434768867 0.0350487695 -0.1636402294 4.072881852 1.1103364178 15.0163826436 -0.0982646291
21881 311087.97 113.8376444727 34.0878264791 3777103.858889 761929.3402025 57.6389683699 0.0990079376 -0.0842382084 4.1633331659 1.1217419986 15.0262705612 -0.0415492957
21882 311088.04 113.8376453321 34.0878359673 3777104.914072 761929.3903080998 57.6370073827 0.1967966652 -0.0197152259 4.2681314643 1.1385829181 15.0411720768 -0.0150518369
