22207 311109.89 113.8393268163 34.0904294524 3777397.045288 762076.6468582 58.1531676902 0.3101968921 0.0134289518 52.9537476232 12.734675244 9.6161453786 -0.0419112168
22208 311109.96 113.8393364816 34.0904355044 3777397.741717 762077.520593 58.1508785533 0.4931318929 -0.0065272805 53.1408713508 12.759352836 9.5863264003 0.0381355695
22209 311110.03 113.839346177 34.090441536 3777398.4359699986 762078.3971659002 58.1575986976 0.5233402 0.0185178845 53.3282135289 12.8002960874 9.5472999022 0.1760175863
22210 311110.1 113.8393558963 34.0904475432 3777399.127585 762079.2760297 58.1709516384 0.2415149417 0.0370985638 53.5079566222 12.8410841549 9.508963249 0.180311036
22211 311110.17 113.8393656552 34.0904535293 3777399.816955 762080.1586078 58.1803440321 0.191196358 0.0528580248 53.6878744431 12.8965931111 9.4728740271 0.0915039631
22212 311110.24 113.8393754517 34.0904594958 3777400.504244 762081.0447109 58.1850869525 0.0982011272 0.0175543933 53.861625538 12.9475687321 9.4461697418 0.0407037743
22213 311110.31 113.8393852767 34.0904654495 3777401.190183 762081.9334905 58.1863205004 0.0676525162 -0.0243567815 54.0534130129 12.9783359332 9.4333316588 -0.0121126573
22214 311110.38 113.8393951321 34.0904713856 3777401.874246 762082.825141 58.1859047525 0.014300007 -0.0623436619 54.2517628428 13.0228260182 9.3958217291 -0.0242332174
22215 311110.45 113.8394050266 34.0904773042 3777402.5564769986 762083.7204388 58.1830947194 -0.0520759372 -0.1287148239 54.4431067427 13.0770653806 9.3738582154 -0.0528852859
22216 311110.5 113.8394121137 34.0904815202 3777403.0425410015 762084.3617879002 58.1796961296 0.0077097854 -0.0880791924 54.581488624 13.1125844501 9.3513525722 -0.067411016
22217 311110.57 113.8394220733 34.0904873978 3777403.720385 762085.2632310998 58.1752614426 0.1105205649 -0.0703487255 54.764033534 13.1636990751 9.3018850704 -0.0570028422
22218 311110.64 113.8394320672 34.090493253 3777404.395825 762086.1679179 58.173521704 0.2554682944 -0.0051539283 54.9393731026 13.2075476249 9.2636656516 0.021670132
22219 311110.71 113.8394420981 34.0904990831 3777405.068583 762087.0760895001 58.1765504312 0.2725675134 0.0029985607 55.1199985954 13.2531683729 9.2285985837 0.0685869974
22220 311110.78 113.8394521574 34.0905048968 3777405.739582 762087.9869346998 58.1825317359 0.1711478075 0.0203868489 55.3100395142 13.2877096664 9.2032417956 0.1131921062
22221 311110.85 113.8394622494 34.0905106927 3777406.408704 762088.9008495 58.1879736772 -0.0014332492 0.018515088 55.5065724334 13.3323353947 9.177754868 0.0423264487
22222 311110.92 113.8394723758 34.0905164698 3777407.075823 762089.8180049 58.1883990141 -0.016826637 -0.01868024 55.6934833438 13.3836628721 9.1414006227 -0.0251391017
22223 311110.99 113.83948254 34.0905222256 3777407.740665 762090.7387094 58.1857267981 -0.0919420574 -0.0811537371 55.8610073809 13.4281532667 9.1112720483 -0.0506564321
22224 311111.06 113.8394927349 34.0905279663 3777408.403919 762091.6623035999 58.1812646762 -0.0375207086 -0.0465201305 56.0178724276 13.4684654798 9.0825956685 -0.08696343
22225 311111.11 113.8395000446 34.0905320548 3777408.876411 762092.3245941 58.17759634 0.0601820185 -0.0191086914 56.1213496908 13.5008259686 9.0582565491 -0.0804687927
22226 311111.18 113.839510306 34.0905377631 3777409.536244 762093.2544225 58.1728632301 0.2321056192 0.0658497098 56.2572674866 13.5469862753 9.0286127976 -0.0388082975
22227 311111.25 113.8395205946 34.0905434527 3777410.194064 762094.1868282 58.1739984546 0.3245603108 0.1028407313 56.3992095922 13.5775046951 9.0027043339 0.066306617
22228 311111.32 113.8395309063 34.0905491262 3777410.850166002 762095.1214027 58.1816844316 0.2112435538 0.1490010062 56.5344472249 13.6063334992 8.9833741005 0.0964021598
22229 311111.39 113.8395412471 34.0905547849 3777411.504693 762096.0587154998 58.1885286951 0.1751433099 0.202768799 56.6866569024 13.6510179578 8.9542765547 0.0597267157
22230 311111.46 113.839551617 34.0905604289 3777412.157663 762096.9987606 58.1918890132 0.2181406602 0.2141617572 56.8263690701 13.6909309807 8.9376181167 0.0292272506
22231 311111.53 113.8395620118 34.0905660604 3777412.80931 762097.9411417 58.1945383549 0.2016489485 0.1812779493 56.9764315298 13.7189982497 8.9227877013 0.0163315159
22232 311111.6 113.8395724307 34.0905716782 3777413.459505 762098.8857988 58.1957080346 0.2275932646 0.2291212228 57.1255500492 13.7481167361 8.8864281491 -0.0089585718
22233 311111.67 113.8395828834 34.0905772796 3777414.107958 762099.8336128 58.1964284191 0.2683999194 0.1834939064 57.2773697042 13.7973026789 8.8688026081 0.0221031646
22234 311111.74 113.839593361 34.0905828638 3777414.754572 762100.7837896999 58.1979405666 0.1826227997 0.170590716 57.4214822845 13.8313398996 8.8368875922 0.0374259506
22235 311111.78 113.8395993611 34.0905860463 3777415.123155 762101.327967 58.1998331761 0.1275253005 0.1584382577 57.5049393193 13.8600271913 8.82384547 0.0487500102
22236 311111.85 113.839609881 34.0905916004 3777415.766535 762102.2821355 58.202780867 0.0783071539 0.198384955 57.6420006158 13.881309536 8.7916907017 0.0127482675
22237 311111.92 113.8396204327 34.0905971394 3777416.408321 762103.2392912 58.2044262011 0.1772678889 0.2067111951 57.8016554108 13.9343428499 8.7660252347 0.0152612181
22238 311111.99 113.8396310103 34.0906026587 3777417.0479910006 762104.1988993 58.2051611571 0.1667810775 0.2599537409 57.9574175151 13.9577623508 8.7295812197 0.0063168646
22239 311112.06 113.8396416168 34.090608158 3777417.6855129986 762105.1612295 58.2057397664 0.3485444783 0.2749306646 58.1262193903 14.0056573412 8.6911027749 0.0159464036
22240 311112.13 113.839652247 34.0906136298 3777418.320049 762106.1258433 58.2087454162 0.3322487191 0.2276350328 58.2861797232 14.0321457868 8.6609779858 0.0811011043
22241 311112.2 113.8396628994 34.0906190845 3777418.952729 762107.0925534002 58.2157400325 0.2116362012 0.1738914764 58.4709110144 14.0632375109 8.6355659322 0.0953816466
22242 311112.27 113.8396735811 34.090624519 3777419.583255002 762108.0620293 58.2195793968 0.1388726579 0.0673157307 58.6542732643 14.1054841131 8.5959041659 0.0348565067
22243 311112.34 113.839684292 34.0906299331 3777420.211593 762109.0342649 58.2210407201 0.1438220369 -0.0644988522 58.8432774579 14.1410316506 8.5680718709 -0.0001500114
22244 311112.4 113.839693495 34.090634558 3777420.748476 762109.8697111 58.2212308236 0.1412907066 -0.0694540966 58.9969854284 14.1763929758 8.5415988516 -0.024797649
22245 311112.47 113.8397042631 34.090639924 3777421.371619 762110.847379 58.2209585328 0.186223503 -0.067537037 59.176951337 14.2185730256 8.4870579784 -0.0040582789
22246 311112.54 113.8397150607 34.090645264 3777421.991957 762111.8278548 58.2232624106 0.1527665168 0.0240674077 59.3493121131 14.2626293642 8.452819533 0.0367516524
22247 311112.61 113.8397258916 34.0906505744 3777422.609087 762112.811488 58.2238563038 0.2459117626 0.1212420925 59.524343674 14.303681365 8.3950487577 -0.0287223122
22248 311112.68 113.8397367535 34.0906558616 3777423.223725 762113.7980558 58.2253146917 0.3241256503 0.1036046998 59.6874328248 14.3435753836 8.3685465591 0.0584164699
22249 311112.75 113.8397476349 34.0906611289 3777423.836206 762114.7864899 58.2299884874 0.2109901692 0.1313453435 59.8594593488 14.3624610612 8.3315935332 0.0728547486
22250 311112.82 113.8397585427 34.0906663748 3777424.446387 762115.7774274 58.2342209024 0.2165658864 0.1154702096 60.0112807148 14.4050178931 8.3060155006 0.0540154292
22251 311112.89 113.8397694769 34.090671603 3777425.05466 762116.7708566 58.2364627859 0.0968855099 0.1211895945 60.1646587431 14.4366793746 8.2732694732 0.0143240429
22252 311112.96 113.8397804357 34.09067681 3777425.6606559986 762117.7666225 58.2364762211 0.2564816907 0.1180152854 60.2957041942 14.4671265177 8.2415526844 -0.0170753749
22253 311112.99 113.8397851407 34.090679035 3777425.919651 762118.1941675 58.23664161 0.2289219547 0.16636602 60.3569458556 14.484113397 8.2258417551 -0.0032586859
22254 311113.05 113.8397945629 34.0906834726 3777426.4363089986 762119.0504346 58.2373734284 0.3408124263 0.207050652 60.4594832903 14.5003015477 8.1960936628 0.0496335861
22255 311113.11 113.8398039956 34.0906878946 3777426.951265 762119.907713 58.2418625606 0.3253425108 0.2217965263 60.5673686726 14.5247029791 8.1653796144 0.1096936073
22256 311113.17 113.8398134445 34.0906923062 3777427.465115 762120.7665194002 58.2476238599 0.2313659831 0.2386886021 60.676340319 14.5529091078 8.1546436148 0.0999086619
22257 311113.23 113.8398229091 34.0906967073 3777427.977825 762121.626815 58.2513290057 0.1987783514 0.2116157904 60.7887858006 14.5837671203 8.131082401 0.0673181603
22258 311113.29 113.8398323904 34.0907010991 3777428.489555 762122.4886719 58.2533749519 0.1489801443 0.1503296183 60.9105578452 14.6044931625 8.1159915137 0.0168530876
22259 311113.35 113.8398418844 34.0907054815 3777429.000278 762123.3517356 58.2551140403 0.0938930816 0.1089431963 61.02437049 14.6226595114 8.098057656 0.009174694
22260 311113.41 113.839851396 34.0907098512 3777429.50963 762124.2164652 58.2559749847 0.0783929165 0.0754598202 61.1428566469 14.6542989358 8.0718151998 -0.0315695411
22261 311113.47 113.8398609265 34.0907142065 3777430.017433 762125.0829801 58.2543016011 0.1665805001 0.0479867249 61.2443014194 14.6742851216 8.0434789033 -0.0516596122
22262 311113.53 113.8398704772 34.090718549 3777430.523861 762125.9513934 58.2522392105 0.2794443709 0.0418245525 61.349679398 14.7079878456 8.0231481024 -0.0304081974
22263 311113.59 113.8398800417 34.0907228784 3777431.02889 762126.8211281998 58.2520173118 0.3567896329 0.0717367555 61.4502346623 14.7312282817 8.0020241519 0.0163935604
22264 311113.65 113.8398896191 34.0907271947 3777431.532477 762127.6920989 58.2559791366 0.3343446614 0.0927021436 61.5682809056 14.7554563041 7.9709421965 0.1218292651
22265 311113.66 113.8398912168 34.0907279121 3777431.616199 762127.8374021 58.2569270423 0.3179468992 0.1045368011 61.5890437241 14.7566372822 7.9625041553 0.1090931266
22266 311113.72 113.8399008111 34.0907322103 3777432.117829 762128.7099881 58.2644886179 0.22884779 0.0405232493 61.6900364757 14.7701303516 7.9448977974 0.133453937
22267 311113.78 113.8399104188 34.0907365002 3777432.618575 762129.5838314 58.2696523638 0.2777505614 0.0535017072 61.8131447349 14.7949678906 7.9235277348 0.0702328718
22268 311113.84 113.8399200467 34.0907407745 3777433.117644 762130.4595846 58.2731178272 0.3026052929 0.0622248425 61.930461727 14.8261883095 7.8921841475 0.0611903836
22269 311113.9 113.8399296878 34.0907450392 3777433.61567 762131.3365917 58.274967039 0.3675096364 0.0527503838 62.0570934133 14.8511777846 7.8754755862 0.051664829
22270 311113.96 113.8399393437 34.0907492869 3777434.111857 762132.2150144 58.2790286494 0.3467906247 0.0572628286 62.181516619 14.8704570324 7.8401175098 0.0860779705
22271 311114.02 113.8399490161 34.090753521 3777434.606575 762133.0950095998 58.2836887436 0.2421564209 0.0968779197 62.3056209461 14.9010577009 7.816042314 0.0813773478
22272 311114.08 113.8399587048 34.0907577379 3777435.099432 762133.9765613001 58.2876048777 0.1332044104 0.0914775196 62.4422151159 14.9209002198 7.779932381 0.0500836167
22273 311114.14 113.8399684111 34.0907619386 3777435.590526 762134.8597802 58.2912698239 0.0148128299 0.0709562675 62.5664819591 14.9469675025 7.7574363823 0.0260463942
22274 311114.2 113.8399781384 34.0907661258 3777436.080187 762135.7449880998 58.2914604405 -0.0439975183 0.0099938456 62.6994343382 14.9879417654 7.741801483 -0.0553924137
22275 311114.26 113.8399878825 34.0907702996 3777436.568396 762136.6317855 58.2879294073 -0.0034542597 0.0152443897 62.8345315004 15.0072776478 7.7040192316 -0.0709068181
22276 311114.32 113.8399976454 34.0907744588 3777437.055032 762137.5203577 58.2845658846 0.0464062282 -0.0406405229 62.9763988729 15.0362001771 7.6791251988 -0.0701854443
22277 311114.34 113.8400009032 34.0907758418 3777437.216883 762137.8168833 58.2836705232 0.1146011935 -0.0612276043 63.0223133784 15.0451464265 7.6708663331 -0.044237983
22278 311114.4 113.8400106898 34.0907799785 3777437.701085 762138.7077170998 58.2811470544 0.2370048962 -0.0609304124 63.1543759293 15.0769397876 7.6382241692 -0.0303309433
22279 311114.46 113.8400204946 34.0907840976 3777438.183383 762139.600291 58.2811896922 0.3506384877 -0.0793822718 63.3050066404 15.1026190152 7.6015690288 0.0519226115
22280 311114.52 113.8400303136 34.0907881979 3777438.663624 762140.4942334002 58.2866232572 0.3273391491 -0.080736084 63.455231355 15.1212026492 7.5669771202 0.1337695289
22281 311114.58 113.8400401508 34.0907922786 3777439.141742 762141.38991 58.2945182705 0.1984293696 -0.0899825197 63.6175887289 15.1599229797 7.5332254491 0.1237531422
22282 311114.64 113.8400500065 34.0907963347 3777439.617185 762142.2873758002 58.3014567047 0.0759975455 -0.1387231188 63.7665697183 15.185005769 7.4897088298 0.0930916663
