22401 311122.43 113.841331354 34.091125533 3777479.441033999 762259.5782766999 58.162980522 -0.2028720676 0.1037566079 81.9214375093 14.8726704253 2.0749570101 0.0753281111
22402 311122.5 113.8413426231 34.0911268361 3777479.614585 762260.6147265 58.165112108 -0.4722862087 0.0498322887 82.0307447306 14.8706049942 2.0615199814 0.0032730805
22403 311122.57 113.8413538841 34.0911281287 3777479.7869629986 762261.6504618 58.162923201 -0.4234791929 0.0490534754 82.1757829198 14.8523821046 2.0351320646 -0.0969882625
22404 311122.64 113.8413651444 34.0911293955 3777479.956468 762262.6862176999 58.1560620554 -0.2590268493 -0.0598280977 82.297759552 14.8549498896 1.9985683297 -0.1337583921
22405 311122.71 113.8413763976 34.0911306494 3777480.124533002 762263.7213573002 58.1483904766 -0.0762339012 -0.1329363158 82.4370010312 14.8421941739 1.9775022064 -0.1048775882
22406 311122.78 113.8413876414 34.0911318782 3777480.289783 762264.7556989002 58.1442803331 -0.0785756597 -0.1459882628 82.5627819686 14.8311758041 1.9291039216 -0.047301392
22407 311122.85 113.8413988757 34.0911330842 3777480.452471 762265.7892345 58.1429592594 -0.0782459149 -0.1745265904 82.6973577554 14.8159872748 1.8949895167 -0.025525978
22408 311122.92 113.8414101057 34.0911342659 3777480.612465 762266.8224545999 58.1418197546 -0.0132672645 -0.2361206579 82.8302936058 14.8167454293 1.8598516496 -0.0324581186
22409 311122.99 113.8414213271 34.0911354279 3777480.7702339985 762267.8549451 58.1413984047 -0.0022519943 -0.2844687151 82.9736612598 14.7988454194 1.8286307572 0.0103761662
22410 311123.0 113.8414229291 34.0911355925 3777480.792618 762268.0023425998 58.1414992548 -0.0014329518 -0.2956608542 82.9957613961 14.7942268016 1.8250314609 0.0094045736
22411 311123.07 113.8414341385 34.09113673 3777480.947643 762269.0337963002 58.144725698 -0.1266670696 -0.3052396861 83.140966518 14.7848312092 1.7787902242 0.0462748079
22412 311123.14 113.8414453437 34.0911378459 3777481.100266 762270.0649228 58.1464724178 -0.2620481606 -0.3425876228 83.2806072924 14.7794175976 1.7414471097 -0.0234740517
22413 311123.21 113.8414565416 34.0911389362 3777481.250033 762271.0954618 58.1434910568 -0.2213927566 -0.3518798019 83.4200100751 14.7582465475 1.697113967 -0.0742418153
22414 311123.28 113.8414677288 34.0911399988 3777481.396686 762272.1250991 58.1387653612 -0.0865942187 -0.2826118959 83.5613065229 14.7500382454 1.6529095257 -0.0782774612
22415 311123.35 113.8414789082 34.0911410318 3777481.540049 762273.1540966 58.1348511223 -0.021942456 -0.2453014608 83.6953689199 14.7320155633 1.6078041581 -0.0411993162
22416 311123.42 113.8414900752 34.091142041 3777481.680727 762274.182031 58.1344804652 -0.0245956896 -0.2155753106 83.8412253748 14.7202886677 1.5792776655 0.0145262981
22417 311123.49 113.8415012301 34.0911430267 3777481.818774 762275.2089221998 58.1351249367 -0.0267151799 -0.2059761245 83.9987670271 14.7040598541 1.5340509797 -0.0007180578
22418 311123.56 113.8415123755 34.0911439904 3777481.954349 762276.2350025 58.1348786959 0.1347351522 -0.2622493726 84.1691930094 14.6909314917 1.51099281 -0.0221826757
22419 311123.63 113.8415235112 34.0911449311 3777482.08735 762277.2602591999 58.1363341259 0.1321656055 -0.3295661662 84.3487410633 14.6790515734 1.4608823648 0.0498985328
22420 311123.7 113.8415346316 34.0911458458 3777482.217421 762278.2841755998 58.142322869 -0.1425552588 -0.400893498 84.5243328722 14.6587055944 1.4222909072 0.1043761932
22421 311123.72 113.8415378074 34.0911461028 3777482.254101 762278.5766034998 58.1443464719 -0.2543919385 -0.4132801076 84.5781313448 14.6608610219 1.4107039446 0.0970013899
22422 311123.79 113.8415489211 34.0911469787 3777482.379862 762279.6000241 58.1458993172 -0.5284687945 -0.4591481846 84.7551531272 14.6554226658 1.3477339075 -0.0618959642
22423 311123.86 113.8415600342 34.0911478222 3777482.502018 762280.6234926998 58.138262962 -0.5513593851 -0.5458247479 84.9255926339 14.6534852085 1.3092663754 -0.146561453
22424 311123.93 113.8415711435 34.0911486387 3777482.621168 762281.6466941 58.1265277695 -0.5054966148 -0.5491849635 85.1058806621 14.6454200468 1.2583816164 -0.18757326
22425 311124.0 113.8415822457 34.0911494196 3777482.736345 762282.6693513 58.1149176406 -0.4402421502 -0.5014132281 85.268668726 14.6451633738 1.2011245419 -0.1447972026
22426 311124.07 113.8415933493 34.0911501701 3777482.84815 762283.6922271 58.1060973834 -0.4286333398 -0.3906912477 85.4376424979 14.6464504026 1.1566190329 -0.1155350446
22427 311124.14 113.8416044572 34.0911508866 3777482.956201 762284.7156084002 58.098175209 -0.2763588504 -0.3098383763 85.5934039843 14.6306564738 1.1025454041 -0.1219227655
22428 311124.21 113.8416155639 34.0911515803 3777483.061715 762285.7389489 58.0918372413 -0.0003209392 -0.2777089967 85.7568576123 14.6444626819 1.075250275 -0.0676013786
22429 311124.28 113.8416266714 34.091152251 3777483.164687 762286.7624313 58.0895040315 0.1782429939 -0.2626063077 85.9116644985 14.6380197337 1.0347565084 -0.0070623156
22430 311124.35 113.8416377734 34.0911529007 3777483.265302 762287.7854686 58.0920622796 0.2605749271 -0.2724705863 86.0608047747 14.6318811689 1.0050691749 0.0661236028
22431 311124.41 113.841647288 34.0911534395 3777483.349539 762288.6622903001 58.0984037723 0.1682551239 -0.3039102573 86.1855129993 14.630859702 0.9725640271 0.1016770733
22432 311124.48 113.8416583907 34.091154047 3777483.445478 762289.6855277 58.103749278 0.025674394 -0.3356460617 86.3320930934 14.643453489 0.9395521226 0.0408673989
22433 311124.55 113.8416695029 34.0911546316 3777483.538901998 762290.7097087 58.1052049678 0.0245487774 -0.4159630005 86.476102837 14.6531819891 0.9012008 -0.0029794561
22434 311124.62 113.8416806234 34.0911551939 3777483.629876 762291.7347284 58.1045286898 0.0332750933 -0.4660079454 86.6255849204 14.6696712881 0.8688519133 -0.0247076479
22435 311124.69 113.8416917552 34.0911557339 3777483.7184 762292.7608590998 58.1030350523 -0.0391627107 -0.4881380823 86.7774870017 14.6801860303 0.8276500703 -0.015800866
22436 311124.76 113.8417028952 34.0911562468 3777483.803936 762293.7878334002 58.1029150933 -0.1143659297 -0.4854718082 86.9260968342 14.690684177 0.7843193925 -0.0219430253
22437 311124.83 113.8417140511 34.0911567347 3777483.8867379986 762294.8163496 58.1005738042 -0.1279624912 -0.4751467019 87.0769667094 14.7199168474 0.7439685628 -0.063674821
22438 311124.9 113.8417252193 34.0911571948 3777483.966485 762295.8460886999 58.0956350341 -0.0539287771 -0.4506551624 87.2229760422 14.7308565075 0.6999180097 -0.0849892596
22439 311124.97 113.8417364003 34.0911576315 3777484.043672 762296.8770851998 58.0919562904 0.0103643634 -0.4515546805 87.3752785822 14.7455365254 0.6637874319 -0.0304283101
22440 311125.04 113.8417475905 34.0911580454 3777484.1183589986 762297.9089986 58.0925712502 -0.1439121574 -0.4438808698 87.5267578953 14.7579231327 0.6266288424 0.0182886721
22441 311125.11 113.8417587903 34.091158433 3777484.190133998 762298.9418776 58.0914971558 -0.2261477215 -0.4438760619 87.6844031524 14.7853324834 0.5937830916 -0.0495409908
22442 311125.18 113.8417700062 34.0911587976 3777484.259409 762299.9763169001 58.0872569121 -0.2505458042 -0.5023188226 87.8442754643 14.8048768107 0.5611106011 -0.0809906025
22443 311125.25 113.8417812396 34.0911591398 3777484.326254 762301.0124370998 58.0803252133 -0.1270527862 -0.4919418971 88.0034486228 14.825975856 0.5218024823 -0.1223581175
22444 311125.32 113.8417924873 34.0911594508 3777484.3896550015 762302.0499801999 58.0738976505 -0.0022341735 -0.4267027879 88.146807634 14.8409275638 0.4659121386 -0.0865179478
22445 311125.39 113.8418037493 34.0911597333 3777484.449935 762303.0889226 58.0703775287 0.0707292542 -0.3270167832 88.2877330486 14.861272097 0.4306443245 -0.0302119489
22446 311125.46 113.8418150265 34.0911599882 3777484.507193 762304.1293651002 58.0687830541 0.2184769384 -0.1913897474 88.4271312963 14.8830587507 0.3774849168 -0.000462442
22447 311125.53 113.8418263164 34.0911602174 3777484.561633 762305.1710487 58.0690670079 0.2735947277 -0.1147471833 88.5693540334 14.8973228758 0.3500804739 0.0358892034
22448 311125.6 113.8418376157 34.091160428 3777484.614042 762306.2136622 58.0738794832 0.2595091619 -0.081438465 88.7304861532 14.9035923387 0.3138358897 0.092137437
22449 311125.67 113.8418489252 34.0911606187 3777484.664257 762307.2572806 58.0812330907 0.0672401946 -0.0798903859 88.8926383857 14.9272540105 0.2864450934 0.110626869
22450 311125.74 113.8418602501 34.091160788 3777484.712135 762308.3023796 58.0858314876 -0.1992817317 -0.0838000529 89.0641676617 14.9414496631 0.2458716282 0.0307526615
22451 311125.81 113.84187159 34.0911609297 3777484.7569949985 762309.3489596 58.0836185329 -0.2393271212 -0.1746408081 89.2210004727 14.9612221406 0.2043716899 -0.0805848429
22452 311125.88 113.8418829507 34.0911610481 3777484.7993230014 762310.3975219 58.0765147526 -0.1470952902 -0.2402505562 89.3728794517 14.9971150459 0.1704579418 -0.1136452937
22453 311125.95 113.8418943233 34.091161137 3777484.8384 762311.4472826 58.0694440072 -0.2395692116 -0.2445862697 89.5164256241 15.0152832582 0.1176810928 -0.0801687406
22454 311126.02 113.8419057097 34.0911612037 3777484.875058 762312.4983828 58.0623981021 -0.1302306984 -0.2338887054 89.6712392101 15.0212495727 0.0834741502 -0.1183435089
22455 311126.09 113.8419171115 34.0911612442 3777484.908843 762313.5509834002 58.0566481911 0.0420810186 -0.2027032301 89.8267532092 15.0457966825 0.0343195649 -0.0791810047
22456 311126.16 113.8419285279 34.0911612563 3777484.939515 762314.6050239 58.0534517951 0.1563968343 -0.1777195064 89.9805833794 15.0643630847 -0.0015050392 -0.0227272671
22457 311126.23 113.8419399533 34.091161243 3777484.967393 762315.6599737 58.0555976844 0.1958319973 -0.157608511 90.1436098767 15.074712691 -0.0480690056 0.0718070289
22458 311126.3 113.8419513907 34.0911612024 3777484.992266 762316.716115 58.0610531829 0.0059248204 -0.1006323449 90.2965855865 15.0971629674 -0.0856414963 0.0667792012
22459 311126.37 113.8419628401 34.0911611349 3777485.014195 762317.7734401998 58.0642048139 -0.0163647808 -0.1305078813 90.4426581842 15.1039654058 -0.1283937159 0.0098705773
22460 311126.44 113.8419743023 34.0911610445 3777485.03361 762318.8320308 58.0629955204 -0.0195088675 -0.1357912885 90.598792695 15.1214989531 -0.1589947591 -0.0846294783
22461 311126.48 113.8419808609 34.0911609832 3777485.043653 762319.4377748 58.0613170583 -0.0113473857 -0.1365496409 90.6842771421 15.1332992014 -0.1774805798 -0.0333393351
22462 311126.55 113.841992344 34.0911608544 3777485.05887 762320.4984051 58.0562658319 0.150758784 -0.1976235899 90.8384282713 15.1435435469 -0.2248475683 -0.081966968
22463 311126.62 113.8420038394 34.0911607049 3777485.071804 762321.5602303002 58.0561583452 0.062803561 -0.1569066526 91.0044344818 15.1659121083 -0.2646681802 0.051586114
22464 311126.69 113.8420153446 34.0911605248 3777485.081381 762322.623063 58.0568239046 -0.1675150324 -0.1389973344 91.156130371 15.1804227453 -0.3105846695 -0.0031121348
22465 311126.76 113.8420268658 34.0911603192 3777485.088162 762323.6874544001 58.0545169292 -0.1083595465 -0.1045978622 91.3161747224 15.1992546266 -0.3491420193 -0.0546363468
22466 311126.83 113.8420384002 34.0911600818 3777485.091444 762324.7531599 58.0507059256 -0.1518668148 -0.0569748825 91.4594723823 15.2182844065 -0.4033445498 -0.0399169145
22467 311126.9 113.8420499488 34.091159818 3777485.091849 762325.8202569 58.0454799756 -0.1153297441 -0.0169778562 91.592158496 15.2356364349 -0.4374730433 -0.0719884991
22468 311126.97 113.8420615108 34.091159529 3777485.089478 762326.8886668 58.0409391383 -0.0906252236 0.0747465279 91.7141772166 15.2520268367 -0.4808679951 -0.0406088615
22469 311127.04 113.8420730871 34.0911592161 3777485.084492 762327.9584678 58.0356180668 -0.0526025992 0.1482669578 91.8328786452 15.276061697 -0.5133014226 -0.0889064428
22470 311127.11 113.8420846751 34.0911588846 3777485.077477 762329.0294115 58.0327520482 0.0720253459 0.0817704758 91.9531603502 15.2846959233 -0.5350689645 -0.0189622743
22471 311127.18 113.842096275 34.0911585388 3777485.068907 762330.1015 58.0322964964 -0.0135017598 0.137360966 92.0783319175 15.3010045947 -0.5630108405 -0.0054485993
22472 311127.2 113.8420995912 34.0911584369 3777485.06611 762330.4080007 58.0321778199 0.0355144409 0.0993749951 92.1122851963 15.3054100611 -0.5706955845 -0.0026648447
22473 311127.27 113.8421112063 34.0911580648 3777485.054662 762331.4815705 58.0325909918 -0.1323849038 0.0378006415 92.2289925625 15.3236265145 -0.6057917527 0.0241423635
22474 311127.34 113.8421228314 34.0911576786 3777485.041672 762332.5561086 58.0315744681 -0.1781933393 -0.0208093735 92.3495784632 15.3320050641 -0.6217897956 -0.0606996823
22475 311127.41 113.8421344713 34.0911572718 3777485.026428 762333.632076 58.0270090196 0.0031814659 -0.1080145173 92.4708721436 15.3580879177 -0.6647654799 -0.0882610637
22476 311127.48 113.8421461222 34.0911568473 3777485.009254 762334.7091128002 58.0217542099 0.1184798475 -0.1640755409 92.5882727581 15.3704955862 -0.6828974586 -0.0611052026
22477 311127.55 113.8421577811 34.0911564015 3777484.989735 762335.7869569998 58.0194014581 0.3758450032 -0.1353131911 92.7082476621 15.3715123073 -0.7282821274 -0.0207157272
22478 311127.62 113.8421694493 34.0911559265 3777484.967004 762336.865747 58.0228437157 0.3543907637 -0.0557144273 92.8178506292 15.3925485898 -0.7808983974 0.105380162
22479 311127.69 113.8421811214 34.0911554262 3777484.941474 762337.9449790998 58.0312180864 0.1501179446 -0.0958816022 92.9146405797 15.3987349652 -0.7976087464 0.1131930579
