22602 311136.29 113.8435211496 34.0909187118 3777462.1153589985 762462.4011387 57.7165326197 -0.0882373554 0.4886357381 110.9564952267 12.3962109269 -4.7900397634 -0.0516744817
22603 311136.37 113.8435318868 34.0909152614 3777461.760047 762463.4031704002 57.7147351969 0.0046762153 0.4993093564 111.1054474464 12.3686982427 -4.787521039 0.0129434957
22604 311136.45 113.8435426047 34.0909117981 3777461.403253 762464.403459 57.718243219 -0.1519447768 0.4866897064 111.2708227264 12.3399147173 -4.8139701703 0.0631188444
22605 311136.49 113.8435479567 34.0909100606 3777461.224187 762464.9029773001 57.7199295601 -0.3413749326 0.4972848563 111.3632414893 12.3473629218 -4.8272993627 0.0023491454
22606 311136.57 113.8435586423 34.0909065688 3777460.864147 762465.9003657 57.7175003085 -0.1528054091 0.3872222786 111.5325848305 12.3146670144 -4.8682075443 -0.0509945619
22607 311136.65 113.8435693047 34.090903051 3777460.501157 762466.8957023001 57.7104362557 0.0752304419 0.3589262118 111.6888355559 12.2793185608 -4.8920615276 -0.1042521077
22608 311136.73 113.843579942 34.0908995079 3777460.135298 762467.8887913 57.7057913039 0.3228032502 0.3145055495 111.8267587442 12.2431029925 -4.9283688911 0.0358072143
22609 311136.81 113.8435905485 34.090895944 3777459.767049 762468.8791013 57.7113638315 -0.0622043276 0.4606047494 111.9512082448 12.2156993479 -4.9544964904 0.1269209997
22610 311136.89 113.843601131 34.0908923574 3777459.396231 762469.867267 57.7183570871 -0.4421313383 0.4858278191 112.0865376578 12.1965453679 -4.9838567602 0.0326344717
22611 311136.97 113.8436117024 34.0908887579 3777459.023944 762470.8544556998 57.7144362051 -0.6036975372 0.5040979277 112.238892886 12.1868866202 -5.0036762472 -0.1255535901
22612 311137.05 113.8436222586 34.0908851394 3777458.649505 762471.8402893002 57.7022859743 -0.46620478 0.4981120512 112.3875925488 12.1691509009 -5.0354177916 -0.1851196286
22613 311137.13 113.8436327972 34.0908815032 3777458.273063 762472.8245544 57.6884637922 -0.1233417966 0.461933151 112.5310018814 12.1382055658 -5.0560223912 -0.1497638637
22614 311137.21 113.8436433161 34.0908778495 3777457.894623 762473.8070582 57.6807112358 0.1238727657 0.5242872065 112.6785413446 12.1161832432 -5.0823611597 -0.0348685119
22615 311137.27 113.8436511853 34.0908750947 3777457.609138 762474.5421338 57.6817559944 0.1441613084 0.5303715411 112.7799720261 12.0850000319 -5.1012204547 0.0472151839
22616 311137.35 113.8436616557 34.090871408 3777457.2269089986 762475.5202620998 57.687926732 -0.0248434683 0.5053304992 112.9226892305 12.0635258164 -5.1232199011 0.0803008238
22617 311137.43 113.8436721057 34.090867706 3777456.842930998 762476.4965544002 57.692657074 -0.0898071649 0.5247061461 113.066689885 12.0344422198 -5.1500707817 0.0346416427
22618 311137.51 113.843682535 34.0908639841 3777456.456701 762477.4709978001 57.6941810902 -0.2083868928 0.5024976688 113.2106862745 12.0192392048 -5.1754109389 -0.0122253978
22619 311137.59 113.8436929458 34.0908602481 3777456.068856 762478.4437676999 57.6908146851 -0.1700040006 0.4595039491 113.3639105226 11.9947794357 -5.1918229105 -0.0530772623
22620 311137.67 113.8437033326 34.0908564907 3777455.678573 762479.414401 57.6869418668 -0.2004180212 0.4744278078 113.5044419375 11.9611268199 -5.2256309379 -0.0486629833
22621 311137.75 113.843713699 34.0908527134 3777455.286018 762480.383205 57.6817873158 -0.0469295253 0.4706840971 113.645588238 11.9402667891 -5.2500137748 -0.0781938416
22622 311137.83 113.8437240415 34.0908489169 3777454.891284 762481.3498639 57.6791242734 0.0559230332 0.448312979 113.7821235088 11.9193002876 -5.2787523229 -0.0148157173
22623 311137.91 113.8437343614 34.0908451098 3777454.49531 762482.3144645 57.6803059643 0.1250867232 0.4235110115 113.9318309091 11.8867226126 -5.2918857285 0.0461041853
22624 311137.99 113.8437446567 34.0908412863 3777454.097462 762483.2768454001 57.6850860575 0.0221957193 0.3620988918 114.0756740916 11.8599840141 -5.315485974 0.0858372561
22625 311138.07 113.8437549258 34.0908374527 3777453.6984129986 762484.2368398 57.6886722818 -0.0334482775 0.2900230896 114.2263692706 11.8268541665 -5.3282742175 0.0151009352
22626 311138.15 113.8437651683 34.090833604 3777453.297636 762485.1944258 57.6894163359 -0.1649510478 0.2456283734 114.3763916175 11.8034336593 -5.3565894778 -0.0089448412
22627 311138.23 113.8437753868 34.0908297383 3777452.894895 762486.1498536 57.6874107327 -0.149586139 0.2360234677 114.5313251923 11.7755413363 -5.3861513313 -0.005239533
22628 311138.31 113.8437855728 34.0908258492 3777452.4894800014 762487.1023469 57.6855863901 -0.3072947781 0.3111973683 114.6719465458 11.7353482704 -5.4169883735 -0.0157258562
22629 311138.39 113.8437957335 34.0908219359 3777452.081312998 762488.0525769 57.6818659632 -0.4247431538 0.3660303286 114.8114955905 11.7089131036 -5.4492779829 -0.0731481562
22630 311138.47 113.8438058692 34.0908180036 3777451.670973 762489.0005583002 57.6744727884 -0.3385510656 0.4343740015 114.945121766 11.6818341328 -5.469906683 -0.1060897082
22631 311138.55 113.8438159832 34.0908140595 3777451.259269 762489.9465779 57.6660851827 -0.2096690719 0.4773810013 115.0942602336 11.6545939979 -5.4807502414 -0.1029494948
22632 311138.63 113.8438260747 34.090810103 3777450.846137 762490.8905524 57.6591231832 -0.0606381492 0.4720430411 115.2517148474 11.6327122285 -5.4988791533 -0.0592288169
22633 311138.71 113.8438361365 34.0908061344 3777450.43158 762491.8318259 57.6575415228 -0.0520631187 0.4623846379 115.4036620371 11.591075985 -5.5162654703 0.0112807948
22634 311138.79 113.8438461695 34.0908021505 3777450.015246 762492.7704910998 57.6570339585 0.0130871853 0.4528926132 115.5480490131 11.5667562999 -5.5428446555 -0.0375149034
22635 311138.87 113.8438561747 34.0907981489 3777449.59689 762493.7066378 57.6566219758 0.0968493706 0.4963684529 115.6989236484 11.5305008591 -5.570055283 0.0194735129
22636 311138.89 113.8438586697 34.0907971456 3777449.4919550014 762493.9401072 57.656877229 0.0163918956 0.5001543391 115.7326617013 11.5108132645 -5.5761671596 0.0225599155
22637 311138.97 113.8438686311 34.0907931243 3777449.071292 762494.8722736 57.6595590208 -0.1031477854 0.532274163 115.8608621601 11.4793830611 -5.5955833483 0.0521916194
22638 311139.05 113.8438785633 34.0907890842 3777448.648471 762495.8017973 57.6614007764 -0.3513189918 0.6216222525 115.9844675362 11.4445949749 -5.6145637205 0.0023581588
22639 311139.13 113.8438884794 34.0907850248 3777448.223463 762496.729904 57.6558358958 -0.3834371183 0.6006635391 116.1248268124 11.4166496942 -5.6247695328 -0.0990194718
22640 311139.21 113.8438983696 34.0907809559 3777447.797329 762497.655642 57.647523894 -0.1690131509 0.6326301911 116.2678405462 11.3909351089 -5.6515928803 -0.1091503493
22641 311139.29 113.8439082312 34.0907768719 3777447.369456 762498.578789 57.6398583911 -0.0407029529 0.5947081256 116.3948318795 11.3552013441 -5.6594537517 -0.0869946259
22642 311139.37 113.8439180638 34.09077278 3777446.940625 762499.4992746 57.6382227233 -0.0201876899 0.6091095045 116.5214259562 11.3242925576 -5.675920813 0.0404263363
22643 311139.45 113.8439278636 34.0907686742 3777446.510169 762500.4167846999 57.6413928419 -0.1484875534 0.6119284702 116.6406654059 11.2903204906 -5.6952371414 0.0470078833
22644 311139.53 113.8439376374 34.0907645579 3777446.078486 762501.3319258002 57.6418372598 -0.2131545847 0.678074308 116.7695565815 11.253376239 -5.711611236 -0.0415832873
22645 311139.61 113.8439473888 34.0907604286 3777445.645299 762502.2450375998 57.6371022658 0.0622982565 0.6033936119 116.9031031977 11.2385972415 -5.7249921836 -0.0534103513
22646 311139.69 113.8439571133 34.0907562938 3777445.211426 762503.1556753 57.6340764975 0.0789048058 0.6368611403 117.0440845418 11.1882032238 -5.7420163287 -0.0004046061
22647 311139.77 113.8439668039 34.0907521433 3777444.775728 762504.0632420002 57.6359218359 -0.0397501937 0.6189539639 117.1661863899 11.1621110463 -5.7529929228 0.0405321344
22648 311139.85 113.8439764666 34.0907479825 3777444.338821 762504.9682593 57.638425312 -0.179211447 0.6051501585 117.3149901608 11.1280469746 -5.7722993263 0.0238959196
22649 311139.93 113.8439861046 34.09074381 3777443.9005519985 762505.8710321 57.63688045 -0.2464834174 0.4764928637 117.495722417 11.105083979 -5.7816714369 -0.0334838632
22650 311140.01 113.8439957173 34.090739629 3777443.461262 762506.7715011998 57.6326887319 -0.2687563063 0.4510295806 117.6887467336 11.0661813163 -5.8039459067 -0.0550794516
22651 311140.09 113.8440052951 34.0907354214 3777443.018939 762507.6688260002 57.6295547895 -0.3518904945 0.5244762546 117.8486516868 11.0282726002 -5.8572978874 -0.0503903497
22652 311140.18 113.8440160336 34.0907306628 3777442.518461 762508.6750177 57.6222217586 -0.0799052844 0.5097497899 118.025056401 10.9877380026 -5.8751466341 -0.0764326727
22653 311140.27 113.844026731 34.0907258848 3777442.0157160014 762509.6774839001 57.6167275738 0.124341172 0.6357650661 118.1922953373 10.9385998464 -5.9023607504 -0.0185018215
22654 311140.36 113.8440373853 34.0907210851 3777441.510449 762510.6760275 57.6179224225 0.0966508493 0.6914272811 118.3657513299 10.9000599686 -5.9170599976 0.0384280302
22655 311140.45 113.8440480059 34.0907162722 3777441.003631 762511.6715056999 57.6233498417 -0.1330250638 0.6544364027 118.5650460348 10.8691116143 -5.9393866405 0.0539464363
22656 311140.54 113.8440585992 34.0907114442 3777440.495069002 762512.6645095 57.6255500428 -0.327407002 0.6208428898 118.8028690375 10.8416801859 -5.9599623265 -0.0203745077
22657 311140.61 113.8440668154 34.0907076686 3777440.097189 762513.434787 57.6227811677 -0.3883694458 0.5484531379 118.9972526471 10.8140268168 -5.9939729821 -0.0532005106
22658 311140.7 113.8440773512 34.0907027887 3777439.582721 762514.4226431998 57.6149129039 -0.2810132107 0.4434431261 119.2691212561 10.7822724886 -6.0320490897 -0.1044251109
22659 311140.79 113.8440878427 34.0906978682 3777439.06363 762515.4065377 57.6054789526 -0.0493534883 0.4409054634 119.5440009705 10.7283853021 -6.0909978789 -0.0848978656
22660 311140.88 113.844098285 34.0906929095 3777438.5401760014 762516.386005 57.6016205465 0.0475105748 0.4269398058 119.8416830856 10.6791307402 -6.1286976669 0.0156368521
22661 311140.97 113.8441086772 34.0906879148 3777438.012593 762517.3609540998 57.6039235862 -0.0383169343 0.4849061321 120.1561663206 10.6169705338 -6.1825405655 0.0372960859
22662 311141.06 113.8441190214 34.0906828758 3777437.479974 762518.3316074002 57.6059564101 -0.0910208713 0.4949775952 120.4494106849 10.5802044793 -6.2331210472 -0.0096919792
22663 311141.15 113.8441293233 34.0906778011 3777436.943285 762519.298471 57.6038254481 -0.0026430372 0.437916768 120.7064039914 10.539938278 -6.2767101073 -0.0100691199
22664 311141.24 113.8441395889 34.0906726963 3777436.40317 762520.2620806998 57.6027530478 -0.0237032953 0.4611693069 120.9323863846 10.5049248636 -6.3177830018 6.4085e-05
22665 311141.28 113.8441441385 34.0906704169 3777436.161903 762520.6891922 57.6029294822 -0.0393746608 0.5491133184 121.0225279289 10.4850463508 -6.328696473 0.0241959018
22666 311141.37 113.8441543491 34.0906652592 3777435.615767 762521.6478798002 57.6021654848 -0.0836961762 0.6832172541 121.1931397371 10.4564501791 -6.374055994 -0.0255837914
22667 311141.46 113.8441645343 34.0906600786 3777435.067029 762522.6042949002 57.5986010935 -0.0015800828 0.8285339964 121.3535477195 10.4344122347 -6.405657059 -0.0151889243
22668 311141.55 113.8441746874 34.0906548702 3777434.515125 762523.5578281 57.5957646314 0.0747213853 0.8893625909 121.4656464769 10.400760125 -6.4359950435 -0.0135980147
22669 311141.64 113.8441848236 34.0906496545 3777433.96236 762524.5098277 57.5964611704 -0.1287209981 0.8999792765 121.5965924656 10.3861644744 -6.4221613488 0.0058435075
