23692 311270.73 113.8464569069 34.0869438261 3777028.544364 762745.7536012 57.2860480705 0.4100967399 0.2672370498 9.4792589502 1.8952745888 11.3202709477 0.0569997459
23693 311270.82 113.8464587522 34.0869530148 3777029.568845 762745.8955741 57.2931891726 0.294406048 0.1906774466 9.3231850906 1.8758681339 11.3692142698 0.0476333994
23694 311270.91 113.8464605753 34.0869622493 3777030.598356 762746.0353505998 57.2970239855 0.303367406 0.1542301148 9.1570009969 1.8496398952 11.4305490275 0.0020611467
23695 311271.0 113.8464623867 34.0869715203 3777031.631892 762746.173933 57.3006469486 0.2892785185 0.2442373858 8.9761151468 1.8596266388 11.4668113366 0.107543658
23696 311271.09 113.8464641728 34.0869808234 3777032.66891 762746.3100829001 57.3052366413 0.1115647019 0.3726128012 8.7787073975 1.8100476088 11.508639571 -0.0088444481
23697 311271.18 113.8464659291 34.08699017 3777033.710691 762746.4433516 57.3045715764 0.0718712253 0.50514521 8.5898415741 1.7955745983 11.5647168885 -0.0310561681
23698 311271.23 113.8464668913 34.0869953791 3777034.291256 762746.5160835 57.3024780098 0.1309881586 0.5404360485 8.4815695846 1.7699071854 11.5915186999 -0.0505496546
23699 311271.32 113.8464685925 34.0870047871 3777035.339709 762746.6440665999 57.2991056638 0.2309432221 0.6138911853 8.2996184317 1.740287051 11.6428497339 -0.0299523846
23700 311271.41 113.8464702532 34.087014239 3777036.392931 762746.7681787 57.2976745153 0.2595480244 0.5302351761 8.1275260185 1.6790331627 11.6892390621 -0.0223999441
23701 311271.5 113.8464718686 34.0870237279 3777037.450134 762746.8879921 57.2996673072 0.2052330181 0.2747563326 7.9545777961 1.6394768616 11.7400418196 0.0263474398
23702 311271.59 113.8464734424 34.0870332559 3777038.511575 762747.0038435 57.3030607775 0.2645146837 0.1404685216 7.7894071686 1.6067561924 11.785995609 0.0161836805
23703 311271.68 113.846475004 34.0870428231 3777039.577329 762747.1184407 57.3022243008 0.2842476431 0.0283173489 7.6019051834 1.5919789215 11.8344234565 -0.0251471849
23704 311271.77 113.8464765327 34.0870524242 3777040.646767 762747.2299024 57.3040032117 0.1716778853 0.0227299382 7.4133508881 1.5610555701 11.86728391 0.0247640692
23705 311271.86 113.8464780443 34.0870620626 3777041.720292 762747.3396679 57.3045622911 0.0600016961 0.0774065122 7.2061599619 1.535230037 11.9213028095 -0.0450762289
23706 311271.95 113.8464795227 34.0870717379 3777042.797836 762747.4462505 57.3004277321 0.3072437713 0.1215443556 7.0096444017 1.508634099 11.968566877 -0.0582583809
23707 311272.04 113.846480968 34.0870814414 3777043.878417 762747.5496936 57.296896182 0.7260882674 0.1932822542 6.8126292232 1.4650991983 11.9901741441 -0.0067643003
23708 311272.06 113.846481284 34.0870836011 3777044.118912 762747.5721957 57.2972747898 0.7824466837 0.2058758942 6.7741678472 1.4584010676 12.005159318 0.0237952779
23709 311272.15 113.846482685 34.0870933313 3777045.2023410015 762747.6714663 57.3068911517 0.8644164268 0.2634040357 6.5816248823 1.4209415899 12.025450409 0.1820420827
23710 311272.24 113.8464840492 34.0871030876 3777046.288583 762747.7672591999 57.3253001589 0.61891775 0.3606292261 6.3811075303 1.3843486589 12.074297897 0.192363469
23711 311272.33 113.8464853831 34.0871128829 3777047.379069 762747.8601293 57.3398871422 0.3813390684 0.4516038518 6.1723559601 1.3536444002 12.1197425959 0.1120301781
23712 311272.42 113.8464866783 34.0871227224 3777048.474357 762747.9492878 57.3459300464 0.2149651419 0.5622450694 5.9779711309 1.3118438765 12.185732749 0.0065612543
23713 311272.51 113.8464879384 34.0871326129 3777049.575222 762748.0350518002 57.3436263353 0.2647209009 0.6033970341 5.7871850766 1.2776368894 12.2427421306 -0.0530420154
23714 311272.6 113.8464891581 34.0871425504 3777050.68119 762748.1169413 57.3393736305 0.315930493 0.5895332898 5.6015823151 1.2350146102 12.3023468192 -0.0490855935
23715 311272.69 113.8464903381 34.0871525335 3777051.792127 762748.1950207 57.3393977238 0.3092624714 0.5443130815 5.4124949283 1.1896550064 12.3549776326 0.0101375743
23716 311272.78 113.8464914829 34.0871625622 3777052.908029 762748.2697155 57.3426563656 0.2680028825 0.5024086737 5.2194907412 1.1604267747 12.4107491102 0.0220919006
23717 311272.82 113.8464919809 34.0871670338 3777053.405552 762748.3018676 57.3442698559 0.2599354459 0.4706840474 5.1346747379 1.1486503294 12.4376209205 0.0239595798
23718 311272.9 113.8464929542 34.0871760049 3777054.40364 762748.3639885 57.3467374491 0.4279883759 0.3405843632 4.9530657847 1.1072968453 12.4898384589 0.0099689462
23719 311272.98 113.8464938932 34.0871850189 3777055.406402 762748.4228140998 57.3469290528 0.5239599172 0.3554195915 4.785680345 1.0689794841 12.547088323 -0.0136737824
23720 311273.06 113.8464948101 34.0871940632 3777056.412475 762748.4795057 57.3533176808 0.42358532 0.3046426625 4.6043074422 1.0467143499 12.5824926947 0.1245411797
23721 311273.14 113.8464956962 34.087203143 3777057.422409 762748.5332412 57.3625865495 0.1347463175 0.2471808072 4.4237968949 1.0043924564 12.6404419139 0.0655045774
23722 311273.22 113.8464965496 34.087212263 3777058.4367160015 762748.5838376 57.3644960551 0.1421792101 0.2436740361 4.2440443827 0.961160144 12.6869471725 -0.0529016444
23723 311273.3 113.8464973783 34.0872214253 3777059.455648 762748.6320208 57.3575305445 0.4139319366 0.2681728412 4.0645486284 0.9433808198 12.7462042022 -0.1288245143
23724 311273.38 113.8464981803 34.0872306188 3777060.4779839986 762748.6776443 57.3550804528 0.695352684 0.2221093677 3.8797459629 0.9056541909 12.7816844697 0.060574561
23725 311273.46 113.8464989471 34.0872398395 3777061.503239 762748.7199239 57.3637688411 0.4957651196 0.2558243139 3.6877568552 0.8661275418 12.8238373627 0.1385178241
23726 311273.54 113.8464996831 34.0872490914 3777062.531886 762748.7592708 57.3771530278 0.3111323283 0.2900116449 3.5010298969 0.8313802797 12.8726033834 0.1309497602
23727 311273.58 113.8465000382 34.0872537298 3777063.047549 762748.7777141 57.3811720656 0.3182220204 0.2769980199 3.4167175883 0.8134545257 12.9003699986 0.0653681407
23728 311273.66 113.8465007197 34.0872630332 3777064.081767 762748.8118721999 57.3841564916 0.3473585793 0.2877010333 3.2501888069 0.7597777829 12.9391949994 -0.0006551298
23729 311273.74 113.8465013703 34.0872723662 3777065.119189 762748.8430781 57.3857892742 0.3741258842 0.3627762931 3.0917823019 0.7349492581 12.9794703864 0.007199595
23730 311273.82 113.8465019974 34.0872817294 3777066.159906 762748.8720282 57.3876752481 0.4967852739 0.3469809391 2.9226108088 0.7087918598 13.0237929599 0.0236873717
23731 311273.9 113.8465025911 34.0872911218 3777067.203781 762748.8977943001 57.3917679843 0.4194947416 0.3604427851 2.7599218176 0.6614594064 13.0563594937 0.0608217625
23732 311273.98 113.8465031562 34.0873005394 3777068.250369 762748.9208499001 57.39747163 0.4420703462 0.4172485619 2.5964955604 0.6425565116 13.0990669862 0.0675157653
23733 311274.06 113.8465036956 34.0873099859 3777069.300106 762748.9414464 57.4021248138 0.479973648 0.4702113844 2.442986182 0.5977406546 13.1246491161 0.027866249
23734 311274.14 113.8465042064 34.0873194594 3777070.352761 762748.9593103002 57.40670384 0.5697117125 0.487300735 2.295403222 0.5702993184 13.1627951952 0.0734519653
23735 311274.22 113.8465046877 34.0873289532 3777071.407589 762748.9743939 57.4152891748 0.4765763784 0.5064740201 2.1446558015 0.531617684 13.1890558319 0.119760909
23736 311274.3 113.8465051442 34.0873384744 3777072.465396 762748.9870916 57.4239188349 0.2783847953 0.5758849348 1.9804641229 0.5149459849 13.2356546974 0.0629964576
23737 311274.37 113.8465055224 34.087346832 3777073.39387 762748.9961684 57.4284843318 0.13168922 0.6232138729 1.8353967972 0.4793982696 13.2740111559 0.048098954
23738 311274.45 113.8465059233 34.0873564111 3777074.457962 762749.0035569002 57.4289396824 -0.1189866069 0.7307664848 1.6691060638 0.4409539754 13.3186039943 -0.0701100199
23739 311274.53 113.8465062963 34.0873660196 3777075.525254 762749.0082857 57.4233418088 0.0280123331 0.7301067202 1.5058536738 0.406556004 13.3546894475 -0.1077192231
23740 311274.61 113.8465066264 34.0873756622 3777076.596201 762749.0089486998 57.413189292 0.3158074365 0.72291109 1.3596202193 0.3501102479 13.4046925185 -0.1624539103
23741 311274.69 113.8465069164 34.087385331 3777077.669962 762749.0058160998 57.4081952674 0.7543496734 0.5850745841 1.237068702 0.3061813704 13.4334706018 0.0661451503
23742 311274.77 113.8465071674 34.0873950128 3777078.745076 762748.9990553 57.4206928341 0.6061397812 0.5016751656 1.1245975614 0.2704081751 13.4505626647 0.2084179021
23743 311274.85 113.8465074008 34.0874047185 3777079.822779 762748.9905880998 57.4383744318 0.3282039303 0.3736479454 1.0015092249 0.2540209412 13.4895387968 0.2025113933
23744 311274.93 113.8465076077 34.0874144525 3777080.903568 762748.9795862 57.4475996941 0.2623762703 0.3253968016 0.8931920795 0.2228294996 13.5332861686 0.0338901777
23745 311275.01 113.8465078024 34.087424219 3777081.9879190014 762748.9673645 57.4465052523 0.370796971 0.2808660297 0.7766005464 0.2129677494 13.5715143432 -0.0446942628
23746 311275.09 113.8465079714 34.0874340102 3777083.074953 762748.9526882 57.4444798287 0.3917815601 0.3108668368 0.6612386647 0.1833706144 13.6023539854 0.0005186514
23747 311275.15 113.8465080884 34.0874413694 3777083.891962 762748.9407343002 57.4458692828 0.3015480251 0.3484603422 0.5708619704 0.1784456143 13.6339958847 0.0258369226
23748 311275.23 113.8465082232 34.0874512091 3777084.98429 762748.9227429 57.4467890048 0.2541096753 0.3854636634 0.4627808501 0.1413568267 13.6766244412 -0.0193513224
23749 311275.31 113.8465083367 34.0874610767 3777086.079656 762748.9027116002 57.4471516013 0.2938210673 0.4331904984 0.3627871265 0.1238175298 13.7189481276 0.0042952049
23750 311275.39 113.8465084273 34.0874709689 3777087.177698 762748.8804851 57.4493481834 0.2915758811 0.4097411903 0.2745335478 0.0871195479 13.7456091576 0.0282168365
23751 311275.47 113.8465084925 34.0874808863 3777088.278469 762748.8558351998 57.4537689854 0.2782008382 0.4177429779 0.1937086037 0.0707927153 13.7870242452 0.0605370355
23752 311275.55 113.846508543 34.0874908268 3777089.381774 762748.8297505 57.4574335972 0.2243618279 0.3997541776 0.1085164666 0.0448065283 13.8101197175 0.018975577
23753 311275.63 113.8465085756 34.0875007926 3777090.487833 762748.8019428998 57.4594693771 0.1828236141 0.4052113909 0.0230663328 0.0375173816 13.8513307937 0.0031050464
23754 311275.71 113.846508595 34.0875107807 3777091.59633 762748.7728419 57.4607768292 0.0209563208 0.420234658 359.9221659132 0.0078400571 13.8733004137 0.0209149568
23755 311275.79 113.8465085958 34.0875207918 3777092.707328 762748.7419588 57.4597683083 -0.1365717668 0.5085940105 359.8278682194 -0.0053679053 13.9122532621 -0.0818561416
23756 311275.87 113.8465085795 34.0875308315 3777093.8214629986 762748.7094057 57.4524230389 -0.1162374029 0.5605231514 359.7295192567 -0.0315333498 13.9522388063 -0.1171482098
23757 311275.95 113.8465085422 34.0875408917 3777094.937824 762748.6748510002 57.4436696544 -0.0051461032 0.5871096707 359.6233345092 -0.0506487533 13.9814752019 -0.1110069863
23758 311276.0 113.8465085081 34.0875471898 3777095.6366839986 762748.6522235 57.4401683761 0.081840069 0.5897019988 359.5500586422 -0.0722761426 13.9945339245 -0.045944465
23759 311276.08 113.8465084277 34.087557287 3777096.757035 762748.6135696 57.437751432 0.1720745839 0.5444232573 359.4348045912 -0.1119929806 14.0216069248 -0.0112245016
23760 311276.16 113.8465083194 34.0875674069 3777097.879828 762748.5722714 57.439187401 0.1366008715 0.5243965622 359.3231584469 -0.1405633307 14.0459586515 0.0246516298
23761 311276.24 113.8465081869 34.0875775441 3777099.004481 762748.5286841998 57.4413561588 0.0566509319 0.5588880929 359.2168204031 -0.1625057501 14.0708309671 -0.001202346
23762 311276.32 113.8465080379 34.0875876993 3777100.131094 762748.48352 57.441668354 -0.0542247171 0.5730621886 359.1113816687 -0.1796147346 14.0971552224 -0.0267492358
23763 311276.4 113.8465078696 34.0875978731 3777101.259723 762748.4365176 57.4366182787 0.0762034589 0.6333518141 359.0128831766 -0.2046496989 14.12575194 -0.0819055192
23764 311276.48 113.8465076801 34.0876080637 3777102.390161 762748.3875031 57.4296709001 0.2533288543 0.6149665262 358.935316654 -0.2344643099 14.1382079307 -0.0881929398
23765 311276.56 113.8465074672 34.0876182668 3777103.521926 762748.3362987 57.4293308882 0.2946275819 0.6197624443 358.8813323954 -0.2435348241 14.1696420176 0.0702287935
23766 311276.64 113.8465072395 34.0876284831 3777104.655112 762748.2836781 57.4346347926 0.0785660954 0.5419287435 358.8284971311 -0.2780273845 14.1710018254 0.0500762641
23767 311276.72 113.846506998 34.0876387222 3777105.7908 762748.2297149998 57.4387784889 -0.1765820905 0.5209963082 358.7829771673 -0.2732236912 14.2145888257 0.1078581627
23768 311276.8 113.8465067473 34.0876489876 3777106.929373 762748.1748134 57.433129942 -0.4778566086 0.4002588727 358.7229282565 -0.3010560782 14.23770065 -0.1063071688
23769 311276.88 113.846506479 34.0876592745 3777108.070297 762748.1182303 57.4225928541 -0.6041976785 0.3429043277 358.6811449802 -0.3077209863 14.2800134746 -0.1616694548
23770 311276.95 113.8465062351 34.087668303 3777109.071621 762748.0677894 57.4034919404 -0.4314415298 0.2161107714 358.6473325273 -0.323477537 14.3242887907 -0.2682828885
23771 311276.97 113.8465061624 34.087670886 3777109.358088 762748.0530861 57.3975673122 -0.4993818057 0.2059182237 358.6355891029 -0.3359180363 14.3312479306 -0.300559881
23772 311277.04 113.8465059021 34.087679938 3777110.361987 762748.0010604998 57.3785043238 -0.172743214 0.0647167721 358.5982909854 -0.3486516476 14.3541463808 -0.2409791559
23773 311277.11 113.8465056309 34.0876890102 3777111.368093 762747.9479591 57.369359618 -0.0803065541 -0.0670200167 358.5527703843 -0.3566418527 14.3927409313 -0.0737720054
23774 311277.18 113.8465053431 34.0876980977 3777112.375857 762747.8932765 57.3692352027 -0.2648209699 -0.1212325872 358.5223091263 -0.3756932246 14.4193340476 0.0331794028
23775 311277.25 113.8465050494 34.0877072059 3777113.385898001 762747.8379943002 57.36969289 -0.4833520641 -0.2002844311 358.4899724782 -0.3825775909 14.4493660617 -0.0375492849
23776 311277.32 113.8465047483 34.087716336 3777114.398361 762747.7819519 57.3647518186 -0.5476840546 -0.2462351675 358.4556203121 -0.3933471704 14.4838989854 -0.1246089739
23777 311277.39 113.8465044446 34.0877254908 3777115.413551002 762747.725599 57.3538954807 -0.5969173595 -0.2317705292 358.4182948323 -0.3926997851 14.5284121755 -0.2081281136
23778 311277.46 113.8465041419 34.0877346676 3777116.431181 762747.669275 57.3388341647 -0.5305360579 -0.1491597427 358.3674831339 -0.3921189553 14.5605511972 -0.242355614
23779 311277.53 113.8465038399 34.0877438671 3777117.451342 762747.6129343002 57.3228654331 -0.4763089687 0.035120297 358.3071468229 -0.390584967 14.6067865082 -0.2634234398
23780 311277.6 113.8465035382 34.0877530889 3777118.473971 762747.5565636 57.3062124504 -0.2510308824 0.2030135531 358.2383557319 -0.3978066842 14.6308304855 -0.2265523671
23781 311277.67 113.8465032273 34.0877623311 3777119.498851 762747.4992714 57.2951346785 -0.0479838596 0.40973047 358.1783536732 -0.4087920675 14.6639429298 -0.1176757143
23782 311277.74 113.8465029062 34.0877715916 3777120.525729 762747.4409796 57.2912239935 -0.0194355786 0.5452741965 358.1235118283 -0.4259001456 14.6907345858 -0.0089081093
23783 311277.81 113.8465025683 34.08778087 3777121.554544002 762747.3810837 57.2908314411 -0.0433538079 0.6708444016 358.0763091542 -0.447360108 14.7152732871 -0.0139008595
23784 311277.88 113.8465022164 34.0877901703 3777122.585762 762747.3198341999 57.2896672711 0.0180811341 0.743686612 358.0328421211 -0.4609842594 14.7556133048 -0.0251958723
23785 311277.95 113.8465018512 34.0877994877 3777123.618838 762747.2572949 57.2880412685 -0.0773101158 0.8137624254 357.9802976841 -0.4785879503 14.7820893207 -0.0274375951
23786 311278.02 113.846501472 34.0878088232 3777124.653893 762747.1934136 57.2834409699 -0.0131243684 0.8645792604 357.9242186303 -0.4992099613 14.8128650282 -0.1272023144
23787 311278.09 113.8465010861 34.087818174 3777125.690621 762747.1288604002 57.2768873461 0.2965223292 0.8471300963 357.8566360212 -0.5169190375 14.8448875374 -0.1203190496
23788 311278.16 113.8465006841 34.0878275409 3777126.729096 762747.0627766 57.2728895117 0.3575568212 0.7879235992 357.7607667567 -0.5429616884 14.8657879406 -0.0435353205
23789 311278.2 113.8465004433 34.0878328959 3777127.322765 762747.0239785998 57.2746720761 0.3601586715 0.793490241 357.6979266484 -0.5661488265 14.8669047605 0.1112145525
23790 311278.27 113.8465000088 34.0878422801 3777128.363076 762746.9548365 57.2825072287 0.0326146377 0.8503296108 357.5735202124 -0.5890854963 14.8911559336 0.1182147067
23791 311278.34 113.8464995486 34.0878516836 3777129.405463 762746.8832652 57.2859040424 0.006708241 0.752563277 357.4454501849 -0.6367691345 14.9224117153 -0.0242575152
