24579 311330.01 113.8399461963 34.0909894505 3777460.782061 762132.106637 58.3178096172 -0.0558482381 0.5696429953 242.9549456614 -14.2319470331 -7.2308687179 -0.0029099113
24580 311330.07 113.8399369456 34.0909855286 3777460.323069 762131.2646215 58.3145350684 0.0788507786 0.6144281317 242.8170560366 -14.2199132522 -7.2749330095 -0.1036134553
24581 311330.14 113.8399261606 34.0909809249 3777459.784486 762130.2830518001 58.309928936 0.2317365647 0.6567678049 242.6634039748 -14.2108072148 -7.316376856 -0.0444332578
24582 311330.21 113.8399153914 34.0909762975 3777459.243297 762129.3030063001 58.3091886304 0.0547499131 0.6319248424 242.4874943391 -14.1842736719 -7.3593427548 0.0238070659
24583 311330.28 113.8399046364 34.0909716401 3777458.69883 762128.3243674 58.3106256239 -0.1205898806 0.6468579419 242.3212043734 -14.1695501628 -7.4052722403 -0.0024738103
24584 311330.35 113.8398938897 34.0909669528 3777458.151059 762127.3465861002 58.3080309154 -0.2674814747 0.6973739531 242.1608614556 -14.1580247269 -7.4540562769 -0.0590275757
24585 311330.42 113.8398831514 34.0909622347 3777457.599886 762126.3696721 58.3004996032 -0.2060101669 0.7053546644 242.0127715408 -14.1475399342 -7.4975581069 -0.1275057806
24586 311330.49 113.8398724206 34.0909574907 3777457.045864 762125.3935383002 58.2923420891 -0.1245092509 0.6791322093 241.8596148707 -14.1457992922 -7.5454696524 -0.1136211391
24587 311330.56 113.8398617025 34.0909527178 3777456.48867 762124.4186659 58.2853981201 -0.014551946 0.6157101236 241.7145791637 -14.122749198 -7.587202677 -0.0940400689
24588 311330.63 113.8398509971 34.0909479165 3777455.928352 762123.4450471 58.2817109236 0.0851179744 0.5352142903 241.5763820431 -14.1051642717 -7.6298570884 -0.0246195593
24589 311330.7 113.8398403033 34.0909430878 3777455.365027 762122.4725864 58.2807294419 0.0478635658 0.5118064445 241.439412798 -14.0883378108 -7.6694045314 0.0120134605
24590 311330.73 113.8398357224 34.090941012 3777455.1229 762122.0560386998 58.2809941303 -0.0294665411 0.493121251 241.3778771551 -14.086308569 -7.6820087442 0.0056023086
24591 311330.8 113.8398250389 34.0909361527 3777454.556197 762121.0846216999 58.2808913207 -0.0494162291 0.4500642009 241.2369747331 -14.0773385664 -7.7196294966 0.0073588583
24592 311330.87 113.839814364 34.0909312682 3777453.9867260014 762120.1140745 58.2780155493 -0.1160717054 0.4598595439 241.0946771243 -14.0621427144 -7.7558332587 -0.0455197961
24593 311330.94 113.8398036946 34.0909263626 3777453.414929 762119.1441084001 58.2736589806 -0.020403202 0.4849100898 240.9547783343 -14.0589869928 -7.7883281635 -0.0525400015
24594 311331.01 113.8397930327 34.0909214355 3777452.840766001 762118.1748958002 58.26814627 0.0185409651 0.4941456536 240.811816693 -14.0457478956 -7.820205327 -0.0598795016
24595 311331.08 113.8397823811 34.0909164841 3777452.263935 762117.2067113002 58.2636902379 0.1995824756 0.4897072794 240.6736886619 -14.0362053513 -7.8638149032 -0.0420655924
24596 311331.15 113.8397717417 34.090911509 3777451.684497 762116.2397251 58.262754716 0.1645723254 0.5197788133 240.5381874596 -14.0178365587 -7.9034499338 0.0283140362
24597 311331.22 113.8397611149 34.0909065112 3777451.1025769985 762115.2739657 58.2652442064 0.0889513952 0.5297940203 240.4112229801 -13.9988593849 -7.9373178132 0.0445034052
24598 311331.29 113.8397504966 34.0909014908 3777450.5181660014 762114.3090719 58.2678966466 -0.0576585348 0.5001490304 240.28192056 -13.9954281317 -7.9769062371 0.0233506345
24599 311331.36 113.8397398881 34.090896445 3777449.930969 762113.3451587 58.2660480672 -0.0474812316 0.4831493434 240.1590584417 -13.9795315803 -8.0145529334 -0.0670305744
24600 311331.43 113.8397292867 34.0908913762 3777449.341239 762112.3819614998 58.2613839312 0.0876813952 0.4746100601 240.0436789261 -13.9695971837 -8.0442775781 -0.0615462632
24601 311331.45 113.8397262577 34.0908899245 3777449.172361 762112.1067778001 58.2604880258 0.0387097125 0.4837074811 240.0084361566 -13.9760170774 -8.0557023783 -0.0405296252
24602 311331.52 113.8397156676 34.0908848332 3777448.580161 762111.1447026 58.2580224956 -0.0007288521 0.4966864009 239.8828318133 -13.954481193 -8.0837797237 -0.0295468409
24603 311331.59 113.8397050826 34.0908797263 3777447.986231 762110.1831415 58.2567091472 -0.0987411659 0.5172116106 239.7521046297 -13.9512680899 -8.1067137021 -0.0329676459
24604 311331.66 113.8396945063 34.0908745938 3777447.389493 762109.2224621 58.2526747026 -0.1040446315 0.5365070557 239.6352079828 -13.9364576629 -8.1545104325 -0.0689864103
24605 311331.73 113.8396839371 34.090869441 3777446.79052 762108.2625135 58.2471901234 -0.0556415591 0.5290371752 239.5299921143 -13.9321402801 -8.1832340448 -0.0882064935
24606 311331.8 113.8396733773 34.0908642672 3777446.189239 762107.3034869 58.2425516229 -0.0102893432 0.4682388485 239.432604477 -13.9129343395 -8.2175826393 -0.047919614
24607 311331.87 113.8396628265 34.0908590738 3777445.585805998 762106.3453526 58.2406709129 -0.1686432033 0.4186370936 239.3323103248 -13.9041823806 -8.2485657304 -0.0180749499
24608 311331.94 113.8396522824 34.0908538602 3777444.980151002 762105.3878928 58.2378584752 -0.2715190096 0.3137816486 239.238758942 -13.896339904 -8.2822741421 -0.0664581244
24609 311332.01 113.8396417448 34.0908486233 3777444.37193 762104.4311154 58.2308794986 -0.3027493018 0.2050722325 239.1585597289 -13.8904773869 -8.3197307586 -0.1214275763
24610 311332.08 113.8396312097 34.0908433604 3777443.760822 762103.4746462 58.2207444366 -0.1290263632 0.0561563312 239.0860140875 -13.8889723524 -8.3529617761 -0.1767253241
24611 311332.15 113.8396206752 34.090838081 3777443.147893 762102.5182781002 58.212793543 -0.0525634117 -0.0393983745 239.0062981923 -13.897431589 -8.3720535472 -0.0714640128
24612 311332.22 113.8396101484 34.0908327918 3777442.533898 762101.5626640002 58.21072964 -0.1523940157 -0.1009689942 238.917910295 -13.87385734 -8.381179014 -0.0289671201
24613 311332.24 113.8396071391 34.0908312782 3777442.358196 762101.289483 58.2110281102 -0.1818230294 -0.1004875476 238.8952510547 -13.8878593135 -8.3912494203 0.018731414
24614 311332.31 113.8395966088 34.0908259694 3777441.742011 762100.3335919002 58.2072777273 -0.3202183399 -0.1014193256 238.8168133405 -13.8798623923 -8.4213232732 -0.1044516263
24615 311332.38 113.8395860795 34.0908206432 3777441.12389 762099.377851 58.1996549107 -0.1305544749 -0.0814632718 238.7524716396 -13.8794854164 -8.4404161277 -0.1199457577
24616 311332.45 113.839575545 34.0908153057 3777440.50451 762098.421667 58.1941749016 -0.261971024 -0.0430440483 238.6849945841 -13.8971242391 -8.4627149277 -0.0768578593
24617 311332.52 113.8395650161 34.090809954 3777439.883579 762097.4660435 58.1861901162 -0.0469486934 -0.0814145405 238.6100418053 -13.8710147906 -8.4851450937 -0.1237191715
24618 311332.59 113.8395544836 34.0908045877 3777439.261000002 762096.5101306 58.1805141913 0.1044357311 -0.0408228669 238.5483109994 -13.8826540457 -8.5061611664 -0.063867669
24619 311332.66 113.8395439557 34.0907992083 3777438.636991 762095.5546898 58.1790603939 0.1379752546 0.0269974265 238.495479775 -13.8784471973 -8.5340821665 0.005020803
24620 311332.73 113.8395334278 34.0907938183 3777438.011799 762094.5992689 58.1806011051 0.2400837107 0.1066068929 238.4383507195 -13.883343506 -8.5344811441 0.0146051577
24621 311332.8 113.8395228976 34.0907884238 3777437.386101 762093.6436573 58.1865098653 0.0624146171 0.1388689971 238.3575456854 -13.8832298324 -8.5490669319 0.1149872205
24622 311332.87 113.8395123702 34.0907830153 3777436.758867 762092.6883454 58.1905561127 -0.2230585302 0.2700134368 238.2790265894 -13.8840418015 -8.5738778459 -0.0068693419
24623 311332.94 113.8395018404 34.0907775907 3777436.129833 762091.7328655 58.1850485848 -0.0949681446 0.2995007785 238.188692853 -13.880020569 -8.6059950496 -0.1470305527
24624 311333.01 113.8394913104 34.0907721446 3777435.4984120014 762090.7774279 58.1749846665 0.1560692812 0.3150817363 238.0948230148 -13.8809988332 -8.6356625323 -0.1419638552
24625 311333.08 113.8394807937 34.0907666852 3777434.865547 762089.8232609 58.1695059286 0.3000428696 0.2754893899 237.9798207895 -13.8600227988 -8.6631715554 -0.0052065923
24626 311333.15 113.8394702902 34.0907612063 3777434.230553 762088.8703716998 58.1728163147 0.1325049768 0.2788218048 237.8587371472 -13.8462816818 -8.6991606249 0.08777757
24627 311333.19 113.8394642925 34.090758066 3777433.866658998 762088.3262936 58.1757149845 0.0230292533 0.2794473394 237.7862932224 -13.836681915 -8.7178933198 0.0675567263
24628 311333.26 113.839453803 34.0907525505 3777433.227644 762087.374813 58.1787201511 -0.0384100029 0.2168174818 237.6739689349 -13.826931464 -8.7639012653 0.0107601534
24629 311333.33 113.8394433193 34.0907470098 3777432.585839 762086.4239415 58.176695901 -0.0057415844 0.227432122 237.5747965168 -13.8230773034 -8.7965967651 -0.0584687367
24630 311333.4 113.8394328408 34.0907414528 3777431.942244998 762085.4736015998 58.1744696647 -0.0348902431 0.187123531 237.466674717 -13.8127968387 -8.8216532591 -0.0266654001
24631 311333.47 113.8394223688 34.0907358782 3777431.296721 762084.5239194002 58.1727721877 -0.142392492 0.1487546117 237.3444733148 -13.8092884783 -8.8522955048 -0.0462196422
24632 311333.54 113.8394119008 34.0907302811 3777430.648699 762083.5746733 58.1666301973 -0.079795395 0.1729712172 237.2280092767 -13.8071493606 -8.8910071905 -0.1309592762
24633 311333.61 113.8394014364 34.0907246629 3777429.998354 762082.625827 58.1576462323 0.0944225117 0.1753891139 237.110655417 -13.7990383442 -8.9167104033 -0.1147162649
24634 311333.68 113.8393909817 34.0907190258 3777429.345922 762081.6779271 58.1535803685 0.1845309275 0.2212047132 236.9803248265 -13.7802349375 -8.9454159784 -0.0032852574
24635 311333.75 113.8393805322 34.0907133734 3777428.691821 762080.7305629002 58.1549583115 0.1487507302 0.2778210389 236.8234753963 -13.7841760968 -8.9682371035 0.0513940543
24636 311333.82 113.8393700953 34.0907076961 3777428.034987 762079.7844321999 58.1585193686 0.0765633377 0.3902474384 236.6647061546 -13.7564563846 -9.0215010568 0.0346192683
24637 311333.89 113.8393596695 34.090701993 3777427.375312 762078.839408 58.1598759117 0.2381601724 0.5017902663 236.5091848997 -13.7413247098 -9.0517213483 0.0054040571
24638 311333.92 113.8393552034 34.0906995412 3777427.0917589986 762078.4346195 58.1599651771 0.2562145555 0.5355305363 236.4365264325 -13.739023598 -9.0780985464 -0.0065687105
24639 311333.99 113.8393447964 34.0906937991 3777426.427806 762077.4914493 58.1610635398 0.3274694273 0.7267978311 236.2766062373 -13.7176258107 -9.1191405438 0.0303654501
24640 311334.06 113.8393344006 34.0906880411 3777425.762109 762076.5493643002 58.1657201583 0.2256373658 0.9042068158 236.0954230063 -13.6969769783 -9.1512571531 0.1107732034
24641 311334.13 113.8393240172 34.0906822595 3777425.093837002 762075.6084936 58.1700586779 -0.0665495551 0.9857106202 235.8991643593 -13.660886817 -9.1995707721 0.0277786264
24642 311334.2 113.839313652 34.0906764418 3777424.421599 762074.6694216 58.1675420841 -0.1340349248 1.105740372 235.7182251022 -13.6433199856 -9.2513591638 -0.06990628
24643 311334.27 113.8393032974 34.0906705916 3777423.745796 762073.7314293 58.1628334941 -0.3879001738 1.2316095362 235.5339164976 -13.6503889753 -9.3082811655 -0.1410413611
24644 311334.34 113.8392929667 34.0906647066 3777423.066175 762072.7957415 58.1535431761 -0.3440097144 1.1473128492 235.3282161809 -13.6021857521 -9.3619209758 -0.1568252124
24645 311334.41 113.8392826549 34.0906587825 3777422.382275 762071.8619297 58.1449697614 -0.336889392 1.0980459433 235.130511817 -13.5857709417 -9.4263679118 -0.1505014298
24646 311334.48 113.8392723642 34.0906528181 3777421.693947 762070.9301775 58.133194657 -0.1871139323 1.0565411622 234.945694245 -13.5547174744 -9.4880830467 -0.167464414
24647 311334.55 113.8392620918 34.0906468198 3777421.001907 762070.000235 58.1245042803 0.1015701479 0.9637206211 234.7594445522 -13.5280952438 -9.5327443625 -0.0674485091
24648 311334.57 113.839259161 34.0906451002 3777420.803558 762069.7349371 58.1237566238 0.0897331442 0.9637394558 234.7086889516 -13.5191654408 -9.5494099752 -0.0237195
24649 311334.64 113.8392489127 34.0906390647 3777420.107443 762068.8073238 58.1257152697 0.0699013911 0.9220268007 234.5138096284 -13.5038821305 -9.591951111 0.0646590778
24650 311334.71 113.8392386842 34.0906329966 3777419.407774 762067.8816435002 58.1301125148 -0.0283341114 0.8529643074 234.3144097032 -13.4741257005 -9.6512195378 0.0362852913
24651 311334.78 113.8392284707 34.0906268938 3777418.704294998 762066.9574475002 58.1308221761 -0.0538232427 0.8817882959 234.1302348645 -13.461153159 -9.7001185825 -0.0296879911
24652 311334.85 113.8392182713 34.0906207625 3777417.997678 762066.0346496998 58.1284395968 -0.0604333311 0.8545772809 233.9347640626 -13.4379950292 -9.7477162338 -0.0594900388
24653 311334.92 113.8392080889 34.0906145971 3777417.287336 762065.1135234 58.1239726087 -0.0969633397 0.8242734777 233.7400558165 -13.4116840128 -9.8007036158 -0.076701111
