27691 312309.71 113.8463017897 34.0879619951 3777141.138679 762728.2823231998 57.3344516559 0.0409768256 0.7309676498 172.8834819115 0.0754876363 -0.5631474737 -0.0085087944
27692 312311.02 113.8463030318 34.0879530163 3777140.145429 762728.4247826 57.3342914293 0.0446889089 0.6902413159 172.961555711 0.1188338751 -0.9482885243 -0.0100940118
27693 312311.81 113.8463042959 34.0879439192 3777139.139109 762728.5696286998 57.3281389056 0.4026181081 0.7274468414 173.1274372074 0.2127228474 -1.7253690077 -0.0085177305
27694 312312.29 113.8463055882 34.0879347997 3777138.1303800014 762728.7171561 57.3221633332 0.6017920835 0.7377209066 173.3881977804 0.2935356974 -2.4897124402 -0.0202805309
27695 312312.65 113.8463068166 34.087925817 3777137.136673 762728.8583583 57.3208394749 0.6021545691 0.7049373713 173.6979874178 0.3377640928 -3.0322230301 0.0104460598
27696 312312.96 113.846307995 34.0879167749 3777136.136239 762728.9951239 57.3275303682 0.3920249096 0.7446031645 174.0086009497 0.3533641895 -3.4439950063 0.0077825382
27697 312313.24 113.8463091219 34.0879076249 3777135.123689 762729.1274659 57.3229932254 0.4909169768 0.7822465033 174.1766562558 0.3918077741 -3.7856994374 0.0197664763
27698 312313.5 113.8463102562 34.0878983879 3777134.1015160014 762729.2607643 57.3255290883 0.4699138392 0.6965586217 174.2750472493 0.4115296232 -4.072207784 -0.0062806351
27699 312313.74 113.8463113456 34.0878893086 3777133.096726 762729.3894326 57.327792854 0.3993340762 0.7331762603 174.3155331623 0.4215180859 -4.294747938 0.0001885653
27700 312313.97 113.8463124312 34.0878802067 3777132.0894160015 762729.5178223002 57.331134377 0.3012467123 0.790819268 174.3323905066 0.4414621623 -4.4624281551 0.0219990102
27701 312314.19 113.8463135125 34.0878711856 3777131.09106 762729.6455605 57.331394555 0.2608760478 0.6839961124 174.2932587229 0.4605303246 -4.623177644 -0.0149116536
27702 312314.41 113.8463146109 34.0878618425 3777130.057018 762729.7758686999 57.3318947237 0.1536887138 0.8248417277 174.0918209645 0.4805477211 -4.7895363726 -0.0130657605
27703 312314.62 113.846315751 34.0878526381 3777129.038473998 762729.9096029998 57.3319938369 0.1312619002 0.8612280959 173.7544990541 0.5370972015 -4.9282934192 -0.0190003565
27704 312314.82 113.8463169462 34.0878436377 3777128.042717 762730.0477923 57.3351439461 0.1612515432 0.8624579179 173.3075451852 0.5789958478 -5.0515424851 -0.0109494566
27705 312315.02 113.8463182477 34.0878344127 3777127.022298 762730.1964922 57.3284126259 0.5112446586 0.9481691084 172.7012632252 0.6446532346 -5.1683395374 -0.0118162326
27706 312315.21 113.8463196458 34.0878254766 3777126.034194 762730.3532181998 57.3317881571 0.5483732294 0.9393824809 171.9902590789 0.7235648557 -5.2645117717 0.0273317941
27707 312315.27 113.8463201226 34.0878226222 3777125.718644 762730.406072 57.333980809 0.541944835 0.9158493466 171.7474811207 0.7465297709 -5.2898360651 0.0463127028
27708 312315.46 113.8463217351 34.0878135063 3777124.71114 762730.5831464 57.3440629384 0.3577753096 0.9342011341 170.9274508386 0.8241772123 -5.3447417206 0.0420471589
27709 312315.65 113.846323505 34.0878043672 3777123.701457 762730.774837 57.3515992248 0.3474392753 1.0017998109 170.0847051593 0.8925854433 -5.3179320319 0.043611946
27710 312315.84 113.8463254331 34.0877953126 3777122.701572 762730.9808591999 57.3584554596 0.3231837571 1.0021778159 169.1433148981 0.9811259063 -5.2391280842 0.0229492623
27711 312316.03 113.8463275253 34.0877863815 3777121.715805 762731.2016656002 57.3624761105 0.442382811 0.9132132303 168.1993606354 1.0493680667 -5.1729780289 0.0599351235
27712 312316.23 113.8463298825 34.0877771223 3777120.694314 762731.4479470998 57.374587507 0.3544887319 0.8506260823 167.2230417956 1.129138933 -5.0944567709 0.033084405
27713 312316.43 113.8463324012 34.0877680079 3777119.6893 762731.7086962 57.3801735025 0.4523442708 0.7237079758 166.2793956425 1.2009125953 -5.0120725383 0.0528814265
27714 312316.63 113.8463350852 34.0877590568 3777118.702842 762731.9842009 57.3927023523 0.4672387823 0.3622089262 165.4420923552 1.2698681224 -4.9236916136 0.0559876402
27715 312316.81 113.8463375807 34.0877511236 3777117.82886 762732.2391486998 57.3998977849 0.3618799078 0.3373272874 164.700226057 1.2859404796 -4.8598125852 0.0225477014
27716 312317.02 113.846340577 34.0877420167 3777116.825908 762732.5439675 57.4093497619 0.3584319254 0.4368115502 163.8738144301 1.3521912842 -4.7630854692 0.0637586338
27717 312317.23 113.8463437588 34.0877330727 3777115.841524 762732.8654165 57.4217805238 0.2518674351 0.1920774173 163.1081524335 1.4087671939 -4.6975103908 0.0030611531
27718 312317.44 113.8463470353 34.0877242311 3777114.868738 762733.1952927 57.4241548684 0.3665350903 0.075605667 162.5062583267 1.4450754104 -4.6476387493 0.0515452082
27719 312317.65 113.8463503898 34.0877154224 3777113.899801 762733.532263 57.4341855189 0.2760543848 0.1188496781 161.903017229 1.4981833008 -4.6431609787 0.0367790529
27720 312317.86 113.8463538813 34.087706643 3777112.934478 762733.8818001 57.4421282681 0.1380945317 0.002636024 161.331748683 1.5494502628 -4.6322853142 0.0311578474
27721 312318.03 113.8463567933 34.0876995473 3777112.154506 762734.172624 57.446346201 0.0005324903 -0.0868396878 160.8607068528 1.5899485647 -4.6290676271 0.0298348348
27722 312318.24 113.8463605089 34.0876907803 3777111.191125 762734.5428044002 57.4496102827 -0.0720898171 -0.2573327492 160.2696040435 1.6489593341 -4.6190438367 0.0129490484
27723 312318.45 113.8463643448 34.0876820312 3777110.230055 762734.9240442 57.4497094424 0.0059244776 -0.3980051573 159.6784255321 1.6968631261 -4.6111338057 -0.022452498
27724 312318.66 113.8463682826 34.0876732974 3777109.270935 762735.3146476998 57.4461388681 0.3800831952 -0.3753776933 159.0576643079 1.7359804764 -4.598082057 -0.0005438918
27725 312318.87 113.846372319 34.0876645928 3777108.3153 762735.7142638002 57.4495966639 0.7926244642 -0.177638111 158.3567218991 1.7953128048 -4.5851758217 0.0151371415
27726 312319.08 113.8463765228 34.0876559126 3777107.362816 762736.1292591 57.4528614096 1.1155098095 -0.1371401674 157.5323037739 1.8766889224 -4.5754682279 0.0634874808
27727 312319.29 113.8463808304 34.0876472426 3777106.411725 762736.5538069998 57.4770361064 0.8793783897 0.4198027618 156.5835181217 1.9207692071 -4.5884400646 0.1448333963
27728 312319.5 113.8463853745 34.0876385896 3777105.463134 762737.000148 57.4991387567 0.5053151066 0.5603910269 155.3909979255 2.0698743486 -4.5561525715 0.0815719269
27729 312319.7 113.8463899794 34.08763039 3777104.565018 762737.4506869002 57.5089050178 0.6206377846 0.402619469 154.2102965779 2.1502569661 -4.5523952031 0.0659423351
27730 312319.9 113.8463947901 34.0876222114 3777103.669763 762737.9201734 57.5161947254 0.7666188827 0.4127544184 152.9195517252 2.2968096411 -4.5219466373 0.0060032182
27731 312320.1 113.846399916 34.0876140932 3777102.7820129986 762738.4185716999 57.5281140972 0.5960552963 0.0004889779 151.5144358409 2.4270857178 -4.4930571288 0.1117122031
27732 312320.11 113.8464001789 34.0876136874 3777102.737649 762738.4441080998 57.5290664202 0.5678931573 -0.0140650333 151.4456123014 2.4322186764 -4.4963674796 0.1079586059
27733 312320.31 113.8464055717 34.0876055798 3777101.8517660014 762738.9671113002 57.5426124046 0.2656389907 -0.2750734145 149.9632426659 2.5650858735 -4.4747274202 0.0659664088
27734 312320.51 113.8464112819 34.0875975262 3777100.972704 762739.5192655 57.5497238068 0.1452514968 -0.4615630467 148.4221760939 2.7109909241 -4.4496073406 0.0049159194
27735 312320.71 113.8464172848 34.0875895039 3777100.097856 762740.0983489 57.5481414478 0.1016051501 -0.4476368256 146.8023192184 2.8494494447 -4.4322343033 0.0222929668
27736 312320.88 113.8464226513 34.0875827378 3777099.360778 762740.6147823002 57.5514766704 -0.0233526038 -0.4089009152 145.4324365998 2.980519878 -4.3966392036 0.0249387779
27737 312321.07 113.8464289339 34.0875752254 3777098.543237 762741.2181157 57.55142265 -0.0850512133 -0.3075899079 143.8934261949 3.1234739304 -4.3678288496 -0.0047879301
27738 312321.26 113.8464355515 34.0875677695 3777097.732837 762741.8522018002 57.5487607894 -0.0813970264 -0.2496522635 142.3268352574 3.2957081835 -4.3134938042 0.0001519069
27739 312321.45 113.8464424892 34.0875603914 3777096.931882 762742.5156045 57.5495574651 -0.2245708959 -0.256973283 140.7895264264 3.4371197552 -4.2797052339 -0.0017961801
27740 312321.64 113.8464497423 34.0875530884 3777096.1400769986 762743.2078951 57.5457738647 -0.2306283975 -0.2676005666 139.2588249878 3.5931615429 -4.2331729315 -0.009298742
27741 312321.69 113.8464517023 34.0875511803 3777095.9333730014 762743.3947724 57.5453224452 -0.2399665205 -0.2445249856 138.8690991251 3.6270576477 -4.2228658737 -0.0017863186
27742 312321.87 113.8464589305 34.0875443526 3777095.1942550014 762744.0832914001 57.5412560282 -0.1855759631 -0.1732923117 137.4775368132 3.7652936816 -4.1769424388 -0.0286461669
27743 312322.05 113.8464664405 34.0875376199 3777094.4663949986 762744.7975489 57.5358801987 -0.0515982417 -0.3532008299 136.136100902 3.9205368172 -4.1020764807 -0.0150218443
27744 312322.23 113.8464741977 34.0875309834 3777093.749863 762745.5343261998 57.5327955009 0.0295506432 -0.4562703934 134.9315469536 4.0231650638 -4.0700396728 0.0001992643
27745 312322.41 113.8464821574 34.0875243987 3777093.039586 762746.2896335 57.5313169546 -0.0588278865 -0.2907917095 133.7130905427 4.143832508 -4.030005741 0.0055387822
27746 312322.52 113.846487148 34.0875204229 3777092.611207 762746.7627311 57.5322373183 -0.1436259111 -0.2161903763 133.0365733922 4.2248721418 -3.9911040215 0.0232462274
27747 312322.7 113.846495509 34.0875139834 3777091.918088 762747.5546571 57.5343790883 -0.3315925985 -0.3040600703 131.9601503383 4.3419342404 -3.949164047 -0.0070677446
27748 312322.87 113.8465035966 34.0875079472 3777091.26901 762748.3200833 57.5274601616 -0.2377623372 -0.137443579 130.9502172365 4.4314850509 -3.918533536 -0.0290633227
27749 312323.04 113.8465118671 34.0875019714 3777090.627118 762749.1022136 57.5228220792 -0.1335800027 0.0116271062 129.9542527274 4.5409374153 -3.8669516772 -0.0238812826
27750 312323.21 113.8465203464 34.0874960944 3777089.996722 762749.9033169 57.5179724097 -0.0720907719 -0.0746494694 128.9546378687 4.6614689502 -3.8040729705 -0.0168249864
27751 312323.38 113.8465290121 34.087490292 3777089.37509 762750.7213986998 57.5174843073 -0.2113541924 -0.0384340459 127.9740245537 4.7441323321 -3.7698333157 0.0179988924
27752 312323.42 113.8465310733 34.0874889344 3777089.229726 762750.9159170998 57.5181716792 -0.2579291175 -0.0207780884 127.7371286333 4.7641756609 -3.7609832568 0.0252642259
27753 312323.59 113.8465399464 34.0874832351 3777088.620065 762751.7528314 57.5188496662 -0.3964858683 -0.0146039685 126.7487518492 4.8718185685 -3.6698972099 -0.0202451731
27754 312323.76 113.8465489685 34.0874776617 3777088.024763 762752.6031197 57.5117093008 -0.3015685823 -0.0580400928 125.7758144983 4.922462872 -3.5963032411 -0.0375515568
27755 312323.93 113.8465580782 34.0874722092 3777087.443101 762753.4611207 57.5058429092 -0.2246595123 -0.0718037139 124.7548082934 4.9753661354 -3.5036824751 -0.0308854982
27756 312324.1 113.8465672846 34.0874669245 3777086.880309 762754.327524 57.5031829057 -0.2310913332 -0.1073860389 123.7986111243 5.0129964498 -3.4012986192 -0.0039067771
27757 312324.26 113.8465759993 34.0874620767 3777086.36474 762755.1471859 57.5008890722 -0.292234328 -0.121031356 122.8617443665 5.0428307621 -3.3076549066 -0.0056063325
27758 312324.43 113.8465853234 34.0874570919 3777085.835533 762756.0235363 57.4990155594 -0.3294915939 -0.1173564436 121.9357727264 5.0697243316 -3.2041017344 -0.0020788488
27759 312324.6 113.8465946757 34.087452237 3777085.320819 762756.9020859002 57.4962457288 -0.206314769 0.0113170708 120.9384675147 5.0854708312 -3.1165463298 -0.0258525393
27760 312324.77 113.846604092 34.0874475611 3777084.826130002 762757.7859965 57.4909334183 -0.0432780158 -0.0062764705 119.9541227503 5.1280328097 -2.9935235518 -0.0219749208
27761 312324.94 113.8466135547 34.0874430273 3777084.347334 762758.6737412 57.4895712556 -0.0705359745 0.0586756344 118.9304108319 5.1459719517 -2.9197762596 0.0179596419
27762 312325.09 113.8466219769 34.0874391435 3777083.937986 762759.4634103002 57.4925278584 -0.1672554193 0.1309975208 118.0115011787 5.2246727599 -2.8251372709 0.0173676908
27763 312325.26 113.8466316614 34.0874348675 3777083.488367 762760.3708475 57.4910007389 -0.2839604908 0.2272753187 116.8598920833 5.2874706561 -2.7508162581 -0.016357785
27764 312325.43 113.8466414849 34.0874307357 3777083.055113 762761.2906699 57.488465339 -0.4493462889 0.2781728325 115.6175374399 5.3730111579 -2.6348732303 -0.0015475896
27765 312325.6 113.8466514676 34.0874267741 3777082.641156 762762.2246648001 57.4833499454 -0.5427729533 0.4196298062 114.2850385081 5.4541829708 -2.5410622856 -0.0396358049
27766 312325.77 113.8466616011 34.0874229658 3777082.244598 762763.1721093 57.4750056686 -0.5425607196 0.6416572822 112.7901278783 5.5492902922 -2.4090635526 -0.0492022877
27767 312325.87 113.8466676467 34.0874208346 3777082.0236370014 762763.7369233002 57.4694909519 -0.5036207066 0.6832087468 111.910655051 5.602936885 -2.316128591 -0.0532016792
27768 312326.04 113.846678054 34.0874173822 3777081.667279 762764.7085491 57.4585172897 -0.3600160335 0.6574020558 110.3700108473 5.692162329 -2.180100596 -0.0598792057
27769 312326.21 113.8466886302 34.0874141453 3777081.3352809986 762765.6950995999 57.4488271698 -0.4049694027 0.6786134444 108.8004597784 5.7844883564 -2.0344684774 -0.0248695756
27770 312326.38 113.8466993725 34.0874111346 3777081.028804 762766.6962953 57.4438315434 -0.507992962 0.6800258868 107.2562124523 5.8665309015 -1.8923909488 -0.0088274453
27771 312326.55 113.8467102723 34.0874083561 3777080.7485 762767.7113104 57.437188141 -0.4978423513 0.6681488458 105.6978667092 5.9513669952 -1.7367147793 -0.0608663969
27772 312326.59 113.8467128592 34.0874077358 3777080.686318 762767.9520898 57.4337162543 -0.4360730294 0.6704313761 105.3336874009 5.9730316388 -1.702763261 -0.0835246468
27773 312326.76 113.8467239376 34.0874052377 3777080.437592 762768.9827336 57.4206986576 -0.2633625154 0.7217986264 103.7576430898 6.0444633715 -1.5526445048 -0.0436571169
27774 312326.92 113.8467344995 34.087403112 3777080.228864 762769.9645356998 57.4147687918 -0.2741754237 0.6674911106 102.260267254 6.120584491 -1.3907687617 -0.0235780218
27775 312327.08 113.8467452015 34.0874012206 3777080.046507 762770.9585383 57.4091849299 -0.3619136291 0.6266757324 100.7626045412 6.1957386393 -1.2429803927 -0.0310737321
27776 312327.24 113.8467560535 34.0873995455 3777079.888527 762771.9657331 57.3989185477 -0.3829989952 0.7229952803 99.242439724 6.2691028559 -1.089177936 -0.0520237232
27777 312327.29 113.8467594695 34.0873990656 3777079.844067 762772.2826309 57.3957690932 -0.3976898296 0.7427885585 98.7651513428 6.288108327 -1.0407903004 -0.0226845655
27778 312327.45 113.84677049 34.087397698 3777079.720647 762773.3044289 57.3851736123 -0.4536297912 0.6668882623 97.2533021344 6.3729452072 -0.8469528148 -0.0574153665
27779 312327.61 113.8467816628 34.0873965723 3777079.624475 762774.3395488001 57.3719171435 -0.6488847563 0.5708506593 95.7468962857 6.451644866 -0.7099864187 -0.0375891484
27780 312327.77 113.8467929953 34.087395673 3777079.553837 762775.3886991 57.357998075 -0.7128039884 0.5245013116 94.4337225057 6.5565773418 -0.5492315802 -0.0343525348
27781 312327.93 113.846804504 34.0873949827 3777079.506842 762776.4534875 57.3374216203 -0.5874201093 0.3549305374 93.4336868058 6.6657277864 -0.4240031122 -0.1366289923
27782 312328.03 113.8468117927 34.0873946241 3777079.4858019985 762777.1275890998 57.3222301891 -0.4199031166 0.3016261476 92.9107457846 6.7341193361 -0.3836267056 -0.0555343344
27783 312328.18 113.8468228419 34.087394171 3777079.463951 762778.1492134 57.3110722276 -0.4295932491 0.3040213573 92.2090258192 6.8456699949 -0.3018271994 -0.0286534568
27784 312328.33 113.8468340709 34.0873938256 3777079.454517 762779.1870966 57.2969332933 -0.2903172506 0.3202896107 91.5498682848 6.9510481578 -0.2178297678 -0.1018570741
27785 312328.48 113.8468454676 34.0873935882 3777079.457507 762780.2401405 57.2832968375 -0.1496190663 0.214104597 90.9588973549 7.0580284404 -0.1399300061 -0.0652132845
27786 312328.63 113.846857045 34.0873934483 3777079.471767 762781.3095663 57.273101788 -0.0833902498 0.1501569403 90.5031844986 7.1784511802 -0.0859908203 -0.0458403089
27787 312328.77 113.8468680156 34.0873933695 3777079.491261 762782.3227674 57.266316737 -0.0863282614 0.1572995491 90.1598428585 7.2766085678 -0.0502242946 -0.0279474594
27788 312328.91 113.8468791457 34.0873933404 3777079.516672 762783.3505454 57.2595415339 -0.0342396037 0.2003603048 89.896424677 7.3776942945 -0.0141900575 -0.073505662
27789 312328.97 113.8468839659 34.0873933378 3777079.528785 762783.7956216 57.2556594582 0.0144696921 0.2175218406 89.8105740042 7.4279635054 -0.0043522357 -0.0541237604
27790 312329.11 113.8468953082 34.0873933631 3777079.560779 762784.8428252 57.2496153535 -0.0435212436 0.2271956997 89.685346609 7.5341477878 0.0254598967 -0.0205934503
27791 312329.25 113.8469068012 34.0873934127 3777079.595866 762785.9038712 57.2456199964 -0.1016988587 0.2663361354 89.6129729564 7.6445394689 0.0348212796 -0.0444571252
27792 312329.38 113.8469176279 34.0873934646 3777079.629487002 762786.9033875 57.2387653496 -0.1193167584 0.2684134712 89.5618097427 7.7531103446 0.041094046 -0.0413737729
27793 312329.51 113.8469286094 34.0873935305 3777079.6650559986 762787.9171540998 57.2331146244 -0.1794404275 0.3224953368 89.5210490193 7.8659087462 0.0431560156 -0.0303887265
27794 312329.64 113.8469397531 34.0873935986 3777079.701298 762788.9458889 57.2249929365 -0.1675362232 0.3768260654 89.4791752255 7.9766814151 0.0480543175 -0.0521651684
27795 312329.77 113.8469510529 34.0873936811 3777079.739526 762789.9889884 57.2150264783 -0.1581121604 0.3584142618 89.4479602304 8.0859939494 0.0660403426 -0.0378129367
27796 312329.9 113.8469625007 34.0873937692 3777079.778765 762791.0457399 57.2097129598 -0.1782205697 0.3927747589 89.4068185668 8.1914239933 0.0701361354 -0.0432850297
27797 312330.03 113.8469740997 34.0873938611 3777079.81882 762792.1164393 57.1989263604 -0.0860050862 0.4154605174 89.3751979113 8.2966603489 0.0744897577 -0.0927995546
