29026 312895.05 113.8468876693 34.0875256179 3777094.218382 762783.7284243 57.1956566647 0.5163021672 0.3911736996 270.5832222733 -8.9438422046 0.0743173447 0.1075625556
29027 312895.17 113.8468760913 34.0875256988 3777094.197566 762782.6591322 57.2051080139 0.5378070061 0.3259302498 270.7337495262 -8.8880631765 0.0832361799 0.0632593028
29028 312895.29 113.8468645894 34.0875258034 3777094.179565 762781.596795 57.2151045427 0.5317552941 0.2662895158 270.9236266476 -8.8265218885 0.1162449466 0.0933816522
29029 312895.41 113.8468531642 34.087525941 3777094.165434 762780.5414325 57.2271532873 0.4772386155 0.1598320729 271.1243112386 -8.7695864916 0.1365782028 0.0993333093
29030 312895.53 113.8468418198 34.0875261068 3777094.154646 762779.4934493 57.2383874459 0.4338490921 0.0575704212 271.388264652 -8.7067546807 0.1727677152 0.0724512152
29031 312895.65 113.8468305516 34.0875263165 3777094.148921 762778.4523596999 57.2468105825 0.4703399213 -0.0076093458 271.6866325815 -8.6531560428 0.2188591033 0.063573005
29032 312895.69 113.8468268136 34.0875263966 3777094.148189 762778.1069663 57.2495862227 0.4973469381 -0.0286878384 271.7970611397 -8.6279394843 0.2291331852 0.0723860849
29033 312895.81 113.846815644 34.0875266764 3777094.150499 762777.0747692 57.258430168 0.6430629523 -0.0690071705 272.1450940997 -8.5773239585 0.2908592548 0.0766987037
29034 312895.93 113.8468045472 34.0875270102 3777094.158982 762776.049119 57.2685535978 0.6429990661 -0.0926244911 272.5387807166 -8.5159143778 0.3363313829 0.0769786742
29035 312896.05 113.8467935325 34.0875274082 3777094.17481 762775.0308527 57.2819008958 0.3905184769 -0.0969045645 272.9595206603 -8.4500262233 0.3998548237 0.1391834394
29036 312896.17 113.8467826295 34.0875278664 3777094.197606 762774.022722 57.2936376044 0.4096926195 -0.131540007 273.3744865981 -8.3449108158 0.4547848495 0.0741586337
29037 312896.3 113.8467709774 34.0875284194 3777094.228981 762772.945123 57.3016227726 0.6626329857 -0.2226268519 273.8265938127 -8.2178429413 0.5093056082 0.0450609381
29038 312896.43 113.8467595077 34.0875290411 3777094.268463 762771.8841614 57.310090703 0.7686341383 -0.2413307066 274.2315190731 -8.079976388 0.5663005816 0.1118949807
29039 312896.56 113.8467482326 34.0875297264 3777094.315501 762770.8409605 57.3288984262 0.5123864636 -0.2062888017 274.6376134567 -7.9471683072 0.6126217363 0.1491241454
29040 312896.69 113.8467371143 34.087530465 3777094.368861 762769.8120812 57.3429603055 0.4574201738 -0.212260858 275.0211086526 -7.8606963234 0.6547343484 0.0640578317
29041 312896.82 113.8467261092 34.0875312572 3777094.428455998 762768.7934898002 57.3501228532 0.5891675013 -0.1929459203 275.3938150729 -7.7837528628 0.7044270963 0.0531847282
29042 312896.93 113.8467168822 34.0875319728 3777094.4841269986 762767.9393069 57.3580464572 0.5287220062 -0.1641648192 275.6937427494 -7.7231201385 0.7496124485 0.0851622889
29043 312897.06 113.8467060566 34.0875328628 3777094.555043 762766.9369776 57.3697147016 0.3611488783 -0.1196852123 276.0602899669 -7.6668856214 0.7840175269 0.090504116
29044 312897.2 113.8466944759 34.0875338942 3777094.639697 762765.8645015 57.3798255781 0.236640435 -0.0082667908 276.4563574921 -7.6063332856 0.8460270569 0.0467257707
29045 312897.34 113.8466829764 34.0875349855 3777094.731221 762764.7993323002 57.3835918698 0.2319032839 0.031473154 276.8387721496 -7.5573668461 0.8771386097 0.0185136411
29046 312897.48 113.8466715616 34.0875361325 3777094.829136 762763.74181 57.387510391 0.1885523592 0.1152560862 277.1884472052 -7.4931687202 0.9357345678 0.0446020652
29047 312897.62 113.8466602331 34.0875373322 3777094.933129 762762.6920929 57.392692755 0.0650967881 0.1614617288 277.4910459102 -7.440624767 0.9638962018 0.0224421905
29048 312897.76 113.8466489947 34.0875385657 3777095.041093 762761.6505908001 57.3948274571 -0.0383307625 0.2332489374 277.8082466279 -7.373900797 0.9977900704 0.0059850469
29049 312897.9 113.8466378484 34.0875398434 3777095.154213 762760.6174484 57.3956620106 -0.0776220221 0.1823725875 278.1092852663 -7.3173433715 1.0158717206 0.0004547344
29050 312898.04 113.8466267864 34.087541146 3777095.270307 762759.5920295 57.394044389 0.0076999895 0.030759673 278.4223697551 -7.2706757858 1.0467337267 -0.0408456418
29051 312898.18 113.8466157869 34.0875424895 3777095.391097 762758.5722396999 57.3945230441 0.2657011918 -0.0537762049 278.6947493231 -7.2260115003 1.0776622443 0.0039798546
29052 312898.32 113.8466048667 34.0875438754 3777095.516803 762757.5596492 57.394864399 0.4506208877 -0.1216684366 278.9974883922 -7.158640175 1.1072895085 0.0307840535
29053 312898.41 113.8465978923 34.0875447825 3777095.5995269986 762756.9128663 57.3992267326 0.3900041439 -0.1610049457 279.18430346 -7.1217479873 1.1154161646 0.069047675
29054 312898.55 113.8465871073 34.0875462199 3777095.731285 762755.9126008 57.4108237224 0.2437592108 -0.1834662863 279.4699710312 -7.0742870296 1.1554269207 0.0534874865
29055 312898.69 113.8465764019 34.0875477113 3777095.869257 762754.9195188001 57.4167964095 0.3122051965 -0.1421632027 279.734239124 -7.0274151961 1.1994756083 0.0282338447
29056 312898.84 113.8465650174 34.0875493408 3777096.0207940014 762753.8633016 57.4223339651 0.3445202487 -0.1270240936 280.0130035051 -6.9718166541 1.2123662318 0.0375678209
29057 312898.99 113.8465537178 34.087550993 3777096.175076 762752.8148517 57.4307847032 0.2331838527 -0.1087776296 280.2440271252 -6.9186865083 1.2418857004 0.0566268769
29058 312899.14 113.8465424872 34.087552726 3777096.338506 762751.7725234998 57.4396159677 0.1364310242 -0.0284350884 280.3623692031 -6.8703501185 1.2641676791 0.0325118713
29059 312899.29 113.8465313227 34.0875544671 3777096.503 762750.7362760998 57.4451165786 0.3205484065 -0.0252748525 280.4842195847 -6.8326053844 1.2615930698 0.0069432712
29060 312899.44 113.846520217 34.087556209 3777096.667737 762749.7054553998 57.4464618983 0.5847712593 -0.1119828178 280.5834481002 -6.8010263635 1.2597156534 0.0114435333
29061 312899.57 113.846510605 34.0875577344 3777096.812286 762748.8132218 57.4534424236 0.6309337659 -0.1089769911 280.6781625042 -6.799907931 1.280100664 0.0856318264
29062 312899.72 113.8464994996 34.0875595248 3777096.98241 762747.7822850002 57.4693901362 0.4859803364 -0.0641452438 280.7711555224 -6.8221825003 1.3047219758 0.0946818881
29063 312899.87 113.8464883623 34.087561331 3777097.154199 762746.7483471999 57.4798486922 0.5667675241 -0.0374026399 280.9070076279 -6.8472731629 1.3169523401 0.0365204466
29064 312900.02 113.846477194 34.0875631687 3777097.329396 762745.7114513002 57.4892607117 0.581880708 -0.0608575091 281.0171732436 -6.8672021978 1.3394439989 0.0621905507
29065 312900.17 113.8464660289 34.0875649644 3777097.499951 762744.6749753 57.4995210674 0.4686122558 -0.0648764834 281.1541872826 -6.8921811178 1.34788907 0.0696969334
29066 312900.32 113.8464548256 34.0875667976 3777097.674566 762743.6348627 57.5102090379 0.430351927 0.0311872148 281.2726254088 -6.9182925183 1.3887436252 0.0582226385
29067 312900.47 113.8464435697 34.0875686624 3777097.8525519986 762742.5897884 57.5148957698 0.5734910829 0.1169992665 281.4012987318 -6.951085578 1.402666882 0.0079613744
29068 312900.62 113.8464322631 34.0875705504 3777098.032984 762741.5399654 57.5214180369 0.6187791709 0.1576328628 281.4717641406 -6.9762308549 1.4267472251 0.0803236237
29069 312900.77 113.8464209025 34.0875724603 3777098.215713 762740.4850952 57.5346716251 0.2965965232 0.1453894484 281.4780277408 -7.0258550597 1.4181064537 0.0811251463
29070 312900.91 113.8464102292 34.0875742537 3777098.387273001 762739.4940328 57.5443530288 -0.3703029779 0.1867430245 281.4639214568 -7.0734368713 1.442443267 0.0446725157
29071 312901.05 113.8463994656 34.087576055 3777098.559480998 762738.4946224 57.5500525897 -1.0216838792 0.1390520615 281.4360870618 -7.1358285907 1.4355115642 0.023059975
29072 312901.19 113.8463885555 34.0875778516 3777098.7307940014 762737.4816896998 57.5334653128 -1.0264767468 0.0320458522 281.4588751557 -7.2254587615 1.4507809096 -0.2094221497
29073 312901.33 113.8463775268 34.0875796853 3777098.905918 762736.4577010998 57.5061423574 -0.6758101615 -0.1600320779 281.4100202213 -7.3106155252 1.4572556411 -0.142861006
29074 312901.47 113.8463663742 34.0875815174 3777099.0805379986 762735.4222682 57.4947920283 -1.181808599 -0.2473706873 281.404993778 -7.3901727446 1.4839432807 -0.0396100144
29075 312901.61 113.8463551049 34.0875833837 3777099.258669 762734.3759591 57.4857655764 -1.9789068475 -0.1863194763 281.3703427964 -7.4637326795 1.5051326896 -0.1096466086
29076 312901.75 113.8463437191 34.0875852698 3777099.438683 762733.3188270002 57.4534506537 -1.6614574091 -0.1311015819 281.3833717185 -7.541870896 1.5076865415 -0.3369143438
29077 312901.88 113.8463330331 34.087587039 3777099.607528 762732.326675 57.4058336578 -0.5965625988 -0.2126885204 281.3188444387 -7.6155065634 1.5321785939 -0.3415052126
29078 312902.01 113.8463222586 34.087588812 3777099.7765730014 762731.3263358001 57.3834112631 -0.3561340506 -0.1612168282 281.2335654773 -7.6689607089 1.5233192841 0.007005162
29079 312902.14 113.8463114141 34.0875905926 3777099.946267 762730.3195205 57.385585024 -0.887398261 -0.1092791793 281.1703878572 -7.7360338707 1.5293324469 -0.0242589343
29080 312902.27 113.846300475 34.0875923733 3777100.115745 762729.3039554 57.3698540749 -0.8743223762 -0.1496771736 281.1304391675 -7.796996572 1.5228253675 -0.1928665278
29081 312902.4 113.8462894555 34.0875941582 3777100.285473998 762728.2809663 57.3448446803 -0.5870067553 -0.1725474786 281.0707365102 -7.8458709128 1.5364318108 -0.1453485615
29082 312902.53 113.8462783915 34.087595942 3777100.454965 762727.2538686 57.3318349728 -0.5730189544 -0.2397505345 281.0135225634 -7.8660112816 1.5142150449 -0.0495540931
29083 312902.66 113.8462673237 34.0875977159 3777100.623354 762726.2264515002 57.3233871702 -0.7100610506 -0.2456172875 280.9603170679 -7.8528809138 1.5254097743 -0.0848494528
29084 312902.79 113.8462562555 34.0875994848 3777100.791185 762725.1990084002 57.3121553231 -0.8501042852 -0.2981761384 280.8978955474 -7.8694962532 1.5025865431 -0.1010143659
29085 312902.92 113.8462451848 34.0876012317 3777100.956573 762724.1714047 57.2987581547 -0.903413635 -0.3036205581 280.836037634 -7.8594191594 1.5069609379 -0.0975392973
29086 312903.05 113.8462341284 34.0876029765 3777101.121759 762723.1451214001 57.2841067333 -0.8408622741 -0.326331267 280.7077644614 -7.8344526589 1.4789434367 -0.096505276
29087 312903.12 113.8462281832 34.0876039007 3777101.209019 762722.5933255998 57.276068666 -0.8512897735 -0.3008653116 280.6362972908 -7.8296106542 1.4661147637 -0.1124366187
29088 312903.25 113.8462171723 34.0876056012 3777101.369417 762721.5713848 57.2604027381 -0.7344819724 -0.3009729628 280.4351090095 -7.7918753528 1.4450989434 -0.1041815414
29089 312903.38 113.8462062119 34.0876072542 3777101.524662 762720.5542578 57.2487575868 -0.7164257822 -0.1311617626 280.2094950632 -7.7608895223 1.3892166531 -0.099567023
29090 312903.51 113.84619532 34.0876088738 3777101.676376 762719.5435589001 57.2353242636 -0.0756772373 -0.2009468425 279.9641987681 -7.7115695686 1.3481872721 -0.1077684458
29091 312903.64 113.8461844634 34.0876104157 3777101.819552 762718.5363510002 57.2224590136 0.7770216683 -0.2584637797 279.7408657856 -7.7004772033 1.3050915541 -0.0923387864
29092 312903.77 113.8461736803 34.0876119417 3777101.961165 762717.5359910999 57.2274722923 0.7977248324 -0.0404029119 279.4652284338 -7.6227415289 1.3029437304 0.187115711
29093 312903.9 113.8461629697 34.0876134011 3777102.095566 762716.5425213 57.255995688 0.0994259864 -0.0550604878 279.2521915603 -7.5810863235 1.2160215745 0.1837722348
29094 312904.04 113.8461514935 34.0876149293 3777102.235641 762715.4781540999 57.2652621223 0.1775126636 -0.0040447447 278.9923358648 -7.5305110945 1.2137218455 -0.0200838632
29095 312904.18 113.8461401057 34.0876164154 3777102.3712660014 762714.4220773 57.2595638689 0.718398236 -0.1043999507 278.689932654 -7.5037795396 1.124740533 -0.013195495
29096 312904.32 113.846128796 34.0876178231 3777102.498383 762713.3734625998 57.2710528765 0.6251597664 -0.1963225089 278.4015362689 -7.439557897 1.0897508145 0.1689640701
29097 312904.46 113.846117562 34.0876191808 3777102.620161 762712.33198 57.2920406498 0.3645468502 -0.2727475447 278.0778725255 -7.4047557324 1.039589082 0.100574054
29098 312904.47 113.8461167612 34.0876192738 3777102.628422 762712.257749 57.2929171622 0.3624804736 -0.274832216 278.0597759988 -7.4036865759 1.0308358674 0.0892904552
29099 312904.61 113.8461055834 34.0876205508 3777102.741383 762711.221713 57.2981651099 0.7456806316 -0.2759404924 277.7323120773 -7.3658888003 0.9994055199 -0.0032382074
29100 312904.75 113.8460944768 34.0876217896 3777102.850288 762710.1923651 57.3035045918 0.9165969384 -0.2441581168 277.2279197627 -7.3038010173 0.948148145 0.1125317311
29101 312904.89 113.8460834502 34.0876229403 3777102.949613 762709.170683 57.3269524733 0.505575074 -0.1738366388 276.7230809094 -7.25877167 0.8680111568 0.1720563165
29102 312905.03 113.8460724815 34.0876239901 3777103.037904 762708.1546466999 57.3437931109 0.4493874022 -0.2311551198 276.2008962969 -7.2250212029 0.7979040181 0.0691682735
29103 312905.17 113.8460615623 34.0876249399 3777103.1152160014 762707.1434976 57.3488770472 0.8017252701 -0.3719598668 275.6466502434 -7.187967631 0.7208069072 0.0358567439
29104 312905.31 113.8460506983 34.0876257975 3777103.182439 762706.1377367 57.3578714505 1.0501652851 -0.452921492 275.0890176562 -7.1505472398 0.6488773471 0.1410403015
29105 312905.45 113.846039872 34.0876265689 3777103.2401910014 762705.1357140002 57.3775174143 0.9577132811 -0.4561783874 274.5481635512 -7.1310674357 0.5768124099 0.1486859898
29106 312905.59 113.8460290592 34.0876272535 3777103.288351 762704.1352064002 57.3963839216 0.906377867 -0.4687484674 274.0318190023 -7.1291257957 0.5219913239 0.1303739285
29107 312905.63 113.8460259714 34.0876274378 3777103.300867 762703.8495285999 57.4014927754 0.909768992 -0.4875114974 273.8720143896 -7.1334704086 0.5059041005 0.12918302
29108 312905.77 113.8460151597 34.0876280278 3777103.338525 762702.8494179 57.4175569154 0.9504710078 -0.3400663595 273.3686207928 -7.1411541647 0.4432770351 0.1107066114
29109 312905.91 113.8460043188 34.0876285559 3777103.369239 762701.8468056999 57.431120052 1.1456163396 -0.2296766025 272.8847216434 -7.1740687578 0.3945228812 0.0961299719
29110 312906.05 113.8459934277 34.0876289802 3777103.388307 762700.8398686999 57.4492146242 1.1896244194 -0.3880710341 272.4357700696 -7.2048692179 0.3013689531 0.1428354552
29111 312906.19 113.8459824696 34.0876293304 3777103.398984 762699.8269835998 57.4652209375 1.0896895345 -0.4982118451 272.0111136902 -7.2627957629 0.2676301595 0.1300839263
29112 312906.33 113.8459714239 34.0876296181 3777103.402498 762698.8061984 57.4891022183 0.798478695 -0.6281287984 271.6685033778 -7.3320870237 0.200149662 0.1585700098
