29827 313203.48 113.8468495144 34.0875611378 3777098.0620800015 762780.0955714 57.2099903701 0.7523429675 -0.1849619118 269.4667363863 -6.065473619 -0.05188389 0.0927971893
29828 313203.65 113.8468384938 34.0875610572 3777098.024778 762779.0782373 57.2228306821 0.7586997991 -0.2327719344 269.5003809173 -5.8986884363 -0.0522283519 0.0643470236
29829 313203.83 113.8468271783 34.0875609884 3777097.988019 762778.033651 57.2370818425 0.6640826356 -0.2673907737 269.4788393618 -5.708803544 -0.0494790897 0.0907209079
29830 313204.01 113.846816208 34.0875609145 3777097.951592 762777.0209471999 57.2519452255 0.5840037315 -0.2806022998 269.4898862667 -5.5516027821 -0.0526502932 0.0681013182
29831 313204.2 113.8468049351 34.0875608421 3777097.914544998 762775.9802924 57.261969002 0.5875447586 -0.2858431318 269.468942528 -5.3940468183 -0.0464583532 0.0591801399
29832 313204.39 113.8467939427 34.0875607624 3777097.877417 762774.9655674 57.2746909484 0.4935014468 -0.2702818731 269.4789380099 -5.2854726219 -0.0434762409 0.0531365581
29833 313204.59 113.8467825963 34.0875606862 3777097.839763 762773.9181471 57.2846490331 0.6704011524 -0.2575473586 269.4787307887 -5.1785962928 -0.0380044878 0.0493754298
29834 313204.79 113.8467714688 34.0875606092 3777097.802582 762772.8909429 57.2920303205 0.7451980173 -0.2419331681 269.4991612956 -5.0782839075 -0.0415615433 0.0154523379
29835 313204.99 113.8467605715 34.0875605478 3777097.767723 762771.8849372 57.3015315412 0.6914233666 -0.1624157525 269.5244812076 -4.9680402103 -0.0338442964 0.0846813503
29836 313205.2 113.8467493549 34.0875604925 3777097.732725 762770.8494321 57.3221096341 0.4209730156 -0.1084159519 269.5628221232 -4.8862451934 -0.0295693305 0.0467969161
29837 313205.41 113.8467383189 34.0875604505 3777097.699664 762769.8305669002 57.3264861116 0.444444705 -0.0186754219 269.6153641157 -4.8071150524 -0.015757447 0.0252147177
29838 313205.62 113.8467274699 34.0875604247 3777097.668882 762768.8289134 57.3347813636 0.424759434 0.0365237511 269.6499852374 -4.7229732211 -0.0289188042 0.0512571598
29839 313205.84 113.8467162964 34.0875603842 3777097.635632 762767.7973413 57.3417102238 0.3346792096 0.0220922149 269.7018982274 -4.6487169111 -0.014998618 0.0087539051
29840 313206.06 113.8467053026 34.0875603843 3777097.607354 762766.782238 57.3482850455 0.1790108794 0.208973365 269.7347034623 -4.5736091085 0.0009843658 0.0414379798
29841 313206.28 113.8466944545 34.0875604027 3777097.581488 762765.7805391 57.3574117078 0.1016611351 0.2331437933 269.8469957773 -4.500159706 -0.005218083 0.0061329845
29842 313206.51 113.8466832778 34.087560439 3777097.556757 762764.7484349 57.3605493764 0.1869003896 0.1385599089 269.9494055474 -4.4474517892 0.0098974011 -0.0027202008
29843 313206.74 113.8466722124 34.0875605059 3777097.535707 762763.7265129002 57.3624601169 0.2749041948 0.1831838474 270.1409758757 -4.4063317067 0.0220677303 0.0106726852
29844 313206.97 113.8466612204 34.0875606147 3777097.519494 762762.7112384 57.3682360621 0.199733316 0.2447895228 270.3723270808 -4.389252364 0.03320826 0.0288769573
29845 313207.2 113.8466502544 34.0875607186 3777097.502801 762761.6983867 57.3733747983 0.0995823676 0.1181651142 270.6949274485 -4.3799360465 0.0562715533 -0.0026849452
29846 313207.43 113.8466393341 34.0875608898 3777097.4936980014 762760.6895418002 57.3751941007 0.0700636868 0.174595772 271.0457681142 -4.3688882026 0.1031850465 -0.0080714756
29847 313207.66 113.8466284402 34.0875611139 3777097.490538 762759.6829680002 57.3746786946 0.2928234675 0.1897169998 271.4567938128 -4.3579231633 0.1059901603 -0.0350304011
29848 313207.67 113.8466279666 34.0875611238 3777097.4904160006 762759.6392095 57.3744296823 0.3394920708 0.1869476579 271.4805963477 -4.3600393061 0.1074014255 -0.0352189141
29849 313207.9 113.8466170995 34.0875614107 3777097.494299 762758.6349209001 57.3766868822 0.54821813 0.0315788472 272.025282719 -4.3498138633 0.1684241144 0.008192873
29850 313208.13 113.8466062238 34.0875617815 3777097.5074620014 762757.6295768 57.3776924489 0.6943885786 0.0429489153 272.6160575097 -4.3678076326 0.1998805251 0.0404953669
29851 313208.36 113.8465952899 34.0875622234 3777097.528368 762756.6186404 57.3927548053 0.5647758518 -0.0116624884 273.2596840662 -4.4301028068 0.2524647395 0.0469375837
29852 313208.59 113.8465841177 34.0875627702 3777097.560308 762755.5853753 57.3969447063 0.6236412859 -0.1192164618 273.9252502955 -4.5444378943 0.3072375595 0.0335208128
29853 313208.72 113.8465776648 34.087563134 3777097.584075 762754.9884237 57.4030201016 0.6038070644 -0.15798857 274.3269517439 -4.6242321988 0.3499861923 0.0388981989
29854 313208.94 113.8465664921 34.0875638614 3777097.636052 762753.9545565 57.4108766494 0.5898572265 -0.1576464041 274.9971218233 -4.758639861 0.4209077114 0.0255142096
29855 313209.15 113.8465555233 34.0875646711 3777097.697678 762752.9392616998 57.4173499765 0.4992578525 -0.1903076762 275.6087828752 -4.8916233611 0.4720881856 0.0198669652
29856 313209.36 113.8465442929 34.0875655865 3777097.770371 762751.899479 57.424577225 0.4555324146 -0.2212853008 276.0921245122 -4.9748677006 0.5290810826 0.029554833
29857 313209.56 113.8465335254 34.0875665457 3777097.849115 762750.9023056 57.4343797471 0.3631487601 -0.1569421108 276.4127356126 -4.9640997859 0.5631960612 0.0180472504
29858 313209.7 113.8465260267 34.0875672368 3777097.906515 762750.2077845 57.4330156464 0.5255937108 -0.165358714 276.6364618139 -4.9220048953 0.5701214351 -0.011849468
29859 313209.91 113.8465149145 34.0875683059 3777097.9965699986 762749.1784484 57.4396431781 0.5202272431 -0.220196817 276.9773787333 -4.8541387281 0.5972664223 0.0662080715
29860 313210.12 113.8465039481 34.0875694137 3777098.091291 762748.1624441 57.4501127554 0.5004515026 -0.2899289935 277.4395278282 -4.7853610728 0.6180464479 0.0315465156
29861 313210.33 113.8464931312 34.0875706028 3777098.1954190014 762747.1600031998 57.4584185574 0.5582868087 -0.2676890531 277.8974564223 -4.7203150878 0.6528993173 0.0324393669
29862 313210.55 113.8464819476 34.0875719022 3777098.310854 762746.1233571002 57.4676533602 0.4849853424 -0.2248378081 278.4002399314 -4.6686825429 0.6849883831 0.0394355068
29863 313210.7 113.8464743401 34.0875728393 3777098.395271 762745.4180276 57.4708747547 0.4907148101 -0.1461531313 278.7447010542 -4.6987700971 0.7266888678 0.0230288989
29864 313210.91 113.8464635283 34.0875742376 3777098.522628 762744.4154027 57.4803193249 0.4092549868 -0.1422010116 279.2203749486 -4.8093900234 0.7684645973 0.061475934
29865 313211.12 113.8464524408 34.087575753 3777098.662276 762743.3869676 57.4854259714 0.5283949171 -0.1087528875 279.7420192212 -4.9389172435 0.8470316097 0.0036944849
29866 313211.32 113.8464416046 34.0875773512 3777098.811758002 762742.381475 57.4887779569 0.6259111726 0.0978468504 280.2419023257 -5.0737579267 0.9185918189 0.0162802736
29867 313211.52 113.8464304614 34.0875790567 3777098.972354 762741.3473009 57.4960467415 0.6287838288 0.1643180846 280.8088888045 -5.2145957731 0.9893556623 0.0297001757
29868 313211.67 113.8464218811 34.0875804279 3777099.102448 762740.5508056999 57.5029979227 0.3953617287 0.0398739979 281.2217405271 -5.3348097053 1.0343875984 0.0556674688
29869 313211.86 113.8464107279 34.0875822973 3777099.2812190014 762739.515211 57.5121233296 -0.2958614835 0.0125614128 281.7794830012 -5.4969291884 1.1313080215 0.0161468294
29870 313212.04 113.8463998669 34.0875842161 3777099.46621 762738.5064351 57.5171115668 -0.8340467176 0.052081234 282.3177230425 -5.650329005 1.231213875 -0.0016438786
29871 313212.21 113.8463892901 34.0875861523 3777099.653876 762737.523852 57.4973422158 -0.6484250016 -0.1426258981 282.8579747614 -5.7994701202 1.3146620001 -0.1643270733
29872 313212.38 113.8463784593 34.0875882288 3777099.856447 762736.517382 57.4790543625 -0.6126268677 -0.3417069708 283.387250608 -5.9388675467 1.393173743 -0.0818185007
29873 313212.55 113.8463673571 34.0875904431 3777100.073619 762735.4854155 57.4675142402 -1.0827937615 -0.5089393855 283.8713410419 -6.0843942872 1.4928087383 -0.0783371867
29874 313212.68 113.8463586828 34.0875922279 3777100.249374 762734.6789658002 57.4570223233 -1.5864060318 -0.4946440545 284.1884763053 -6.1908350322 1.559078986 -0.0848058911
29875 313212.84 113.8463478034 34.0875945528 3777100.479393 762733.6672405 57.4362289617 -1.6122440973 -0.4336820928 284.460885642 -6.3424892065 1.6328748607 -0.2297070195
29876 313213.0 113.846336666 34.0875969391 3777100.715565 762732.6314962 57.393321827 -0.6950583576 -0.6417739526 284.669004545 -6.4856332894 1.6659276067 -0.2993987706
29877 313213.15 113.8463260329 34.0875992545 3777100.945158 762731.6425453 57.3638436403 -0.2886319901 -0.5599433718 284.6917803847 -6.5861808636 1.7652441385 -0.0768084241
29878 313213.3 113.8463152274 34.0876016315 3777101.181153 762730.6374768 57.3626505695 -0.7778479594 -0.3585980965 284.6952034955 -6.7104060235 1.762632784 -0.0470417963
29879 313213.45 113.8463042166 34.0876040245 3777101.418393 762729.6134107 57.3466130849 -0.7311986375 -0.3859394582 284.7279588261 -6.8318549029 1.7926962614 -0.1687175922
29880 313213.6 113.8462930234 34.0876064595 3777101.659821 762728.5723604 57.3246136671 -0.4980791255 -0.5112477926 284.7219256158 -6.9304226105 1.8156450138 -0.1000879659
29881 313213.74 113.8462824214 34.0876087612 3777101.887976 762727.5863241 57.313944824 -0.4347389312 -0.5998434797 284.7729683172 -7.0361413976 1.8496369572 -0.0743060633
29882 313213.88 113.8462716745 34.0876111088 3777102.120854 762726.5867572 57.3022833792 -0.3979937186 -0.6301062325 284.8096276449 -7.1286840335 1.8835550661 -0.1014401041
29883 313214.02 113.8462607855 34.0876134967 3777102.3578449986 762725.5739464002 57.2908503562 -0.4291914067 -0.6170488258 284.8775059559 -7.2169724985 1.9198496749 -0.0397920436
29884 313214.16 113.8462497782 34.0876159336 3777102.599958 762724.5500688001 57.2852698248 -0.7288729124 -0.6072057674 284.9334377465 -7.3113164298 1.9477158474 -0.0772052542
29885 313214.3 113.8462386215 34.0876184151 3777102.84665 762723.5122533 57.269427753 -0.6278183652 -0.590914699 284.9811160608 -7.4108582973 1.9876387416 -0.1188126929
29886 313214.43 113.8462281369 34.0876207581 3777103.079685 762722.5369216999 57.2543529421 -0.6353384446 -0.5208307762 284.9801564677 -7.4941267269 2.0142358853 -0.1045583593
29887 313214.56 113.8462175385 34.0876231234 3777103.31491 762721.5510140002 57.2395944577 -0.6004480861 -0.4462285547 284.9694792046 -7.5710905142 2.0322438004 -0.1252095067
29888 313214.69 113.8462068437 34.0876255101 3777103.552262998 762720.5561388 57.2269233484 -0.519670249 -0.222358268 284.8591858231 -7.6288816034 2.034680942 -0.0988804944
29889 313214.82 113.8461960799 34.0876279288 3777103.792992 762719.5547931 57.2137817945 0.1966950225 0.1587247714 284.619537765 -7.6894264248 2.0544752657 -0.1054329615
29890 313214.95 113.8461852203 34.0876302982 3777104.028007 762718.5447577 57.2010276048 1.082956377 0.1002695073 284.3611848158 -7.7487297703 1.9890289925 -0.0750665159
29891 313215.08 113.8461743173 34.0876326058 3777104.256047 762717.5309108002 57.2082557222 1.1463470433 -0.1038567971 284.065914275 -7.7493032652 1.9623721976 0.2629021457
29892 313215.21 113.8461633976 34.0876348966 3777104.482172 762716.5155657 57.2409470119 0.2119793186 0.0046117571 283.7487146668 -7.8106140241 1.93979968 0.1548048367
29893 313215.29 113.846156637 34.0876362914 3777104.619568 762715.8870159 57.2482346445 0.1106833267 -0.049554349 283.5117760343 -7.849330591 1.89139812 0.0400850561
29894 313215.42 113.8461455858 34.087638508 3777104.837131 762714.8597638 57.2400288219 0.6080167817 0.0343948964 283.018835634 -7.8964474369 1.8725744909 -0.0848189464
29895 313215.55 113.8461344764 34.0876406658 3777105.048021 762713.8273139 57.2410381073 0.9807330024 0.1402756113 282.3499057999 -7.9400704214 1.79469876 0.1108583892
29896 313215.68 113.8461233039 34.0876427297 3777105.248321 762712.7893305002 57.2614190355 0.654195661 0.4998367357 281.5862340976 -7.9859222325 1.7129878816 0.1836563183
29897 313215.81 113.8461120503 34.0876446896 3777105.436869 762711.7441895 57.2795480937 0.4116080978 0.902844036 280.7894159632 -8.0491270451 1.6115256561 0.1007827612
29898 313215.94 113.8461007095 34.0876465147 3777105.610235 762710.6914050998 57.2840765761 0.6789570813 1.0223280123 280.0152405302 -8.1098218793 1.4840483779 -0.0293062577
29899 313216.07 113.8460892898 34.0876482072 3777105.768689 762709.6317445 57.2837238079 1.2040007209 0.8490851867 279.2375218113 -8.1479224914 1.3713772947 0.067049049
29900 313216.15 113.8460822226 34.0876491864 3777105.859169 762708.9761683 57.2932150597 1.2403068351 0.7906554657 278.7569051084 -8.1783993762 1.3041141996 0.1550064956
29901 313216.28 113.8460706892 34.0876506777 3777105.995005 762707.9066366998 57.3176016426 1.0493688745 0.6678095843 277.9937659859 -8.2254156929 1.1956893335 0.1891528887
29902 313216.4 113.8460599682 34.0876519586 3777106.109565 762706.9127656998 57.3350546788 0.9898288171 0.7624640379 277.2756926267 -8.2838938538 1.1227232218 0.1274258562
29903 313216.52 113.8460491752 34.087653146 3777106.213576 762705.9125303002 57.3505736366 0.943674061 0.7992983748 276.5794363925 -8.340450618 1.0231956935 0.1342646696
29904 313216.64 113.8460383085 34.0876542207 3777106.304889 762704.9058441 57.3655432947 0.9095090571 0.8424078449 275.9032289541 -8.3978529167 0.933862095 0.1260874701
29905 313216.76 113.8460273736 34.0876551999 3777106.3854269986 762703.8931576002 57.3782842215 0.9446090834 0.9018681704 275.2642098484 -8.4438469374 0.8350773345 0.1140895494
29906 313216.88 113.8460163691 34.087656085 3777106.455344 762702.8743333 57.3917977642 0.8790140195 0.8531121055 274.6487789344 -8.5039147425 0.7451489706 0.1167957176
29907 313217.0 113.8460052921 34.0876568584 3777106.512672 762701.8491579002 57.4054252263 0.862309078 0.8262038209 274.0782794406 -8.5609720166 0.6467214253 0.0968410653
29908 313217.1 113.845995999 34.0876574397 3777106.553273 762700.9892931 57.4157095039 0.9767604835 0.8945604058 273.6145927441 -8.598156566 0.6140123822 0.0946179284
29909 313217.22 113.845984773 34.0876580582 3777106.59304 762699.9508359 57.4271810874 1.148642052 0.7978276585 273.0853850938 -8.6671559563 0.5074639983 0.0909914522
29910 313217.34 113.8459734868 34.0876585883 3777106.622832 762698.9070976998 57.4431096539 1.236813226 0.8079686799 272.6375042358 -8.7019652156 0.4557429307 0.1252450114
29911 313217.46 113.8459621366 34.0876590582 3777106.645783 762697.8576393 57.464733786 1.0356091724 0.8068885765 272.263683949 -8.7613564372 0.3992567624 0.1773227326
29912 313217.58 113.8459507217 34.0876594678 3777106.661866 762696.8023875 57.483561324 0.9544128889 0.7790973971 271.9656753502 -8.8021032671 0.3486340699 0.1402904021
29913 313217.7 113.845939244 34.0876598237 3777106.671831 762695.7415053 57.4990052404 0.9755919532 0.6771626454 271.6547177664 -8.8446372756 0.2897822469 0.1322202225
29914 313217.82 113.8459277048 34.087660124 3777106.675481 762694.6751162 57.512062639 1.0990645819 0.5904374125 271.3721261259 -8.8974185621 0.2494252167 0.1142937672
29915 313217.94 113.8459161126 34.0876603806 3777106.674134 762693.6039749002 57.5281739682 1.1847073785 0.4773297116 271.0974201788 -8.9346536004 0.2055819471 0.1256221336
29916 313218.06 113.8459044666 34.0876605847 3777106.666818 762692.5280249 57.5465817898 1.1045044036 0.4018964291 270.8470609585 -8.9733460212 0.1607133079 0.1625889973
