32161 313521.43 113.8443548998 34.090751758 3777445.730805998 762539.8975101 57.5897492096 0.1765819345 0.4394133201 302.045821037 -6.5145141297 4.0827650291 0.0016025822
32162 313521.57 113.8443451803 34.0907567978 3777446.265108 762538.9845321 57.5956093483 0.0825831571 0.3408696167 301.8591429592 -6.3128480386 3.8987458807 0.0680235719
32163 313521.71 113.844335758 34.0907616254 3777446.776632 762538.0996444002 57.6052302364 -0.1006113312 0.3020066406 301.6598868892 -6.0954199428 3.7597904966 0.0484778602
32164 313521.86 113.8443260101 34.0907666029 3777447.303965 762537.1842321998 57.6101055592 -0.0403560731 0.3255193225 301.4343639162 -5.8847035889 3.5944376602 -0.011319317
32165 313522.01 113.8443166191 34.0907713459 3777447.806182 762536.3024982 57.6097133001 0.1438153624 0.4755654682 301.2242218295 -5.6554789445 3.4430520185 -0.0097844764
32166 313522.17 113.8443070519 34.0907761576 3777448.315573 762535.4042819 57.6163089406 0.0441224287 0.4452974413 300.8736797813 -5.4216519054 3.2456648835 0.0429167625
32167 313522.34 113.8442973505 34.0907809526 3777448.822764 762534.4937333 57.6235002531 0.0387455005 0.4634011043 300.3747925667 -5.1451735271 3.0374600464 0.0426034636
32168 313522.52 113.8442875964 34.0907856749 3777449.321746 762533.5785401 57.6269364934 0.2879240827 0.6499685015 299.6506303544 -4.8725204819 2.8151905983 0.0191723442
32169 313522.62 113.8442824172 34.0907881429 3777449.582315 762533.0927104 57.6274819765 0.4867171449 0.7792736972 299.0664700104 -4.7230712585 2.6588062577 0.0060041224
32170 313522.82 113.8442725483 34.0907926499 3777450.0571160014 762532.16758 57.6384531716 0.5696878952 1.0585874957 297.4869705437 -4.4265850889 2.3340417332 0.1042314642
32171 313523.03 113.8442628148 34.0907967359 3777450.48554 762531.2562531 57.6563372659 0.2619421589 1.0440501688 295.2516477311 -4.1600162592 2.0035537631 0.0748716874
32172 313523.16 113.8442570996 34.0907989737 3777450.719199 762530.7216582 57.6655936074 0.1750718942 1.1344082844 293.5773830149 -3.9897334521 1.7950813989 0.0820320297
32173 313523.4 113.8442470541 34.090802484 3777451.082923 762529.7833033002 57.6819930598 -0.0458289126 1.2638401117 290.0365402611 -3.8159090694 1.4459205249 0.0288769301
32174 313523.66 113.8442364488 34.0908054896 3777451.3892089985 762528.7948205 57.6871762844 0.1304141667 1.4212780558 285.4603977172 -3.7410762847 1.1153482618 0.0285473372
32175 313523.93 113.8442256133 34.0908077179 3777451.60864 762527.7874891999 57.6983827166 -0.3373577244 1.6969127949 279.6227156815 -3.7016339644 0.6806667084 0.0013557234
32176 313524.13 113.8442176927 34.0908086813 3777451.695194 762527.0531941 57.7013817569 -0.2326308633 1.366498449 274.9031886937 -3.6191471907 0.3670834843 0.0432314685
32177 313524.42 113.8442065412 34.0908091102 3777451.714115 762526.0222471999 57.7047949294 -0.2482605735 1.3018606489 267.0324134823 -3.4645404048 -0.0778795341 -0.0221103042
32178 313524.59 113.8442002203 34.0908088124 3777451.664821 762525.4395623 57.6959604127 0.007346866 1.7213310941 261.890082673 -3.382288538 -0.3795289923 -0.0342825461
32179 313524.88 113.844189609 34.0908070485 3777451.441785 762524.4652631 57.7045380045 0.1067799416 1.0832171718 252.492204984 -3.3603527875 -0.9965376085 0.0462684129
32180 313525.16 113.8441793578 34.0908038461 3777451.060039 762523.5286626 57.69494972 0.3208915816 1.3608222532 242.2219482592 -3.3623689768 -1.6136707209 -0.0446365172
32181 313525.18 113.8441786294 34.0908035536 3777451.025705 762523.4623159 57.6943611074 0.3338307478 1.3987584352 241.4594252119 -3.3533439126 -1.6659244244 -0.0214067827
32182 313525.44 113.8441694141 34.0907988315 3777450.477967 762522.6260522 57.7065069946 0.0847143678 1.4000867046 231.3969367204 -3.1549266079 -2.3990336824 0.0517384317
32183 313525.67 113.8441618559 34.090793296 3777449.844211 762521.9453052 57.7056868561 0.0812567673 1.4642808391 222.0546905151 -2.856005139 -2.9829714848 -0.0160878583
32184 313525.91 113.8441550443 34.0907862468 3777449.044403 762521.3381776 57.7080784068 0.0252614494 1.2778798163 212.3949566218 -2.3724985571 -3.5597999432 0.0040417822
32185 313526.15 113.844149485 34.0907780792 3777448.123694 762520.8501224 57.7069632336 0.0507592068 1.3550744494 202.9758361995 -1.8491015743 -4.0200547012 0.0113225346
32186 313526.38 113.8441455457 34.0907693896 3777447.1492160014 762520.5132614 57.711255502 -0.3242340257 1.6728679463 194.1592356603 -1.2587700267 -4.4000193233 0.0186908457
32187 313526.6 113.8441432789 34.0907603914 3777446.1448 762520.3317716 57.7091308115 -0.5920925861 1.467774032 186.1991088012 -0.6032095846 -4.7044899452 -0.0171851896
32188 313526.61 113.8441432124 34.0907599691 3777446.097764 762520.3269330999 57.708887131 -0.5866426948 1.4480450098 185.8555065704 -0.5732230338 -4.7130283344 -0.0237497813
32189 313526.82 113.8441424667 34.0907508508 3777445.083922 762520.286265 57.7033832949 -0.6731292545 1.5961402924 178.743345816 -0.0421062994 -4.9538141078 -0.0307130668
32190 313527.02 113.8441429703 34.0907418118 3777444.082096 762520.360696 57.6932121813 -0.5411240185 2.2638348506 171.819604573 0.5786683681 -5.1001733315 -0.0606504026
32191 313527.07 113.8441432979 34.0907395107 3777443.827567 762520.3980518002 57.6902176784 -0.482225882 2.3499453369 170.1145883817 0.7283797422 -5.1203831512 -0.045486427
32192 313527.26 113.8441453992 34.090730672 3777442.852079 762520.6193847 57.6766307345 -0.4092518288 2.1753787033 163.5855938727 1.4146614535 -5.1980165141 -0.0890346667
32193 313527.45 113.8441488585 34.0907217347 3777441.869132 762520.9663995 57.6614642078 -0.2722294162 1.7454793808 157.5488229604 2.0491071695 -5.2311629109 -0.0495525823
32194 313527.47 113.8441492979 34.0907207908 3777441.765516 762521.0098836998 57.6604812825 -0.2911337631 1.731182892 156.9481669237 2.1111524367 -5.2389442698 -0.0407582434
32195 313527.65 113.844153841 34.0907123048 3777440.835449 762521.4555835 57.6518859556 -0.2762818876 1.6822012655 151.821818777 2.6574275076 -5.2138284203 -0.0518646007
32196 313527.82 113.8441591006 34.0907043585 3777439.96711 762521.965755 57.6427252805 -0.2598157951 1.7338074031 147.3861355897 3.158687065 -5.1530815483 -0.0438384252
32197 313527.9 113.8441618973 34.0907006574 3777439.563561 762522.2354155 57.6384260273 -0.2130448574 1.7794852246 145.4345518039 3.3957821743 -5.1200558487 -0.0544422412
32198 313528.07 113.8441684853 34.0906928857 3777438.718021 762522.8677096 57.6287800213 -0.0546894911 1.7172680337 141.6224294266 3.8463846854 -5.0287108669 -0.0485337542
32199 313528.23 113.8441754573 34.0906856996 3777437.93846 762523.5336416998 57.6200417085 0.2182861184 1.6592292594 138.3463542063 4.2525103292 -4.9282069863 -0.0502150226
32200 313528.34 113.8441806395 34.0906808393 3777437.4123949986 762524.0271355 57.6168218898 0.2935470965 1.6613688041 136.2162717619 4.503131317 -4.864213377 -0.0167937406
32201 313528.49 113.8441882089 34.0906743238 3777436.708786 762524.7461594 57.6156352507 0.2908262513 1.5970822935 133.4989178429 4.8734333843 -4.7512265306 0.0110622555
32202 313528.64 113.8441963764 34.0906679542 3777436.022912 762525.5199580998 57.6173691014 0.1345487971 1.3458605465 131.3947446891 5.2164085684 -4.671120061 0.0206046398
32203 313528.79 113.8442050414 34.0906616463 3777435.345157 762526.3394946 57.6167315934 -0.1081421136 1.1591460016 129.9291829593 5.4883956479 -4.6557919127 -0.013809707
32204 313528.93 113.8442134827 34.0906557511 3777434.712627 762527.1370971998 57.6117090154 -0.1710537858 1.3092546303 128.741440533 5.6933767148 -4.6791850405 -0.0646144783
32205 313529.04 113.844220339 34.0906511067 3777434.214830002 762527.7845002 57.6025792034 -0.0109229546 1.4544482267 127.741013476 5.868511253 -4.670571763 -0.0973297807
