32971 313626.73 113.8504037636 34.0873989679 3777089.217165 763108.7761283001 56.4873840958 0.3390707876 0.3791968675 89.5388985952 2.8276567142 0.0248175127 -0.0028214856
32972 313627.06 113.8504146804 34.0873990594 3777089.255453 763109.7838348 56.4861194491 0.3451748214 0.2927481894 89.407774699 3.2697453277 0.02673277 0.0071435419
32973 313627.36 113.8504258746 34.087399162 3777089.2956800014 763110.8171303001 56.4891684922 0.3330731885 0.244741525 89.2885251426 3.6211843532 0.0424316135 0.0083839473
32974 313627.63 113.8504368483 34.0873992741 3777089.336395 763111.8300336 56.4931801753 0.3214257551 0.2528663693 89.2332112019 3.8625928562 0.0534122532 0.0004977514
32975 313627.89 113.8504478419 34.0873994049 3777089.37924 763112.8447136999 56.4949220186 0.2762094112 0.1570656215 89.1948909305 3.9079229791 0.0536018767 0.0062510394
32976 313628.15 113.8504587451 34.0873995361 3777089.421893 763113.8510479 56.5023380928 0.1721176089 0.0762372942 89.1601777355 3.8387391078 0.0535991852 0.0265099266
32977 313628.42 113.8504699167 34.0873996703 3777089.465575 763114.8821482 56.5078712199 0.1916495305 0.1207422782 89.1707967691 3.8577077409 0.0501450116 -0.0152474919
32978 313628.68 113.8504808503 34.087399802 3777089.508356 763115.8912861 56.5126296868 0.2070965119 0.0607413317 89.1923027446 3.9309731691 0.0540292248 0.0254273763
32979 313628.94 113.8504920015 34.087399937 3777089.552078 763116.9205129001 56.5166243315 0.3476724436 0.0077930644 89.2102546716 4.0069389851 0.0532656499 0.0108583602
32980 313629.19 113.8505029642 34.0874000569 3777089.5936300014 763117.9323699 56.5207294868 0.5148609311 0.0605267252 89.1998156505 4.0978825842 0.0583123176 0.0138111949
32981 313629.44 113.8505141572 34.0874002007 3777089.638429 763118.9654205 56.5265897438 0.6489916825 -0.0035060903 89.0802137536 4.1756176535 0.0648278072 0.0369478017
32982 313629.66 113.8505241828 34.0874003404 3777089.6797629986 763119.8906955 56.5361802047 0.6734136675 0.0769292743 88.8375760259 4.2431318146 0.0765082531 0.0373448399
32983 313629.9 113.8505352233 34.0874005377 3777089.730114 763120.9095003002 56.550139878 0.6413132569 0.2066161668 88.2938307619 4.2343218888 0.1099382668 0.0602633898
32984 313630.14 113.8505461155 34.0874008454 3777089.792328 763121.9142751 56.5632312344 0.676066244 0.2501756079 87.3626175293 4.1399053931 0.1725783873 0.0520984033
32985 313630.39 113.8505571695 34.0874013227 3777089.873776 763122.9334560998 56.5765392976 0.5863208611 0.3730910851 85.8404979705 4.0329994561 0.2646736574 0.0689489323
32986 313630.62 113.8505670346 34.0874019825 3777089.9724199986 763123.842305 56.5902016256 0.5279206787 0.3941558071 83.9942600476 3.9018963652 0.3800312649 0.0630746618
32987 313630.89 113.8505781687 34.0874030998 3777090.125109 763124.8669011998 56.6047905674 0.4044147575 0.1568214103 81.3501031048 3.7272376293 0.5283676504 0.051264592
32988 313631.17 113.8505891329 34.0874046396 3777090.324244 763125.8745056 56.6173887886 0.1674667876 0.0236943972 78.3452279859 3.5092860198 0.6951655324 0.0548659661
32989 313631.42 113.8505983876 34.0874063455 3777090.5374050015 763126.7237513 56.6259438014 0.0143156037 -0.2123028279 75.4448923581 3.3236889888 0.8339317889 0.0321942163
32990 313631.72 113.850608886 34.0874087989 3777090.836727 763127.6855124 56.6350905094 -0.0752544396 -0.2067695463 71.461366533 3.1299088404 0.9959478067 0.0296042809
32991 313632.04 113.8506193519 34.0874119782 3777091.216531 763128.6420328 56.6333351713 0.1252801923 -0.2702581125 66.3280248352 2.8890141709 1.2227098762 -0.0058836708
32992 313632.24 113.8506254627 34.0874142874 3777091.488543 763129.1991118002 56.6372967288 0.0465474301 -0.3295588717 62.5181733053 2.7374980272 1.3502301122 0.0405774121
32993 313632.58 113.8506350145 34.0874187376 3777092.007027 763130.0672925998 56.641653345 0.063660477 0.3437584069 55.2372585723 2.4072190899 1.5894338263 -0.0062264687
32994 313632.94 113.8506437355 34.0874242987 3777092.6466519986 763130.8553116998 56.6492199879 -0.0246285738 -0.0147090356 47.6109676206 2.0757754696 1.8075957387 -0.0007607536
32995 313633.02 113.8506455085 34.087425615 3777092.797303 763131.0149486 56.6483755028 0.0579604599 0.0412593835 45.9447266901 2.0084856188 1.8394690704 -0.0100953433
32996 313633.4 113.8506529867 34.0874321437 3777093.541105 763131.6852213 56.6543689799 -0.0112674048 -0.2281368686 38.3061164388 1.6139847186 1.9508771534 0.0276227745
32997 313633.83 113.8506594103 34.0874394542 3777094.368964 763132.2556983002 56.6627760287 -0.321630336 -0.3142138955 30.8143490166 1.1247919001 1.8043795056 0.052035072
32998 313634.03 113.8506616589 34.0874426008 3777094.723955998 763132.4535734 56.6689925734 -0.4663419285 -0.5158580562 27.7752502611 0.9570207335 1.7057921955 0.017553464
32999 313634.56 113.8506664096 34.0874508556 3777095.652292 763132.8666595998 56.6660840726 -0.5281835838 -0.6214737875 20.1816657969 0.6882464564 1.724275229 -0.0052705114
33000 313635.11 113.8506697634 34.0874594942 3777096.619619 763133.1495733 56.6570095886 -0.3038575291 -0.7594462407 12.6560273592 0.4257059513 1.7414341312 -0.0191268015
33001 313635.3 113.8506705451 34.0874624504 3777096.9497050014 763133.2126014 56.6512645371 -0.2232300587 -0.8255263066 10.1415653936 0.3473477091 1.6882999126 -0.0017890123
33002 313635.9 113.8506719694 34.0874714308 3777097.95 763133.3162978 56.6409253497 -0.0771530447 -0.776500066 2.5530712274 0.1161122098 1.6583701923 0.0038643105
33003 313636.51 113.8506719875 34.0874805177 3777098.9584800014 763133.2898273001 56.6365404101 -0.0633624671 -0.6574672965 355.3798966944 -0.0987019955 1.6605396295 0.0002868787
33004 313636.72 113.8506716727 34.0874836974 3777099.310543 763133.2509066 56.6344091343 -0.0680530786 -0.6445590812 353.1533062818 -0.1703542198 1.6811072324 -0.0019697096
33005 313637.29 113.8506700045 34.0874927421 3777100.310002 763133.0688675 56.6274304502 -0.0973100059 -0.492988978 347.3932848394 -0.3797832381 1.856719746 0.0025077492
33006 313637.79 113.8506672611 34.0875016323 3777101.28954 763132.788021 56.6228401568 -0.2379008617 -0.3956070698 341.7692205499 -0.643747471 2.0526003109 -0.0029661472
33007 313638.08 113.8506649942 34.0875071249 3777101.893256 763132.5616968998 56.6201728787 -0.2936057132 -0.2989457421 338.2167342235 -0.8018525921 2.1220616038 0.0004486227
33008 313638.51 113.8506606973 34.0875154928 3777102.810831 763132.1390238 56.6141991597 -0.2991253665 0.0374816483 332.6696463012 -1.0447174872 2.1307433796 -0.0002784967
33009 313638.91 113.850655781 34.0875229728 3777103.62827 763131.6619173002 56.6043274989 -0.1834595837 0.0646073573 327.3670030232 -1.219279347 1.9770977322 -0.0113855917
33010 313639.34 113.8506496339 34.0875305086 3777104.44873 763131.070996 56.5942798816 -0.2020415819 0.1069624126 321.1378862426 -1.4526658502 1.8816463455 0.0049024613
33011 313639.73 113.8506430205 34.0875370085 3777105.1530370014 763130.4402207 56.5936326394 -0.4122453516 0.5826447864 314.1938095471 -1.7099366707 1.7671695302 0.0243027393
33012 313640.13 113.8506348612 34.0875430843 3777105.80628 763129.6680166 56.5851806421 -0.311775697 0.4258577142 306.1624044347 -2.0534633585 1.5786197217 -0.0055136835
33013 313640.38 113.8506289982 34.0875465559 3777106.176441 763129.1159112 56.5797871444 -0.3894434562 0.4854176428 301.0648479429 -2.2908488285 1.4461345994 -0.0351622441
33014 313640.74 113.8506194513 34.0875509906 3777106.6439910014 763128.2206742 56.5665043611 -0.3156293349 0.3848409564 294.3124718613 -2.6026378188 1.2516468551 0.0201102905
33015 313641.04 113.8506105348 34.0875542231 3777106.979754 763127.3873652 56.5591620952 -0.1964926106 0.6547501309 289.6458589674 -2.8944411638 1.1049082137 -0.0499277098
33016 313641.35 113.8506001641 34.0875571554 3777107.278449 763126.4207149 56.5514095863 0.028090076 0.5315574486 285.6775109233 -3.283492941 0.9498507321 -0.0325959922
33017 313641.63 113.8505896299 34.0875595429 3777107.516258 763125.440648 56.5391076589 0.3603900672 0.7476928943 282.3260086677 -3.6514316405 0.8871537728 0.014883927
33018 313641.69 113.8505872251 34.0875600239 3777107.563448 763125.2171198 56.5402590754 0.3595993211 0.8554770618 281.5830198714 -3.7377870745 0.8593862968 0.0288894373
33019 313641.94 113.8505766036 34.0875617813 3777107.731109 763124.2309411998 56.5448724926 0.3483167089 1.0014206281 278.3901639123 -4.1055849119 0.6595684658 0.007893214
33020 313642.18 113.8505654372 34.0875630586 3777107.844089 763123.1959517 56.5413538031 0.4684357398 0.8308717283 275.4529718762 -4.4757191776 0.4816646306 0.0189233357
33021 313642.19 113.8505649509 34.0875631025 3777107.847701 763123.1509077 56.5415118262 0.4686273394 0.8256881231 275.3434559823 -4.4927851911 0.4737746871 0.0233176453
33022 313642.41 113.8505538302 34.0875639111 3777107.908781 763122.1215854 56.5465112897 0.336698954 0.6835096515 273.2696227849 -4.825336749 0.3264568474 0.0045631779
33023 313642.62 113.8505424892 34.0875644344 3777107.937632 763121.0728071998 56.5485070962 0.2269503439 0.5229325426 271.8316830574 -5.1384740476 0.1980361355 0.01049404
33024 313642.81 113.8505316169 34.0875647272 3777107.942114 763120.0680109 56.5481179124 0.1053811617 0.273124331 271.3127849836 -5.417412198 0.1534434418 -0.0032381999
33025 313642.99 113.8505207882 34.0875649856 3777107.9428839986 763119.0673573002 56.5447176434 -0.0450921405 0.2398244269 271.1571931479 -5.6782217591 0.1491942157 -0.0173113916
33026 313643.17 113.8505094279 34.0875652194 3777107.939559 763118.0176849 56.5412667338 -0.3095238978 0.2832085107 271.0529836582 -5.9516038426 0.1426437322 -0.0138835161
33027 313643.34 113.8504982135 34.0875654054 3777107.931303 763116.9816406 56.5317111788 -0.4455682858 0.2080505926 270.8837653022 -6.2032256351 0.1229291709 -0.0789810039
33028 313643.5 113.8504872387 34.0875655677 3777107.92104 763115.9677914 56.516856174 -0.2817340669 0.2341013334 270.7017507873 -6.4332930889 0.1215220264 -0.0796888529
33029 313643.56 113.8504830202 34.0875656273 3777107.916785 763115.5780877 56.511715644 -0.2213539465 0.2832717871 270.6345787498 -6.5208277375 0.1193052011 -0.0693874768
33030 313643.72 113.8504715002 34.0875657626 3777107.902117 763114.5139795998 56.4958219547 0.0811925409 0.3224140916 270.4693170415 -6.7441130618 0.0892629963 -0.1059942969
33031 313643.87 113.8504603627 34.0875658607 3777107.8843 763113.4853066 56.4870126601 0.2185498595 0.284578087 270.2820688991 -6.9360503589 0.0734236498 -0.0120347899
33032 313644.02 113.8504489203 34.087565938 3777107.863396 763112.4285436998 56.4850712474 0.2149366421 0.3381444716 270.1112856619 -7.1209914979 0.0567868929 -0.0113374585
33033 313644.16 113.8504379916 34.0875659773 3777107.8395980014 763111.4193302 56.4829884358 0.2556266334 0.3789151306 269.963157978 -7.2913658585 0.0324575464 0.0040888179
33034 313644.3 113.8504268037 34.0875659922 3777107.812427 763110.386263 56.4810828986 0.2705824131 0.3887072582 269.8238730272 -7.4645015186 0.0106129498 -0.0079137407
33035 313644.44 113.8504153611 34.0875659816 3777107.7817730014 763109.3297520998 56.4798943959 0.2335021032 0.3622990651 269.6928146279 -7.6280482109 -0.0074225764 0.0110756852
33036 313644.57 113.8504045091 34.0875659566 3777107.75103 763108.3278205999 56.4793479648 0.1977185645 0.4496289093 269.5937523909 -7.7803997099 -0.0104473157 0.0042905357
