33779 313798.0 113.844248885 34.0844812245 3776749.573193 762549.4861505999 56.7532117795 -0.5121171342 0.4337344304 237.3072655819 -0.5479530619 -0.3678003436 -0.0202844867
33780 313799.52 113.8442396776 34.0844764368 3776749.01819 762548.6507649998 56.7323435061 -0.179767379 0.3993695887 237.3959881972 -0.6641775892 -0.4307589727 -0.0178487781
33781 313800.38 113.8442304267 34.0844714811 3776748.444438 762547.8118737 56.7153674858 0.3651862843 0.3901931883 237.663324092 -1.5397823442 -0.9872077468 -0.0304261637
33782 313800.82 113.844221262 34.0844666688 3776747.886824 762546.9804971998 56.7057560189 0.5075660731 0.452915603 238.0067298792 -2.3150393591 -1.4594564141 -0.0361709344
33783 313801.15 113.8442120426 34.0844618964 3776747.3335 762546.1439438001 56.7063199514 0.3148216628 0.4264790805 238.3257453995 -2.8268907245 -1.7528505372 -0.0131965618
33784 313801.44 113.8442025029 34.0844570511 3776746.771252 762545.2780503002 56.7070927089 0.295309349 0.4614095743 238.6429639688 -3.239732121 -1.9765452103 0.0045402565
33785 313801.7 113.8441928954 34.0844522233 3776746.210779 762544.4058306 56.6994168246 0.5079095167 0.5345713269 238.8996821184 -3.5811742589 -2.1584772278 -0.0225781265
33786 313801.94 113.8441832047 34.0844473892 3776745.649388 762543.5259616 56.6972695412 0.5889533617 0.5866196375 239.0510174724 -3.8698772998 -2.3352777979 0.0016203527
33787 313802.16 113.84417365 34.0844426444 3776745.0982699986 762542.6583620999 56.7004864803 0.4815111912 0.6134076189 239.1582083344 -4.1452232251 -2.480382709 -0.0052231347
33788 313802.37 113.8441639148 34.0844378473 3776744.540871 762541.7742668 56.7014044812 0.4414044338 0.7075736903 239.2041400277 -4.398904594 -2.6177232832 -0.00856744
33789 313802.57 113.8441541381 34.084433028 3776743.980904 762540.8864005 56.7030580388 0.3204583055 0.7415622997 239.1638878382 -4.6191564001 -2.7556375828 -0.0125711897
33790 313802.76 113.8441444204 34.0844282186 3776743.422186 762540.0039562 56.7025918756 0.2038997572 0.7985762612 239.0380226533 -4.8143156698 -2.8859462477 0.0004211238
33791 313802.94 113.8441348557 34.0844234539 3776742.868825 762539.135498 56.7010879014 0.2067895461 0.8596834258 238.7551151842 -4.9787499337 -3.017698768 -0.0234190268
33792 313803.11 113.8441255319 34.0844187475 3776742.322553 762538.2891036 56.6970973006 0.2417822344 0.8951268932 238.2638466941 -5.1278195629 -3.1503230225 -0.056668255
33793 313803.28 113.8441159634 34.0844138164 3776741.750719 762537.420805 56.6947943941 0.3479843958 0.9206445809 237.6247802175 -5.2372908433 -3.3000931476 0.0024356733
33794 313803.34 113.8441125395 34.0844120189 3776741.542435 762537.1102083002 56.6952469535 0.3520932561 0.9128027367 237.4044385883 -5.2737803345 -3.3556393907 -0.0032516219
33795 313803.5 113.8441032974 34.0844070934 3776740.972058 762536.2720364998 56.6943507278 0.4836935733 0.9113724336 236.8011074152 -5.3632540755 -3.4839412715 -0.0173949361
33796 313803.66 113.844093911 34.0844019851 3776740.381021 762535.4211062 56.6956578232 0.5839179727 0.9838196767 236.1747438249 -5.4384679997 -3.6116363172 0.0161122154
33797 313803.82 113.8440844042 34.0843966928 3776739.769264 762534.5596214002 56.7004993511 0.3899800955 1.0456574352 235.5169393805 -5.5042806376 -3.7441146914 0.0343702166
33798 313803.97 113.8440754153 34.0843915606 3776739.176597 762533.7454684 56.7076824261 0.0981023171 1.0626833945 234.8565893187 -5.5308992633 -3.8518748484 0.0523599816
33799 313804.12 113.8440664007 34.0843863021 3776738.569845 762532.9293336 56.7134689037 0.0142620953 1.0339751306 234.1848589231 -5.5269997758 -3.9395292675 -0.0082909925
33800 313804.27 113.8440574273 34.0843809347 3776737.951125 762532.1173295998 56.7092448119 0.2902288367 1.0551297214 233.5357442804 -5.4824294093 -4.0060428137 -0.0573878051
33801 313804.39 113.8440503197 34.0843765858 3776737.450225 762531.4744721998 56.707047685 0.4320989574 0.9994642144 233.0462872081 -5.4239588218 -4.0413868132 0.0048267561
33802 313804.54 113.8440415233 34.0843710891 3776736.817603 762530.6792181998 56.716683331 0.2754935925 0.8182085296 232.5286859749 -5.3744869111 -4.1002115209 0.0746385653
33803 313804.69 113.844032797 34.0843655378 3776736.179103 762529.8906068002 56.7250031289 0.0771160624 0.6605254758 232.1404388229 -5.3349796472 -4.1250666487 0.003966051
33804 313804.84 113.8440241244 34.0843599631 3776735.538143 762529.1070274998 56.7283049878 0.1670415447 0.6589930623 231.7775801742 -5.3038843959 -4.136395935 0.0227056958
33805 313804.99 113.8440154843 34.0843543442 3776734.892368 762528.3265766 56.7278376976 0.2759046431 0.5797731217 231.4696974761 -5.2910994392 -4.1914426231 -0.0191210111
33806 313805.14 113.8440068765 34.0843486418 3776734.237401 762527.5493786 56.7284548366 0.1241881803 0.3468396737 231.1590298254 -5.290937385 -4.2503635985 0.0371837727
33807 313805.29 113.8439982592 34.0843428698 3776733.574696 762526.7715091999 56.7394682346 -0.2476462006 0.232390046 230.8275843627 -5.3178565201 -4.295389269 0.0101048172
33808 313805.44 113.843989617 34.084337008 3776732.901953 762525.9916179 56.7320690984 -0.0340231016 0.021541701 230.5134853094 -5.3219423189 -4.3713297236 -0.0978590204
33809 313805.59 113.8439809458 34.0843310632 3776732.21993 762525.2093133002 56.7243876448 0.043458063 -0.0951784379 230.1599268203 -5.3452750662 -4.4261526471 -0.0096512333
33810 313805.74 113.8439722534 34.0843250273 3776731.527732 762524.4253235 56.7268411135 -0.0758067382 -0.2764237595 229.8129384066 -5.3568528318 -4.5023891593 0.0069241843
33811 313805.89 113.8439635417 34.0843188868 3776730.823889 762523.6398821 56.724984875 -0.0544883103 -0.4996203892 229.4635274008 -5.3691544868 -4.5737600932 -0.0579177559
33812 313805.99 113.8439577152 34.0843147395 3776730.348651 762523.1146961 56.719799812 0.0294195176 -0.5726008828 229.2264346422 -5.3855271224 -4.617406319 -0.0439611878
33813 313806.14 113.8439489618 34.084308435 3776729.626498 762522.3259059 56.7182812654 -0.0776763164 -0.5630903547 228.8756258683 -5.397176372 -4.68652642 0.0076639661
33814 313806.28 113.8439407715 34.0843024554 3776728.941845 762521.5881035 56.7183760265 -0.2984060104 -0.5586425733 228.5967219124 -5.4200179265 -4.7609271107 -0.0250153231
33815 313806.42 113.8439325417 34.084296386 3776728.2471199986 762520.8469358 56.7109897723 -0.2492928412 -0.5796598727 228.2848202231 -5.4511709532 -4.8305086769 -0.0515851298
33816 313806.56 113.8439242718 34.0842902338 3776727.543113 762520.1023283001 56.7040848034 -0.2144681159 -0.454189948 227.9551582211 -5.4761682142 -4.8914827902 -0.0712664899
33817 313806.7 113.8439159688 34.0842839971 3776726.82964 762519.3549146 56.6948270164 -0.1367744254 -0.4277252338 227.6344148755 -5.4803035125 -4.9684435353 -0.0484605216
33818 313806.84 113.8439076665 34.0842776731 3776726.10648 762518.6078359998 56.6907803696 -0.2163337679 -0.3776004145 227.330739799 -5.4849381096 -5.0248032653 -0.025065906
33819 313806.98 113.8438993648 34.0842712848 3776725.376185 762517.8610204002 56.6852634074 -0.2113621971 -0.3468694827 227.0201381024 -5.480351125 -5.0717052396 -0.0782686601
33820 313807.12 113.8438910651 34.0842648418 3776724.639822 762517.1145453 56.6795409191 -0.1474514061 -0.2260788845 226.7132783435 -5.4711546476 -5.1077535922 -0.0344244043
33821 313807.26 113.8438827859 34.0842583528 3776723.898411 762516.3701184 56.6735823555 -0.0405932556 -0.1993114085 226.4014458532 -5.4494708577 -5.161036218 -0.0458010722
33822 313807.4 113.8438745354 34.0842518033 3776723.150362 762515.6285195 56.6710306006 0.1006112533 -0.1513616177 226.0677999082 -5.4347078363 -5.205849944 -0.0209301115
33823 313807.54 113.843866293 34.0842451959 3776722.3959 762514.887855 56.6695854571 0.1500215172 0.0019661931 225.6239701003 -5.4253739505 -5.2461140021 -0.0077956133
33824 313807.55 113.8438657054 34.0842447219 3776722.341789 762514.8350622 56.6695292126 0.1523482643 0.0160677892 225.5834772534 -5.4243818385 -5.2514738168 -0.0099800493
33825 313807.69 113.8438575269 34.0842380558 3776721.580984 762514.1004654 56.6727798712 0.0861128071 0.1787668526 224.8735085204 -5.3507010769 -5.2972234561 0.041023847
33826 313807.83 113.8438494894 34.0842313299 3776720.813903 762513.37909 56.6776051847 -0.0846723459 0.4021834668 223.8241593991 -5.2273630641 -5.342197185 0.0238873157
33827 313807.97 113.843841664 34.0842245327 3776720.039451998 762512.6775079 56.6793893026 -0.2393213928 0.5630470358 222.506809765 -5.0751173408 -5.4243338565 -0.0147821955
33828 313808.11 113.8438340964 34.084217631 3776719.254075 762512.0000577 56.6780140456 -0.185873773 0.5705979449 221.0535446893 -4.8918357086 -5.514664717 -0.0206807622
33829 313808.25 113.8438268276 34.0842106546 3776718.461165 762511.3504299 56.6778498171 -0.2354288533 0.5888480317 219.4537131792 -4.6805829124 -5.562135159 -0.0144995419
33830 313808.34 113.8438223248 34.0842061287 3776717.947319 762510.948631 56.6757987589 -0.2486021776 0.5578926218 218.3590624512 -4.5390035795 -5.6102827497 -0.0422807397
33831 313808.48 113.8438156108 34.0841990239 3776717.141589 762510.3506234002 56.6747369533 -0.3175238302 0.5485456798 216.5807038733 -4.2933664858 -5.6590183458 0.0131035528
33832 313808.63 113.8438088325 34.0841913486 3776716.272387 762509.7484424 56.674731344 -0.5387716679 0.3857193108 214.603623477 -4.024564104 -5.7146292558 -0.0302826896
33833 313808.69 113.8438062495 34.0841882546 3776715.922385 762509.5194931999 56.6726046922 -0.5950962569 0.3128262392 213.817102224 -3.9104300361 -5.7390860316 -0.047987286
33834 313808.84 113.843800083 34.0841804943 3776715.045322 762508.9740755 56.6663158629 -0.7359061971 0.1867235616 211.7914280344 -3.654559573 -5.7572696979 -0.0505927955
33835 313808.99 113.8437943453 34.0841726983 3776714.165396 762508.4683549 56.6586247571 -0.8129753231 0.2057688055 209.6743919397 -3.389713918 -5.788529024 -0.0597581958
33836 313809.07 113.8437914658 34.0841685091 3776713.693094 762508.2154033001 56.6534269722 -0.7981438716 0.1573673593 208.5119161268 -3.2425743309 -5.832124783 -0.0828765274
33837 313809.23 113.8437860551 34.0841600269 3776712.737855002 762507.7420007 56.6395696904 -0.6547219137 0.0718889885 206.0926608887 -2.9746484221 -5.9231486592 -0.0995803163
33838 313809.39 113.8437811045 34.084151429 3776711.770959 762507.3114378002 56.626465559 -0.5518792361 0.1820461105 203.6536080373 -2.7251174551 -5.985851667 -0.0609905332
33839 313809.45 113.8437793616 34.0841481823 3776711.406172 762507.1605270002 56.623679243 -0.6062056846 0.2190060337 202.6992197629 -2.6185745411 -6.0113614401 -0.0373455616
33840 313809.61 113.8437750783 34.0841394605 3776710.427237 762506.7919623 56.6182889612 -0.7312821169 0.2424362689 200.1081403096 -2.3036200684 -6.0780074941 -0.058361206
33841 313809.77 113.8437713444 34.0841306534 3776709.440261 762506.4743989 56.6058424944 -0.5633809342 -0.0012082476 197.5506551668 -2.0011020114 -6.1223829024 -0.0933065761
33842 313809.8 113.8437706987 34.0841289958 3776709.254647 762506.4198913 56.603369588 -0.5767491897 0.0072869733 197.0644878897 -1.9551239467 -6.1268378586 -0.0869277291
33843 313809.96 113.8437675225 34.084120126 3776708.262128 762506.1540100998 56.5918102013 -0.648681957 0.0971096737 194.4600773182 -1.6835391236 -6.1627137042 -0.0425073089
33844 313810.12 113.8437648437 34.0841112141 3776707.266238 762505.934187 56.5894878479 -0.813068466 0.186759734 191.9519207973 -1.3916908531 -6.1887432436 -0.0049436782
33845 313810.17 113.8437641152 34.0841084236 3776706.954675 762505.8755408 56.5889857756 -0.85627979 0.2049040155 191.1617747546 -1.2900443928 -6.198596233 -0.0354326177
33846 313810.33 113.843762087 34.084099472 3776705.956043 762505.715922 56.5750502236 -0.7357688103 0.2878137502 188.6314675817 -1.0442630969 -6.2198260605 -0.1347979275
33847 313810.49 113.8437605388 34.084090508 3776704.957272 762505.6006502 56.5605570776 -0.6367148423 0.3187079112 186.1142579713 -0.7468393126 -6.2155978159 -0.0589572681
33848 313810.56 113.8437600161 34.0840865862 3776704.520692 762505.5645035999 56.5577583667 -0.708714654 0.3126043796 185.0165327083 -0.6239183149 -6.2155166234 -0.0322338362
33849 313810.73 113.8437591235 34.0840770687 3776703.462180998 762505.5114870998 56.5499842465 -0.8862817924 0.3953771371 182.3732627439 -0.3472546879 -6.2089160003 -0.0713235273
33850 313810.9 113.8437587575 34.0840675742 3776702.407565 762505.5070239 56.5393301416 -0.9568254687 0.4076857857 179.7451536397 -0.0467267726 -6.1855792283 -0.0696082956
33851 313810.92 113.8437587502 34.0840664597 3776702.283865 762505.509797 56.5378601821 -0.9857504777 0.4096178588 179.4366743961 -0.0125900204 -6.1819279536 -0.0838316223
33852 313811.09 113.8437589754 34.0840570074 3776701.23546 762505.5597845 56.52358591 -1.041716508 0.3208355149 176.8883985261 0.2642872302 -6.1546093022 -0.1014635928
33853 313811.26 113.8437596765 34.0840475967 3776700.192889 762505.6536014 56.5080396645 -1.1039500836 0.3251186171 174.4863542245 0.5196717768 -6.122366895 -0.0960735989
33854 313811.29 113.8437598488 34.0840459411 3776700.0096019986 762505.6746285 56.5052979197 -1.0921579644 0.3211110615 174.0783793673 0.5612579533 -6.1190379121 -0.0957847174
33855 313811.46 113.8437610922 34.0840365829 3776698.974251 762505.8183465 56.4869187642 -1.0204053912 0.3170574196 171.8389716067 0.8001836994 -6.093689276 -0.1194653971
33856 313811.63 113.8437627627 34.0840272542 3776697.94327 762506.0014143002 56.4675204884 -0.8189942209 0.362740249 169.7476940321 1.023713398 -6.081552253 -0.1246579436
33857 313811.8 113.843764846 34.0840179414 3776696.915118 762506.2225524 56.4495568396 -0.4304207143 0.2092352851 167.9825888178 1.2432606199 -6.0667385576 -0.1047345339
33858 313811.97 113.8437672784 34.0840086422 3776695.889371 762506.4758881 56.4342298945 -0.2261871519 0.0156488372 166.6070746733 1.4011691802 -6.0669810504 -0.10434263
33859 313812.08 113.8437689895 34.0840026272 3776695.226252 762506.6524670002 56.4298005849 -0.2346547462 -0.0316492044 165.9512339841 1.4788873239 -6.0654959445 -0.0113477604
33860 313812.24 113.8437716265 34.0839938694 3776694.261112 762506.9230244 56.4303460205 -0.3268276089 -0.0109927358 165.3063782795 1.5648826703 -6.0866116267 -0.0211507353
33861 313812.4 113.8437743776 34.0839850844 3776693.293252 762507.2041899 56.4229795607 -0.0495245346 0.0149048341 164.8420061544 1.6276264632 -6.1032463552 -0.0592335882
33862 313812.56 113.8437772394 34.0839762752 3776692.322989 762507.4956576 56.415487133 0.1181344062 -0.1224686069 164.6038417439 1.6692434253 -6.1222758072 -0.0168167152
33863 313812.72 113.8437801479 34.0839674218 3776691.347943 762507.791578 56.4163551265 -0.050467344 -0.0787537339 164.4929787694 1.6731783742 -6.1638491489 0.0436000346
33864 313812.88 113.8437830687 34.0839585103 3776690.366483 762508.0888048002 56.4212334566 -0.2454874048 0.0280404927 164.3382091926 1.6998750326 -6.2041495622 -0.0003786236
33865 313813.04 113.8437860532 34.0839495416 3776689.378835 762508.3920984 56.4150718981 -0.1720029564 0.0829780976 164.0656087295 1.7441019487 -6.240858823 -0.0566427272
33866 313813.2 113.8437891307 34.0839405138 3776688.384861 762508.7041521998 56.4099151213 -0.2053173566 0.1350117804 163.5904425136 1.7969183778 -6.2704664941 -0.0085218014
33867 313813.36 113.8437923185 34.0839314389 3776687.385959 762509.026543 56.4078938421 -0.3521223879 0.282503074 162.8501569806 1.8838811753 -6.3027149474 -0.0221690955
33868 313813.42 113.8437935585 34.0839280281 3776687.010627 762509.151586 56.4059939394 -0.3559886441 0.2972561196 162.5257814388 1.9292779658 -6.3035068344 -0.0373078123
33869 313813.58 113.843797016 34.0839189074 3776686.007327 762509.4990132 56.399304416 -0.2996310489 0.2873950592 161.5987818387 2.0538674964 -6.3387720164 -0.0415566134
33870 313813.73 113.8438004495 34.0839103265 3776685.063868 762509.8425704001 56.3918436002 -0.263918408 0.2339992891 160.7266411842 2.1713847043 -6.3485463361 -0.0516325177
33871 313813.88 113.8438040709 34.083901745 3776684.120832 762510.2034703 56.3864866095 -0.3680175245 0.13293017 159.9719434541 2.2672762724 -6.338271124 -0.0310834392
33872 313814.03 113.8438078147 34.0838932082 3776683.18306 762510.575546 56.3828229662 -0.3762112232 0.0292910799 159.4240586573 2.3223409316 -6.2821953707 -0.0246741232
33873 313814.18 113.8438116315 34.0838847507 3776682.2542839986 762510.954106 56.3755342485 -0.2134319681 0.0041391876 159.078792809 2.3567161023 -6.2438252856 -0.0956412121
33874 313814.34 113.8438157349 34.0838757803 3776681.269325 762511.3607181 56.3673718115 -0.0399644082 0.0163486016 159.0113722857 2.3550895887 -6.1938057532 -0.0259971313
33875 313814.5 113.8438198328 34.0838668674 3776680.29074 762511.7666476999 56.3687763931 -0.0171139286 -0.1348742484 159.3353393963 2.3307787674 -6.1687524971 0.0166941915
33876 313814.66 113.8438237959 34.0838579761 3776679.314196 762512.1600620998 56.3688340327 0.0756436585 0.0593083981 159.9007785949 2.2293690633 -6.1624021777 -0.0136021369
33877 313814.82 113.8438276042 34.083849101 3776678.339046 762512.5391274998 56.3676472306 0.048806081 0.1975597691 160.6900886796 2.1466161548 -6.1494390323 0.012668153
33878 313814.98 113.8438312521 34.0838402547 3776677.366691 762512.9032992 56.37377543 0.0124654689 0.0806480257 161.7298364085 2.0427316607 -6.1263931057 0.0242995013
33879 313815.04 113.8438325685 34.0838369412 3776677.00235 762513.0350925 56.3754607104 0.0558658914 0.0693052508 162.2304176011 1.9913155256 -6.1277641238 0.0076031873
33880 313815.2 113.8438358853 34.0838281095 3776676.030763 762513.368645 56.3741538152 0.1555221192 0.1094817672 163.7134762467 1.815075265 -6.1333266038 -0.0216715936
33881 313815.36 113.8438388514 34.083819257 3776675.055961 762513.6698731 56.3736730712 0.1543624189 0.3799735781 165.1559919576 1.6109898395 -6.1409243815 0.0359416745
33882 313815.52 113.8438415455 34.0838104078 3776674.080832 762513.9459827 56.3808341716 0.0173052384 0.5508170633 166.5493192296 1.4795150492 -6.1364001122 0.015690039
33883 313815.68 113.8438439737 34.0838015503 3776673.104096 762514.1975620999 56.378863154 0.1220967882 0.7307091748 167.8216873196 1.3116001154 -6.1518379822 -0.004766104
33884 313815.8 113.8438456404 34.0837948701 3776672.367029 762514.3720984 56.3778099194 0.0884526112 0.7794411729 168.6833757554 1.2417364555 -6.2214591376 -0.0091299138
33885 313815.96 113.8438477283 34.0837858355 3776671.369766 762514.5928043 56.3798669437 0.0657106757 0.6885345525 169.7830427083 1.1421673564 -6.3289261226 0.0168582852
