35362 314083.47 113.8440567642 34.0815016666 3776418.417077 762540.951863 56.027394264 -0.0849926578 0.0054768738 176.5109226634 0.2166641142 -3.8198748086 0.0021843893
35363 314083.53 113.8440569088 34.0814996079 3776418.188978 762540.9715729 56.0274103293 -0.1007782842 0.0383082948 176.2721120292 0.2312032491 -3.7903478928 0.0114445582
35364 314083.8 113.8440576916 34.0814905271 3776417.183231 762541.0719151 56.0293060374 -0.175293141 0.2332395466 174.5779686796 0.3146197768 -3.6592395727 0.0062064986
35365 314084.08 113.8440588517 34.0814814834 3776416.182569002 762541.2069761999 56.0313455099 -0.1887825945 0.3859068913 171.8205446145 0.4655374451 -3.5036990595 0.0061678674
35366 314084.37 113.8440605463 34.0814725178 3776415.191954 762541.3911609 56.0297773462 -0.0888248993 0.640778792 167.8764558067 0.6480559369 -3.336111672 0.0163688277
35367 314084.49 113.8440614463 34.0814689509 3776414.798419 762541.4852804 56.0307759773 -0.0989899904 0.7312751751 165.8007438729 0.7626132915 -3.2472326533 0.0047185779
35368 314084.8 113.8440644602 34.0814602164 3776413.836843 762541.7905718002 56.0325228749 -0.0567778119 0.679553888 159.4390059621 1.0575864845 -2.9866689458 0.0049611239
35369 314085.01 113.8440670479 34.0814547444 3776413.236233 762542.0464283002 56.0352976993 -0.0167292142 0.7748781829 154.2852223363 1.2524677349 -2.7672586289 0.0329792387
35370 314085.36 113.8440723658 34.0814466763 3776412.354531 762542.5624188002 56.038924505 -0.1065090303 0.8434144091 143.9821987299 1.593474064 -2.3078884896 0.0196637758
35371 314085.5 113.8440748565 34.0814438716 3776412.049676 762542.8010689 56.0396796996 -0.140840699 0.7334055003 139.3697630897 1.7274968398 -2.1162888746 0.0028954114
35372 314085.88 113.8440826185 34.0814374442 3776411.356335 762543.5376810002 56.0413152091 -0.4066701728 0.5186697033 126.4024885508 2.0613075729 -1.6271214345 0.0172499155
35373 314086.0 113.8440853432 34.0814357763 3776411.178236 762543.7944306 56.0411835443 -0.5086163807 0.4575580293 122.2067895023 2.1634353598 -1.4368971012 -0.0017341483
35374 314086.4 113.8440951791 34.0814315678 3776410.736482 762544.715691 56.0372657403 -0.9012401034 0.2586914812 108.5244728373 2.3600698896 -0.8681794043 0.0018675986
35375 314086.52 113.8440982562 34.0814307094 3776410.649128 762545.0024826998 56.0347930016 -0.977117196 0.3521367923 104.5141069818 2.3905484916 -0.6937999966 -0.0280851657
35376 314086.94 113.8441091042 34.0814291809 3776410.507383 762546.0089179 56.0248259595 -1.0299781767 0.4818681031 90.8646843 2.3705352521 -0.086421693 -0.0394112231
35377 314087.1 113.8441131812 34.0814291706 3776410.516722 762546.3854189998 56.0159314442 -0.9165952263 0.4860739996 85.8502735195 2.3338730807 0.1068095355 -0.045951287
35378 314087.54 113.8441239341 34.081430531 3776410.695333 762547.3741481 55.9981269371 -0.6797333883 0.6313664541 72.3301170802 2.14710737 0.6201279871 -0.0226618505
35379 314087.7 113.8441275785 34.0814315104 3776410.813394998 762547.7076462 55.9940119935 -0.6494649968 0.6644179308 67.5969439066 2.0494627836 0.7881052181 -0.0236621712
35380 314088.18 113.8441373295 34.0814356528 3776411.298177 762548.5952622 55.9846914876 -0.4749756407 0.7022296457 53.9808744136 1.6791605733 1.14436327 -0.010739742
35381 314088.36 113.844140462 34.0814375601 3776411.517892 762548.8786249 55.9815672282 -0.4722110114 0.7132691999 49.1116841785 1.5252378793 1.2518035104 -0.0044007842
35382 314088.91 113.8441480609 34.0814440183 3776412.254143 762549.5603623 55.9702486489 -0.2727387167 0.6874835255 35.4495016955 1.0432002186 1.3699361231 -0.007785826
35383 314089.13 113.8441503885 34.0814467511 3776412.563397 762549.7668518 55.9676074684 -0.2301474019 0.7446358611 30.3789534622 0.9133394023 1.4310825235 -0.0073473508
35384 314089.72 113.8441552209 34.081454888 3776413.478832 762550.1879299 55.960515568 0.0169355409 0.5488085677 18.5095950153 0.5958487185 1.6455011275 0.0082229979
35385 314089.97 113.8441567278 34.0814586137 3776413.896173 762550.3155758 55.9592612227 0.0222098193 0.605194403 14.3480896803 0.4853897635 1.6950680618 -0.0044182808
35386 314090.54 113.8441589833 34.0814675172 3776414.890058 762550.4963353 55.9552683355 0.160167791 0.4319461331 6.3703013849 0.2399222568 1.7822734608 0.0025158471
35387 314090.88 113.8441596782 34.0814730452 3776415.5053199986 762550.5434255998 55.9535379102 0.173879556 0.2020771435 3.1631349049 0.1289909905 1.8344436923 0.0160278018
35388 314091.42 113.844160159 34.0814821125 3776416.512816 762550.5598091 55.9535622057 0.1572673988 0.0754293993 0.8898966107 0.0387681003 1.8771422328 0.0237414027
35389 314091.94 113.8441604186 34.081491274 3776417.530194 762550.5554782 55.9523526179 0.2034666626 0.1336125866 1.3591411215 0.0709299454 2.0724676183 0.0057982846
35390 314092.39 113.8441607851 34.0815004903 3776418.553937 762550.5608417 55.9479864631 0.2651728435 0.1896332281 2.1168998677 0.1018464827 2.4667903311 0.0029678774
35391 314092.77 113.844161263 34.0815096116 3776419.567426 762550.5767924 55.9457071414 0.315928089 0.3176665549 2.6164102085 0.1507489652 2.8351482584 -0.0097235976
