35647 314157.13 113.844004365 34.0838828013 3776682.533386 762528.7567462 56.4163452713 0.1590723845 0.7291299575 347.0023831532 -0.9052795434 4.1883541334 -0.0150895919
35648 314157.22 113.8440034303 34.083886195 3776682.90761 762528.6599477 56.4156592898 0.1989760253 0.6532862463 345.6438239573 -1.0145191781 4.1756610774 0.0077943275
35649 314157.46 113.8440004181 34.0838952163 3776683.901026 762528.3539366 56.4190125223 0.1039365826 0.6318687518 341.5871889844 -1.3110163768 4.1605299117 0.0009157536
35650 314157.61 113.8439981291 34.0839008309 3776684.518233 762528.1252293 56.4214673229 -0.0044090106 0.7353810686 338.7300532312 -1.5254946255 4.1321391436 0.0455629159
35651 314157.84 113.8439939025 34.0839093067 3776685.447983 762527.7087696 56.4307025382 -0.1490889301 1.0478912886 333.8470657487 -1.8758879098 4.039602451 0.0143238155
35652 314157.97 113.8439911258 34.0839140085 3776685.962636 762527.4378442 56.430085958 -0.0846915354 1.3511875558 330.7877837113 -2.0834252367 3.9774743676 -0.0085733125
35653 314158.2 113.8439854515 34.0839220296 3776686.838208 762526.8891098001 56.4320322983 -0.1963822934 1.8632483644 324.8207417255 -2.4677530058 3.7516678403 0.0232252297
35654 314158.3 113.8439826947 34.0839253439 3776687.198929 762526.624312 56.4340251656 -0.23495778 1.9192112175 321.898987283 -2.6507865563 3.5775809199 0.0301954065
35655 314158.53 113.8439756589 34.0839323439 3776687.957679 762525.9530199 56.4370913077 -0.0644730771 1.927171775 314.5408524079 -3.0127410008 3.1420013764 0.001940065
35656 314158.62 113.8439726746 34.0839348282 3776688.225706 762525.6697736002 56.4370566616 0.0311358453 1.9177368164 311.4277605682 -3.1328829398 2.9536609228 0.0244183386
35657 314158.86 113.8439640965 34.0839405876 3776688.842823 762524.8598988 56.4364735642 0.2218708429 1.6996264894 303.0058834823 -3.4555073467 2.3815705742 0.0363390989
35658 314158.94 113.8439610808 34.0839422471 3776689.019232 762524.5763108 56.4402983114 0.1785182593 1.6999319731 300.0771667659 -3.5345786813 2.19715277 0.0724935632
35659 314159.19 113.8439512031 34.0839465358 3776689.4697839986 762523.6509768 56.4535925314 0.0667226923 1.7099085046 290.5977311375 -3.7723921513 1.5521105572 0.0309502039
35660 314159.25 113.8439487405 34.0839473398 3776689.552689 762523.421095 56.4546936434 0.1135201771 1.6105536935 288.2636440865 -3.8191616999 1.3722940247 0.0143834971
35661 314159.5 113.8439382458 34.0839497517 3776689.793367 762522.4445837 56.4592906926 0.1144234142 1.5468424576 278.1377256973 -3.9364557648 0.7102856818 0.0475900416
35662 314159.57 113.8439352557 34.0839501527 3776689.830183 762522.1672457 56.4617207469 0.0683498017 1.6116887003 275.2277607118 -3.9629935411 0.508262133 0.0419012966
35663 314159.83 113.8439240418 34.0839504754 3776689.837169002 762521.130785 56.4733678605 -0.1068940008 1.4943811674 264.5244400073 -3.9991328454 -0.2770886703 0.0466159766
35664 314159.88 113.8439218789 34.0839503305 3776689.815526 762520.9315104 56.4750345619 -0.1230477856 1.4911321747 262.4597003401 -3.9990882566 -0.4151027154 0.0324249429
35665 314160.13 113.8439111196 34.0839486457 3776689.600893 762519.9432326 56.4762327876 -0.0943503487 1.5113674 252.120096681 -3.9181521377 -1.1325957413 0.0176747114
35666 314160.2 113.8439081518 34.0839478854 3776689.508896 762519.6715396999 56.4766949722 -0.1016121493 1.4590717722 249.243101403 -3.8654471575 -1.3392774541 0.016650027
35667 314160.45 113.843897934 34.0839441384 3776689.0668 762518.7396208 56.4768275889 -0.1344259883 1.3595793168 239.1693509089 -3.6166177898 -2.0375207139 0.0147435518
35668 314160.51 113.843895591 34.0839430114 3776688.9356989986 762518.5267601998 56.4766885517 -0.1186734659 1.3557218763 236.7999322909 -3.5468324699 -2.1890130938 0.0122670749
35669 314160.75 113.8438867296 34.0839376736 3776688.320554 762517.7250056998 56.4768565353 -0.2673557272 1.3746065685 227.5907711856 -3.2164408265 -2.8000378073 0.0206245877
35670 314160.82 113.8438843103 34.0839358752 3776688.114754 762517.5071673 56.4768552547 -0.3155555991 1.4279380843 224.9539757396 -3.1218518231 -2.9636806459 0.0077987693
35671 314161.05 113.8438769422 34.0839291855 3776687.353404 762516.8474856 56.4744284879 -0.5145546961 1.3582604145 216.6710174081 -2.7532058844 -3.5387327111 0.0095612614
35672 314161.13 113.843874587 34.0839265911 3776687.059436 762516.6380255 56.4735242138 -0.6021193151 1.2871971742 213.9546121211 -2.611870011 -3.7170830972 -0.00601099
35673 314161.35 113.8438687135 34.0839188495 3776686.185195 762516.1195962 56.4679870391 -0.4820862939 1.5408332821 206.4987399792 -2.2293740109 -4.1529528781 -0.0087044962
35674 314161.43 113.8438668306 34.0839158171 3776685.843835 762515.9550961 56.4652978703 -0.4243997182 1.6824114432 203.7860246677 -2.0469317034 -4.3171789221 -0.0329668707
35675 314161.64 113.8438626536 34.0839073186 3776684.889957 762515.595658 56.4513690947 -0.1235172794 1.7814292654 196.7995816388 -1.5289224186 -4.7250573488 -0.049380309
35676 314161.71 113.843861538 34.0839043159 3776684.5538550015 762515.5019237 56.4468598506 -0.039670432 1.6503766443 194.6239133057 -1.3444252531 -4.8559313198 -0.0418620619
35677 314161.91 113.8438590665 34.0838953094 3776683.5479910006 762515.3015348002 56.437792859 0.1984449535 1.0414818425 189.1502062543 -0.8833343393 -5.1893375865 -0.0133813333
35678 314162.1 113.8438575034 34.0838862383 3776682.53729 762515.1852241 56.4336203244 0.370824978 0.9188378114 185.1069714685 -0.5696300604 -5.4530326337 0.0256221064
35679 314162.28 113.8438566534 34.0838772424 3776681.536774 762515.1345356 56.4353284147 0.4208657695 0.8193855537 182.2944957067 -0.2689144636 -5.6771654816 0.0060995791
35680 314162.34 113.8438564859 34.0838741663 3776681.19496 762515.1285717 56.4346939102 0.4767768581 0.7150217152 181.5777591486 -0.1888565079 -5.7444291272 -0.0119499161
35681 314162.52 113.843856239 34.0838647344 3776680.147603 762515.1349133 56.4370972216 0.5648900884 0.376665712 180.1316778371 -0.0211346769 -5.9302589706 0.0513795173
