37616 314892.89 113.8422477644 34.0913850063 3777510.590805 762343.3891193002 58.0183775676 0.329278623 1.2763540183 272.3738593335 -12.5055049823 0.5429587111 0.0123555194
37617 314892.97 113.8422369116 34.0913853839 3777510.604822 762342.3859096 58.0215211892 0.2785101074 1.2326285664 272.1454447875 -12.5127186725 0.4905466296 0.0632780503
37618 314893.05 113.8422260417 34.0913857296 3777510.615258 762341.3812344 58.0277073448 0.0405837214 1.2597223769 271.9008282373 -12.548608133 0.4638989647 0.0879474361
37619 314893.13 113.8422151595 34.091386043 3777510.622085 762340.3755153002 58.0311162425 -0.0322655028 1.24229076 271.6232108667 -12.5575679842 0.4003696135 0.0027819502
37620 314893.21 113.8422042523 34.0913863052 3777510.623153 762339.3676432 58.028884667 -0.081510805 1.2680492747 271.3661894886 -12.591941612 0.3334112787 -0.0544338307
37621 314893.29 113.8421933274 34.0913865263 3777510.6196199986 762338.3582699002 58.022725584 0.2651640882 1.2213665513 271.1011578812 -12.6160617271 0.2830468152 -0.0512596469
37622 314893.37 113.8421823887 34.0913867044 3777510.611283 762337.347749 58.0200068941 0.237346555 1.1511426293 270.8190349676 -12.6201833608 0.2153151676 0.0127978802
37623 314893.44 113.8421728068 34.0913868214 3777510.599646 762336.4626926 58.0224496182 0.2931045851 1.1404795737 270.571513548 -12.6359493141 0.1578872623 0.0682612941
37624 314893.52 113.8421618434 34.0913869132 3777510.581662 762335.4501673002 58.0266872402 0.2765054967 1.1501634811 270.2832959817 -12.6452658201 0.0991594519 0.0328951259
37625 314893.6 113.8421508648 34.0913869604 3777510.558697 762334.4363626 58.0296596754 0.3192379893 1.1644266231 269.9964470645 -12.6760223895 0.0343183239 0.0154845138
37626 314893.68 113.8421398746 34.0913869653 3777510.5310019986 762333.4216340998 58.03084841 0.6915977186 1.208745751 269.7065353473 -12.6883927351 -0.0180617373 0.0424509432
37627 314893.76 113.8421288781 34.0913869271 3777510.498508 762332.4064466999 58.0378520088 0.6120954971 1.2165454857 269.4045372965 -12.6840945435 -0.0846827672 0.1590678777
37628 314893.84 113.8421178757 34.0913868362 3777510.46015 762331.3908752 58.0503293127 0.4213226963 1.2391382182 269.1042080177 -12.6978838524 -0.1651745914 0.1631628027
37629 314893.92 113.8421068638 34.0913866976 3777510.416483 762330.3745803002 58.0612947801 0.315711022 1.3382318083 268.8204387879 -12.708375348 -0.2170026206 0.1261660165
37630 314894.0 113.8420958335 34.0913865159 3777510.367975 762329.3567105 58.0637103617 0.4383311388 1.3769640487 268.5402972172 -12.7239986354 -0.2869518131 -0.0023968618
37631 314894.04 113.8420903123 34.0913864082 3777510.341842 762328.8472736998 58.0637669582 0.4971024976 1.3819418469 268.391927015 -12.7415721743 -0.3137812776 0.0082906268
37632 314894.12 113.8420792727 34.091386165 3777510.286489 762327.8287425998 58.0676447209 0.5004530527 1.3535787091 268.0925924766 -12.7369777272 -0.3668551121 0.1162330733
37633 314894.2 113.8420682382 34.0913858736 3777510.225795 762326.8108323001 58.0812820364 -0.0938315936 1.3645105114 267.7839632139 -12.7335582665 -0.460617077 0.1616488623
37634 314894.28 113.8420572017 34.0913855224 3777510.1584660006 762325.7929235 58.086004287 -0.405640482 1.3556934291 267.5357867243 -12.7299388681 -0.5329112234 -0.0184225298
37635 314894.36 113.8420461684 34.0913851274 3777510.08629 762324.7754354 58.077809399 -0.2715587104 1.3848075896 267.3192665121 -12.7222115466 -0.574013651 -0.1295668747
37636 314894.44 113.84203515 34.0913847084 3777510.0114730014 762323.7594108002 58.068205893 -0.128615439 1.3270267254 267.0694414396 -12.6919892716 -0.6161736914 -0.1025400926
37637 314894.52 113.8420241516 34.091384244 3777509.9316839986 762322.745358 58.061815544 0.0857732574 1.2910002451 266.8350619392 -12.6767513299 -0.6789302553 -0.016333227
37638 314894.6 113.8420131747 34.0913837415 3777509.847721 762321.7334211 58.0605398025 0.3280535466 1.1761553508 266.6167302948 -12.6466214014 -0.7301869713 0.0427303781
37639 314894.66 113.8420049563 34.0913833382 3777509.781848 762320.9758589001 58.0628649956 0.4949876293 1.0854966898 266.4531544003 -12.627895865 -0.769420507 0.0693795222
37640 314894.74 113.8419940195 34.0913827707 3777509.690764 762319.9678199 58.0701989392 0.5745189922 1.0346682647 266.2245012661 -12.6019160377 -0.8078692085 0.1210657461
37641 314894.82 113.8419831084 34.0913821711 3777509.596193 762318.9622595998 58.0811426174 0.4363060801 0.9554875409 265.9948777813 -12.5691885353 -0.8614538602 0.1666553341
37642 314894.9 113.8419722233 34.0913815343 3777509.497554 762317.9592051 58.0927934554 0.1241904823 0.8876423999 265.7680495032 -12.549092545 -0.9110455805 0.1416081476
37643 314894.98 113.8419613565 34.0913808626 3777509.395102 762316.9579466998 58.0981893269 -0.0879546321 0.8763194252 265.5571050746 -12.5218588424 -0.9519339101 0.0206125454
37644 314895.06 113.8419505064 34.0913801622 3777509.289489 762315.9583244 58.0990896188 -0.310298148 0.8663410787 265.3688889025 -12.5151978586 -0.9938943657 -0.0074483575
37645 314895.14 113.84193967 34.0913794236 3777509.179691 762314.9600875 58.0929652788 -0.1271260167 0.7482889627 265.2078347337 -12.487497417 -1.0403715049 -0.0991944188
37646 314895.22 113.8419288517 34.091378655 3777509.066597 762313.963605 58.0846487945 0.2544050692 0.6672683969 265.0648036632 -12.4618815344 -1.083971784 -0.1102152414
37647 314895.3 113.841918048 34.0913778618 3777508.950817 762312.9685509 58.079878537 0.7292835942 0.7255491087 264.9512880667 -12.4469167308 -1.1052215489 0.0185426254
37648 314895.39 113.8419059364 34.0913769695 3777508.820677 762311.8530494 58.0933389971 0.6517147781 0.6999353907 264.7892276672 -12.3910339141 -1.1054472422 0.2888432154
37649 314895.48 113.8418938595 34.091376049 3777508.687495 762310.7408349 58.1157138906 0.1791667025 0.8784330909 264.6393414487 -12.3638577356 -1.1411855127 0.145064446
37650 314895.57 113.8418817877 34.0913751215 3777508.553544998 762309.6291129001 58.1202731319 0.2288091511 0.9011323635 264.4527703936 -12.3742544064 -1.1576931941 -0.0012016556
37651 314895.58 113.8418804478 34.0913750166 3777508.538469 762309.5057205998 58.120203414 0.2871602421 0.9044672992 264.4371700885 -12.3641327791 -1.1624421659 -0.0068364843
37652 314895.67 113.841868391 34.0913740436 3777508.399505 762308.3955255002 58.1190776499 0.3711807226 0.9997894924 264.3299194809 -12.3447989549 -1.2222732905 -0.0209317033
37653 314895.76 113.8418563398 34.0913730352 3777508.256646 762307.2859538 58.1217098208 0.2583791649 0.9401510809 264.2844003705 -12.3448403839 -1.2559766479 0.0983803544
37654 314895.85 113.8418442875 34.0913720032 3777508.111151 762306.1763561 58.1300386386 -0.1855464896 0.851856334 264.2735965624 -12.3569814858 -1.2719148322 0.0682015207
37655 314895.94 113.8418322171 34.0913709752 3777507.966054 762305.0650788 58.1287370622 -0.2766957696 0.7246595741 264.2262548241 -12.386204806 -1.2646898893 -0.0705262827
37656 314896.03 113.8418201294 34.0913699391 3777507.820022 762303.9522194 58.1190626668 -0.0241460528 0.6269575878 264.195670429 -12.3958679182 -1.2805583911 -0.1275271334
37657 314896.12 113.8418080267 34.0913688963 3777507.673202 762302.838001 58.1085962746 0.4488007609 0.5823062569 264.1708214651 -12.4134954004 -1.2909083139 -0.078761473
37658 314896.21 113.8417959156 34.0913678477 3777507.525717 762301.7230249002 58.1107033407 0.5991514052 0.5685166679 264.1599327264 -12.4233852782 -1.2883675146 0.1149570489
37659 314896.29 113.8417851453 34.0913669144 3777507.394476 762300.7314894 58.1226541242 0.5340064494 0.4666323416 264.1433247844 -12.4305621423 -1.2962412214 0.186500601
37660 314896.37 113.8417743621 34.0913659722 3777507.262213 762299.7387894 58.1343457019 0.2871261938 0.4785882271 264.1551806862 -12.4465365018 -1.3027386428 0.1186400392
37661 314896.45 113.8417635611 34.0913650362 3777507.130591002 762298.7444210999 58.1406162838 0.2302909369 0.4171185545 264.1782888636 -12.4665339378 -1.2928387021 0.0240117819
37662 314896.53 113.8417527366 34.0913640983 3777506.998701 762297.7479 58.1400243081 0.3656507635 0.3683841369 264.2232698959 -12.5031657861 -1.2964084855 -0.0502399866
37663 314896.61 113.8417418927 34.091363171 3777506.867938 762296.7495404 58.1378866676 0.4402767332 0.4194864679 264.2737635585 -12.5188944556 -1.266050529 -0.0047464524
37664 314896.69 113.841731036 34.0913622556 3777506.738449 762295.7499748 58.1422553817 0.3134216065 0.405823075 264.3136553419 -12.5312121317 -1.2679638998 0.1117076476
37665 314896.77 113.8417201641 34.0913613416 3777506.6090980014 762294.7489960998 58.1501304489 0.1241665404 0.4591277291 264.371722886 -12.5568343641 -1.2545595578 0.0712628094
37666 314896.85 113.8417092709 34.0913604361 3777506.480621 762293.7460292 58.151934023 0.1929319203 0.4227552573 264.4270422274 -12.578220558 -1.2561844078 -0.0161861067
37667 314896.93 113.8416983603 34.0913595288 3777506.351899 762292.741453 58.1509284731 0.3753415795 0.3747266249 264.4996269716 -12.5944515498 -1.2515807942 -0.0092837379
37668 314897.01 113.8416874343 34.0913586314 3777506.224245 762291.7354361998 58.1519594165 0.5258939364 0.3054280373 264.5538669324 -12.6109034083 -1.2382067124 0.0523058927
37669 314897.09 113.8416765038 34.0913577411 3777506.097358 762290.7289681998 58.159212851 0.3431139332 0.3086608159 264.6037817277 -12.6192933232 -1.2240912879 0.119851866
37670 314897.17 113.841665561 34.0913568658 3777505.972114 762289.7213297 58.1674638428 0.1144047381 0.3034607151 264.6372400994 -12.6448029122 -1.2036510247 0.0876671975
37671 314897.25 113.8416545964 34.0913559952 3777505.8473309986 762288.7116609998 58.169680601 0.0740286258 0.2896007214 264.6701202782 -12.674794596 -1.2058679296 -0.0262730483
37672 314897.33 113.8416436114 34.0913551294 3777505.723028 762287.7000851998 58.1659576185 0.2476592728 0.3219298909 264.7029073668 -12.6954316966 -1.1966864044 -0.055745622
37673 314897.41 113.8416326081 34.0913542666 3777505.599007 762286.6868163 58.1621765485 0.5095387275 0.3284105177 264.7370483083 -12.7118630284 -1.1962576275 0.006829366
37674 314897.49 113.8416215924 34.0913534079 3777505.475421 762285.6723955999 58.1671814453 0.3533444087 0.352450361 264.7641389704 -12.7226554713 -1.180161774 0.1388319314
37675 314897.57 113.8416105633 34.0913525529 3777505.352197 762284.656721 58.177652318 -0.0547844402 0.3208600154 264.7614176137 -12.7365783337 -1.1939402203 0.1189146136
37676 314897.65 113.8415995117 34.0913516921 3777505.22828 762283.6389899 58.1810041694 -0.2928002003 0.3706181166 264.7568644367 -12.7743727801 -1.1880513508 -0.0553025156
37677 314897.73 113.8415884335 34.0913508331 3777505.104498 762282.618791 58.1724031651 -0.0781150069 0.3488904133 264.7334648109 -12.8081718457 -1.1972332318 -0.1444542242
37678 314897.81 113.8415773409 34.0913499669 3777504.97987 762281.5972875998 58.1632048888 0.0599825558 0.4009594774 264.7113649673 -12.8142186405 -1.1985859475 -0.0465243871
37679 314897.89 113.8415662329 34.0913491014 3777504.855293 762280.5743629001 58.1609009765 0.1051331099 0.4560704485 264.6530420657 -12.8332036659 -1.2049540504 0.0234300394
37680 314897.97 113.8415551084 34.0913482228 3777504.729205 762279.5499543 58.1600030726 0.3209622751 0.4868716812 264.5884518012 -12.8540289679 -1.2262625886 -0.0006008577
37681 314898.05 113.8415439687 34.0913473365 3777504.602237 762278.5241657 58.1621646341 0.4126863324 0.5198054148 264.4927753773 -12.860070641 -1.2375726715 0.063464481
37682 314898.13 113.8415328097 34.0913464349 3777504.473512002 762277.496638 58.1680756975 0.4160777261 0.5432108213 264.4126409078 -12.8842438623 -1.2728146265 0.0966732312
37683 314898.21 113.8415216361 34.0913455183 3777504.343093 762276.4678146 58.1750929905 0.3669036665 0.5450751659 264.3278073991 -12.9007484026 -1.2873607635 0.0856526104
37684 314898.26 113.8415146465 34.0913449366 3777504.260578 762275.8242619 58.1794703817 0.2348777219 0.5659473021 264.2785219928 -12.9042112905 -1.3019506905 0.0880373796
37685 314898.34 113.8415034487 34.0913439944 3777504.12725 762274.7932813001 58.1842338042 -0.010027194 0.578980935 264.1883603845 -12.928077394 -1.3201744285 0.0291323605
37686 314898.42 113.8414922319 34.0913430383 3777503.992333 762273.7605869998 58.1823308207 -0.0137181096 0.5908554249 264.0908818374 -12.9535513583 -1.3488987543 -0.081397826
37687 314898.5 113.8414809972 34.0913420629 3777503.855233 762272.7262999002 58.1755223051 0.1745671703 0.6517421498 264.0087312631 -12.9664031538 -1.3694651837 -0.0810616119
37688 314898.58 113.841469749 34.0913410772 3777503.716952 762271.6908081998 58.1710554762 0.4108391069 0.6870176011 263.9162300926 -12.9860658605 -1.3793900587 -0.0114908237
37689 314898.66 113.8414584932 34.0913400718 3777503.576464 762270.6546635 58.174768894 0.4948914464 0.6941712053 263.8119113628 -12.9927750258 -1.4124480967 0.1012984423
37690 314898.74 113.8414472291 34.0913390527 3777503.43443 762269.6177982 58.1853343416 0.3924997685 0.7831881138 263.6747730707 -13.0004669287 -1.4258276469 0.1386440451
37691 314898.82 113.8414359539 34.0913380097 3777503.28972 762268.5799798 58.1958242841 0.3397028804 0.7921845101 263.5450760538 -13.0185942742 -1.4767251759 0.1177153587
37692 314898.9 113.8414246657 34.0913369397 3777503.141983 762267.5410506 58.2026050221 0.2034776038 0.8355342739 263.4297606749 -13.0254534483 -1.501146284 0.0455625109
37693 314898.98 113.8414133613 34.091335847 3777502.991677 762266.5006931998 58.205143326 0.1125003625 0.8389992787 263.3200930452 -13.0533393861 -1.5400880432 0.0171755686
37694 314899.06 113.8414020399 34.0913347371 3777502.839426999 762265.4588175998 58.2044328619 0.0458979059 0.8314490845 263.1946164309 -13.0698486005 -1.5551828954 -0.039645429
37695 314899.14 113.8413906959 34.0913336118 3777502.685403 762264.4149023001 58.2014153013 -0.0029850817 0.8870225142 263.0758043904 -13.0955751836 -1.5871853421 -0.0519011565
37696 314899.22 113.841379336 34.0913324687 3777502.529362 762263.3695726999 58.1971359253 0.0586242529 0.8728622021 262.9439951741 -13.1096628044 -1.6073282757 -0.0439734915
37697 314899.3 113.8413679609 34.0913312986 3777502.370301 762262.32292 58.1946046725 0.1855312342 0.8064095545 262.813048613 -13.1280408612 -1.6633782487 -0.0403696875
37698 314899.38 113.8413565718 34.0913301 3777502.2080230014 762261.2750726 58.1940378006 0.2687160837 0.7916865393 262.6976573579 -13.1399797387 -1.6833090641 0.0204816416
37699 314899.46 113.8413451729 34.0913288786 3777502.043197 762260.2263821 58.1997419074 0.1980055375 0.6676995874 262.56799451 -13.1597877369 -1.7351674242 0.0855823659
37700 314899.54 113.8413337628 34.0913276309 3777501.875429 762259.1767433 58.2050295388 0.2186560352 0.6240073273 262.4391892024 -13.1711006893 -1.7503370593 0.044124262
37701 314899.62 113.841322335 34.0913263629 3777501.705355 762258.125536 58.2065536855 0.383969191 0.5264833427 262.2909913511 -13.1909959206 -1.7965196186 0.006714671
37702 314899.64 113.8413194765 34.0913260404 3777501.662217 762257.8626094 58.2063857885 0.5141028772 0.5110293874 262.2568159725 -13.1856987671 -1.8071952141 -0.0116340766
37703 314899.72 113.8413080344 34.0913247376 3777501.488245 762256.8101847 58.2086730329 0.6218947164 0.584136216 262.1264064482 -13.20370426 -1.8266924033 0.0545544025
37704 314899.8 113.8412965861 34.0913234164 3777501.3122269986 762255.7572448001 58.218401866 0.510401699 0.6021900222 261.9748854795 -13.2090547476 -1.8657339593 0.1971634699
37705 314899.88 113.8412851278 34.0913220719 3777501.133586 762254.7034474 58.2314779144 0.0804089482 0.7184516799 261.8114284222 -13.2205089434 -1.8888561235 0.1228342542
