38730 315008.9 113.8400383172 34.0841774244 3776705.041345 762161.6312519 56.9359547896 0.2216152748 0.6848426191 114.4271967668 4.6283484589 -2.1259165822 0.0094734613
38731 315009.1 113.8400485455 34.0841735732 3776704.640216 762162.5875954 56.9383230684 0.2150907972 0.6597800237 114.1337118153 4.8154597474 -2.1677759883 0.014998849
38732 315009.29 113.8400586395 34.084169815 3776704.249049 762163.5312421998 56.9376481203 0.2095732406 0.678250017 114.0313856525 4.9818146589 -2.2315772491 -0.0002775334
38733 315009.48 113.8400690663 34.0841659479 3776703.846658 762164.5059629001 56.9403452445 0.1323595482 0.6560797503 113.9423245045 5.1430212065 -2.2922334347 0.0321860706
38734 315009.66 113.8400792515 34.0841621895 3776703.455716002 762165.4580317 56.9425645992 0.0426288519 0.6277924366 113.8801114551 5.2905555488 -2.3559757503 -0.0066493282
38735 315009.84 113.8400896791 34.084158347 3776703.056049 762166.4327422 56.9424027447 0.0082641808 0.6334249672 113.7801487672 5.3866020232 -2.3855710331 0.0138992902
38736 315010.01 113.8400996511 34.0841546933 3776702.676177 762167.3648045999 56.9429493034 -0.0093668422 0.6395852052 113.6355043888 5.4270614236 -2.3787171541 -0.0052108416
38737 315010.18 113.8401096453 34.0841510742 3776702.300195 762168.2988115 56.940983234 -0.01474704 0.6575450554 113.3606071033 5.4155699942 -2.3566397519 0.0002413247
38738 315010.35 113.8401196342 34.0841475138 3776701.930724 762169.2321457 56.941547947 -0.0723103421 0.5966733412 113.0799839393 5.4200150344 -2.3094379339 0.0219171481
38739 315010.53 113.8401301769 34.0841438056 3776701.546262 762170.2170813001 56.9433223698 -0.2481150772 0.5584063203 112.8277947094 5.3907121038 -2.2797005251 0.0068549397
38740 315010.59 113.8401336791 34.084142581 3776701.419352 762170.5442407 56.943171382 -0.2483851431 0.5594744543 112.7410674695 5.3731143843 -2.2667408078 0.0152617437
38741 315010.77 113.8401441383 34.0841389528 3776701.04355 762171.5212137 56.9459979646 -0.3159111646 0.5728304936 112.5635982291 5.3395908755 -2.2181361626 -0.0150032272
38742 315010.95 113.8401545242 34.0841353877 3776700.674577 762172.4912247 56.9380173525 -0.0911863703 0.5123389741 112.4115525325 5.2960773944 -2.1935432597 -0.0293813164
38743 315011.13 113.8401648245 34.0841318748 3776700.311163 762173.4531606 56.936658877 -0.0026436905 0.5055525086 112.2509131551 5.2528050154 -2.1505531657 0.0124808764
38744 315011.31 113.840175031 34.0841284139 3776699.953292 762174.4062829 56.938705991 -0.0136512581 0.5031382726 112.0860111663 5.2029123118 -2.1154486673 0.0230069979
38745 315011.49 113.840185137 34.0841250223 3776699.602846 762175.3499175998 56.9395424053 0.0336561414 0.4831276327 111.9317353662 5.1451723637 -2.0776118406 0.0262147257
38746 315011.68 113.8401956648 34.0841215102 3776699.24011 762176.332864 56.9437775472 -0.0526347276 0.4843568381 111.7678382908 5.0765402223 -2.0315230597 0.0191245194
38747 315011.87 113.8402060661 34.0841180765 3776698.885755 762177.3038913 56.9450944392 -0.1131062882 0.4733656247 111.6119434524 5.0184171085 -1.9891402567 0.0193406372
38748 315012.06 113.8402163277 34.0841147034 3776698.53776 762178.2618271 56.9493981833 -0.1665711156 0.5495040621 111.4623982304 4.9464556204 -1.9551278546 0.0114400018
38749 315012.25 113.8402264601 34.0841114075 3776698.198008 762179.2075985 56.9477757318 -0.1511215968 0.5256306658 111.2771688227 4.8911552222 -1.900634132 -0.0113236913
38750 315012.45 113.8402369946 34.0841080143 3776697.8484870014 762180.1907967 56.946161896 -0.1343831332 0.5402144109 110.9980242372 4.8254273054 -1.8660148831 0.0194035551
38751 315012.65 113.8402474018 34.0841047183 3776697.509425 762181.1619408001 56.9470000267 -0.192030854 0.5634286968 110.6964123387 4.7734759289 -1.8023461216 -0.0023602164
38752 315012.69 113.8402494686 34.0841040715 3776697.442946 762181.3547859 56.9464047393 -0.1724003267 0.5395325179 110.6519257878 4.7551531806 -1.7929302913 -0.0020729015
38753 315012.89 113.8402597072 34.0841008933 3776697.116525 762182.3099936 56.9471855042 -0.2406428048 0.4460308955 110.4370844316 4.6863449499 -1.7376095896 0.0026250527
38754 315013.1 113.8402702728 34.0840976459 3776696.7832660014 762183.2956163 56.9437557636 -0.2273336781 0.4952449214 110.2519501924 4.5922076343 -1.6960466672 0.0049426308
38755 315013.31 113.840280595 34.084094497 3776696.460311 762184.2584667 56.9418987781 -0.3097445857 0.5107018987 110.1066814112 4.4760428273 -1.6301625188 0.0014034131
38756 315013.53 113.8402911036 34.0840913419 3776696.137143 762185.2385408 56.9399320344 -0.2945261046 0.3595276772 109.9524961639 4.3369433543 -1.5690387459 0.0005764371
38757 315013.76 113.8403017146 34.0840881616 3776695.811448 762186.2281448 56.9347331924 -0.2555703158 0.4460889298 109.8126980085 4.1692480983 -1.5058211409 -0.0070305405
38758 315014.0 113.8403123071 34.0840850171 3776695.489673 762187.2159373 56.9319836367 -0.2724031569 0.4441801964 109.6522009967 3.9602477819 -1.4088632521 0.0214649126
38759 315014.25 113.8403227173 34.0840819485 3776695.175858 762188.1866549 56.9302098248 -0.2347140087 0.4070912867 109.5027471012 3.7208639745 -1.3141382974 0.0002086754
38760 315014.51 113.8403329373 34.0840789488 3776694.869201 762189.1396059 56.9279307676 -0.1855899839 0.4421492126 109.2962277336 3.5596213009 -1.241419774 0.0094822425
38761 315014.78 113.8403431763 34.084075989 3776694.567018 762190.0941783001 56.927298761 -0.268207413 0.4334010976 109.1186737594 3.4398799704 -1.1837681114 0.0298296569
38762 315015.06 113.8403534327 34.0840730437 3776694.266496 762191.0503170999 56.9257971738 -0.2811462645 0.456390343 108.9264234764 3.3195953711 -1.1319438537 0.0078729977
38763 315015.36 113.8403639299 34.0840700528 3776693.961519 762192.0288305002 56.9234641343 -0.229654715 0.4321307146 108.7549386416 3.1522923784 -1.0714405871 -0.0046898215
38764 315015.67 113.8403742935 34.0840671167 3776693.66229 762192.9948453 56.9178194096 -0.1999541896 0.4567498788 108.5724965529 3.0432275816 -1.0215231866 -0.0006386867
38765 315015.99 113.8403846391 34.0840642204 3776693.367434 762193.9590664002 56.9164562561 -0.2487763056 0.444198408 108.393985251 2.9443761927 -0.9821236114 0.0120068033
38766 315016.32 113.8403949645 34.0840613587 3776693.076357 762194.9213256 56.9159906218 -0.2872682862 0.4613601799 108.2996967823 2.8447805949 -0.9466563385 0.0019897917
38767 315016.66 113.8404052732 34.0840585154 3776692.78728 762195.8819759 56.9115977976 -0.2655663692 0.4356944745 108.2996454855 2.7592597484 -0.9147113911 0.012796865
38768 315017.01 113.840415663 34.0840556328 3776692.494061 762196.8502451 56.9035732904 -0.1533146778 0.497103435 108.410216397 2.7828990135 -0.9258133028 -0.0246187105
38769 315017.35 113.8404262073 34.084052722 3776692.198099 762197.8328605 56.8978086729 -0.1499800032 0.35741964 108.5682149699 2.9775369013 -0.9945764648 -0.0107308407
38770 315017.66 113.8404365789 34.0840498123 3776691.9018230014 762198.7995304 56.8950094003 -0.1413467443 0.436615592 108.7514630832 3.218060373 -1.1013071019 0.0086969822
38771 315017.95 113.8404470711 34.0840468356 3776691.598412 762199.7775382 56.8845037753 0.0877468889 0.4204666002 108.9593650552 3.4830116377 -1.1801948111 -0.0071916437
38772 315018.22 113.8404576104 34.0840438136 3776691.290103 762200.7600378002 56.879484999 0.2436469878 0.3727309744 109.1793198227 3.7411504887 -1.3007858658 0.0056905014
38773 315018.47 113.8404680385 34.0840407599 3776690.977985 762201.7323638998 56.8783328347 0.2535636142 0.4429845605 109.3504721254 3.9767925077 -1.4039216633 0.0030499411
38774 315018.66 113.8404763778 34.0840383097 3776690.727478 762202.5099583 56.878686755 0.2864096116 0.499883621 109.4812268085 4.1387134075 -1.4689008499 0.0329356998
38775 315018.89 113.8404869144 34.0840351761 3776690.406776 762203.4925541 56.8791397512 0.2953786453 0.5399812613 109.6383996499 4.3361797806 -1.5544897162 0.0185957478
38776 315019.11 113.8404974425 34.0840320248 3776690.084082 762204.4744231 56.8799412586 0.3045180553 0.6035543517 109.7762198035 4.4985201239 -1.6299073563 0.0170112895
38777 315019.32 113.8405078163 34.0840288741 3776689.7610699986 762205.4420314998 56.8840527171 0.1337885767 0.6764969059 109.9389125009 4.6261985741 -1.6901979521 0.0219997955
38778 315019.53 113.8405184796 34.084025624 3776689.427758 762206.436691 56.8828109149 0.1300496782 0.6373310225 110.0945749945 4.7448049981 -1.740590913 0.0139294327
38779 315019.73 113.8405288625 34.0840224204 3776689.0988879986 762207.4053074 56.8864671532 -0.0266761909 0.6937750178 110.246822116 4.8488786066 -1.7967384668 0.0145044243
38780 315019.93 113.840539476 34.0840191316 3776688.761164 762208.3954776 56.8811989864 0.001146952 0.6868223793 110.3677645731 4.942181682 -1.8513484865 -0.0038156838
38781 315020.12 113.840549749 34.0840159271 3776688.431915 762209.3539540998 56.8828993337 -0.1382853474 0.7792281174 110.3982077972 5.0333512788 -1.8921522866 0.0152860585
38782 315020.31 113.8405602259 34.0840126696 3776688.0973 762210.3314167 56.876452974 -0.060522376 0.784294383 110.3104348262 5.1313097108 -1.9091792019 -0.0419194182
38783 315020.5 113.8405709026 34.0840093872 3776687.760449 762211.3274104998 56.8735973323 -0.0885798329 0.6982109849 110.2443791909 5.2221356241 -1.9348169999 0.0073071136
38784 315020.68 113.8405811899 34.0840062145 3776687.434763 762212.2871051999 56.8698845049 -0.07354577 0.7247065924 110.1891543161 5.3113758133 -1.9691424701 -0.0236948501
38785 315020.86 113.8405916462 34.0840030064 3776687.10559 762213.2625228 56.8670058716 -0.0879513689 0.7005391182 110.149182987 5.4013364189 -1.9809823148 -0.0095718329
38786 315021.04 113.8406022637 34.0839997582 3776686.772381 762214.252943 56.8633709466 -0.0373229377 0.6056331813 110.1499880125 5.4776572701 -2.0147227861 -0.0047135962
38787 315021.22 113.840613028 34.0839964703 3776686.435136 762215.2570348 56.8584790397 0.0081521438 0.5657914403 110.178243603 5.5598305966 -2.0511036336 -0.0151262035
38788 315021.39 113.8406233335 34.0839933054 3776686.110362 762216.2183927 56.8583001206 0.003094374 0.6237238547 110.2136207088 5.6327737588 -2.0874088237 0.0124129477
38789 315021.56 113.840633784 34.0839900942 3776685.780827 762217.1932773001 56.8555498906 0.0674130351 0.6032972097 110.2395127118 5.716458947 -2.1099430001 -0.024079397
38790 315021.73 113.8406443742 34.0839868428 3776685.447194 762218.1811844 56.8537556427 0.0305216013 0.5685732453 110.2659438419 5.7819446493 -2.1447735889 0.014569819
38791 315021.9 113.8406550925 34.0839835354 3776685.1076629986 762219.1810945 56.8537236834 -0.0081466827 0.627452779 110.1964820525 5.8587321125 -2.1721472319 -0.0029138212
38792 315022.06 113.8406653235 34.0839804042 3776684.78644 762220.1354662 56.8519270569 -0.0318123238 0.6462278371 110.0278335254 5.9445580316 -2.178344851 -0.0091242743
38793 315022.19 113.8406737478 34.083977851 3776684.5247269985 762220.9212196999 56.8494045101 -0.0372821127 0.6687321095 109.7865858874 6.0121509666 -2.1847575843 -0.0123291742
38794 315022.35 113.8406842518 34.0839747179 3776684.204004 762221.9008039002 56.8485821551 -0.0163444997 0.6579443707 109.4008379403 6.1017454581 -2.1623573697 0.0033251559
38795 315022.51 113.8406949082 34.0839716106 3776683.886526 762222.8943807 56.8443186386 0.1172438967 0.6254915584 108.9910551506 6.1883621381 -2.1490365094 -0.0430462562
38796 315022.67 113.8407057097 34.083968539 3776683.573386 762223.9012531 56.8413431384 0.1898462027 0.535525305 108.6073198067 6.2679573674 -2.1213001095 0.0144431941
38797 315022.83 113.8407166458 34.0839654909 3776683.263197 762224.9204699 56.8446108308 0.1034500998 0.505843179 108.2949951697 6.3437670551 -2.1132824707 0.0220734789
38798 315022.98 113.8407270306 34.0839626381 3776682.9732699986 762225.8881814998 56.8450537315 0.047525844 0.5100845602 107.977496922 6.430685876 -2.1067721933 0.0088113313
38799 315023.05 113.840731936 34.0839613131 3776682.838818 762226.3452281 56.8445731057 -0.0121740161 0.5178106425 107.8236719381 6.4859602015 -2.1016105002 -0.0037105199
38800 315023.2 113.8407425866 34.0839584773 3776682.55146 762227.3374282 56.841938992 -0.057809606 0.4987869441 107.4733460843 6.5780870165 -2.0877546049 0.0048879482
38801 315023.35 113.8407533803 34.0839556591 3776682.266412 762228.3427983002 56.8372652214 -0.1082123485 0.4964491254 107.1272998679 6.6650211872 -2.0720546891 -0.0299802065
38802 315023.5 113.8407643115 34.0839528615 3776681.984012998 762229.3607870998 56.8309379611 -0.0666029075 0.549961126 106.7919854489 6.7438047167 -2.0600979297 -0.0098664568
38803 315023.65 113.8407753821 34.0839500817 3776681.703953 762230.3916033001 56.8239689982 -0.0057241981 0.6261168689 106.4399707834 6.838497865 -2.0436102578 -0.0392984158
38804 315023.79 113.8407858486 34.083947507 3776681.445087998 762231.3660055002 56.8175145155 0.1321158385 0.7084333996 106.1282625181 6.9166078573 -2.0342171426 -0.0099899162
38805 315023.93 113.8407964447 34.0839449546 3776681.189044 762232.3522999 56.8146828739 0.1522006054 0.7350056798 105.7822270503 7.0037884987 -2.0116146203 -0.0002072279
38806 315024.07 113.8408071585 34.0839424321 3776680.936621 762233.3493757 56.8112096433 0.1763915746 0.8162956498 105.4469759136 7.0828769319 -1.9929062082 0.0010457092
38807 315024.19 113.8408164133 34.0839402942 3776680.723122 762234.2105379001 56.8123654574 0.1574723515 0.820330826 105.1364933754 7.1513048272 -1.9677937331 0.0268431976
38808 315024.33 113.840827333 34.0839378419 3776680.479017 762235.2264071 56.8108155383 0.1248645783 0.814177007 104.7988441745 7.2401100211 -1.9362386968 -0.0006564985
38809 315024.47 113.8408383784 34.0839354115 3776680.237657 762236.2538194 56.8093599482 0.111002079 0.8110125594 104.4318247729 7.3215919607 -1.922861115 0.0096700836
38810 315024.61 113.8408495496 34.0839330163 3776680.000537 762237.2927379 56.8089970443 0.1021303146 0.8471704787 104.0926827109 7.4046294289 -1.8914171153 0.005140721
38811 315024.75 113.8408608368 34.0839306542 3776679.767384 762238.3422596 56.8055356974 0.0647645679 0.8374161546 103.7608707247 7.4795515653 -1.8638225617 -0.0035649983
38812 315024.88 113.8408714184 34.0839284976 3776679.5552199986 762239.3259999 56.8036319614 0.0508744846 0.7984622612 103.4698500172 7.5423013521 -1.8296470303 0.0106795846
38813 315025.01 113.8408821015 34.0839263638 3776679.345849 762240.319033 56.8017775379 -0.0207570011 0.8655962035 103.2101485155 7.620517026 -1.822767649 -0.0514393325
38814 315025.14 113.8408929109 34.0839242339 3776679.137236 762241.3237255998 56.7948018527 0.059562086 0.8978884552 102.9440065224 7.6940110385 -1.8059748837 0.009771944
38815 315025.26 113.8409029842 34.0839222904 3776678.947419 762242.2598698002 56.793438728 -0.1002628984 0.9152127146 102.7139309144 7.7647523076 -1.7878976426 -0.005230451
