39967 315135.91 113.8443548848 34.0907547796 3777446.066087 762539.8867905 57.5935916724 0.2494128907 0.5641381698 302.4555131182 -7.5949253167 4.8621936089 0.0250117337
39968 315135.93 113.8443532408 34.0907556564 3777446.159162 762539.7322866 57.5946739437 0.1954855915 0.5678257456 302.3499680975 -7.5681806833 4.8525366603 0.0609559957
39969 315136.05 113.8443434545 34.0907607827 3777446.702909 762538.8128676 57.604331213 0.0705621343 0.5755758533 301.6559939901 -7.4693095583 4.6263432654 0.1032378136
39970 315136.17 113.8443338246 34.0907656905 3777447.222795 762537.9085721 57.6148958094 -0.0809917312 0.7253654424 300.8281062675 -7.3649384708 4.4458530801 0.0868377531
39971 315136.29 113.844324323 34.0907703855 3777447.719401 762537.0167721 57.6166700181 -0.0002514575 0.7804748073 299.8799681596 -7.2858709555 4.2141654737 -0.0038217263
39972 315136.42 113.844314166 34.0907751926 3777448.22677 762536.0641119998 57.6189609216 0.1262969078 0.894963277 298.7862993194 -7.1572817269 3.9859212435 0.0580894378
39973 315136.55 113.8443041687 34.0907797248 3777448.704036 762535.1270529998 57.6276538577 0.0049912074 0.9768082557 297.4912942649 -7.0556822338 3.7342103457 0.0768248018
39974 315136.61 113.844299603 34.0907817121 3777448.912835 762534.6993566 57.6320193158 -0.0157348005 1.0233735789 296.8508025091 -7.0087545036 3.6116432733 0.0724094014
39975 315136.74 113.8442898245 34.0907857879 3777449.340011 762533.7839125999 57.6375127453 0.183907828 1.107030176 295.3523274567 -6.903455313 3.3227436337 0.021612153
39976 315136.88 113.8442794675 34.0907898121 3777449.759983 762532.8152020002 57.6411395408 0.5729852408 1.4133224511 293.5601757752 -6.7753618981 3.0262743833 0.029707816
39977 315137.02 113.8442693204 34.09079344 3777450.1365 762531.8671048002 57.6549648307 0.6490409701 1.6573693279 291.3944576686 -6.6266862455 2.702129139 0.1497297927
39978 315137.17 113.8442586895 34.0907968617 3777450.488899 762530.8749811 57.6783609409 0.2489167899 1.8457050481 288.704473082 -6.5047360182 2.3143453551 0.1498923775
39979 315137.2 113.8442565871 34.090797482 3777450.552332 762530.6789415 57.6826619413 0.1502851423 1.8442802632 288.1519305343 -6.4817481424 2.2298338549 0.135760426
39980 315137.35 113.8442461843 34.0908002583 3777450.8336910014 762529.7098688 57.700163831 -0.1187443285 1.8771292529 285.2575875399 -6.3629071791 1.8364976978 0.0933058161
39981 315137.51 113.8442352831 34.0908026345 3777451.069363 762528.6960167 57.7038971204 -0.0276548696 1.8086685542 281.9279584386 -6.2688077794 1.4207821483 -0.0166123922
39982 315137.67 113.8442244889 34.0908044351 3777451.2414379986 762527.6938194 57.7088474715 -0.2324588793 1.9878384332 278.2463308035 -6.24280594 1.0265722005 0.0326273082
39983 315137.76 113.8442184437 34.0908051867 3777451.309303 762527.1333385998 57.7124606632 -0.3537300836 1.9528664409 276.0432536163 -6.21685315 0.7686833626 0.0362226312
39984 315137.93 113.8442070779 34.0908059934 3777451.369613 762526.0814387 57.7172408812 -0.3450605956 1.5919754825 271.7460435321 -6.1759370951 0.272358925 -0.0035332666
39985 315138.1 113.8441957848 34.0908061492 3777451.357858 762525.0382580998 57.70915257 -0.0815400422 2.0898377301 266.9656578437 -6.1015254686 -0.1368042905 -0.0528865034
39986 315138.27 113.844184675 34.0908054964 3777451.2568519986 762524.0144999 57.7155397609 -0.2053278919 1.8312910684 261.9148824986 -5.9465874237 -0.7568040531 0.0817229055
39987 315138.29 113.8441833865 34.0908053589 3777451.238278 762523.8959568002 57.7170639113 -0.212436473 1.8332525972 261.3051775433 -5.9337182042 -0.8192811977 0.0734748625
39988 315138.46 113.844172575 34.0908038254 3777451.040295 762522.9024715 57.7176278317 -0.234450876 2.0505164492 255.7972350773 -5.7878358861 -1.2755402099 -0.042330038
39989 315138.56 113.8441663896 34.0908025344 3777450.881122 762522.3353599 57.7164467284 -0.1533671015 2.0338789852 252.5008480618 -5.6290904654 -1.6315495988 0.0291694642
39990 315138.74 113.8441556859 34.0907994704 3777450.513574 762521.3565534 57.7246355722 -0.3145872808 1.9249606522 246.387060805 -5.3414062294 -2.1847605932 0.0041709627
39991 315138.83 113.8441505517 34.090797611 3777450.294021 762520.8882537 57.7230354957 -0.2389277037 1.9269073395 243.2327862528 -5.1783061931 -2.4516977633 -0.0407425403
39992 315139.01 113.8441408145 34.0907932532 3777449.785372 762520.0026787 57.7215281874 -0.1927121692 1.892869857 236.8327272957 -4.7904040548 -2.9646494713 0.0255357154
39993 315139.1 113.8441362278 34.0907907766 3777449.498727 762519.5868396 57.723186817 -0.1992244372 1.8394609668 233.579544059 -4.5783290103 -3.2046862956 0.0147344986
39994 315139.29 113.8441272391 34.090784935 3777448.827334 762518.7749603002 57.722165321 -0.0694639245 1.6713523951 226.7420856908 -4.1044463679 -3.6719548337 -0.0138680003
39995 315139.38 113.8441233422 34.0907818923 3777448.47965 762518.4245665999 57.7214045785 -0.1240209336 1.545546843 223.5363039912 -3.8526306025 -3.879522634 0.0030516542
39996 315139.57 113.8441158612 34.090774974 3777447.692639 762517.7552162 57.7238232736 -0.788062994 1.5761008819 216.7684396698 -3.3628281037 -4.2510075545 0.0253052048
39997 315139.67 113.844112358 34.0907710887 3777447.252455 762517.4437746998 57.7272309717 -1.1307496963 1.5739759523 213.2654134369 -3.0626932003 -4.4257049266 0.0490452221
39998 315139.86 113.844106579 34.0907632889 3777446.371992 762516.9343013002 57.7234703694 -1.2755632455 1.6098746448 206.6961297709 -2.5154751736 -4.7327284621 -0.1262150675
39999 315139.96 113.8441039723 34.090758978 3777445.886878 762516.7069393 57.7063136864 -0.9940749437 1.7232229419 203.1781825818 -2.2578787013 -4.8997544483 -0.206632641
40000 315140.15 113.8440998408 34.0907503424 3777444.917904 762516.3521627 57.6791217132 -0.7432829803 1.7472514576 196.4824830702 -1.6853864112 -5.2071275747 -0.0454670105
40001 315140.24 113.8440983012 34.0907460686 3777444.439656 762516.2232234002 57.676395027 -0.8862253887 1.74104512 193.3010645563 -1.4033849777 -5.3405984459 -0.0238174253
40002 315140.42 113.8440960395 34.0907372172 3777443.4515410014 762516.0417495 57.6665284745 -1.0008331405 1.8712289371 186.9599318663 -0.834707467 -5.5747389357 -0.0940303827
40003 315140.52 113.8440952796 34.0907321472 3777442.886927 762515.9872531998 57.6566248499 -0.9776242435 1.9664312622 183.5144021843 -0.4981306213 -5.6860207828 -0.1034541305
40004 315140.7 113.8440948424 34.0907228015 3777441.84865 762515.9757689 57.6391754718 -0.873356143 2.0508294248 177.5131589108 0.1190412713 -5.8418210322 -0.0929910515
40005 315140.8 113.8440951064 34.0907175087 3777441.261953 762516.0165059 57.6296683196 -0.834106428 2.190430204 174.3072371002 0.4373130304 -5.9093888993 -0.0838338806
40006 315140.97 113.8440963793 34.0907084014 3777440.254522 762516.1621768002 57.6130581256 -0.7354398961 2.2152629855 169.0629768703 1.0320033766 -5.9787881341 -0.0936953936
40007 315141.07 113.8440976303 34.0907030012 3777439.658438 762516.2943662 57.6045312183 -0.6903641867 2.1357431528 166.1698740191 1.3462711512 -6.0083326658 -0.0873568811
40008 315141.24 113.8441005348 34.0906937714 3777438.641604 762516.5910619 57.5884213708 -0.53135733 2.1854054791 161.2891972598 1.8754462774 -6.0226242171 -0.1252799657
40009 315141.4 113.8441041784 34.0906850982 3777437.688448 762516.9542821 57.5779449409 -0.3941615196 2.2921080444 156.8067155754 2.4079161661 -5.9881072467 -0.0369346443
40010 315141.51 113.8441072148 34.0906791752 3777437.038936 762517.2529391 57.5733527411 -0.3718057953 2.2644627814 153.8295840625 2.7675294161 -5.9448244679 -0.0614455199
40011 315141.67 113.8441124015 34.090670656 3777436.106841 762517.7581508 57.5619564569 -0.1685706812 2.1669831351 149.6608972262 3.2706007134 -5.8614743295 -0.063972806
40012 315141.82 113.8441180302 34.0906627924 3777435.248639 762518.3021535998 57.5557550276 -0.1262837182 2.1585661901 145.8597167665 3.7254983889 -5.7535066439 -0.0306437496
40013 315141.94 113.8441230567 34.0906566196 3777434.576517 762518.7853316 57.5545776728 -0.2328223546 2.1923980957 142.8746579831 4.0895529546 -5.6360661167 -0.0101742452
40014 315142.09 113.8441300135 34.0906491015 3777433.760071 762519.4508946 57.5508174207 -0.2942401145 2.2156464524 139.3017259538 4.5253097336 -5.4622348579 -0.0442184585
40015 315142.23 113.8441371468 34.0906423029 3777433.023924 762520.1305176 57.5444804318 -0.2340431129 2.2066175184 136.0950857099 4.9075807562 -5.3008537313 -0.0543560138
40016 315142.36 113.8441442867 34.0906361971 3777432.364671 762520.8086260002 57.5378942257 -0.1692439935 2.1381089386 133.2819003989 5.2577538806 -5.1083601348 -0.0541452056
40017 315142.5 113.8441524927 34.0906298626 3777431.682782 762521.5858636 57.5308149839 -0.0092132809 2.0257287272 130.4792407977 5.5881754008 -4.9250998515 -0.0512282893
40018 315142.64 113.8441611974 34.0906237695 3777431.028969 762522.4084006 57.5247355951 0.0918767313 1.8513354167 127.9355889376 5.9141630585 -4.7304560986 -0.0442158108
40019 315142.78 113.8441703589 34.0906178982 3777430.400954 762523.2724311 57.5201792494 0.1153947067 1.6679263217 125.6663210007 6.1993863895 -4.5615266665 -0.036310693
40020 315142.81 113.8441723785 34.0906166667 3777430.269474 762523.4627063002 57.5196763044 0.1562721041 1.6084176332 125.2118000385 6.2572860136 -4.5294795273 -0.0080024395
40021 315142.94 113.8441813562 34.090611433 3777429.711731 762524.3078046 57.5177224353 0.0743172394 1.4210731553 123.4923466658 6.5175872891 -4.3968805138 -0.0338422878
40022 315143.07 113.8441906764 34.0906063469 3777429.171255002 762525.1840598 57.5128715402 0.1303886375 1.0928978537 122.2751467728 6.7336209958 -4.2935166109 -0.043995437
40023 315143.2 113.8442002921 34.0906013517 3777428.641633 762526.0873181998 57.5086614331 0.1767507502 0.8193693013 121.5397110402 6.905275405 -4.2661287016 -0.0487372358
40024 315143.33 113.8442101154 34.090596344 3777428.111147 762527.0097835 57.5036348598 0.2664730802 0.78621882 120.9993290331 7.0426049716 -4.2885147506 -0.0212707154
40025 315143.46 113.8442201364 34.0905913121 3777427.578482 762527.9505828 57.5041532749 0.1905772231 0.8917200413 120.4910371884 7.1889061758 -4.3031978767 -0.0085285665
40026 315143.51 113.8442240493 34.0905893753 3777427.373609 762528.3178458 57.503470297 0.2071402193 0.8853716401 120.3320562962 7.2553323466 -4.3046891449 -0.0217224037
40027 315143.63 113.8442335648 34.0905847332 3777426.882901 762529.2107618002 57.499323193 0.2996493326 0.8030225798 120.0597055279 7.3848084815 -4.2974685113 -0.0392909201
40028 315143.75 113.8442432462 34.0905800708 3777426.390374 762530.1190654 57.4980398584 0.3026783923 0.6610982577 119.9179099084 7.5036604323 -4.3379033957 0.0161208142
40029 315143.87 113.8442530766 34.0905753569 3777425.8925230014 762531.0412830998 57.4992723586 0.1991847459 0.5922038614 119.8600689317 7.6132574721 -4.3951037543 -0.0040747339
40030 315143.99 113.8442630405 34.090570572 3777425.387118 762531.9760384 57.4983302336 0.1512442597 0.6502664033 119.7753910474 7.714629838 -4.4520631779 -0.029855597
40031 315144.11 113.8442731516 34.0905657325 3777424.876052 762532.9245613002 57.4946962809 0.2409997882 0.7389510872 119.7071826434 7.8284340191 -4.5061738313 -0.0530938057
40032 315144.22 113.8442825478 34.0905612506 3777424.402814 762533.8059681 57.4907521559 0.3920109485 0.7947470703 119.6552015204 7.9311217905 -4.551299312 -0.0228635836
40033 315144.33 113.8442920623 34.0905567257 3777423.925126 762534.6984304 57.4899110924 0.3665778639 0.7978960964 119.6350698474 8.0304515838 -4.5932139644 -0.002053962
40034 315144.44 113.8443016942 34.0905521499 3777423.442078 762535.6018992 57.4925050745 0.1458148146 0.8101863905 119.6434941896 8.1225104829 -4.6495895981 0.0401589813
40035 315144.55 113.8443114418 34.0905475181 3777422.953114 762536.5162165 57.4935397627 -0.0122770302 0.8230997084 119.7174049204 8.2223418866 -4.7068771524 -0.0296216473
40036 315144.66 113.8443213005 34.0905428239 3777422.457519 762537.4409826 57.487768298 0.062486372 0.8176329296 119.8244557544 8.3113145083 -4.7787126754 -0.0774039065
40037 315144.77 113.8443312589 34.090538056 3777421.953993 762538.3751812 57.4790325044 0.2328822867 0.7723063688 119.9181612283 8.3924687646 -4.8547041064 -0.06459691
40038 315144.88 113.8443413122 34.0905332165 3777421.442771 762539.3183684 57.4751907028 0.3475468412 0.8126259762 119.9955626255 8.4702842076 -4.9258133898 -0.0052094402
40039 315144.99 113.8443514657 34.0905283092 3777420.924286 762540.2710125998 57.4752428755 0.2844832929 0.803930585 120.1036501322 8.5577100879 -4.9875135847 0.0054720618
40040 315145.1 113.8443617217 34.0905233447 3777420.399709 762541.2333003002 57.4771141373 0.1441011124 0.7841765552 120.2451081393 8.6374106781 -5.0526889454 0.0195029343
40041 315145.2 113.8443711275 34.0905187694 3777419.916143 762542.1158862 57.4765286073 0.0965797382 0.7032458064 120.3909740928 8.7121031709 -5.1150710716 -0.0436410127
40042 315145.3 113.8443806106 34.0905141354 3777419.426254 762543.0057898002 57.4705220508 0.1769435162 0.6607340031 120.5697867902 8.7789614762 -5.1827536977 -0.075208059
40043 315145.4 113.8443901583 34.0905094329 3777418.9289339986 762543.9018664 57.4663853925 0.2616790057 0.5955788513 120.741845108 8.8340211971 -5.2626311534 -0.0149047751
40044 315145.5 113.8443997718 34.0905046632 3777418.424328 762544.8042340998 57.4650972672 0.2394313718 0.5462129868 120.9245124765 8.8991142562 -5.3327737348 -0.0228287458
40045 315145.6 113.8444094515 34.090499823 3777417.9120620014 762545.7129189002 57.4651066307 0.212727238 0.5469319206 121.1210095151 8.9511917434 -5.4170623915 -0.007618701
40046 315145.62 113.8444113959 34.0904988459 3777417.808627 762545.895471 57.4650348704 0.2130581903 0.5445549681 121.1630751846 8.9735719087 -5.4374608025 -0.0080278945
40047 315145.72 113.8444211534 34.090493919 3777417.286943 762546.811616 57.4630513946 0.255616401 0.5483747386 121.3788976856 9.030704114 -5.5127543375 -0.0281680791
40048 315145.82 113.8444309702 34.0904889214 3777416.757567 762547.7334518002 57.4616878601 0.2533273501 0.5304713056 121.5907503563 9.0823983352 -5.594158284 0.0128535384
40049 315145.92 113.8444408412 34.0904838525 3777416.22042 762548.6605206998 57.4628684139 0.1353836439 0.5032608643 121.7991742126 9.1374711055 -5.67258255 0.0183204421
40050 315146.02 113.8444507766 34.0904787112 3777415.675405 762549.593745 57.4616023181 0.1473606496 0.4999406703 122.0190403882 9.1946015331 -5.7564464629 -0.0425752678
40051 315146.12 113.844460782 34.0904734964 3777415.122399 762550.5336694 57.4568060329 0.2652017587 0.4623327337 122.2610808124 9.2451452183 -5.8260691289 -0.0410231014