40383 315169.09 113.8462658688 34.0879100653 3777135.283236 762725.126207 57.3022870943 0.006942556 0.4293052065 174.1431731482 1.2887911082 -12.6483245842 0.0080707821
40384 315169.17 113.8462669738 34.0879009522 3777134.27473 762725.2564195 57.3029075302 0.3268899576 0.3723172386 174.295024936 1.2557729765 -12.6348409661 0.0013091662
40385 315169.25 113.8462680513 34.0878918347 3777133.265673 762725.3841045002 57.3055557683 0.2923174589 0.2756489342 174.4336150199 1.2357156191 -12.6365591018 0.0312528773
40386 315169.33 113.8462691144 34.0878827179 3777132.256656 762725.5104561999 57.3100197744 0.3498914996 0.1720820767 174.5959900531 1.2127186528 -12.6363715099 0.0947746848
40387 315169.41 113.8462701435 34.0878736022 3777131.247662 762725.6336601998 57.3181701442 0.050693583 0.0932803198 174.747025769 1.1704938783 -12.6300627246 0.0993844712
40388 315169.49 113.8462711438 34.0878644783 3777130.237697 762725.754239 57.3226941684 -0.0757302832 0.0006535334 174.9010359177 1.1428681458 -12.6543316902 0.0052834852
40389 315169.57 113.846272109 34.0878553455 3777129.226644 762725.8715981998 57.3206358962 -0.0292111472 0.0057076783 175.0463176202 1.0893281041 -12.6691126774 -0.0490692004
40390 315169.65 113.8462730406 34.0878462053 3777128.214692 762725.9858858002 57.315811431 0.1223214702 -0.0112280892 175.1860340598 1.0627537017 -12.6716754947 -0.0576471699
40391 315169.73 113.8462739455 34.087837059 3777127.201996 762726.0977231 57.3137356965 0.1689300295 0.1689698471 175.3359331357 1.0207758229 -12.6816372185 -0.0150211982
40392 315169.74 113.8462740558 34.0878359149 3777127.075305002 762726.1114471 57.3137106644 0.1779368775 0.1796191285 175.3527226633 1.0147681711 -12.686121331 -0.0050706644
40393 315169.82 113.8462749081 34.087826763 3777126.061845 762726.2184419001 57.3170427056 0.0860128709 0.3048556835 175.49681674 0.9669033488 -12.6846186466 0.0520744254
40394 315169.9 113.8462757447 34.0878176078 3777125.047982 762726.3240024998 57.3205771279 -0.0264923038 0.1616368683 175.6548590208 0.9738524758 -12.6834969458 0.0182683372
40395 315169.98 113.8462765667 34.0878084409 3777124.032785 762726.4282416998 57.3196801646 0.2210017678 0.1242731891 175.8173187774 0.9202151924 -12.7201123724 -0.0390654436
40396 315170.06 113.8462773579 34.08779927 3777123.01706 762726.5296613001 57.3184344871 0.4666652718 0.0246165312 175.9855310625 0.9109290192 -12.7079920019 0.069038411
40397 315170.14 113.8462781301 34.0877900956 3777122.000899 762726.6293358002 57.3233679403 0.427694709 -0.0410506544 176.1826408423 0.8777918081 -12.7085662314 0.080795271
40398 315170.22 113.8462788661 34.0877809171 3777120.984185 762726.7256775 57.3327505421 0.4633244165 -0.0677820273 176.3592304454 0.8122922019 -12.7228704355 0.1608568523
40399 315170.3 113.8462795508 34.0877717349 3777119.966937 762726.8172851 57.3418685561 0.2989134607 -0.0287375093 176.51630309 0.7639992192 -12.7256842162 0.0726632221
40400 315170.38 113.8462801971 34.0877625458 3777118.948819 762726.9053793 57.3485149872 0.214992986 0.0500161258 176.684692149 0.721114953 -12.7395629477 0.0853348808
40401 315170.41 113.8462804309 34.0877590999 3777118.567001 762726.9376226999 57.349724004 0.2528626822 0.0498364736 176.7498147797 0.7092986935 -12.7370923399 0.0296386551
40402 315170.49 113.8462810306 34.0877499035 3777117.547961 762727.0214349 57.3521439042 0.3365039009 0.1199931613 176.9239260537 0.6687530554 -12.7493609715 0.0151336901
40403 315170.57 113.8462815997 34.0877407007 3777116.528122 762727.1024411998 57.3535188138 0.3901875157 0.2164640876 177.1049846084 0.6383181509 -12.7503245038 0.0477791343
40404 315170.65 113.8462821318 34.0877314991 3777115.508323998 762727.1800256 57.3602517163 0.2928694589 0.2144958241 177.2881862303 0.5936294835 -12.7567446827 0.1371187968
40405 315170.73 113.8462826364 34.0877222914 3777114.487775 762727.2550895 57.367305709 0.1554448717 0.201727876 177.4673459822 0.5599851858 -12.7605571481 0.0590540298
40406 315170.81 113.8462831011 34.0877130754 3777113.46621 762727.3264965 57.3699427145 0.046594838 0.2275466969 177.6352911234 0.5141748814 -12.7704235016 0.0296411902
40407 315170.89 113.8462835412 34.0877038534 3777112.443914 762727.3956583 57.3696408831 0.1504042782 0.1877627554 177.8190843474 0.4936704476 -12.7811456058 -0.0138714104
40408 315170.97 113.8462839466 34.0876946252 3777111.420838 762727.4616204002 57.3696232047 0.0722792793 0.1842564588 177.9859709203 0.4422339048 -12.7919247938 0.0096992204
40409 315171.05 113.8462843148 34.0876853869 3777110.396539 762727.5241899998 57.3696012534 0.0730306156 0.2273676357 178.1498688429 0.4070119737 -12.8094005714 -0.0019954469
40410 315171.1 113.8462845226 34.0876796054 3777109.75546 762727.5612566 57.3699342795 -0.0312027253 0.3414092773 178.2589501984 0.3731485852 -12.8188706233 0.0072831511
40411 315171.18 113.84628482 34.0876703495 3777108.729037 762727.6173366 57.3709913511 -0.282150374 0.3314566002 178.4030392421 0.3374879532 -12.8198553635 0.0060371677
40412 315171.26 113.8462850984 34.087661086 3777107.701715 762727.6716926 57.3684541732 -0.5175317146 0.455210865 178.5711194986 0.3060927621 -12.8303602633 -0.0985567414
40413 315171.34 113.8462853315 34.0876518103 3777106.672925 762727.7218954002 57.3566888049 -0.1185123402 0.4870386619 178.7054409346 0.2584114018 -12.849365705 -0.2307433689
40414 315171.42 113.8462855481 34.0876425224 3777105.642743 762727.7706199002 57.3423611671 0.3653387595 0.4679156869 178.8597804042 0.2530836876 -12.8657908574 -0.1246276129
40415 315171.5 113.84628574 34.0876332386 3777104.612947 762727.817043 57.3418743517 0.5845762041 0.5074756589 179.0104825544 0.198952777 -12.8505838715 0.1450774005
40416 315171.58 113.8462858995 34.0876239568 3777103.583289 762727.8604763 57.3555697491 0.2106507464 0.4712885923 179.1481862374 0.184156864 -12.8468008468 0.1998833109
40417 315171.66 113.8462860385 34.0876146694 3777102.552953 762727.9020283001 57.367180719 -0.0407761032 0.4156799398 179.3073100456 0.1462424756 -12.8711894111 0.0831267308
40418 315171.74 113.8462861455 34.0876053727 3777101.521514 762727.9406652 57.3672412047 0.0255661831 0.3509281118 179.4726849932 0.1186715393 -12.8781337387 -0.0530057139
40419 315171.82 113.8462862231 34.0875960702 3777100.489345 762727.9765929 57.3619905673 0.2185900478 0.3431317761 179.6369223326 0.0728543952 -12.8873449229 -0.0670968292
40420 315171.9 113.8462862609 34.0875867639 3777099.456662 762728.0088603002 57.357786363 0.4483988462 0.3381726894 179.7756053353 0.0314944756 -12.8903766688 -0.0085318748
40421 315171.98 113.8462862706 34.0875774585 3777098.424 762728.0385335 57.3610807955 0.3821997279 0.4203311895 179.9209610241 -0.0043026836 -12.8844531627 0.0886503629
40422 315172.06 113.8462862465 34.0875681533 3777097.391273 762728.0650877 57.3707543742 0.1348850466 0.4370518501 180.0656104201 -0.0339013166 -12.8949681187 0.1237047986
40423 315172.14 113.8462862032 34.0875588441 3777096.358048 762728.0898765002 57.3767228778 0.0777273476 0.4484684772 180.2330187854 -0.0610910889 -12.9095542896 0.0371722443
40424 315172.22 113.8462861242 34.0875495282 3777095.324001998 762728.1113835 57.3775277566 0.109331379 0.426351914 180.3959015071 -0.1076635715 -12.9095434955 -0.0140276617
40425 315172.3 113.8462860188 34.0875402079 3777094.289387998 762728.130475 57.376473303 0.2101295927 0.3905456524 180.5711105628 -0.133183431 -12.91675412 0.0002803572
40426 315172.34 113.8462859541 34.0875355461 3777093.7718629986 762728.1389163 57.3761868356 0.2775905406 0.3960213505 180.6577889466 -0.1563236775 -12.9224353553 0.0008637519
40427 315172.42 113.8462857951 34.0875262215 3777092.736639 762728.1530774 57.3771308642 0.3546420263 0.424473626 180.8370634854 -0.2005279456 -12.9250689615 0.0264694304
40428 315172.5 113.8462856011 34.0875168956 3777091.701186 762728.1640034 57.3814305496 0.2868523848 0.4274955028 181.0343420783 -0.241005686 -12.9225172809 0.0779150632
40429 315172.58 113.8462853714 34.0875075691 3777090.665557 762728.1716303 57.3883810407 0.103874215 0.3975540232 181.2500133706 -0.2791163339 -12.9264568867 0.080445944
40430 315172.66 113.8462851012 34.0874982366 3777089.62917 762728.1755414002 57.3920877669 0.0313791003 0.3893837224 181.4807809387 -0.3347977674 -12.9366274638 0.017530895
40431 315172.74 113.8462847837 34.0874888975 3777088.591932 762728.1751044 57.3916313294 0.0573957416 0.3566026456 181.7124243655 -0.3831930189 -12.944669958 -0.0244098862
40432 315172.82 113.8462844247 34.0874795539 3777087.554078 762728.1708571 57.3896469492 0.1746773249 0.3409590896 181.9538387722 -0.4336019839 -12.9525714321 -0.0147171535
40433 315172.9 113.8462840127 34.0874702051 3777086.515523 762728.1617248 57.3885409944 0.2691204277 0.3751097899 182.1834710685 -0.4992749865 -12.9546407889 -0.0036552243
40434 315172.98 113.8462835528 34.0874608523 3777085.4763940014 762728.1481831998 57.3907799646 0.2233043586 0.4121137955 182.4216422876 -0.5444092826 -12.962461508 0.0709178977
40435 315173.06 113.8462830484 34.0874514964 3777084.436807 762728.1305354 57.3964182446 -0.025618592 0.447964882 182.6621110313 -0.6055587927 -12.9648111694 0.0735317089
40436 315173.14 113.8462824978 34.0874421303 3777083.39596 762728.1086664002 57.3992027901 -0.1977090929 0.4750878085 182.8917562928 -0.657742966 -12.984210523 -0.006525762
40437 315173.22 113.8462818984 34.087432755 3777082.353982 762728.0823053 57.3945822827 -0.0503533106 0.465397892 183.0946591432 -0.7170525324 -12.9947478756 -0.0772274706
40438 315173.3 113.8462812612 34.0874233708 3777081.310905 762728.0524961 57.3872876866 0.1550031625 0.5133190712 183.2730891451 -0.7475309672 -13.0083356811 -0.0765696846
40439 315173.38 113.8462805823 34.0874139844 3777080.2674839986 762728.0188296 57.3860793272 0.1704358241 0.655331606 183.4092198832 -0.811319492 -13.0027799029 0.0440439385
40440 315173.39 113.8462804937 34.0874128107 3777080.137008 762728.014278 57.3865662748 0.1543643569 0.6569744856 183.4198138894 -0.8185497876 -13.0062778055 0.0578801569
40441 315173.47 113.8462797729 34.0874034183 3777079.092808998 762727.9767763 57.3915697318 -0.0797557654 0.696498376 183.5158841667 -0.8300337103 -13.0194182507 0.0583377649
40442 315173.55 113.8462790406 34.0873940168 3777078.047574 762727.938228 57.3926690556 -0.1762686383 0.7495171716 183.6255712964 -0.8557140392 -13.0329282507 -0.0138313228
40443 315173.63 113.8462782873 34.0873846042 3777077.0010480015 762727.8977816999 57.3876382019 -0.0852402664 0.7709228797 183.7353064743 -0.8752662577 -13.0447945573 -0.0948079325
40444 315173.71 113.8462775179 34.0873751825 3777075.953478 762727.8558712 57.3803111035 0.0762533995 0.8095623195 183.8496562756 -0.9058119625 -13.0575040556 -0.0889658191
40445 315173.79 113.8462767252 34.0873657537 3777074.9050550014 762727.8118418 57.3760656435 0.2570283315 0.7276107469 183.9399653502 -0.9193714772 -13.0672261562 -0.0102864314
40446 315173.87 113.8462759211 34.0873563211 3777073.856188 762727.76676 57.3781103548 0.1681316052 0.7302018076 184.0336398015 -0.9383966744 -13.0689486943 0.0433218954
40447 315173.95 113.8462750952 34.0873468834 3777072.806697 762727.7196904002 57.3833969738 0.0367543348 0.6754082637 184.1228870572 -0.955326912 -13.0794485039 0.056208282
40448 315174.03 113.8462742571 34.087337437 3777071.7562089986 762727.6715169002 57.3854405368 -0.0266800284 0.6922594373 184.2266119656 -0.9783432228 -13.0953787818 -0.0037994114
40449 315174.11 113.8462733852 34.0873279794 3777070.704382 762727.6202515 57.38256336 0.1668207784 0.6331555992 184.3249569033 -1.0091128126 -13.1074340614 -0.0455417144
40450 315174.19 113.8462724936 34.0873185146 3777069.651714 762727.5671929 57.3802440977 0.2330339636 0.6455587797 184.4171338694 -1.0323396108 -13.1156095037 0.0134703023
40451 315174.27 113.8462715757 34.0873090473 3777068.598699 762727.5117172 57.3834838951 0.0225647174 0.7224904605 184.4945774246 -1.0635616469 -13.1153714453 0.0696720819
40452 315174.35 113.8462706385 34.0872995708 3777067.544617 762727.454489 57.3870218517 -0.2198474623 0.7619615401 184.5770038596 -1.0765190154 -13.138216609 0.0107769616
40453 315174.43 113.8462696831 34.0872900824 3777066.489165 762727.3956158 57.3830250315 -0.2853419951 0.8353623006 184.6605668767 -1.1070605068 -13.1494699523 -0.0864114231
40454 315174.51 113.8462687107 34.0872805833 3777065.432472 762727.3352022 57.374018319 -0.1564067103 0.8282067982 184.7456649119 -1.116589718 -13.1650045632 -0.1220318273
40455 315174.59 113.8462677229 34.0872710744 3777064.374666 762727.2734036 57.3649498858 -0.0216251629 0.895471673 184.8270052447 -1.1450967824 -13.1833474286 -0.0751666832
40456 315174.67 113.8462667157 34.0872615602 3777063.316218 762727.2098194 57.3616567822 -0.0600317374 0.8941199117 184.9065960811 -1.1539633693 -13.1843830938 0.0093126283
40457 315174.75 113.8462656998 34.0872520385 3777062.256911 762727.1454609998 57.3625606811 -0.1425585289 0.8272919507 184.9928292452 -1.1679379856 -13.1979462107 0.0024771232
40458 315174.83 113.8462646694 34.0872425062 3777061.196396 762727.0797969 57.3601381537 -0.0789906639 0.7795729221 185.0864627771 -1.1855749873 -13.2113845614 -0.0516978914
40459 315174.91 113.8462636223 34.0872329659 3777060.134944 762727.0126170998 57.3561849892 0.0428639924 0.7229536803 185.1840379176 -1.2089053359 -13.2185828312 -0.037779132
40460 315174.99 113.8462625554 34.0872234188 3777059.072689 762726.9436296 57.3532186663 0.0440685979 0.6571152243 185.2788360683 -1.2293636898 -13.2316896905 -0.0225963072
40461 315175.07 113.8462614649 34.0872138666 3777058.009815 762726.8724727 57.3535301844 -0.1145834815 0.6479177291 185.3774925652 -1.2672553121 -13.2359025059 0.0253149434
40462 315175.12 113.8462607664 34.0872078953 3777057.34533 762726.8264428 57.3544404628 -0.2644620751 0.652471415 185.4324390921 -1.2825828011 -13.2463641968 0.0080256792
40463 315175.2 113.8462596331 34.0871983322 3777056.281138 762726.7513765 57.3511149772 -0.2901551171 0.6170631495 185.5353781575 -1.3032309914 -13.2636345918 -0.0820329047
40464 315175.28 113.8462584792 34.08718876 3777055.215868 762726.6744299 57.3427606141 -0.1223894865 0.6260352467 185.6448870863 -1.3297427908 -13.2715903362 -0.1157872868
40465 315175.36 113.8462573007 34.0871791801 3777054.149692 762726.5952385 57.3351198426 0.013403785 0.6541594241 185.7572793131 -1.3532313056 -13.2796605803 -0.0507067332
40466 315175.44 113.846256096 34.0871696002 3777053.083444 762726.5136322 57.3344805958 -0.0534254258 0.6530492009 185.8701679459 -1.3905619884 -13.2822429974 0.0342715931
40467 315175.52 113.8462548682 34.0871600137 3777052.016397 762726.4299076 57.3342160769 0.015810306 0.7023437966 185.9980440106 -1.4142432989 -13.2845324311 -0.0339480869
40468 315175.6 113.8462536113 34.0871504207 3777050.94856 762726.343516 57.3320035217 0.1558418747 0.6882569472 186.1321759603 -1.4506824801 -13.3036712798 -0.0137063651
40469 315175.68 113.8462523346 34.0871408265 3777049.880539 762726.2553029 57.3316936726 0.290779924 0.6613037745 186.2805108456 -1.4728685065 -13.294408033 0.0311101695
40470 315175.76 113.8462510272 34.0871312322 3777048.8124339986 762726.1642471999 57.3366261618 0.1465771788 0.6690132375 186.4216372979 -1.5154214441 -13.2993185735 0.0700104435
40471 315175.84 113.8462496912 34.0871216341 3777047.743821 762726.0705681 57.3412512904 0.0583095086 0.5686881715 186.5751466983 -1.5394489846 -13.3069874617 0.0367930648
40472 315175.91 113.8462485042 34.0871132311 3777046.80823 762725.9869599 57.3422719696 0.0004403394 0.5016372151 186.7281156237 -1.567483771 -13.3134674509 -0.0123810502
40473 315175.99 113.8462471147 34.0871036237 3777045.738457 762725.8883656998 57.3420340875 -0.0811846525 0.402674487 186.8993940336 -1.612481523 -13.3195312644 -0.0016248111
40474 315176.07 113.8462456973 34.0870940117 3777044.668098 762725.7872127 57.3409214541 -0.1225920984 0.3004953774 187.0684486411 -1.6497754833 -13.325024668 -0.0221527626
40475 315176.15 113.8462442466 34.0870843923 3777043.596831 762725.683006 57.3372512422 -0.0785176976 0.2760963263 187.2342175123 -1.695727946 -13.3354070516 -0.0615614089
