40818 315202.46 113.8441604852 34.0844729232 3776748.424673 762541.3492084 56.7097589728 0.0607044632 0.2793586594 237.8842401092 -9.8247739065 -6.1362177499 -0.004386783
40819 315202.55 113.844150906 34.0844679632 3776747.849594998 762540.4800080998 56.7100658035 -0.0547078473 0.3170421202 238.031923425 -9.8134261213 -6.104693857 0.0247338856
40820 315202.64 113.8441413286 34.0844630335 3776747.27789 762539.6108879001 56.7110103285 -0.145168591 0.3427706778 238.1832672516 -9.8191597023 -6.0642493289 -0.0019238115
40821 315202.73 113.8441317515 34.0844581351 3776746.709665 762538.7417034 56.7090560654 -0.1505815472 0.3588690279 238.3492632506 -9.8165765893 -6.0302493634 -0.0313342614
40822 315202.82 113.8441221749 34.084453269 3776746.145016 762537.8724634 56.7053058203 -0.1010413429 0.3639422431 238.5092034202 -9.8195324745 -5.9812478638 -0.021109826
40823 315202.91 113.8441126007 34.0844484364 3776745.584093 762537.0033335 56.702953388 -0.0693507093 0.3475859958 238.6659890002 -9.8097099669 -5.9514796656 -0.0022798746
40824 315203.0 113.8441030337 34.0844436309 3776745.026199 762536.1347918 56.700636588 0.0601819616 0.3547855227 238.835683642 -9.809325319 -5.9025797509 -0.011785548
40825 315203.01 113.844101971 34.0844430991 3776744.964448 762536.0383048998 56.7004847024 0.0332315762 0.3562118071 238.8537215257 -9.8057531574 -5.9016777837 -0.0027636208
40826 315203.1 113.8440924116 34.0844383325 3776744.410891 762535.1703503 56.6995696416 0.1357750195 0.2983476921 239.0158631818 -9.7953400932 -5.8688880138 0.0219594962
40827 315203.19 113.8440828623 34.0844336 3776743.861151 762534.3032091998 56.7020776933 0.1474180528 0.2693637435 239.1749488704 -9.7919699651 -5.8167890148 0.0455265048
40828 315203.28 113.844073317 34.084428904 3776743.3154629986 762533.4363348002 56.7065362558 0.0511954916 0.2967309231 239.332489807 -9.785667948 -5.7758303916 0.0409597382
40829 315203.37 113.8440637762 34.0844242419 3776742.773547 762532.5697676998 56.7097997321 -0.030456012 0.305014191 239.4899003567 -9.7786517307 -5.7354180662 0.0318421028
40830 315203.46 113.8440542426 34.0844196096 3776742.234958 762531.7037741998 56.7120094486 -0.1601740321 0.2907330944 239.6502503993 -9.7713832435 -5.6987752482 0.0203862358
40831 315203.55 113.844044712 34.0844150087 3776741.699863 762530.8379537 56.7115696976 -0.1412807725 0.3217835134 239.8054322697 -9.7766543395 -5.6608308738 -0.0116503598
40832 315203.64 113.8440351834 34.0844104417 3776741.168535 762529.9722202 56.7078774152 -0.0138216351 0.3444995511 239.9628991308 -9.7725923618 -5.6189622295 -0.0501849558
40833 315203.73 113.8440256595 34.0844059066 3776740.640762 762529.1068175 56.7050470198 0.0762937169 0.4079625322 240.1179985441 -9.7646511614 -5.5756777813 -0.0236048064
40834 315203.82 113.8440161427 34.0844014054 3776740.116771 762528.2419728001 56.7066436969 0.084802949 0.4362822742 240.2677319295 -9.7617636372 -5.5352164678 0.0645008276
40835 315203.91 113.8440066344 34.0843969352 3776739.596236 762527.3778087 56.7099077199 0.0633204024 0.4750864482 240.4211401848 -9.7440500441 -5.500174404 0.0376737825
40836 315204.0 113.8439971312 34.0843924946 3776739.078998 762526.5140338 56.713329345 -0.0053033762 0.5107066953 240.5765746746 -9.7424854524 -5.4612737766 0.0407900705
40837 315204.09 113.8439876281 34.0843880848 3776738.5651879986 762525.6501674 56.7138755396 -0.0865002938 0.4980216372 240.7365347864 -9.7387824661 -5.429550832 -0.0103189849
40838 315204.14 113.8439823511 34.0843856463 3776738.2810019986 762525.1704356 56.7139361771 -0.1405500049 0.5170274251 240.8279731586 -9.7290209333 -5.4124850955 -0.0120569323
40839 315204.23 113.8439728533 34.084381283 3776737.772356 762524.3069085998 56.7135778815 -0.2065396885 0.5102696573 240.9847843685 -9.7296704783 -5.3643325849 0.0040279561
40840 315204.32 113.8439633582 34.0843769505 3776737.267144 762523.4435456998 56.7112803878 -0.1878442442 0.4905022613 241.144701761 -9.7237706841 -5.3314955315 -0.0325021136
40841 315204.42 113.8439528145 34.0843721681 3776736.7093050014 762522.4847384 56.707605835 -0.1656996161 0.4590642206 241.3301090476 -9.7226695105 -5.2947578719 -0.0416412507
40842 315204.52 113.843942277 34.0843674226 3776736.155571 762521.5264025 56.7031861665 -0.1133525989 0.4493763401 241.5254625626 -9.7153821914 -5.2489683103 -0.0478715515
40843 315204.62 113.8439317436 34.0843627191 3776735.606513 762520.5683000998 56.7006141702 -0.1354032455 0.3911204868 241.7154389861 -9.7126282245 -5.2036673996 -0.0194000776
40844 315204.72 113.8439212146 34.084358053 3776735.061622 762519.6104975998 56.6995708672 -0.1956450693 0.3577493283 241.9066821991 -9.7114398903 -5.1675476098 -0.0068090485
40845 315204.82 113.8439106858 34.0843534278 3776734.521258998 762518.6525866 56.697793453 -0.2467814405 0.2933474528 242.0997012742 -9.7177428114 -5.1222603254 -0.0121572849
40846 315204.92 113.8439001578 34.0843488365 3776733.984676 762517.6946449998 56.6940223882 -0.246988762 0.2822548464 242.3125630714 -9.711797712 -5.083999561 -0.0612366122
40847 315205.02 113.8438896256 34.0843442867 3776733.452677 762516.7361828 56.6890166309 -0.2536826091 0.3169253705 242.5346357778 -9.7158340022 -5.0279869063 -0.0500532767
40848 315205.12 113.8438790839 34.0843397738 3776732.924747 762515.7767290998 56.684486758 -0.2942237438 0.29822773 242.7662415873 -9.7176799302 -4.989889278 -0.0247788855
40849 315205.22 113.8438685387 34.084335303 3776732.401485 762514.8168239 56.6812131079 -0.2935185291 0.2779674448 242.9956097922 -9.7290868061 -4.9327826238 -0.0107547701
40850 315205.25 113.8438653747 34.0843339714 3776732.245576 762514.5287861 56.6798958629 -0.2603325502 0.2454023596 243.0633163173 -9.72520255 -4.9209035192 -0.0449282886
40851 315205.35 113.8438548264 34.0843295554 3776731.728382 762513.568431 56.6750849364 -0.1626344446 0.2044995838 243.2915690312 -9.7279032132 -4.8850565243 -0.0584567852
40852 315205.45 113.8438442806 34.08432518 3776731.215711 762512.6081758002 56.669959682 -0.009393407 0.1651801339 243.5226628257 -9.7284013206 -4.8286603374 -0.0253890031
40853 315205.55 113.8438337379 34.0843208507 3776730.708154 762511.6480635002 56.6685933154 0.0194328144 0.1407602916 243.7513933507 -9.7223917469 -4.7831498832 0.0287434561
40854 315205.65 113.843823198 34.0843165684 3776730.205826 762510.6880597 56.6713268124 -0.0021326584 0.1320597702 243.9802975941 -9.7202416222 -4.7252049459 0.0381583811
40855 315205.75 113.8438126568 34.0843123305 3776729.708419998 762509.7278047 56.6725382982 0.043367025 0.1673692665 244.2049949936 -9.7216653934 -4.6784341124 0.0124643088
40856 315205.85 113.8438021138 34.0843081394 3776729.216206 762508.7672431 56.673286248 0.0375132697 0.1981338546 244.4200516192 -9.7181729402 -4.6284123898 0.0092867163
40857 315205.95 113.8437915695 34.0843039898 3776728.728583999 762507.8064253002 56.6745563466 -0.0058946449 0.2421970626 244.6447856468 -9.7206355794 -4.5818926958 0.0240984644
40858 315206.05 113.8437810241 34.0842998801 3776728.245401 762506.8453848001 56.6763283536 -0.0867507873 0.2736335215 244.8717118743 -9.7267967158 -4.5363982718 0.0205745744
40859 315206.15 113.8437704708 34.084295817 3776727.767359 762505.8834788002 56.6757085612 -0.0875422735 0.3414805103 245.0910049728 -9.7294259223 -4.4911288652 -0.0181312831
40860 315206.25 113.8437599119 34.0842917962 3776727.294001 762504.9209176998 56.6732814172 -0.0368932072 0.3586949091 245.3022645213 -9.7412357293 -4.4490779491 -0.0228912249
40861 315206.32 113.8437525189 34.0842890016 3776726.964862 762504.2468985 56.6716186535 -0.0186968063 0.4171934051 245.4570059026 -9.7364363978 -4.4217528266 -0.0043639558
40862 315206.42 113.8437419509 34.0842850465 3776726.498776 762503.283289 56.6703677354 0.0237208301 0.5014938539 245.6704338838 -9.7494550702 -4.3677806868 0.014459975
40863 315206.52 113.8437313769 34.084281126 3776726.036511 762502.3190314998 56.6701485347 0.011098077 0.483236854 245.8845162248 -9.7480981126 -4.3380544075 0.0066697926
40864 315206.62 113.8437207953 34.08427724 3776725.578053 762501.3539545 56.6703660814 -0.0776269586 0.5509357365 246.0861872653 -9.7617544913 -4.2934100391 0.0113926891
40865 315206.72 113.8437101985 34.0842733898 3776725.1235300014 762500.3873640002 56.6691385433 -0.0746349595 0.5549762497 246.2780608845 -9.7791491581 -4.26139844 -0.0161742997
40866 315206.82 113.8436995918 34.0842695667 3776724.671989 762499.4197832 56.6658448055 -0.0898562236 0.5656558665 246.4743890242 -9.7830071182 -4.2303712777 -0.0231021678
40867 315206.92 113.8436889734 34.0842657732 3776724.2237019986 762498.4510237 56.6636139844 -0.1386965604 0.5916339723 246.6712548753 -9.8007411735 -4.192969665 -0.0204188046
40868 315207.02 113.8436783422 34.0842620143 3776723.779227 762497.4809741002 56.6618235018 -0.2325585072 0.5874820526 246.8655502041 -9.804945768 -4.1634166128 -0.0173851678
40869 315207.12 113.8436676899 34.0842582855 3776723.338042 762496.5088885 56.6586080482 -0.2938220837 0.5761532216 247.0693874513 -9.8262202479 -4.1308377275 -0.0395965932
40870 315207.22 113.84365702 34.0842545933 3776722.900859 762495.5350628 56.6534083001 -0.2973055208 0.6047428566 247.2670764401 -9.8449947121 -4.0892568815 -0.0514351993
40871 315207.32 113.8436463356 34.0842509311 3776722.4669800014 762494.5598079 56.6470472422 -0.2158574805 0.5741272945 247.4767664814 -9.8571868826 -4.0594653479 -0.0553108887
40872 315207.42 113.8436356395 34.0842472971 3776722.036193 762493.5833787 56.6407423736 -0.1222443562 0.5534257467 247.6866276443 -9.8632477032 -4.0245715635 -0.0491172852
40873 315207.49 113.8436281452 34.0842447746 3776721.737 762492.8991706 56.6377805853 -0.0244342254 0.4790803252 247.8276627835 -9.8679195954 -3.9985409954 -0.0360921235
40874 315207.59 113.8436174313 34.0842411977 3776721.312504 762491.9209221 56.6363731241 0.0445408582 0.5024799495 248.0423703604 -9.8754276492 -3.9578083942 -0.0113548635
40875 315207.69 113.8436067062 34.0842376583 3776720.892143 762490.9415268 56.6345644919 0.2936982949 0.4194188584 248.2501586921 -9.8864115902 -3.9246431781 -0.0143624454
40876 315207.79 113.8435959747 34.0842341492 3776720.475126 762489.9614460998 56.6363784093 0.2772063969 0.4386189119 248.462659711 -9.8915917207 -3.8763774104 0.0377266679
40877 315207.89 113.8435852361 34.0842306839 3776720.0629589986 762488.9805808002 56.6442715386 0.0367724099 0.4816925814 248.6457929731 -9.9014632035 -3.8298206991 0.1494704123
40878 315207.99 113.8435744853 34.0842272509 3776719.654348002 762487.9984791 56.649419738 -0.1921414391 0.482084738 248.823976483 -9.9209992268 -3.8073989541 0.0114894341
40879 315208.09 113.8435637205 34.0842238405 3776719.248201 762487.0150145 56.6453322945 -0.2001874894 0.5659212115 248.9945612205 -9.9367689901 -3.7687872939 -0.0410739438
40880 315208.19 113.8435529443 34.084220457 3776718.845015 762486.0304225 56.6381598786 -0.1110994921 0.5918107326 249.1469216231 -9.9478210002 -3.7432999579 -0.0422090803
40881 315208.29 113.8435421589 34.0842170945 3776718.444132 762485.0449101998 56.6342871226 -0.0564237717 0.6466766761 249.2872489138 -9.9515016598 -3.7188515355 -0.0100335366
40882 315208.39 113.843531367 34.0842137554 3776718.0458269985 762484.0587254 56.6332115615 -0.0147018651 0.6013055687 249.4226194845 -9.9543111432 -3.7014721896 -0.0081848268
40883 315208.49 113.8435205731 34.0842104344 3776717.649525 762483.0723059 56.6324142944 0.0084631111 0.6149548888 249.5582029111 -9.9560717018 -3.6682178405 -0.0073478215
40884 315208.59 113.8435097762 34.0842071342 3776717.255539 762482.0855426 56.6319063324 -0.0480218883 0.5195287318 249.6737901247 -9.9520694168 -3.6565023491 -0.029025392
40885 315208.69 113.843498972 34.0842038488 3776716.863154 762481.0980531 56.6313638529 -0.0869981817 0.5120461945 249.7867384833 -9.9657719719 -3.6356742426 -0.0046520555
40886 315208.79 113.8434881508 34.0842005813 3776716.472728 762480.1089426 56.6312037697 -0.1148552622 0.462945128 249.8782269581 -9.9900452268 -3.6160902726 -0.0041136434
40887 315208.89 113.8434773116 34.0841973232 3776716.083297 762479.118149 56.6278149085 -0.0206424872 0.4329115133 249.9603793126 -9.9980828318 -3.6155856423 -0.0499763532
40888 315208.99 113.8434664632 34.0841940763 3776715.695079 762478.1264595998 56.6247029509 8.32319e-05 0.4303678631 250.0460450927 -10.0120871056 -3.5902794421 -0.0030551633
40889 315209.09 113.8434556029 34.0841908442 3776715.308483 762477.1336264 56.6246007402 -0.0399580675 0.4009960873 250.1356628605 -10.0221961237 -3.5850688343 0.0104947323
40890 315209.19 113.8434447333 34.084187623 3776714.9230699986 762476.1399066 56.6230597375 -0.0861265314 0.3953825256 250.2298831126 -10.0301741228 -3.5679447533 -0.0401656742
40891 315209.29 113.8434338504 34.0841844202 3776714.539657 762475.1448965 56.6206818102 -0.0298202248 0.404969003 250.3172348894 -10.0417682938 -3.5468830877 -0.0124310751
40892 315209.39 113.8434229582 34.0841812306 3776714.157689 762474.148992 56.6197892539 -0.02240415 0.4069770026 250.4019224243 -10.0495192973 -3.5373702752 0.008686861
40893 315209.49 113.8434120558 34.0841780522 3776713.776942 762473.1521101998 56.619147161 -0.0713387536 0.4039098667 250.4929993798 -10.0629000115 -3.5264697958 -0.0111827663
40894 315209.59 113.8434011404 34.0841748844 3776713.397334 762472.1539910998 56.6170740304 -0.0497484659 0.4155082818 250.5881159801 -10.0782308278 -3.511764984 -0.024758432
40895 315209.69 113.8433902112 34.0841717294 3776713.019116 762471.1545617 56.6141666658 -0.0975982034 0.4397597556 250.6985909082 -10.0928006128 -3.497139763 -0.0247240267
40896 315209.79 113.8433792695 34.0841685908 3776712.642681 762470.1539269 56.612087979 -0.0950455375 0.4871670521 250.8186415371 -10.1009794318 -3.4758731891 -0.012752474
40897 315209.89 113.8433683081 34.0841654691 3776712.268065 762469.1514197 56.6081025573 0.0145953853 0.4866315356 250.9476831316 -10.1179308339 -3.4586257353 -0.0471764689
40898 315209.99 113.8433573346 34.0841623673 3776711.895636 762468.1477364 56.6056207204 0.0694958465 0.5238483117 251.0778375076 -10.1249189694 -3.4321939705 0.0169209684
40899 315210.09 113.8433463504 34.0841592886 3776711.525745 762467.1429891 56.6078584734 -0.0687071719 0.5597901389 251.2134646133 -10.1444714791 -3.4062597456 0.031646149
40900 315210.19 113.843335351 34.0841562294 3776711.157969998 762466.1367805002 56.6063159993 -0.0598786919 0.5988003588 251.3581977376 -10.1611343961 -3.3845481158 -0.0338302715
40901 315210.22 113.843332048 34.084155316 3776711.048111 762465.8346130998 56.6053239601 -0.0691886889 0.5871926472 251.4028923002 -10.165969871 -3.3794722166 -0.0276314462
40902 315210.32 113.8433210274 34.0841522815 3776710.683037 762464.8263691 56.6014763787 -0.1270731792 0.5270508207 251.55854671 -10.1752385605 -3.3662474163 -0.0250753296
