40996 315272.11 113.8409888362 34.0840253393 3776690.603924 762249.8692118 56.7284133807 0.2877464356 0.6207017099 281.379610777 -5.1763383007 1.0544604045 0.0078982761
40997 315272.3 113.8409781048 34.0840271583 3776690.778234 762248.8726811998 56.7296139142 0.3615291291 0.6067709678 281.289880386 -5.2479409885 1.056441572 0.0263956079
40998 315272.49 113.8409672467 34.0840289792 3776690.952422 762247.864455 56.7352146069 0.4182772483 0.6297774278 281.197252973 -5.3018228968 1.0558755403 0.0107591106
40999 315272.68 113.8409562949 34.0840308008 3776691.126463 762246.8475648002 56.738766321 0.5655219744 0.6468203462 281.0584513072 -5.3362917014 1.0540006342 0.0427580353
41000 315272.87 113.8409452608 34.0840326158 3776691.299549 762245.8231047 56.7470552409 0.5515556491 0.7246649403 280.8975707805 -5.37579 1.0519870381 0.0328751514
41001 315273.06 113.8409341579 34.0840344248 3776691.471787 762244.7923069 56.7594462214 0.4340647451 0.8457327335 280.7379416019 -5.4082001017 1.0493121443 0.065690713
41002 315273.25 113.8409230033 34.0840362163 3776691.641964 762243.7567847 56.7675436875 0.4164292678 0.9543378463 280.5885947548 -5.4407161601 1.0421822472 0.0394918518
41003 315273.44 113.8409118126 34.0840379937 3776691.810481 762242.7179791 56.7769147884 0.2923363663 0.9516044694 280.3971842959 -5.4428994178 1.023820816 0.0528625572
41004 315273.63 113.8409006507 34.0840397202 3776691.973412 762241.6819864998 56.7848174721 0.2078356588 0.8557892989 280.2160985997 -5.4059912042 0.9933868603 0.0526843068
41005 315273.8 113.8408907514 34.0840412391 3776692.116564 762240.7632183002 56.7907813964 0.2306136403 0.83786742 280.0033162941 -5.3662287862 0.9686435868 0.00484584
41006 315273.99 113.840879772 34.0840428797 3776692.270433 762239.7443385002 56.7954514781 0.2535431136 0.808374492 279.7986000275 -5.3242360515 0.9286555444 0.0261502928
41007 315274.18 113.8408688698 34.0840444599 3776692.417803 762238.7327826 56.8003972769 0.0885386269 0.7196507898 279.578743994 -5.2689121611 0.9150773662 0.042513996
41008 315274.37 113.8408580873 34.0840460028 3776692.561344 762237.7323905 56.8095368259 0.0054095184 0.7111711177 279.3591384211 -5.2024341684 0.875194354 0.0459961579
41009 315274.57 113.8408469217 34.084047567 3776692.706258 762236.6965550998 56.811911867 0.0741640008 0.7716793978 279.1563833452 -5.1023332263 0.8471121328 -0.0168773541
41010 315274.77 113.8408359993 34.0840490594 3776692.843833 762235.6834028001 56.8112526303 0.1713151892 0.7749984162 278.9606291381 -4.9660785372 0.8033246122 0.0516369929
41011 315274.98 113.8408249301 34.0840505425 3776692.979998002 762234.6567163 56.8220703071 0.1088294786 0.7873576032 278.767828252 -4.7647639587 0.7590148291 0.0519764214
41012 315275.2 113.8408138355 34.0840519991 3776693.1131589985 762233.6277726 56.8226278853 0.139655398 0.7259269274 278.5632670029 -4.546069387 0.6992732787 0.0076325286
41013 315275.43 113.8408028504 34.0840534106 3776693.2416 762232.6090776 56.8343187906 -0.1696042543 0.6936827407 278.3616333321 -4.2681765101 0.6469131822 0.0656668504
41014 315275.68 113.8407917389 34.0840548124 3776693.368633 762231.5787477 56.8388575362 -0.0079132818 0.713631384 278.1442604073 -3.9391641257 0.5877123887 0.0173093092
41015 315275.95 113.8407807213 34.0840561621 3776693.490130998 762230.5572345002 56.8377504647 -0.019390231 0.6382620854 277.9859245347 -3.6076082896 0.5233618349 -0.011649724
41016 315275.96 113.8407803311 34.0840562095 3776693.494382 762230.5210662 56.8376125982 -0.010198501 0.6289580274 277.9789429256 -3.5974082287 0.5197296595 -0.0076478195
41017 315276.25 113.8407695412 34.0840574974 3776693.60961 762229.52077 56.8440634841 -0.0183281082 0.5831633906 277.8185012726 -3.2737073619 0.4617491933 0.0553377885
41018 315276.58 113.8407585284 34.0840587907 3776693.724858002 762228.4998899 56.8511937549 0.075814811 0.5856997463 277.655504834 -2.897084758 0.4046247938 -0.0021042846
41019 315276.95 113.8407476355 34.0840600433 3776693.83589 762227.4901997 56.8489833549 0.2128999839 0.4895410067 277.4701845592 -2.5937482779 0.3616473546 0.0221634537
41020 315277.35 113.8407367056 34.0840612343 3776693.940005 762226.4772768002 56.8588050511 0.0737898445 0.3439636763 277.2993048807 -2.4669031283 0.3284500337 0.0531410176
41021 315277.77 113.8407257629 34.0840623996 3776694.041221 762225.4632550002 56.8668248318 0.0119220681 0.2720207079 277.0421004251 -2.3607782121 0.3071860923 0.0147050149
41022 315278.12 113.8407169254 34.0840632931 3776694.1176949986 762224.6444705 56.8680892633 0.1519577057 0.215822193 276.6925545456 -2.3623696871 0.2822454832 -0.0085930815
41023 315278.53 113.8407061098 34.0840642972 3776694.201349 762223.6426776 56.8666631738 0.2604662245 0.1923957238 275.8978673632 -2.515257347 0.269314879 0.0140922408
41024 315278.92 113.8406951418 34.0840651553 3776694.268418 762222.6272771 56.8715000628 0.2494098716 0.1477463774 274.6011557022 -2.678654715 0.2225582106 0.0327837358
41025 315279.29 113.8406840892 34.0840657923 3776694.310727 762221.6047375 56.8769854885 0.3086399871 0.1428168983 272.7723847713 -2.8480902688 0.1561544489 -0.0007194039
41026 315279.44 113.8406793855 34.0840659768 3776694.319123 762221.1698407 56.876821015 0.3980241934 0.2173397909 271.7889928214 -2.9427974105 0.1180055461 0.0122390512
41027 315279.77 113.840668424 34.0840661102 3776694.305791 762220.1572716 56.8846191093 0.3623531993 0.102149156 269.2599004924 -3.1970940145 -0.0238384395 0.0237503642
41028 315280.08 113.8406572766 34.0840658376 3776694.2469089986 762219.1287840002 56.8917086469 0.3089294876 0.0544329325 266.5320659859 -3.4366685379 -0.1850337969 0.0457772359
41029 315280.29 113.8406492713 34.0840653726 3776694.174751 762218.3910298998 56.8967008265 0.3088439768 0.0078693843 264.54774211 -3.5989469816 -0.3166732395 0.0145083907
41030 315280.56 113.8406384429 34.0840643863 3776694.037497 762217.3942059 56.8996484699 0.4078745751 0.0585319899 261.8899759709 -3.8029482351 -0.5062205655 0.0175053219
41031 315280.82 113.8406274581 34.0840629492 3776693.849805 762216.3843271 56.9043373344 0.3743512118 -0.0152293919 259.302684101 -3.9870512984 -0.7301245967 0.0384241044
41032 315281.01 113.8406191026 34.0840615717 3776693.675474 762215.6170489 56.9090881552 0.3714547695 -0.1189693714 257.5646181794 -4.1211571361 -0.8814281633 0.023450141
41033 315281.25 113.8406081769 34.084059491 3776693.416518 762214.6146174 56.9141481668 0.3298622244 0.0182395631 255.5416503498 -4.2767672791 -1.0509238555 0.0051026927
41034 315281.48 113.8405973518 34.084057104 3776693.123812998 762213.622421 56.9165187152 0.3916228001 0.0277128651 253.8490968825 -4.4166025942 -1.2482080508 0.0134829878
41035 315281.7 113.8405866598 34.0840544787 3776692.805014 762212.6432461998 56.9232281633 0.377416963 0.0877733728 252.1530207271 -4.5429070509 -1.4160278817 0.0400170776
41036 315281.91 113.8405761964 34.0840516431 3776692.4634629986 762211.6858336 56.9251619112 0.4122248919 0.1778189319 250.4799679871 -4.6393672969 -1.601634274 0.0282452676
41037 315282.05 113.8405691197 34.0840495484 3776692.212832 762211.0388481999 56.9298207369 0.3107602974 0.0586324872 249.3807266504 -4.681262532 -1.7261774099 0.0444071961
41038 315282.25 113.840558944 34.0840463075 3776691.827038 762210.1092544 56.9373726118 0.1462250829 -0.0881579663 247.7680113546 -4.6999410743 -1.8680547828 0.0396904278
41039 315282.45 113.8405488021 34.0840428454 3776691.416789 762209.1834518 56.9421458235 -0.1148458219 0.0397055313 246.1738583368 -4.6488244272 -1.9903158353 0.0177269183
41040 315282.65 113.8405388247 34.0840391227 3776690.978039 762208.2736566 56.9427031763 -0.3086183786 -0.2967922565 244.6460857969 -4.5574986624 -2.1396341363 0.0008674288
41041 315282.85 113.8405290224 34.0840352044 3776690.518033 762207.3806202 56.944717044 -0.5737933125 -0.388189655 243.1264237084 -4.4881990815 -2.2079670034 -0.0055092021
41042 315283.06 113.8405189078 34.0840309372 3776690.018499 762206.4598363001 56.9335801452 -0.4827386041 -0.2501901929 241.5725741771 -4.386301116 -2.3186817874 -0.033213329
41043 315283.27 113.8405090372 34.0840264337 3776689.493368 762205.5622982 56.9284030572 -0.5221442463 -0.3920293599 240.0365879232 -4.2851027536 -2.4265755725 -0.0397577345
41044 315283.48 113.8404993663 34.0840217778 3776688.951847 762204.6836763001 56.9160539554 -0.3437541326 -0.2882366593 238.4876317555 -4.1967068112 -2.4995194943 -0.0275549142
41045 315283.69 113.8404899496 34.0840169524 3776688.392163 762203.8290539002 56.9119269596 -0.3535039199 -0.3098172372 236.959203377 -4.074831166 -2.5944158173 -0.0130226609
41046 315283.9 113.8404807846 34.084011979 3776687.816692 762202.9981216 56.9064595811 -0.3047701449 -0.2459040895 235.4672726984 -3.9670403423 -2.6603563621 -0.0118422533
41047 315284.08 113.8404731357 34.0840076058 3776687.311739 762202.3053417 56.9001702722 -0.2088678313 -0.2575138415 234.1720002589 -3.8688358978 -2.7349576874 -0.0160500812
41048 315284.3 113.8404640463 34.0840021093 3776686.678412 762201.4830038 56.8867595708 -0.1803834967 -0.3269187575 232.6354387852 -3.7697717559 -2.8167986222 -0.0239962104
41049 315284.52 113.8404551626 34.0839964595 3776686.02861 762200.680141 56.8746766765 -0.2619699931 -0.2999610773 231.1080311643 -3.6796878485 -2.9068079217 0.0061082336
41050 315284.74 113.8404464958 34.083990588 3776685.354753 762199.8979826 56.8640301656 -0.4447711557 -0.6342034394 229.6674297874 -3.6045417916 -3.0163221721 -0.0229865375
41051 315284.96 113.8404379656 34.0839845463 3776684.662369998 762199.1289703 56.8501374787 -0.6779883868 -0.6450456186 228.5241741473 -3.5742029685 -3.0744755161 -0.0159271415
41052 315285.18 113.8404295188 34.0839783369 3776683.951577 762198.3681647 56.8374785185 -0.7975538582 -0.6574038942 227.4344802262 -3.5114575876 -3.1802766136 -0.0557283693
41053 315285.4 113.8404212108 34.0839719511 3776683.221575 762197.6207338 56.817601379 -0.8099149121 -0.874511413 226.413503464 -3.460912731 -3.2431832449 -0.0747394794
41054 315285.62 113.8404130414 34.0839654803 3776682.482487 762196.8863559 56.7998902956 -0.8932333145 -0.8598463993 225.5715526523 -3.4010266988 -3.267433091 -0.0638128305
41055 315285.84 113.8404050218 34.0839589585 3776681.738128 762196.1659630998 56.7824429562 -0.9413172289 -0.7724559501 224.7493189003 -3.3223311576 -3.3036981306 -0.067603711
41056 315286.06 113.8403971763 34.0839523739 3776680.9872449986 762195.4618453 56.7616995396 -0.8721870553 -0.74758342 223.9977365264 -3.257750721 -3.3214467527 -0.0775184797
41057 315286.28 113.8403894938 34.083945753 3776680.232761 762194.7728979 56.7418125132 -0.6924822078 -0.4384543413 223.2360998341 -3.1969164424 -3.3110582818 -0.0777933022
41058 315286.5 113.8403820056 34.083939131 3776679.478647 762194.1018868 56.7257191921 -0.363420642 -0.3046557112 222.4306003664 -3.0872453468 -3.3331604195 -0.0561063237
41059 315286.62 113.840378023 34.0839355091 3776679.066474 762193.7453148002 56.7169600492 -0.1753485139 -0.4137134017 221.9585165644 -3.0357865057 -3.3336131384 -0.067052454
41060 315286.85 113.8403705556 34.0839285897 3776678.2794120014 762193.0771437 56.702327989 0.0983541454 -0.2529819777 221.0833140059 -2.9670309409 -3.2928701962 0.00438437
41061 315287.08 113.8403633589 34.0839217016 3776677.496515 762192.4338683 56.706036225 -0.052323642 -0.226026946 220.2835990577 -2.8230793553 -3.3152622924 0.0166255824
41062 315287.32 113.8403561244 34.083914563 3776676.685723 762191.7878778002 56.6998767424 -0.0537650022 -0.235976378 219.2319189078 -2.7411531535 -3.2863659403 -0.0001964282
41063 315287.43 113.8403528978 34.0839113006 3776676.315385 762191.5000045 56.7007393623 -0.1225887899 -0.1698352752 218.6750535247 -2.6886420969 -3.2874130098 0.0331973766
41064 315287.67 113.8403460844 34.0839041654 3776675.506053 762190.8928862 56.7004445121 -0.2886436778 -0.0979324399 217.26370389 -2.5601781938 -3.3110046591 -0.0140855391
41065 315287.92 113.8403393069 34.0838966736 3776674.65724 762190.2901869002 56.6922836779 -0.3295968863 -0.0549312582 215.6105088559 -2.446979621 -3.3392808278 -0.0126028103
41066 315288.11 113.8403343709 34.0838909239 3776674.006482 762189.8521515002 56.6890885113 -0.318892395 0.0490319039 214.2610802352 -2.3631030724 -3.3622305407 -0.0117842744
41067 315288.36 113.8403281714 34.0838832603 3776673.140078 762189.3033494998 56.6811792217 -0.2353934669 0.0894136437 212.2685163295 -2.2100922476 -3.4206173056 -0.045424603
41068 315288.61 113.8403223505 34.0838754749 3776672.261139 762188.7898861 56.6729791462 -0.1325598374 0.1112076612 210.2027871326 -2.0801147435 -3.4699419564 -0.0212396289
41069 315288.72 113.8403199022 34.0838720191 3776671.871333 762188.5744754 56.6717779487 -0.1174749717 0.1276563715 209.3054939972 -2.0138086631 -3.4888326462 0.0013320138
41070 315288.97 113.8403146207 34.0838640917 3776670.978022 762188.1112527 56.6670598574 -0.134240193 0.1788115306 207.2525674968 -1.871226086 -3.5337103632 -0.0159036516
41071 315289.22 113.8403097194 34.0838560486 3776670.072841998 762187.6834926 56.6631903248 -0.1711353793 0.2331136841 205.151592525 -1.7527859336 -3.602346918 -0.0327815862
41072 315289.33 113.8403076663 34.0838524555 3776669.668819 762187.5050045 56.6621265458 -0.1621783948 0.2715834797 204.2131401454 -1.6884878205 -3.6358636707 0.0105109747
41073 315289.58 113.8403032529 34.0838441589 3776668.736755002 762187.123082 56.6596886078 -0.3237284429 0.395607205 201.8970522257 -1.549982258 -3.7138733497 -0.0315650876
41074 315289.83 113.8402992738 34.0838356629 3776667.783683 762186.7818715 56.6528054774 -0.3860785541 0.2582935244 199.3459572939 -1.3868518869 -3.8092189132 -0.0297964125
41075 315289.9 113.8402982348 34.0838332505 3776667.51329 762186.6933731 56.6517881658 -0.3404522561 0.2183996147 198.5815219844 -1.3435502425 -3.8302859892 0.0001911071
41076 315290.15 113.8402948142 34.0838244737 3776666.5304870014 762186.4046092 56.6449770629 -0.1504490724 0.3090058737 195.5933559595 -1.1735921396 -3.9608897565 -0.0555590696
41077 315290.39 113.8402920234 34.0838157113 3776665.550898 762186.1739455 56.6308375001 -0.0037902497 0.1616779249 192.5246871004 -0.9568721325 -4.1268657914 -0.027738069
41078 315290.42 113.8402917162 34.0838145905 3776665.42573 762186.1490382 56.6305118743 -0.0579945118 0.152607812 192.1454821369 -0.9268783013 -4.1477339499 -0.0034366543
41079 315290.66 113.8402895209 34.0838054264 3776664.403087 762185.9746065 56.6324653467 -0.0989669569 -0.0119811314 189.1225893797 -0.7453781056 -4.3265225117 -0.0171542707
41080 315290.89 113.8402878818 34.0837962102 3776663.376096 762185.8516925002 56.6216020128 0.1531660166 -0.2193482069 186.3572737072 -0.5616214245 -4.5545990135 -0.0486805416
41081 315290.95 113.8402875356 34.0837937303 3776663.099996 762185.8273781999 56.6193090538 0.1945150385 -0.2867402748 185.6974002063 -0.4994055588 -4.6087604487 -0.0384526457
41082 315291.17 113.8402865354 34.0837844028 3776662.062296 762185.7637962 56.6178532261 0.265210942 -0.3948831462 183.5971907077 -0.3369434351 -4.7916064632 -0.0012467057
41083 315291.38 113.8402859215 34.0837751813 3776661.037351 762185.7355663 56.6161414729 0.3403267727 -0.5114340234 182.0047066786 -0.211230755 -4.9477935905 -0.0252803145
41084 315291.54 113.8402856388 34.0837679476 3776660.233845 762185.7317853002 56.615921421 0.3483621993 -0.5695794209 180.9942797583 -0.1297396499 -5.0762807025 0.0248782097
41085 315291.74 113.8402854742 34.0837586465 3776659.201218 762185.7452875 56.6185158808 0.3363514466 -0.5677254222 180.0570376323 -0.0373112926 -5.2357176439 0.000958138
